0	4	8	19	0	15632
1	4	8	19	10	7300
2	3	1	23	20	8169
3	0	12	13	30	17844
4	3	1	13	40	7246
5	3	1	23	50	1154
6	3	1	13	60	4902
7	3	1	13	70	29661
8	4	14	23	80	14376
9	4	8	13	90	17132
10	4	8	13	100	19747
11	4	8	19	110	622
12	4	8	19	120	4711
13	4	8	23	130	16955
14	4	14	19	140	215
15	4	8	13	150	2049
16	4	14	13	160	7746
17	4	8	19	170	3491
18	4	14	19	180	18119
19	4	14	23	190	18035
20	4	14	19	200	3282
21	4	14	13	210	18721
22	4	14	19	220	8065
23	3	1	19	230	2980
24	3	1	19	240	1118
25	4	14	23	250	16869
26	3	1	19	260	69253
27	4	14	19	270	10411
28	4	14	13	280	1986
29	3	1	19	290	14708
30	0	12	13	300	17634
31	4	8	23	310	6507
32	3	1	13	320	27161
33	4	14	19	330	15039
34	4	8	13	340	23157
35	3	1	13	350	7504
36	3	1	23	360	5061
37	4	8	19	400	7971
38	4	14	23	407	8477
39	4	8	13	414	13037
40	0	12	23	421	13106
41	4	14	19	428	26490
42	3	1	19	435	21743
43	0	12	19	442	1438
44	3	1	23	449	956
45	3	1	19	456	34834
46	3	1	13	463	192
47	0	12	23	470	2599
48	4	8	13	477	858
49	4	8	13	484	9797
50	4	14	23	491	1098
51	3	1	19	498	35140
52	3	1	13	505	12841
53	0	12	19	512	3196
54	3	1	19	519	1704
55	3	1	19	526	33430
56	4	8	13	533	40711
57	4	8	19	540	3840
58	3	1	23	547	13860
59	4	14	13	554	14387
60	4	14	13	561	1195
61	4	14	19	568	16894
62	4	14	13	575	17274
63	3	1	13	582	57610
64	4	8	23	589	55485
65	0	12	19	596	5902
66	4	14	19	603	2013
67	3	1	13	610	11307
68	4	14	23	617	27843
69	3	1	19	624	9658
70	4	14	13	631	20112
71	3	1	19	638	55553
72	3	1	23	645	16439
73	3	1	13	652	1486
74	4	14	23	659	1439
75	0	12	23	666	5156
76	4	8	19	673	36747
77	4	14	23	680	5666
78	4	14	19	687	1856
79	0	12	23	694	1863
80	3	1	23	701	16114
81	3	1	19	708	19440
82	3	1	19	715	8585
83	3	1	13	722	10834
84	4	14	19	729	11579
85	4	14	23	736	20809
86	4	14	23	743	17202
87	3	1	23	750	13022
88	4	8	13	800	10467
89	4	14	19	812	29794
90	4	8	13	824	8283
91	4	8	19	836	874
92	4	14	19	848	19337
93	3	1	19	860	19809
94	4	8	23	872	10065
95	4	8	19	884	28786
96	4	8	19	896	1630
97	0	12	13	908	22363
98	4	14	23	920	1572
99	3	1	19	932	13980
100	4	14	13	944	18764
101	4	14	23	956	6243
102	4	8	13	968	4161
103	4	14	23	980	8712
104	3	1	23	992	16402
105	4	8	13	1004	1227
106	4	14	19	1016	2687
107	0	12	23	1028	9332
108	3	1	19	1040	1545
109	3	1	19	1052	18341
110	4	8	23	1064	50483
111	3	1	13	1076	10698
112	3	1	23	1088	1678
113	3	1	13	1100	9347
114	4	8	19	1112	38501
115	3	1	19	1124	4155
116	4	8	23	1136	3361
117	4	8	23	1148	2212
118	3	1	23	1160	5597
119	3	1	13	1172	2188
120	3	1	19	1184	11834
121	3	1	19	1200	8134
122	4	8	13	1209	343
123	4	8	13	1218	50603
124	4	8	19	1227	669
125	3	1	23	1236	16286
126	4	14	23	1245	2526
127	4	14	19	1254	33323
128	3	1	13	1263	9548
129	3	1	19	1272	2735
130	4	14	19	1281	3015
131	4	8	19	1290	1375
132	0	12	13	1299	3509
133	3	1	13	1308	7288
134	3	1	19	1317	5229
135	3	1	23	1326	4864
136	3	1	19	1335	8537
137	4	14	23	1344	63165
138	4	8	13	1353	22725
139	3	1	13	1362	8852
140	4	14	13	1371	11700
141	4	14	23	1380	2996
142	0	12	13	1389	9353
143	4	14	19	1398	19246
144	3	1	19	1407	32151
145	4	14	23	1416	28707
146	4	14	23	1425	33702
147	3	1	19	1434	3601
148	0	12	23	1443	22648
149	4	14	13	1452	3859
150	0	12	19	1461	13118
151	4	14	19	1470	38240
152	3	1	19	1479	7666
153	3	1	23	1488	37501
154	0	12	23	1497	756
155	4	8	19	1506	4251
156	4	14	23	1515	5686
157	4	14	23	1524	4413
158	4	14	13	1533	7436
159	4	14	13	1542	29
160	4	14	13	1551	28549
161	4	14	13	1560	3659
162	4	14	23	1569	57688
163	4	14	13	1600	29866
164	3	1	13	1609	9876
165	0	12	19	1618	25125
166	3	1	13	1627	4920
167	4	14	23	1636	13499
168	4	14	19	1645	2497
169	4	14	23	1654	11812
170	4	8	13	1663	18369
171	3	1	13	1672	3443
172	0	12	23	1681	4608
173	0	12	19	1690	22845
174	4	14	23	1699	9421
175	4	14	23	1708	6251
176	3	1	19	1717	36181
177	3	1	19	1726	3126
178	4	14	23	1735	664
179	3	1	19	1744	1889
180	3	1	13	1753	19490
181	4	8	19	1762	32006
182	4	14	19	1771	1121
183	4	14	23	1780	3837
184	3	1	23	1789	9291
185	4	14	23	1798	3670
186	4	14	13	1807	12134
187	3	1	19	1816	4237
188	3	1	13	1825	6013
189	4	8	23	1834	677
190	4	14	23	1843	37441
191	3	1	19	1852	2697
192	4	14	19	1861	9134
193	4	8	13	1870	22529
194	4	14	13	1879	11435
195	4	14	13	1888	5354
196	0	12	13	1897	3123
197	4	8	13	1906	11749
198	3	1	19	1915	3261
199	3	1	23	1924	673
200	3	1	23	1933	10188
201	4	14	23	1942	3684
202	3	1	23	1951	889
203	4	8	23	1960	3015
204	3	1	13	1969	8113
205	3	1	19	2000	6441
206	4	14	23	2013	12253
207	3	1	23	2026	11646
208	4	14	23	2039	6375
209	3	1	23	2052	12772
210	4	14	13	2065	5120
211	4	8	13	2078	1922
212	3	1	13	2091	3514
213	3	1	23	2104	4561
214	3	1	13	2117	2670
215	3	1	19	2130	45172
216	0	12	19	2143	2288
217	4	14	23	2156	15196
218	3	1	13	2169	5698
219	3	1	13	2182	4235
220	3	1	19	2195	3302
221	4	14	23	2208	475
222	3	1	19	2221	3961
223	4	14	23	2234	1712
224	4	8	23	2247	13321
225	4	14	19	2260	10476
226	4	14	19	2273	15129
227	4	14	23	2286	7660
228	4	8	19	2299	3239
229	0	12	23	2312	2439
230	4	14	23	2325	2335
231	0	12	19	2338	4744
232	0	12	23	2351	57068
233	4	8	23	2364	86497
234	4	14	23	2377	10226
235	4	14	13	2400	9280
236	4	14	23	2411	23520
237	4	14	19	2422	24212
238	4	8	19	2433	18294
239	0	12	19	2444	1582
240	4	8	13	2455	11728
241	4	8	13	2466	182
242	4	14	19	2477	25993
243	4	8	13	2488	16122
244	4	8	23	2499	14753
245	3	1	23	2510	19791
246	0	12	19	2521	35346
247	3	1	23	2532	2930
248	4	14	13	2543	12511
249	3	1	19	2554	12180
250	4	14	19	2565	2474
251	0	12	13	2576	8584
252	4	14	23	2587	3393
253	4	14	19	2598	33877
254	4	14	19	2609	20187
255	4	14	13	2620	9144
256	3	1	19	2631	49024
257	4	14	13	2642	33449
258	4	14	13	2653	9628
259	3	1	23	2664	28775
260	4	14	23	2675	14400
261	4	14	13	2686	2206
262	3	1	19	2697	5824
263	4	14	13	2708	3107
264	4	14	13	2719	7805
265	4	14	19	2730	251
266	4	8	13	2741	2044
267	0	12	19	2752	3526
268	3	1	23	2763	16289
269	4	14	23	2774	12980
270	4	14	23	2785	1502
271	4	8	23	2800	4393
272	4	14	13	2807	32962
273	3	1	23	2814	3523
274	3	1	13	2821	13438
275	4	8	19	2828	3065
276	4	14	13	2835	1999
277	3	1	13	2842	9373
278	3	1	23	2849	6649
279	4	14	13	2856	23824
280	4	14	13	2863	12090
281	4	8	23	2870	8315
282	0	12	23	2877	20872
283	4	14	13	2884	10965
284	3	1	13	2891	72746
285	4	14	23	2898	13154
286	4	8	23	2905	1004
287	4	8	19	2912	625
288	3	1	13	2919	2457
289	4	8	23	2926	492
290	4	8	19	2933	9726
291	4	14	23	2940	30417
292	4	14	19	2947	4545
293	4	14	23	2954	24779
294	4	8	23	2961	6635
295	4	8	13	2968	7299
296	4	14	23	2975	11949
297	4	8	19	2982	12848
298	3	1	13	2989	3628
299	3	1	13	2996	13930
300	4	8	19	3003	12637
301	4	14	23	3010	14162
302	0	12	23	3017	7709
303	4	8	13	3024	51648
304	3	1	19	3031	8805
305	3	1	19	3038	25417
306	3	1	23	3045	10271
307	3	1	13	3052	57721
308	3	1	19	3059	3725
309	4	14	23	3066	10658
310	4	14	23	3073	5732
311	0	12	13	3080	6980
312	4	8	13	3087	8633
313	0	12	13	3094	14017
314	3	1	19	3101	3845
315	4	14	23	3108	2661
316	4	14	19	3115	5052
317	3	1	13	3122	18476
318	3	1	23	3129	3143
319	0	12	19	3136	20074
320	4	14	23	3143	33858
321	0	12	23	3150	1342
322	4	14	13	3157	863
323	4	8	23	3200	14546
324	3	1	13	3208	1339
325	4	14	13	3216	2632
326	3	1	19	3224	56873
327	4	14	13	3232	776
328	4	8	23	3240	21242
329	4	8	23	3248	2949
330	3	1	19	3256	10842
331	4	14	19	3264	8228
332	4	14	13	3272	3961
333	4	8	19	3280	16103
334	4	14	19	3288	2851
335	4	14	13	3296	34186
336	0	12	23	3304	314
337	4	14	19	3312	21832
338	4	8	19	3320	988
339	4	14	23	3328	1505
340	4	8	23	3336	1141
341	4	14	19	3344	1110
342	4	14	13	3352	18384
343	3	1	13	3360	10894
344	3	1	13	3368	12961
345	4	8	19	3376	1456
346	4	14	19	3384	6285
347	4	14	19	3392	11810
348	4	8	13	3400	10964
349	3	1	23	3408	3071
350	4	8	23	3416	1427
351	3	1	19	3424	22374
352	4	14	19	3432	6677
353	3	1	19	3440	7143
354	4	14	19	3448	16459
355	0	12	23	3456	9458
356	4	8	23	3464	11717
357	4	14	13	3472	17716
358	4	14	23	3480	25529
359	3	1	19	3488	4680
360	4	8	13	3496	26323
361	3	1	19	3504	8620
362	3	1	13	3512	2122
363	4	8	19	3520	602
364	3	1	13	3528	60848
365	4	8	13	3536	25801
366	0	12	13	3544	2090
367	4	8	23	3552	17863
368	3	1	19	3600	7790
369	4	14	19	3609	4843
370	3	1	23	3618	2279
371	0	12	23	3627	8456
372	3	1	23	3636	14710
373	3	1	13	3645	1432
374	4	14	23	3654	15342
375	4	14	13	3663	22931
376	4	8	19	3672	4661
377	4	8	23	3681	7682
378	4	14	23	3690	515
379	4	8	23	3699	56989
380	3	1	19	3708	18682
381	3	1	23	3717	5449
382	4	14	13	3726	7477
383	3	1	23	3735	11112
384	4	14	13	3744	1342
385	4	14	13	3753	16628
386	4	14	13	3762	864
387	4	14	19	3771	21447
388	3	1	13	3780	58496
389	4	14	19	3789	13165
390	4	14	19	3798	4605
391	3	1	23	3807	3522
392	4	8	23	3816	37764
393	4	14	13	3825	16930
394	4	14	23	3834	3127
395	4	14	13	3843	10361
396	3	1	19	3852	31289
397	3	1	23	3861	15933
398	4	8	23	3870	11082
399	4	8	23	3879	18002
400	4	8	13	3888	37055
401	3	1	19	3897	12042
402	3	1	13	3906	1932
403	3	1	23	3915	3724
404	4	14	13	3924	651
405	4	8	23	3933	11188
406	4	14	23	3942	1789
407	3	1	19	3951	4526
408	4	14	23	3960	15582
409	4	14	13	3969	26958
410	4	14	13	3978	3034
411	4	8	23	3987	1958
412	4	14	13	4000	15689
413	3	1	23	4009	26434
414	4	8	23	4018	9156
415	4	14	13	4027	8895
416	4	14	19	4036	599
417	4	14	19	4045	9804
418	4	8	13	4054	34408
419	3	1	13	4063	3354
420	3	1	13	4072	20186
421	3	1	19	4081	4757
422	4	14	23	4090	18277
423	4	14	23	4099	20016
424	0	12	13	4108	161
425	4	8	13	4117	30110
426	4	14	13	4126	9547
427	4	14	19	4135	36048
428	4	14	13	4144	25757
429	4	14	19	4153	1855
430	4	14	23	4162	31209
431	4	14	23	4171	10610
432	4	14	23	4180	24474
433	4	14	13	4189	3696
434	4	8	23	4198	451
435	4	14	13	4207	2032
436	0	12	23	4216	2924
437	0	12	13	4225	2630
438	3	1	23	4234	9610
439	4	14	19	4243	8303
440	0	12	19	4252	11339
441	4	8	19	4261	16891
442	0	12	23	4270	1338
443	3	1	13	4279	1239
444	4	14	19	4288	7016
445	3	1	19	4297	2209
446	3	1	23	4306	8929
447	4	14	23	4315	838
448	3	1	13	4324	3017
449	0	12	19	4333	14687
450	0	12	19	4342	9050
451	3	1	23	4351	5506
452	3	1	19	4360	18830
453	4	14	23	4369	5336
454	4	14	19	4400	39523
455	4	14	23	4408	11837
456	4	14	23	4416	22882
457	4	14	13	4424	4937
458	3	1	23	4432	3507
459	4	14	23	4440	1728
460	3	1	23	4448	712
461	4	8	13	4456	2500
462	4	14	19	4464	6769
463	4	14	13	4472	10519
464	4	8	13	4480	41472
465	4	8	19	4488	12142
466	4	8	13	4496	3952
467	4	8	13	4504	7492
468	4	8	13	4512	22973
469	3	1	23	4520	5697
470	3	1	13	4528	4404
471	4	14	13	4536	22913
472	3	1	19	4544	86
473	3	1	23	4552	7038
474	3	1	23	4560	12014
475	3	1	23	4568	726
476	3	1	23	4576	3008
477	4	8	23	4584	13817
478	0	12	19	4592	5518
479	4	14	19	4600	22389
480	4	14	13	4608	6006
481	4	14	13	4616	7874
482	3	1	13	4624	15628
483	4	14	19	4632	2339
484	4	14	13	4640	11411
485	4	8	23	4648	9791
486	3	1	13	4656	19026
487	4	8	23	4664	8582
488	0	12	19	4672	4318
489	3	1	23	4680	6328
490	0	12	13	4688	4354
491	3	1	23	4696	25337
492	4	14	19	4704	34465
493	4	14	23	4712	6473
494	3	1	19	4720	6995
495	4	14	13	4728	6602
496	3	1	13	4736	4701
497	3	1	19	4744	8850
498	3	1	23	4752	1666
499	4	14	23	4760	19694
500	4	8	19	4768	26220
501	3	1	23	4800	748
502	4	14	23	4810	2903
503	0	12	19	4820	22320
504	3	1	19	4830	6104
505	4	8	13	4840	13589
506	4	8	19	4850	5370
507	4	14	23	4860	5133
508	3	1	13	4870	15554
509	3	1	23	4880	28136
510	4	8	13	4890	6237
511	4	14	13	4900	2201
512	4	14	23	4910	41558
513	4	14	13	4920	6295
514	0	12	23	4930	16180
515	3	1	19	4940	10309
516	4	14	23	4950	7394
517	4	14	23	4960	3515
518	4	14	13	4970	42156
519	0	12	13	4980	6345
520	4	14	13	4990	22089
521	0	12	13	5000	17622
522	4	8	19	5010	2122
523	4	14	13	5020	7017
524	3	1	19	5030	917
525	4	8	19	5040	6709
526	4	8	23	5050	28686
527	3	1	23	5060	10708
528	0	12	13	5070	23
529	3	1	19	5080	2819
530	4	14	23	5090	15918
531	4	8	13	5100	14450
532	4	14	23	5110	9693
533	3	1	19	5120	9917
534	3	1	23	5130	37957
535	3	1	19	5140	4865
536	4	8	19	5150	3715
537	3	1	23	5160	25827
538	3	1	13	5200	18084
539	3	1	23	5208	32964
540	0	12	19	5216	2632
541	3	1	19	5224	7110
542	4	14	23	5232	18415
543	4	14	23	5240	6092
544	4	8	23	5248	54
545	3	1	23	5256	1764
546	4	14	23	5264	28931
547	4	14	13	5272	9193
548	4	14	13	5280	13545
549	4	14	13	5288	24053
550	4	14	19	5296	39615
551	3	1	19	5304	873
552	3	1	13	5312	9622
553	3	1	23	5320	15233
554	4	14	23	5328	40214
555	4	8	19	5336	1503
556	4	8	13	5344	27432
557	4	14	19	5352	17749
558	4	14	13	5360	17672
559	3	1	13	5368	42250
560	4	8	19	5376	17601
561	4	14	19	5384	17660
562	4	14	23	5392	5097
563	4	14	23	5400	8734
564	3	1	13	5408	2229
565	4	8	23	5416	14659
566	4	14	19	5424	11406
567	4	8	13	5432	6255
568	3	1	19	5440	7185
569	4	14	13	5448	6270
570	3	1	13	5456	4456
571	3	1	13	5464	10303
572	4	14	19	5472	7744
573	4	8	19	5480	418
574	0	12	19	5488	2884
575	3	1	19	5496	6014
576	4	8	13	5504	50622
577	3	1	23	5512	17328
578	4	14	19	5520	6920
579	4	14	19	5528	33161
580	4	8	19	5536	8758
581	3	1	19	5544	5605
582	4	14	23	5552	29402
583	4	8	13	5560	1764
584	4	14	23	5568	3391
585	3	1	19	5576	13102
586	4	14	13	5600	1930
587	3	1	13	5608	21630
588	4	14	19	5616	10918
589	3	1	19	5624	21984
590	4	8	13	5632	6850
591	4	8	23	5640	8177
592	3	1	23	5648	1440
593	0	12	13	5656	19803
594	3	1	13	5664	2186
595	3	1	23	5672	6672
596	3	1	23	5680	1278
597	0	12	13	5688	3733
598	3	1	23	5696	3114
599	0	12	13	5704	4267
600	4	14	19	5712	8888
601	4	14	23	5720	8414
602	3	1	23	5728	1061
603	4	14	23	5736	3769
604	3	1	23	5744	9718
605	3	1	19	5752	5871
606	4	14	23	5760	10835
607	4	8	19	5768	8737
608	4	8	13	5776	8447
609	3	1	13	5784	10148
610	4	14	13	5792	1705
611	4	14	19	5800	1730
612	3	1	13	5808	4875
613	4	14	19	5816	21531
614	0	12	19	5824	7226
615	4	14	23	5832	6052
616	4	14	23	5840	23317
617	4	14	19	5848	2818
618	4	8	23	5856	3790
619	4	14	19	5864	8440
620	3	1	19	5872	9761
621	3	1	19	5880	18079
622	3	1	19	5888	19855
623	0	12	23	5896	11317
624	3	1	13	5904	42913
625	0	12	19	5912	20319
626	4	14	13	5920	7464
627	4	14	19	5928	13214
628	4	14	13	5936	24278
629	4	14	19	5944	18563
630	4	14	23	5952	4163
631	4	8	13	5960	15184
632	4	8	13	5968	9200
633	3	1	13	6000	1796
634	4	8	13	6010	6406
635	4	14	23	6020	169
636	4	14	19	6030	4085
637	4	14	23	6040	12398
638	4	14	19	6050	10457
639	4	8	19	6060	23533
640	3	1	19	6070	868
641	3	1	19	6080	11976
642	4	8	23	6090	4801
643	4	8	13	6100	324
644	3	1	13	6110	14747
645	3	1	23	6120	4291
646	4	14	19	6130	2095
647	4	14	13	6140	3930
648	4	14	19	6150	5273
649	4	14	13	6160	17658
650	3	1	13	6170	10121
651	4	14	13	6180	26671
652	4	14	13	6190	68129
653	3	1	13	6200	15426
654	3	1	19	6210	16284
655	3	1	13	6220	16392
656	0	12	13	6230	14255
657	3	1	23	6240	7711
658	3	1	23	6250	4238
659	3	1	13	6260	16118
660	3	1	13	6270	30889
661	4	8	19	6280	31425
662	3	1	13	6290	12577
663	4	14	19	6300	15201
664	3	1	19	6310	3901
665	4	14	13	6320	6426
666	3	1	13	6330	10961
667	4	14	23	6340	2601
668	4	14	19	6350	6538
669	3	1	23	6360	6923
670	4	14	19	6370	1365
671	4	14	23	6380	2868
672	4	14	13	6400	11856
673	4	14	19	6409	6362
674	3	1	23	6418	6857
675	4	8	23	6427	31126
676	0	12	19	6436	7143
677	4	8	19	6445	18287
678	4	14	23	6454	28019
679	4	14	13	6463	13352
680	4	8	23	6472	12800
681	4	8	23	6481	2437
682	4	14	23	6490	4486
683	4	8	13	6499	1228
684	0	12	19	6508	2940
685	0	12	19	6517	6159
686	3	1	23	6526	15331
687	4	14	13	6535	20052
688	0	12	23	6544	6059
689	4	14	23	6553	13260
690	3	1	19	6562	4607
691	3	1	23	6571	20212
692	3	1	13	6580	5106
693	4	8	13	6589	22191
694	4	14	13	6598	32897
695	3	1	13	6607	1847
696	4	14	19	6616	48194
697	3	1	19	6625	11345
698	4	14	19	6634	16592
699	4	14	13	6643	4156
700	0	12	19	6652	14521
701	4	8	19	6661	40345
702	0	12	23	6670	23529
703	3	1	19	6679	29900
704	4	14	23	6688	13047
705	4	14	13	6697	5302
706	4	14	13	6706	3677
707	4	14	23	6715	10555
708	0	12	13	6724	4079
709	3	1	19	6733	20398
710	4	8	19	6742	4216
711	4	14	23	6751	29305
712	4	14	13	6760	10152
713	3	1	19	6769	11809
714	4	8	19	6778	1041
715	4	8	13	6787	16163
716	3	1	19	6800	11460
717	3	1	13	6811	9637
718	3	1	13	6822	8340
719	3	1	13	6833	25057
720	3	1	13	6844	14183
721	4	14	13	6855	18552
722	4	14	13	6866	19218
723	4	14	19	6877	16696
724	4	14	13	6888	1527
725	3	1	19	6899	4162
726	3	1	23	6910	24119
727	4	14	13	6921	18447
728	4	8	13	6932	7755
729	4	14	23	6943	4154
730	4	8	19	6954	34438
731	3	1	13	6965	21776
732	3	1	23	6976	403
733	4	14	19	6987	11311
734	4	14	19	6998	41878
735	4	14	13	7009	14074
736	4	8	13	7020	4708
737	0	12	13	7031	6024
738	3	1	13	7042	6839
739	3	1	13	7053	23605
740	4	8	13	7064	1775
741	3	1	13	7075	1757
742	4	14	23	7086	8902
743	4	14	13	7097	10386
744	4	14	19	7108	5592
745	4	14	23	7119	6247
746	4	14	19	7130	3349
747	4	14	23	7141	15290
748	0	12	23	7152	17102
749	4	14	23	7163	2611
750	4	14	23	7174	8996
751	3	1	13	7200	6743
752	0	12	13	7211	1405
753	3	1	19	7222	24765
754	3	1	23	7233	10978
755	3	1	19	7244	29569
756	3	1	19	7255	2191
757	3	1	19	7266	1371
758	4	14	13	7277	19176
759	3	1	13	7288	5539
760	0	12	19	7299	8107
761	4	8	13	7310	7822
762	4	14	19	7321	1385
763	0	12	19	7332	64952
764	0	12	13	7343	24858
765	4	14	19	7354	7375
766	4	8	23	7365	25441
767	4	14	19	7376	38777
768	4	14	23	7387	12831
769	4	8	13	7398	5982
770	4	14	13	7409	6441
771	3	1	13	7420	2989
772	4	14	23	7431	1501
773	4	8	23	7442	12286
774	3	1	23	7453	16098
775	4	14	13	7464	9772
776	4	14	13	7475	3664
777	4	14	13	7486	2970
778	4	14	13	7497	5712
779	0	12	19	7508	15007
780	4	14	13	7519	610
781	4	14	13	7530	1888
782	4	14	19	7541	310
783	3	1	19	7552	3949
784	4	8	23	7563	17386
785	4	14	19	7574	8643
786	3	1	23	7600	15560
787	4	8	13	7609	2092
788	3	1	23	7618	132
789	3	1	13	7627	673
790	3	1	23	7636	8898
791	4	14	19	7645	2928
792	3	1	13	7654	10905
793	4	8	23	7663	803
794	3	1	23	7672	5524
795	4	14	13	7681	12895
796	4	14	19	7690	331
797	4	14	19	7699	9015
798	4	14	23	7708	14655
799	0	12	13	7717	29347
800	3	1	13	7726	8954
801	4	14	23	7735	3992
802	0	12	23	7744	788
803	4	14	19	7753	5486
804	4	14	19	7762	18178
805	4	8	19	7771	4400
806	4	14	13	7780	4492
807	4	14	19	7789	7612
808	4	14	19	7798	1733
809	3	1	23	7807	519
810	3	1	13	7816	12658
811	4	14	19	7825	35402
812	3	1	19	7834	15677
813	4	14	23	7843	1053
814	4	14	13	7852	4630
815	4	8	19	7861	5087
816	3	1	19	7870	7249
817	3	1	13	7879	21164
818	4	14	19	7888	3142
819	3	1	23	7897	5366
820	4	8	19	7906	15828
821	4	8	19	7915	15274
822	3	1	23	7924	35838
823	4	8	23	7933	11060
824	4	14	19	7942	24389
825	0	12	23	7951	2660
826	4	8	13	7960	11722
827	4	14	23	7969	651
828	4	14	13	8000	3806
829	3	1	23	8010	1000
830	4	8	19	8020	9057
831	4	8	23	8030	15932
832	4	8	13	8040	8660
833	4	14	23	8050	7515
834	4	14	19	8060	2496
835	4	14	13	8070	17457
836	4	14	13	8080	1027
837	4	14	23	8090	12895
838	3	1	23	8100	8324
839	4	14	19	8110	7353
840	0	12	13	8120	2694
841	4	14	19	8130	3561
842	4	8	23	8140	310
843	4	8	23	8150	41532
844	4	8	23	8160	6186
845	4	14	13	8170	10294
846	3	1	13	8180	8018
847	4	14	13	8190	8632
848	3	1	23	8200	16380
849	0	12	19	8210	284
850	3	1	19	8220	2755
851	3	1	19	8230	2656
852	4	14	23	8240	4243
853	3	1	13	8250	5069
854	4	14	19	8260	2391
855	3	1	19	8270	19670
856	3	1	13	8280	4868
857	4	14	23	8290	7426
858	4	14	13	8300	8268
859	4	14	23	8310	10448
860	0	12	13	8320	13803
861	4	14	13	8330	3603
862	4	14	19	8340	2646
863	3	1	23	8350	672
864	4	8	19	8360	8621
865	4	8	19	8370	29844
866	3	1	13	8380	6821
867	3	1	19	8400	3674
868	0	12	19	8409	27184
869	4	14	23	8418	9677
870	3	1	13	8427	3670
871	3	1	23	8436	19008
872	4	14	19	8445	4775
873	4	14	13	8454	17751
874	4	8	19	8463	2084
875	4	14	23	8472	7750
876	4	14	23	8481	14228
877	4	8	23	8490	47517
878	4	14	13	8499	2667
879	4	8	13	8508	4161
880	3	1	19	8517	14915
881	3	1	13	8526	1406
882	4	8	13	8535	4422
883	4	14	19	8544	3426
884	4	14	13	8553	24934
885	4	14	23	8562	4828
886	3	1	23	8571	6895
887	4	14	23	8580	2229
888	4	8	19	8589	4020
889	4	8	23	8598	5774
890	3	1	13	8607	6809
891	4	14	13	8616	11629
892	0	12	23	8625	2101
893	4	14	23	8634	30152
894	4	14	13	8643	17884
895	4	8	23	8652	34110
896	4	14	13	8661	728
897	3	1	23	8670	42490
898	4	14	13	8679	7308
899	0	12	13	8688	7985
900	4	8	13	8697	1842
901	0	12	23	8706	3036
902	4	14	19	8715	11508
903	4	14	13	8724	2544
904	3	1	13	8733	17122
905	4	14	23	8742	6337
906	4	14	13	8751	24510
907	4	14	23	8760	8949
908	4	8	19	8800	2456
909	4	8	23	8811	14645
910	3	1	19	8822	1417
911	3	1	13	8833	5216
912	4	14	23	8844	3647
913	4	14	23	8855	2751
914	4	8	19	8866	24469
915	3	1	13	8877	10208
916	4	14	13	8888	36231
917	4	8	23	8899	35833
918	4	14	23	8910	2377
919	3	1	19	8921	2399
920	4	14	19	8932	7841
921	4	14	19	8943	3679
922	4	8	13	8954	46397
923	4	14	19	8965	8664
924	4	8	19	8976	1541
925	3	1	23	8987	12357
926	3	1	23	8998	12069
927	4	14	23	9009	6318
928	0	12	23	9020	71923
929	0	12	23	9031	2946
930	4	14	23	9042	6473
931	3	1	23	9053	15424
932	4	8	23	9064	8928
933	4	14	23	9075	14994
934	4	14	13	9086	1960
935	3	1	23	9097	8031
936	4	14	19	9108	8171
937	3	1	13	9119	1495
938	4	8	19	9130	8044
939	0	12	13	9141	7494
940	4	8	23	9152	7415
941	3	1	13	9163	29090
942	4	14	13	9174	49963
943	0	12	19	9200	10404
944	4	14	13	9211	3785
945	0	12	13	9222	1006
946	4	14	19	9233	5326
947	4	8	23	9244	37411
948	3	1	19	9255	604
949	3	1	13	9266	2705
950	3	1	19	9277	55953
951	3	1	13	9288	1389
952	4	14	13	9299	18802
953	3	1	19	9310	3857
954	4	8	23	9321	74
955	4	14	19	9332	25275
956	4	14	19	9343	3364
957	4	14	23	9354	1297
958	3	1	19	9365	877
959	0	12	19	9376	1493
960	3	1	23	9387	17957
961	4	14	13	9398	7415
962	4	14	23	9409	9012
963	0	12	23	9420	41058
964	4	8	23	9431	4075
965	0	12	19	9442	5891
966	0	12	19	9453	21106
967	4	14	13	9464	9548
968	4	14	23	9475	668
969	4	14	19	9486	5774
970	4	14	19	9497	988
971	4	8	13	9508	21546
972	0	12	19	9519	7417
973	4	14	19	9530	15071
974	3	1	23	9541	15285
975	3	1	13	9552	10080
976	4	14	13	9563	3935
977	4	8	19	9600	6114
978	4	14	13	9609	3351
979	4	8	19	9618	490
980	4	14	19	9627	4016
981	4	8	13	9636	13616
982	3	1	19	9645	5360
983	4	14	23	9654	19057
984	3	1	13	9663	3092
985	3	1	23	9672	4410
986	3	1	23	9681	32283
987	4	14	13	9690	3450
988	4	14	23	9699	14737
989	4	8	19	9708	3815
990	3	1	13	9717	3347
991	4	14	19	9726	5958
992	4	14	19	9735	573
993	4	8	13	9744	5572
994	4	14	13	9753	13993
995	3	1	19	9762	0
996	3	1	19	9771	5800
997	4	14	19	9780	207
998	4	14	23	9789	4140
999	4	14	19	9798	25705
1000	0	12	23	9807	3495
1001	0	12	13	9816	19910
1002	3	1	23	9825	27818
1003	4	14	23	9834	13200
1004	4	14	19	9843	1571
1005	4	8	13	9852	2043
1006	3	1	23	9861	12540
1007	3	1	19	9870	949
1008	0	12	23	9879	9707
1009	4	14	19	9888	6913
1010	4	14	13	9897	10957
1011	4	14	13	9906	22391
1012	4	8	19	9915	23490
1013	3	1	23	9924	371
1014	3	1	23	9933	21444
1015	0	12	23	9942	1232
1016	4	8	23	9951	1273
1017	4	8	23	9960	15820
1018	3	1	19	10000	16171
1019	3	1	13	10011	47206
1020	4	14	23	10022	7301
1021	4	8	19	10033	10349
1022	4	8	13	10044	22109
1023	4	14	19	10055	18267
1024	4	8	19	10066	1789
1025	4	14	23	10077	13964
1026	3	1	19	10088	18574
1027	4	14	19	10099	1126
1028	4	14	13	10110	325
1029	4	14	13	10121	15284
1030	4	14	23	10132	2454
1031	3	1	23	10143	3653
1032	4	8	19	10154	1363
1033	0	12	19	10165	5375
1034	4	8	23	10176	18575
1035	3	1	13	10187	7726
1036	4	14	13	10198	18003
1037	4	14	19	10209	14176
1038	0	12	19	10220	13410
1039	3	1	23	10231	878
1040	4	8	13	10242	12918
1041	0	12	13	10253	23257
1042	4	14	13	10264	14257
1043	4	14	19	10275	3764
1044	4	14	13	10286	13438
1045	4	14	23	10297	6093
1046	4	14	23	10308	9125
1047	3	1	23	10319	195
1048	4	14	13	10330	9289
1049	4	14	19	10341	10724
1050	3	1	23	10352	27555
1051	3	1	19	10363	12628
1052	4	8	13	10374	3891
1053	3	1	23	10385	4477
1054	4	8	23	10400	6677
1055	4	14	13	10409	13481
1056	4	14	13	10418	41356
1057	4	14	19	10427	1530
1058	3	1	19	10436	9024
1059	4	14	19	10445	6853
1060	4	14	23	10454	5531
1061	4	14	13	10463	9816
1062	3	1	19	10472	607
1063	4	8	23	10481	21583
1064	4	8	23	10490	3499
1065	3	1	19	10499	4917
1066	3	1	19	10508	16065
1067	4	8	13	10517	8262
1068	4	8	13	10526	3343
1069	4	14	19	10535	5314
1070	4	8	23	10544	4639
1071	4	8	13	10553	6281
1072	0	12	19	10562	736
1073	4	8	19	10571	13287
1074	3	1	23	10580	4649
1075	3	1	19	10589	10989
1076	3	1	13	10598	25713
1077	3	1	23	10607	10192
1078	0	12	13	10616	1373
1079	3	1	19	10625	16182
1080	0	12	13	10634	2022
1081	4	14	23	10643	17693
1082	0	12	13	10652	9600
1083	4	8	23	10661	6870
1084	3	1	19	10670	20633
1085	4	8	13	10679	9165
1086	4	8	23	10688	50820
1087	4	14	23	10697	19076
1088	4	14	23	10706	32675
1089	4	8	19	10715	1431
1090	4	14	13	10724	8477
1091	4	8	19	10733	12846
1092	3	1	13	10742	2157
1093	4	8	13	10751	3258
1094	3	1	13	10760	14499
1095	3	1	23	10769	1271
1096	4	14	23	10778	19720
1097	4	14	19	10787	23656
1098	4	14	23	10800	197
1099	4	8	23	10810	4939
1100	3	1	19	10820	12957
1101	4	14	23	10830	425
1102	3	1	23	10840	17794
1103	4	14	23	10850	2397
1104	3	1	19	10860	3780
1105	4	8	19	10870	8123
1106	3	1	13	10880	10738
1107	0	12	19	10890	11219
1108	4	14	23	10900	55502
1109	4	14	13	10910	21052
1110	3	1	13	10920	18852
1111	3	1	13	10930	6046
1112	4	14	19	10940	140
1113	4	14	13	10950	18625
1114	4	14	19	10960	3941
1115	0	12	23	10970	10941
1116	3	1	13	10980	96
1117	4	8	19	10990	11405
1118	4	14	13	11000	164
1119	4	14	19	11010	15225
1120	0	12	23	11020	5182
1121	3	1	23	11030	34130
1122	3	1	13	11040	9944
1123	4	14	19	11050	1680
1124	4	14	13	11060	22860
1125	0	12	19	11070	13068
1126	4	14	13	11080	3340
1127	4	14	13	11090	20693
1128	3	1	13	11100	41403
1129	4	14	13	11110	2992
1130	4	14	23	11120	18907
1131	4	14	23	11130	266
1132	4	14	13	11140	9742
1133	4	14	19	11150	17671
1134	0	12	23	11160	1001
1135	3	1	13	11170	1537
1136	3	1	13	11180	75089
1137	0	12	19	11190	5536
1138	4	14	19	11200	2173
1139	3	1	23	11207	4787
1140	4	14	13	11214	34321
1141	4	8	13	11221	5699
1142	0	12	23	11228	19667
1143	4	8	19	11235	1362
1144	4	14	19	11242	4633
1145	3	1	23	11249	1409
1146	3	1	23	11256	12446
1147	4	14	13	11263	5665
1148	3	1	23	11270	37988
1149	3	1	19	11277	1305
1150	4	14	23	11284	1164
1151	3	1	13	11291	2576
1152	0	12	13	11298	22536
1153	4	14	13	11305	4237
1154	4	8	23	11312	51861
1155	4	14	19	11319	15211
1156	4	8	23	11326	7652
1157	3	1	13	11333	12338
1158	4	14	19	11340	4804
1159	3	1	23	11347	11200
1160	3	1	19	11354	3434
1161	4	14	23	11361	17616
1162	3	1	19	11368	12231
1163	4	14	23	11375	17610
1164	4	14	19	11382	413
1165	4	14	13	11389	17648
1166	4	14	13	11396	21977
1167	0	12	13	11403	3308
1168	4	14	13	11410	14778
1169	3	1	13	11417	2088
1170	3	1	19	11424	10998
1171	3	1	19	11431	12207
1172	4	8	13	11438	7125
1173	3	1	13	11445	13847
1174	0	12	19	11452	17958
1175	4	14	19	11459	43166
1176	3	1	23	11466	1754
1177	4	8	19	11473	7306
1178	4	8	23	11480	19952
1179	3	1	13	11487	16183
1180	4	14	23	11494	216
1181	0	12	23	11501	24175
1182	4	8	19	11508	23933
1183	0	12	19	11515	24044
1184	4	14	19	11522	1646
1185	3	1	19	11529	10992
1186	3	1	19	11536	2305
1187	4	14	23	11543	3588
1188	3	1	19	11550	18387
1189	4	8	19	11557	5384
1190	4	8	19	11564	12555
1191	0	12	13	11600	5275
1192	0	12	23	11609	485
1193	3	1	19	11618	9822
1194	4	14	19	11627	1002
1195	4	8	13	11636	2281
1196	4	14	23	11645	16117
1197	0	12	13	11654	443
1198	3	1	13	11663	915
1199	4	14	13	11672	9584
1200	4	14	23	11681	3792
1201	3	1	23	11690	6221
1202	4	14	13	11699	13238
1203	4	8	19	11708	19198
1204	4	14	13	11717	8389
1205	3	1	13	11726	7263
1206	4	8	13	11735	16419
1207	4	14	23	11744	2127
1208	4	14	23	11753	8842
1209	3	1	13	11762	170
1210	3	1	23	11771	10481
1211	4	8	13	11780	186
1212	3	1	13	11789	21403
1213	3	1	19	11798	10685
1214	4	14	13	11807	10665
1215	3	1	19	11816	5779
1216	3	1	19	11825	28336
1217	3	1	23	11834	17845
1218	0	12	13	11843	12303
1219	3	1	23	11852	6829
1220	3	1	19	11861	10858
1221	4	14	19	11870	10447
1222	3	1	19	11879	7327
1223	4	14	19	11888	5106
1224	4	8	23	11897	8583
1225	3	1	19	11906	3362
1226	3	1	23	11915	10957
1227	4	14	23	11924	26362
1228	3	1	19	11933	11130
1229	4	14	19	11942	11085
1230	0	12	23	11951	3193
1231	3	1	19	11960	1260
1232	4	14	19	12000	5786
1233	4	8	19	12010	3618
1234	4	14	19	12020	7605
1235	3	1	23	12030	11402
1236	3	1	23	12040	2654
1237	4	14	13	12050	817
1238	0	12	19	12060	5396
1239	3	1	13	12070	13454
1240	4	8	13	12080	23125
1241	4	14	19	12090	148
1242	4	8	13	12100	16031
1243	0	12	19	12110	17627
1244	4	14	19	12120	18117
1245	0	12	19	12130	12039
1246	4	14	23	12140	8902
1247	3	1	19	12150	7177
1248	4	14	13	12160	42105
1249	4	8	13	12170	14364
1250	4	14	23	12180	3733
1251	3	1	23	12190	40229
1252	0	12	23	12200	6030
1253	4	14	13	12210	12243
1254	3	1	23	12220	37121
1255	4	8	19	12230	14040
1256	4	14	13	12240	35382
1257	4	14	19	12250	4655
1258	0	12	19	12260	4061
1259	3	1	23	12270	3590
1260	4	14	13	12280	23201
1261	3	1	19	12290	23306
1262	4	8	19	12300	9797
1263	4	14	19	12310	30073
1264	3	1	13	12320	18196
1265	4	14	13	12330	7912
1266	4	8	19	12340	12024
1267	0	12	19	12350	10174
1268	4	14	23	12360	1535
1269	4	8	19	12370	44523
1270	4	8	19	12400	2436
1271	3	1	13	12412	21981
1272	3	1	13	12424	6367
1273	3	1	13	12436	41009
1274	3	1	19	12448	10396
1275	3	1	23	12460	10498
1276	3	1	13	12472	22312
1277	3	1	13	12484	13945
1278	4	14	23	12496	10060
1279	4	8	19	12508	25209
1280	4	14	19	12520	15301
1281	4	14	19	12532	1930
1282	4	14	19	12544	30127
1283	4	8	19	12556	28446
1284	4	8	19	12568	4906
1285	4	14	23	12580	3753
1286	3	1	19	12592	14637
1287	4	14	13	12604	16306
1288	4	14	23	12616	4377
1289	3	1	13	12628	18157
1290	3	1	23	12640	13150
1291	3	1	19	12652	25134
1292	4	14	23	12664	18100
1293	3	1	23	12676	1312
1294	3	1	13	12688	20495
1295	4	14	23	12700	73512
1296	3	1	13	12712	7268
1297	4	8	23	12724	20490
1298	4	14	13	12736	54488
1299	0	12	19	12748	4215
1300	4	14	23	12760	5
1301	4	14	19	12772	36463
1302	4	14	19	12784	4806
1303	4	14	23	12800	62515
1304	0	12	19	12809	8661
1305	4	8	19	12818	6693
1306	0	12	19	12827	9668
1307	3	1	23	12836	6698
1308	3	1	19	12845	742
1309	4	14	23	12854	5574
1310	4	14	13	12863	22404
1311	3	1	13	12872	3619
1312	0	12	19	12881	16829
1313	4	14	23	12890	6320
1314	3	1	13	12899	9266
1315	4	8	23	12908	14721
1316	4	14	23	12917	33335
1317	4	14	23	12926	12647
1318	4	14	23	12935	10491
1319	4	14	19	12944	8606
1320	3	1	19	12953	18066
1321	4	8	13	12962	26469
1322	3	1	19	12971	3711
1323	3	1	23	12980	4991
1324	4	14	23	12989	4449
1325	4	14	13	12998	4399
1326	4	14	19	13007	757
1327	4	14	19	13016	4421
1328	4	8	13	13025	1928
1329	4	14	23	13034	10459
1330	0	12	23	13043	1654
1331	4	8	13	13052	310
1332	4	14	13	13061	14361
1333	4	14	19	13070	3798
1334	4	8	23	13079	25165
1335	4	8	13	13088	17557
1336	0	12	23	13097	20479
1337	4	8	23	13106	30962
1338	4	8	23	13115	5979
1339	0	12	13	13124	28639
1340	3	1	13	13133	15080
1341	0	12	23	13142	3890
1342	3	1	23	13151	13789
1343	4	14	13	13160	32631
1344	4	14	23	13200	32683
1345	0	12	19	13208	6236
1346	3	1	23	13216	1573
1347	4	14	23	13224	5530
1348	4	14	19	13232	10004
1349	3	1	13	13240	1425
1350	0	12	13	13248	742
1351	3	1	13	13256	19488
1352	3	1	13	13264	3227
1353	4	14	19	13272	7788
1354	4	14	23	13280	8760
1355	3	1	19	13288	1406
1356	4	8	23	13296	13903
1357	3	1	23	13304	54962
1358	4	14	13	13312	13852
1359	3	1	19	13320	2786
1360	3	1	13	13328	5475
1361	3	1	13	13336	3372
1362	3	1	23	13344	3931
1363	4	14	23	13352	7806
1364	4	14	13	13360	3337
1365	3	1	23	13368	20569
1366	4	14	23	13376	9922
1367	4	8	23	13384	7908
1368	4	14	13	13392	9118
1369	3	1	13	13400	17611
1370	0	12	13	13408	26298
1371	3	1	13	13416	164
1372	4	14	13	13424	3596
1373	4	14	19	13432	13478
1374	4	8	13	13440	19102
1375	3	1	23	13448	8346
1376	4	14	19	13456	2779
1377	3	1	19	13464	4840
1378	3	1	23	13472	6249
1379	4	14	13	13480	28178
1380	4	8	13	13488	2440
1381	4	14	23	13496	14127
1382	4	14	13	13504	16288
1383	4	14	23	13512	445
1384	3	1	23	13520	8851
1385	3	1	19	13528	4731
1386	4	14	13	13536	18709
1387	4	14	19	13544	2987
1388	4	8	19	13552	16791
1389	4	14	13	13560	17458
1390	4	14	13	13568	1032
1391	3	1	23	13576	21176
1392	4	8	23	13600	3285
1393	4	14	13	13614	2458
1394	3	1	13	13628	9362
1395	4	8	13	13642	7627
1396	4	14	23	13656	72216
1397	3	1	13	13670	2750
1398	4	14	13	13684	14103
1399	4	8	13	13698	1459
1400	4	8	19	13712	22199
1401	4	8	13	13726	12266
1402	4	8	19	13740	21765
1403	4	14	13	13754	19077
1404	4	8	13	13768	3039
1405	3	1	23	13782	569
1406	4	14	13	13796	9420
1407	4	14	19	13810	9881
1408	4	14	19	13824	13710
1409	4	8	13	13838	204
1410	4	14	13	13852	28102
1411	4	14	19	13866	5245
1412	4	14	13	13880	10518
1413	0	12	23	13894	18185
1414	4	8	19	13908	281
1415	4	14	13	13922	13467
1416	3	1	23	13936	8373
1417	3	1	13	13950	3339
1418	3	1	23	13964	37621
1419	3	1	23	14000	29859
1420	4	14	23	14008	367
1421	4	14	19	14016	5026
1422	4	14	19	14024	15687
1423	4	14	13	14032	17414
1424	3	1	13	14040	13942
1425	3	1	13	14048	735
1426	4	8	13	14056	17851
1427	0	12	23	14064	919
1428	0	12	19	14072	1713
1429	4	14	23	14080	4735
1430	4	14	13	14088	8405
1431	3	1	19	14096	23
1432	3	1	19	14104	12282
1433	3	1	19	14112	4134
1434	3	1	19	14120	764
1435	4	14	13	14128	9419
1436	3	1	13	14136	23166
1437	4	8	23	14144	35165
1438	3	1	23	14152	20101
1439	4	14	23	14160	7740
1440	4	14	13	14168	18277
1441	4	14	23	14176	3114
1442	4	8	23	14184	9301
1443	4	14	19	14192	15995
1444	0	12	13	14200	23828
1445	4	8	23	14208	15636
1446	4	14	19	14216	3371
1447	4	8	23	14224	7376
1448	4	14	23	14232	2121
1449	4	14	23	14240	24227
1450	4	14	13	14248	41333
1451	4	8	23	14256	16861
1452	0	12	13	14264	3425
1453	3	1	13	14272	17863
1454	3	1	19	14280	1056
1455	3	1	13	14288	8330
1456	3	1	19	14296	28996
1457	4	8	13	14304	886
1458	4	8	13	14312	1384
1459	4	14	23	14320	2153
1460	3	1	19	14328	3814
1461	4	14	13	14336	7621
1462	4	14	23	14344	6703
1463	4	14	23	14352	5261
1464	4	14	23	14360	8641
1465	3	1	19	14368	27863
1466	3	1	23	14400	14997
1467	4	14	19	14414	4149
1468	3	1	19	14428	15214
1469	4	8	13	14442	7831
1470	4	8	23	14456	20547
1471	3	1	13	14470	9735
1472	0	12	13	14484	6749
1473	3	1	13	14498	7873
1474	4	14	19	14512	1740
1475	4	14	23	14526	19409
1476	4	14	19	14540	19484
1477	0	12	23	14554	59793
1478	4	14	13	14568	27996
1479	4	8	13	14582	38270
1480	4	14	19	14596	20217
1481	0	12	19	14610	4538
1482	3	1	23	14624	29126
1483	4	8	23	14638	3708
1484	4	8	19	14652	5317
1485	3	1	13	14666	16585
1486	4	8	19	14680	16810
1487	4	14	13	14694	24151
1488	4	14	13	14708	2785
1489	0	12	13	14722	9883
1490	4	14	19	14736	12031
1491	4	8	23	14750	18372
1492	4	14	23	14764	21818
1493	4	14	13	14778	12545
1494	4	14	13	14800	2723
1495	4	14	23	14810	4484
1496	4	8	23	14820	19348
1497	3	1	13	14830	2446
1498	4	8	19	14840	3027
1499	4	14	19	14850	38868
1500	4	14	23	14860	179
1501	4	14	23	14870	36599
1502	4	14	13	14880	16193
1503	3	1	19	14890	13776
1504	4	14	23	14900	586
1505	4	8	13	14910	6379
1506	0	12	19	14920	4707
1507	4	14	23	14930	17489
1508	4	14	23	14940	12237
1509	4	14	19	14950	3986
1510	4	14	19	14960	14356
1511	3	1	23	14970	29955
1512	3	1	13	14980	2210
1513	0	12	23	14990	1952
1514	4	14	13	15000	5164
1515	3	1	13	15010	37870
1516	3	1	13	15020	9808
1517	3	1	13	15030	2122
1518	3	1	13	15040	69654
1519	4	8	19	15050	17344
1520	0	12	13	15060	1926
1521	3	1	23	15070	22533
1522	4	14	19	15080	1067
1523	3	1	13	15090	2055
1524	3	1	23	15100	22466
1525	0	12	23	15110	438
1526	4	14	19	15120	15190
1527	3	1	13	15130	18262
1528	4	14	23	15140	3910
1529	4	14	23	15150	20788
1530	4	14	13	15160	12
1531	4	8	19	15170	11561
1532	4	14	13	15180	17643
1533	3	1	19	15190	34209
1534	3	1	13	15200	34575
1535	4	14	19	15212	23755
1536	3	1	19	15224	10247
1537	4	14	19	15236	3120
1538	3	1	13	15248	2953
1539	0	12	19	15260	34936
1540	3	1	23	15272	6629
1541	4	14	19	15284	51605
1542	0	12	19	15296	3090
1543	4	8	23	15308	31003
1544	4	8	23	15320	23891
1545	3	1	19	15332	15083
1546	4	14	23	15344	11467
1547	4	14	23	15356	13959
1548	4	14	23	15368	4258
1549	4	8	13	15380	3383
1550	3	1	19	15392	16801
1551	3	1	23	15404	12208
1552	4	8	23	15416	2490
1553	4	8	13	15428	7364
1554	3	1	19	15440	20087
1555	4	8	13	15452	2203
1556	4	8	19	15464	24252
1557	4	8	23	15476	10501
1558	0	12	23	15488	21733
1559	3	1	23	15500	142
1560	4	14	23	15512	14223
1561	4	14	19	15524	9391
1562	4	14	13	15536	8058
1563	4	14	13	15548	20327
1564	4	14	19	15560	3969
1565	4	14	13	15572	991
1566	4	14	23	15600	1914
1567	0	12	23	15609	3074
1568	3	1	23	15618	2771
1569	4	14	19	15627	8029
1570	4	14	19	15636	5797
1571	4	14	23	15645	4795
1572	0	12	23	15654	34573
1573	3	1	23	15663	633
1574	4	14	23	15672	4983
1575	3	1	19	15681	2118
1576	3	1	19	15690	11612
1577	4	14	19	15699	2101
1578	4	8	19	15708	4177
1579	4	8	13	15717	1681
1580	4	8	13	15726	6545
1581	4	14	19	15735	371
1582	3	1	13	15744	7915
1583	3	1	23	15753	395
1584	3	1	13	15762	866
1585	4	8	13	15771	5403
1586	4	14	19	15780	6766
1587	4	14	13	15789	4478
1588	4	14	13	15798	1667
1589	4	8	13	15807	17961
1590	4	14	13	15816	62202
1591	4	8	19	15825	56608
1592	4	14	19	15834	5979
1593	4	14	13	15843	2774
1594	3	1	19	15852	3472
1595	4	14	19	15861	25610
1596	4	14	19	15870	8254
1597	4	8	19	15879	6348
1598	4	8	19	15888	12354
1599	4	14	19	15897	18397
1600	4	14	23	15906	10072
1601	4	14	13	15915	5919
1602	4	8	13	15924	7878
1603	0	12	19	15933	19985
1604	4	8	19	15942	23812
1605	4	14	19	15951	6620
1606	3	1	23	15960	14230
1607	4	14	13	15969	1754
1608	3	1	13	15978	1517
1609	4	8	23	16000	12619
1610	4	14	23	16009	9521
1611	3	1	23	16018	14724
1612	4	14	13	16027	4096
1613	4	14	19	16036	14682
1614	3	1	19	16045	10739
1615	4	14	13	16054	13083
1616	3	1	13	16063	740
1617	3	1	13	16072	7321
1618	3	1	23	16081	16469
1619	4	14	13	16090	30173
1620	4	14	19	16099	12540
1621	0	12	19	16108	21693
1622	3	1	23	16117	1215
1623	3	1	19	16126	6746
1624	4	8	19	16135	8161
1625	4	14	13	16144	5972
1626	0	12	13	16153	33169
1627	0	12	19	16162	16051
1628	4	14	19	16171	19321
1629	4	8	19	16180	7354
1630	4	14	13	16189	13106
1631	4	8	13	16198	2816
1632	3	1	13	16207	8753
1633	3	1	13	16216	8556
1634	3	1	19	16225	9925
1635	3	1	13	16234	378
1636	4	14	19	16243	9558
1637	3	1	23	16252	13378
1638	4	8	19	16261	2233
1639	4	14	19	16270	12450
1640	4	14	13	16279	13233
1641	4	8	19	16288	4193
1642	4	8	13	16297	2568
1643	4	14	13	16306	7825
1644	4	8	19	16315	3111
1645	4	8	13	16324	4068
1646	3	1	19	16333	14521
1647	4	14	13	16342	13925
1648	3	1	23	16351	11454
1649	3	1	19	16360	10622
1650	4	8	13	16400	20698
1651	3	1	13	16407	497
1652	4	14	19	16414	13098
1653	3	1	13	16421	15437
1654	0	12	13	16428	1751
1655	4	14	13	16435	15803
1656	3	1	13	16442	4161
1657	4	14	19	16449	632
1658	4	14	13	16456	4582
1659	3	1	19	16463	7629
1660	4	14	13	16470	8010
1661	3	1	13	16477	37757
1662	4	14	23	16484	4911
1663	4	8	19	16491	12965
1664	3	1	23	16498	51306
1665	4	14	19	16505	4958
1666	4	14	19	16512	2514
1667	3	1	13	16519	18134
1668	3	1	13	16526	1853
1669	0	12	13	16533	9861
1670	4	8	19	16540	1462
1671	0	12	19	16547	5888
1672	4	8	23	16554	4056
1673	3	1	13	16561	1275
1674	4	8	23	16568	3468
1675	3	1	23	16575	5232
1676	4	14	19	16582	12369
1677	4	14	19	16589	11524
1678	4	8	13	16596	2701
1679	4	14	13	16603	2766
1680	3	1	23	16610	14063
1681	4	8	13	16617	3457
1682	3	1	23	16624	1568
1683	3	1	23	16631	2870
1684	4	14	19	16638	12141
1685	4	8	13	16645	11734
1686	4	8	19	16652	9447
1687	4	8	13	16659	18962
1688	3	1	23	16666	5621
1689	4	14	13	16673	21309
1690	4	14	23	16680	16072
1691	4	14	13	16687	8265
1692	3	1	23	16694	5254
1693	4	14	23	16701	14423
1694	4	8	19	16708	2072
1695	4	8	13	16715	14898
1696	3	1	23	16722	38341
1697	0	12	19	16729	9115
1698	4	8	19	16736	8150
1699	3	1	23	16743	26479
1700	3	1	19	16750	1244
1701	0	12	13	16800	30686
1702	3	1	23	16808	9411
1703	3	1	19	16816	674
1704	3	1	23	16824	7677
1705	4	8	23	16832	6829
1706	4	8	13	16840	16819
1707	3	1	19	16848	9946
1708	4	8	19	16856	7679
1709	4	14	13	16864	18302
1710	4	14	19	16872	1115
1711	4	14	23	16880	13516
1712	4	14	19	16888	22740
1713	4	8	23	16896	1419
1714	4	8	19	16904	18182
1715	3	1	23	16912	3241
1716	0	12	19	16920	21584
1717	3	1	23	16928	1576
1718	4	8	13	16936	293
1719	4	8	23	16944	5396
1720	3	1	13	16952	18934
1721	4	14	19	16960	6029
1722	4	14	13	16968	6236
1723	4	14	23	16976	4495
1724	4	8	19	16984	20736
1725	3	1	19	16992	11515
1726	3	1	23	17000	405
1727	3	1	23	17008	10624
1728	4	8	23	17016	34212
1729	0	12	23	17024	9318
1730	4	14	23	17032	6017
1731	4	14	13	17040	1413
1732	3	1	13	17048	1592
1733	3	1	13	17056	4482
1734	3	1	23	17064	1362
1735	4	8	19	17072	17519
1736	4	14	19	17080	14721
1737	4	14	19	17088	843
1738	0	12	13	17096	16173
1739	4	14	19	17104	2714
1740	0	12	23	17112	24490
1741	4	14	13	17120	47848
1742	4	14	19	17128	4652
1743	4	14	19	17136	10746
1744	4	14	23	17144	16252
1745	4	8	13	17152	770
1746	0	12	23	17160	12533
1747	4	8	23	17168	3341
1748	3	1	13	17176	30183
1749	4	14	19	17200	30596
1750	0	12	19	17209	25105
1751	0	12	13	17218	21688
1752	4	14	13	17227	8511
1753	0	12	23	17236	1681
1754	4	8	23	17245	1215
1755	3	1	23	17254	14592
1756	4	8	23	17263	8736
1757	4	14	23	17272	3153
1758	3	1	13	17281	3172
1759	4	14	19	17290	23226
1760	3	1	13	17299	6145
1761	4	14	13	17308	2183
1762	3	1	19	17317	11650
1763	4	8	23	17326	32385
1764	4	14	13	17335	5893
1765	4	8	19	17344	45599
1766	4	8	19	17353	9622
1767	4	8	13	17362	9266
1768	4	14	13	17371	50
1769	0	12	13	17380	150
1770	3	1	19	17389	9058
1771	4	8	13	17398	17461
1772	4	8	19	17407	5793
1773	3	1	19	17416	20692
1774	0	12	23	17425	8130
1775	4	14	13	17434	20063
1776	0	12	23	17443	917
1777	4	14	19	17452	20164
1778	4	14	13	17461	10143
1779	0	12	13	17470	17133
1780	3	1	19	17479	41617
1781	3	1	23	17488	18736
1782	4	8	19	17497	13241
1783	3	1	19	17506	246
1784	4	14	13	17515	13067
1785	4	14	23	17524	9808
1786	0	12	23	17533	11089
1787	3	1	19	17542	60417
1788	3	1	19	17551	2909
1789	0	12	23	17560	6205
1790	4	14	19	17600	3461
1791	4	8	19	17610	7747
1792	3	1	13	17620	21661
1793	4	8	23	17630	25905
1794	4	8	19	17640	19412
1795	3	1	19	17650	14596
1796	3	1	19	17660	5359
1797	4	14	23	17670	5905
1798	4	8	19	17680	2731
1799	4	14	13	17690	17340
1800	4	14	19	17700	8577
1801	4	14	19	17710	1399
1802	4	14	23	17720	3275
1803	4	8	13	17730	28460
1804	4	8	23	17740	5969
1805	4	14	19	17750	1397
1806	4	14	23	17760	7239
1807	4	8	23	17770	13911
1808	4	14	23	17780	12215
1809	3	1	19	17790	4012
1810	3	1	23	17800	11932
1811	3	1	19	17810	14587
1812	4	14	19	17820	12964
1813	3	1	23	17830	7667
1814	3	1	23	17840	26145
1815	4	8	13	17850	11318
1816	3	1	23	17860	8272
1817	4	14	13	17870	11023
1818	4	8	19	17880	3764
1819	4	14	19	17890	21238
1820	4	8	19	17900	5630
1821	4	14	13	17910	9797
1822	4	14	23	17920	4675
1823	3	1	19	17930	11009
1824	4	8	19	17940	17220
1825	3	1	23	17950	669
1826	3	1	23	17960	32097
1827	0	12	23	17970	8279
1828	3	1	13	17980	243
1829	4	14	19	18000	18637
1830	4	8	19	18010	7216
1831	3	1	13	18020	13858
1832	4	14	13	18030	11303
1833	4	8	23	18040	19696
1834	4	8	19	18050	3443
1835	3	1	23	18060	23483
1836	4	14	13	18070	9616
1837	4	14	19	18080	17205
1838	4	8	19	18090	11878
1839	0	12	19	18100	9675
1840	4	8	13	18110	1337
1841	4	14	13	18120	29844
1842	3	1	19	18130	5258
1843	4	14	23	18140	32101
1844	4	14	23	18150	17831
1845	3	1	13	18160	9505
1846	3	1	13	18170	20257
1847	4	8	19	18180	5419
1848	4	14	23	18190	72953
1849	4	14	13	18200	2543
1850	4	14	23	18210	2762
1851	3	1	13	18220	17088
1852	3	1	19	18230	1525
1853	3	1	23	18240	5618
1854	3	1	23	18250	5927
1855	0	12	13	18260	36609
1856	0	12	23	18270	18581
1857	4	8	13	18280	12206
1858	4	8	19	18290	1876
1859	4	14	23	18300	4944
1860	3	1	23	18310	2364
1861	4	14	23	18320	37103
1862	4	14	19	18330	13167
1863	4	8	13	18340	22784
1864	3	1	23	18350	21427
1865	0	12	23	18360	34830
1866	4	14	13	18370	1175
1867	4	14	19	18380	23111
1868	4	8	13	18390	3022
1869	4	14	23	18400	342
1870	4	14	13	18410	733
1871	3	1	13	18420	16004
1872	4	14	19	18430	43149
1873	4	8	23	18440	15097
1874	3	1	19	18450	15457
1875	3	1	19	18460	7342
1876	4	8	23	18470	2725
1877	0	12	23	18480	5962
1878	4	14	19	18490	21035
1879	3	1	19	18500	2901
1880	0	12	23	18510	3279
1881	3	1	19	18520	10062
1882	3	1	13	18530	8334
1883	3	1	23	18540	21195
1884	4	14	23	18550	10490
1885	4	14	19	18560	14157
1886	4	14	23	18570	10004
1887	0	12	13	18580	3234
1888	4	14	13	18590	6464
1889	4	8	19	18600	4225
1890	3	1	13	18610	887
1891	3	1	23	18620	29288
1892	4	14	23	18630	11510
1893	3	1	19	18640	4121
1894	4	14	23	18650	5632
1895	3	1	13	18660	1962
1896	0	12	19	18670	3462
1897	3	1	19	18680	8428
1898	3	1	23	18690	1248
1899	4	14	23	18700	21164
1900	4	14	13	18710	7257
1901	4	14	19	18720	38892
1902	4	8	13	18730	1820
1903	4	14	23	18740	41920
1904	4	8	13	18750	1694
1905	3	1	19	18760	7598
1906	4	14	19	18770	18541
1907	4	8	19	18780	6201
1908	0	12	19	18800	12586
1909	4	8	19	18811	32280
1910	4	14	19	18822	16611
1911	4	14	13	18833	6047
1912	4	8	23	18844	20033
1913	3	1	23	18855	31912
1914	4	14	13	18866	1244
1915	0	12	19	18877	11335
1916	3	1	23	18888	7259
1917	4	8	19	18899	21782
1918	3	1	19	18910	3734
1919	4	14	19	18921	1804
1920	4	8	13	18932	5728
1921	4	14	23	18943	23345
1922	4	14	19	18954	6909
1923	4	14	23	18965	31228
1924	3	1	23	18976	37708
1925	4	8	13	18987	1899
1926	4	14	13	18998	1529
1927	3	1	13	19009	13743
1928	3	1	13	19020	5007
1929	4	8	13	19031	10221
1930	3	1	23	19042	2783
1931	4	14	13	19053	14391
1932	4	14	23	19064	4156
1933	4	8	19	19075	75487
1934	4	14	19	19086	17174
1935	3	1	19	19097	3913
1936	4	8	13	19108	6681
1937	3	1	13	19119	9088
1938	3	1	23	19130	14341
1939	3	1	13	19141	1448
1940	4	14	23	19152	28366
1941	4	14	13	19163	2120
1942	0	12	23	19174	10599
1943	3	1	19	19200	7948
1944	4	8	23	19208	9509
1945	3	1	23	19216	13503
1946	4	8	13	19224	1280
1947	4	8	13	19232	13931
1948	4	14	19	19240	2560
1949	4	14	19	19248	17298
1950	0	12	19	19256	14326
1951	4	14	13	19264	6401
1952	4	14	23	19272	3248
1953	3	1	19	19280	38375
1954	3	1	23	19288	7152
1955	4	8	13	19296	10897
1956	4	14	23	19304	8886
1957	4	8	13	19312	2902
1958	3	1	23	19320	154
1959	0	12	13	19328	50630
1960	4	14	13	19336	5158
1961	4	8	19	19344	1329
1962	4	14	19	19352	772
1963	4	14	13	19360	952
1964	4	14	23	19368	15495
1965	0	12	13	19376	627
1966	3	1	19	19384	1305
1967	4	14	13	19392	20152
1968	4	14	19	19400	2221
1969	4	8	19	19408	20596
1970	4	14	13	19416	2443
1971	4	14	19	19424	30738
1972	4	14	23	19432	1807
1973	0	12	13	19440	2002
1974	4	14	23	19448	3194
1975	3	1	13	19456	2944
1976	3	1	23	19464	3785
1977	3	1	23	19472	36780
1978	4	14	13	19480	5709
1979	4	14	13	19488	3965
1980	4	14	13	19496	554
1981	3	1	13	19504	6806
1982	4	14	19	19512	8073
1983	4	14	19	19520	10346
1984	4	8	23	19528	25090
1985	3	1	23	19536	18936
1986	0	12	19	19544	7425
1987	0	12	19	19552	4870
1988	4	14	23	19560	9558
1989	3	1	13	19600	2153
1990	4	14	23	19636	16884
1991	4	14	13	19672	2860
1992	4	8	19	19708	8765
1993	3	1	19	19744	14939
1994	4	14	13	19780	17342
1995	4	14	13	19816	19379
1996	0	12	19	19852	1259
1997	4	8	19	19888	8566
1998	4	14	23	19924	17090
1999	4	8	19	19960	8231
