0	4	7	160	0	2961
1	4	7	120	7	4798
2	5	13	120	14	2706
3	19	8	200	21	1252
4	3	16	80	28	8358
5	19	8	160	35	14796
6	4	7	160	42	5561
7	15	0	120	49	3632
8	15	0	120	56	11897
9	15	0	80	63	36752
10	4	7	160	70	8613
11	5	13	160	77	1693
12	3	16	80	84	4586
13	19	8	160	91	22996
14	5	13	160	98	6499
15	19	8	160	105	8844
16	1	11	80	112	6556
17	1	11	160	119	20902
18	15	0	120	126	4167
19	6	19	160	133	19967
20	6	19	80	140	12419
21	4	7	120	147	12522
22	6	19	80	154	4769
23	6	19	80	161	6345
24	5	13	80	168	12183
25	6	19	120	175	1242
26	15	0	160	182	5864
27	19	8	160	189	10280
28	15	0	160	196	1769
29	6	19	160	203	3139
30	5	13	80	210	1220
31	6	19	200	217	1694
32	6	19	200	224	3358
33	3	16	120	231	4705
34	6	19	160	238	2870
35	4	7	160	245	6155
36	0	18	160	252	14024
37	6	19	200	259	13266
38	15	0	200	266	16825
39	3	16	200	273	25229
40	6	19	120	280	29868
41	15	0	160	287	2993
42	6	19	120	294	14711
43	19	8	200	301	762
44	4	7	200	308	6321
45	5	13	160	315	20183
46	19	8	80	322	7934
47	15	0	120	329	2523
48	3	16	200	336	26866
49	6	19	120	343	22088
50	3	16	120	350	283
51	6	19	200	357	26045
52	19	8	80	400	2168
53	1	11	80	405	6458
54	0	18	200	410	28061
55	19	8	120	415	10153
56	15	0	80	420	19
57	15	0	80	425	18799
58	15	0	160	430	7426
59	15	0	200	435	6197
60	3	16	80	440	4663
61	5	13	200	445	19042
62	19	8	200	450	1589
63	1	11	200	455	6104
64	4	7	200	460	23300
65	15	0	200	465	5745
66	19	8	160	470	26216
67	0	18	160	475	59999
68	6	19	200	480	12262
69	3	16	80	485	204
70	19	8	200	490	21421
71	6	19	120	495	16730
72	4	7	160	500	882
73	15	0	160	505	6445
74	0	18	80	510	26886
75	15	0	160	515	6619
76	15	0	200	520	34018
77	6	19	80	525	3717
78	4	7	120	530	13
79	19	8	160	535	20827
80	15	0	80	540	11440
81	1	11	80	545	2631
82	15	0	160	550	13749
83	4	7	120	555	4208
84	6	19	80	560	2780
85	19	8	120	565	2841
86	15	0	160	570	40723
87	5	13	200	575	21117
88	1	11	160	580	6554
89	6	19	120	585	12321
90	6	19	160	590	6122
91	4	7	120	595	27389
92	19	8	80	600	2791
93	3	16	80	605	5179
94	19	8	160	610	9738
95	3	16	160	615	1555
96	19	8	200	620	1220
97	5	13	160	625	4414
98	15	0	80	630	2753
99	6	19	200	635	353
100	6	19	200	640	31326
101	19	8	120	645	8091
102	4	7	120	650	9570
103	0	18	200	655	25101
104	6	19	120	660	109
105	15	0	200	665	3799
106	4	7	80	670	20248
107	4	7	160	675	16621
108	0	18	200	680	8873
109	5	13	80	685	7836
110	3	16	120	690	11920
111	1	11	200	695	15948
112	6	19	200	700	18733
113	15	0	200	705	12184
114	19	8	160	710	18659
115	1	11	200	715	1603
116	15	0	80	720	1444
117	6	19	120	725	21142
118	15	0	160	730	2556
119	5	13	160	735	12452
120	3	16	120	740	6414
121	5	13	200	745	737
122	19	8	80	750	10194
123	19	8	160	755	76242
124	6	19	160	760	11524
125	15	0	160	765	32664
126	6	19	80	770	9435
127	3	16	160	775	15290
128	15	0	200	780	23571
129	19	8	160	800	17742
130	15	0	160	804	4756
131	5	13	120	808	12044
132	19	8	80	812	760
133	15	0	160	816	42961
134	5	13	200	820	27300
135	19	8	200	824	1589
136	19	8	160	828	12508
137	15	0	200	832	19647
138	15	0	200	836	4054
139	19	8	80	840	32882
140	15	0	120	844	6046
141	5	13	200	848	2930
142	5	13	200	852	4371
143	15	0	120	856	34027
144	4	7	200	860	146
145	6	19	160	864	13101
146	19	8	160	868	1369
147	4	7	120	872	10122
148	4	7	160	876	9899
149	19	8	200	880	6761
150	5	13	120	884	98
151	5	13	120	888	3750
152	15	0	200	892	1478
153	5	13	160	896	9832
154	5	13	160	900	11452
155	3	16	200	904	24202
156	19	8	120	908	30028
157	4	7	160	912	9616
158	6	19	120	916	3601
159	19	8	200	920	932
160	1	11	200	924	15577
161	3	16	160	928	1193
162	15	0	200	932	26484
163	1	11	80	936	16663
164	6	19	120	940	1982
165	19	8	80	944	66773
166	3	16	160	948	13445
167	15	0	120	952	20442
168	5	13	80	956	16188
169	1	11	200	960	13113
170	3	16	80	964	7794
171	0	18	120	968	4416
172	19	8	120	972	9358
173	15	0	160	976	3555
174	15	0	80	980	3450
175	15	0	120	984	2638
176	1	11	80	988	16842
177	3	16	160	992	11965
178	15	0	200	996	51302
179	0	18	200	1000	36656
180	19	8	200	1004	21010
181	5	13	200	1008	44099
182	19	8	200	1012	2072
183	15	0	80	1016	6724
184	6	19	120	1020	17320
185	5	13	120	1024	727
186	6	19	160	1028	8748
187	6	19	160	1032	8368
188	4	7	200	1036	5302
189	3	16	200	1040	368
190	19	8	120	1044	2767
191	15	0	80	1048	1212
192	3	16	120	1052	9481
193	19	8	80	1056	2858
194	15	0	120	1060	2805
195	6	19	160	1064	4300
196	15	0	200	1068	4747
197	4	7	160	1072	9708
198	4	7	80	1076	18672
199	6	19	200	1080	193
200	5	13	200	1084	55876
201	0	18	80	1088	4108
202	19	8	120	1092	21213
203	3	16	200	1096	27280
204	15	0	160	1100	36705
205	5	13	200	1104	14456
206	6	19	200	1108	15574
207	0	18	120	1112	23545
208	6	19	120	1116	4441
209	15	0	80	1120	6486
210	3	16	200	1124	1434
211	15	0	200	1128	4059
212	6	19	200	1132	9994
213	6	19	120	1136	4390
214	1	11	200	1140	3426
215	15	0	80	1144	16746
216	4	7	160	1148	32999
217	19	8	200	1152	7415
218	6	19	200	1200	51860
219	3	16	80	1204	1177
220	4	7	120	1208	7813
221	15	0	80	1212	2261
222	6	19	120	1216	7411
223	3	16	80	1220	14864
224	3	16	120	1224	7366
225	6	19	80	1228	5767
226	19	8	80	1232	17212
227	19	8	120	1236	4798
228	19	8	80	1240	589
229	4	7	160	1244	35652
230	0	18	160	1248	24542
231	19	8	120	1252	2670
232	19	8	120	1256	22145
233	4	7	200	1260	42115
234	15	0	80	1264	39357
235	19	8	200	1268	9226
236	5	13	160	1272	1884
237	15	0	80	1276	3638
238	1	11	120	1280	7753
239	4	7	120	1284	788
240	19	8	120	1288	4840
241	6	19	80	1292	12881
242	19	8	120	1296	2569
243	15	0	200	1300	33678
244	1	11	80	1304	29956
245	4	7	120	1308	30150
246	0	18	80	1312	9082
247	15	0	200	1316	3289
248	15	0	80	1320	39731
249	1	11	120	1324	7310
250	4	7	200	1328	5451
251	19	8	80	1332	24097
252	15	0	160	1336	10071
253	1	11	200	1340	14271
254	3	16	120	1344	9251
255	15	0	160	1348	20491
256	6	19	200	1352	21200
257	15	0	120	1356	1521
258	19	8	120	1360	6921
259	3	16	160	1364	10168
260	6	19	200	1368	33465
261	6	19	120	1372	6075
262	0	18	80	1376	20022
263	5	13	160	1380	5367
264	15	0	160	1384	9500
265	5	13	120	1388	29317
266	15	0	120	1392	7065
267	5	13	200	1396	10849
268	15	0	120	1400	5060
269	4	7	80	1404	14935
270	5	13	120	1408	11205
271	5	13	160	1412	13469
272	15	0	160	1416	50425
273	4	7	160	1420	30781
274	4	7	200	1424	17201
275	15	0	80	1428	20603
276	15	0	200	1432	46398
277	19	8	120	1436	8837
278	3	16	200	1440	18878
279	19	8	80	1444	9313
280	6	19	200	1448	22823
281	1	11	80	1452	8856
282	3	16	120	1456	5470
283	19	8	200	1460	10750
284	19	8	160	1464	10515
285	3	16	120	1468	58
286	1	11	200	1472	11981
287	19	8	160	1476	1900
288	0	18	160	1480	6801
289	3	16	120	1484	1860
290	4	7	200	1488	14745
291	15	0	80	1492	319
292	15	0	160	1496	20797
293	19	8	200	1500	28182
294	15	0	160	1504	1604
295	5	13	200	1508	32735
296	6	19	80	1512	22503
297	15	0	160	1516	21412
298	19	8	120	1520	5983
299	15	0	200	1524	54
300	6	19	200	1528	7708
301	15	0	120	1532	32943
302	0	18	120	1536	27127
303	6	19	200	1600	3477
304	15	0	200	1604	22706
305	19	8	120	1608	14076
306	3	16	160	1612	25515
307	5	13	80	1616	12424
308	19	8	200	1620	32623
309	5	13	80	1624	15150
310	19	8	200	1628	21964
311	15	0	120	1632	4416
312	15	0	120	1636	4742
313	3	16	120	1640	27451
314	15	0	160	1644	15306
315	5	13	160	1648	6465
316	5	13	80	1652	380
317	3	16	120	1656	2977
318	5	13	80	1660	18005
319	6	19	80	1664	9371
320	4	7	160	1668	3967
321	19	8	200	1672	4254
322	5	13	80	1676	2127
323	15	0	80	1680	2683
324	0	18	80	1684	55
325	6	19	120	1688	10428
326	15	0	80	1692	22866
327	19	8	160	1696	1007
328	6	19	80	1700	19191
329	19	8	80	1704	21044
330	4	7	80	1708	43654
331	3	16	80	1712	1907
332	19	8	200	1716	1651
333	5	13	80	1720	18620
334	5	13	80	1724	817
335	19	8	160	1728	29573
336	1	11	200	1732	11809
337	15	0	120	1736	1459
338	3	16	80	1740	16280
339	3	16	120	1744	26828
340	0	18	200	1748	1591
341	15	0	160	1752	51798
342	0	18	200	1756	2865
343	6	19	120	1760	15088
344	4	7	120	1764	4349
345	6	19	120	1768	6119
346	3	16	200	1772	14441
347	15	0	120	1776	31046
348	5	13	80	1780	2436
349	5	13	200	1784	14795
350	0	18	160	1788	28051
351	5	13	200	1792	11833
352	4	7	120	1796	680
353	6	19	120	1800	22814
354	6	19	120	1804	15402
355	6	19	80	1808	2315
356	5	13	80	1812	17810
357	5	13	80	1816	14261
358	6	19	200	1820	3404
359	3	16	160	1824	3753
360	4	7	120	1828	21940
361	5	13	200	1832	19323
362	19	8	80	1836	22523
363	19	8	200	1840	1360
364	4	7	80	1844	16321
365	15	0	160	1848	14157
366	19	8	160	1852	2371
367	4	7	120	1856	9275
368	15	0	80	1860	21451
369	15	0	80	1864	19665
370	5	13	200	1868	18745
371	15	0	200	1872	29823
372	19	8	80	1876	7783
373	4	7	200	1880	25837
374	5	13	120	1884	6492
375	6	19	200	1888	4192
376	19	8	200	1892	1079
377	15	0	200	1896	7105
378	5	13	200	1900	27206
379	5	13	160	1904	11150
380	5	13	120	1908	25521
381	19	8	160	1912	31322
382	6	19	120	1916	27251
383	4	7	80	1920	1123
384	19	8	120	1924	30834
385	19	8	80	1928	5109
386	19	8	160	1932	1156
387	5	13	120	1936	3907
388	15	0	200	2000	808
389	19	8	200	2004	26530
390	6	19	120	2008	1832
391	15	0	160	2012	32071
392	3	16	160	2016	24255
393	19	8	160	2020	7706
394	19	8	80	2024	663
395	15	0	200	2028	4698
396	15	0	160	2032	1805
397	0	18	80	2036	1335
398	5	13	80	2040	43005
399	6	19	160	2044	11340
400	15	0	200	2048	2983
401	19	8	120	2052	2113
402	19	8	80	2056	1159
403	6	19	80	2060	5697
404	0	18	80	2064	30050
405	5	13	200	2068	51881
406	5	13	160	2072	1946
407	1	11	160	2076	2254
408	1	11	80	2080	6803
409	19	8	120	2084	6704
410	15	0	80	2088	1123
411	6	19	120	2092	4742
412	1	11	120	2096	19248
413	1	11	80	2100	12322
414	15	0	80	2104	5889
415	4	7	160	2108	29280
416	19	8	160	2112	28044
417	15	0	80	2116	17003
418	3	16	120	2120	2436
419	5	13	200	2124	6062
420	19	8	200	2128	11020
421	5	13	80	2132	27800
422	6	19	160	2136	7690
423	19	8	120	2140	34218
424	4	7	160	2144	13092
425	15	0	80	2148	23540
426	6	19	80	2152	605
427	19	8	160	2156	40
428	5	13	160	2160	21271
429	15	0	120	2164	1182
430	19	8	120	2168	2023
431	19	8	200	2172	47406
432	5	13	160	2176	7724
433	19	8	80	2180	4026
434	15	0	200	2184	5833
435	6	19	80	2188	15243
436	0	18	160	2192	21574
437	19	8	80	2196	8777
438	3	16	80	2200	2252
439	6	19	160	2204	33115
440	5	13	160	2208	2632
441	15	0	80	2212	30397
442	5	13	120	2216	22387
443	19	8	120	2220	12163
444	3	16	160	2224	19372
445	0	18	80	2228	20261
446	6	19	80	2232	1699
447	1	11	120	2236	3068
448	4	7	120	2240	1079
449	15	0	160	2244	1822
450	19	8	120	2248	6549
451	1	11	120	2252	5778
452	19	8	160	2256	30544
453	19	8	120	2260	10284
454	6	19	160	2264	126
455	5	13	160	2268	4605
456	5	13	160	2272	13990
457	0	18	200	2276	1948
458	5	13	120	2280	15014
459	5	13	200	2284	728
460	15	0	160	2288	33283
461	5	13	200	2292	1899
462	15	0	200	2296	5006
463	5	13	160	2300	4965
464	3	16	200	2304	3823
465	19	8	80	2308	1380
466	3	16	160	2312	22910
467	3	16	120	2316	8655
468	5	13	80	2320	3562
469	3	16	200	2324	13252
470	4	7	200	2328	980
471	19	8	120	2332	5825
472	6	19	200	2336	10594
473	6	19	160	2340	3405
474	19	8	120	2344	2672
475	3	16	200	2348	13682
476	3	16	160	2352	694
477	15	0	80	2356	21700
478	19	8	160	2360	1827
479	4	7	160	2364	22681
480	1	11	200	2368	15595
481	6	19	160	2372	20816
482	15	0	120	2376	29912
483	15	0	80	2380	14023
484	19	8	80	2384	13422
485	15	0	200	2388	17794
486	19	8	120	2392	732
487	5	13	120	2400	27517
488	5	13	120	2405	3851
489	5	13	120	2410	823
490	3	16	120	2415	376
491	19	8	200	2420	13842
492	15	0	200	2425	19615
493	19	8	80	2430	1428
494	15	0	200	2435	84443
495	19	8	160	2440	622
496	19	8	80	2445	10394
497	0	18	200	2450	8470
498	15	0	160	2455	5435
499	4	7	160	2460	14145
500	19	8	120	2465	39691
501	5	13	200	2470	11553
502	15	0	120	2475	41595
503	1	11	120	2480	6484
504	5	13	160	2485	773
505	19	8	200	2490	440
506	15	0	120	2495	19060
507	5	13	80	2500	13469
508	0	18	200	2505	5657
509	5	13	200	2510	4810
510	4	7	200	2515	3653
511	15	0	120	2520	22947
512	4	7	80	2525	103
513	3	16	200	2530	24020
514	4	7	200	2535	4832
515	5	13	200	2540	1452
516	15	0	160	2545	3122
517	1	11	160	2550	12664
518	5	13	120	2555	13145
519	5	13	200	2560	8314
520	19	8	200	2565	608
521	15	0	120	2570	36627
522	19	8	200	2575	3282
523	0	18	200	2580	2537
524	19	8	160	2585	12182
525	4	7	80	2590	6010
526	4	7	160	2595	10398
527	15	0	200	2600	7713
528	19	8	160	2605	3419
529	19	8	200	2610	1937
530	4	7	160	2615	1274
531	3	16	200	2620	9578
532	19	8	160	2625	7660
533	6	19	80	2630	7150
534	5	13	80	2635	26011
535	15	0	80	2640	1387
536	15	0	120	2645	23154
537	15	0	200	2650	8314
538	5	13	160	2655	11826
539	19	8	120	2660	12167
540	1	11	120	2665	45409
541	6	19	120	2670	5827
542	5	13	120	2675	8886
543	0	18	160	2680	34645
544	3	16	120	2685	19543
545	5	13	200	2690	2361
546	15	0	160	2695	13518
547	6	19	200	2700	33776
548	15	0	80	2705	18210
549	6	19	80	2710	25965
550	4	7	200	2715	20676
551	19	8	120	2720	31493
552	6	19	120	2725	22043
553	4	7	160	2730	23975
554	4	7	160	2735	12356
555	3	16	80	2740	128
556	15	0	80	2745	5713
557	15	0	120	2750	18071
558	3	16	200	2755	18157
559	1	11	120	2760	13246
560	15	0	120	2765	7315
561	0	18	160	2770	4656
562	6	19	120	2775	6673
563	1	11	80	2780	3086
564	3	16	80	2785	3128
565	3	16	80	2790	14963
566	19	8	160	2795	5744
567	15	0	80	2800	9843
568	19	8	200	2804	46556
569	15	0	200	2808	3017
570	6	19	160	2812	3600
571	1	11	200	2816	15677
572	15	0	200	2820	305
573	6	19	80	2824	345
574	5	13	120	2828	8872
575	5	13	160	2832	13115
576	5	13	200	2836	6737
577	15	0	120	2840	4195
578	19	8	160	2844	5868
579	6	19	160	2848	7372
580	6	19	160	2852	15197
581	15	0	200	2856	12244
582	0	18	160	2860	14187
583	5	13	160	2864	5408
584	15	0	80	2868	4763
585	5	13	80	2872	2283
586	6	19	120	2876	14820
587	15	0	80	2880	11221
588	4	7	160	2884	19680
589	3	16	200	2888	24943
590	0	18	200	2892	15728
591	3	16	200	2896	956
592	6	19	200	2900	15278
593	4	7	120	2904	38136
594	5	13	200	2908	2393
595	1	11	200	2912	12794
596	0	18	200	2916	38070
597	5	13	120	2920	4217
598	19	8	120	2924	15053
599	0	18	80	2928	1147
600	15	0	80	2932	19208
601	1	11	120	2936	1481
602	15	0	200	2940	38848
603	19	8	120	2944	9809
604	19	8	120	2948	11797
605	4	7	200	2952	1161
606	3	16	160	2956	27915
607	3	16	120	2960	20074
608	19	8	80	2964	5019
609	19	8	200	2968	45868
610	19	8	120	2972	10439
611	19	8	200	2976	1049
612	15	0	200	2980	5959
613	6	19	120	2984	4641
614	6	19	160	2988	36011
615	19	8	160	2992	20372
616	0	18	200	2996	11872
617	3	16	160	3000	790
618	5	13	80	3004	27533
619	15	0	200	3008	694
620	15	0	160	3012	41
621	3	16	160	3016	17791
622	5	13	160	3020	16813
623	15	0	200	3024	1323
624	15	0	200	3028	8126
625	5	13	160	3032	2420
626	6	19	200	3036	110
627	6	19	160	3040	830
628	3	16	80	3044	22576
629	4	7	160	3048	24199
630	5	13	160	3052	14717
631	0	18	160	3056	1716
632	19	8	200	3060	10418
633	19	8	120	3064	4204
634	19	8	120	3068	12972
635	6	19	80	3072	11056
636	1	11	200	3076	13628
637	0	18	120	3080	1740
638	5	13	120	3084	16024
639	6	19	80	3088	3220
640	4	7	160	3092	3791
641	5	13	200	3096	27262
642	15	0	80	3100	3705
643	5	13	160	3104	21116
644	4	7	160	3108	4175
645	3	16	80	3112	12481
646	5	13	200	3116	13867
647	19	8	160	3120	6115
648	15	0	160	3124	97
649	5	13	120	3200	5428
650	0	18	200	3205	334
651	19	8	120	3210	26970
652	19	8	120	3215	6072
653	3	16	120	3220	12894
654	5	13	160	3225	1101
655	6	19	160	3230	307
656	15	0	200	3235	5401
657	0	18	200	3240	23279
658	5	13	120	3245	825
659	6	19	200	3250	7027
660	15	0	80	3255	1040
661	6	19	200	3260	21657
662	19	8	120	3265	40120
663	15	0	120	3270	7730
664	6	19	80	3275	3800
665	19	8	160	3280	7125
666	19	8	200	3285	8401
667	19	8	160	3290	1209
668	15	0	200	3295	12946
669	0	18	120	3300	5136
670	15	0	160	3305	1783
671	0	18	160	3310	8155
672	19	8	120	3315	4748
673	19	8	80	3320	13080
674	6	19	120	3325	18461
675	4	7	160	3330	1352
676	5	13	160	3335	8494
677	19	8	80	3340	31210
678	5	13	120	3345	19965
679	6	19	200	3350	22399
680	19	8	160	3355	8258
681	15	0	80	3360	11295
682	15	0	200	3365	726
683	15	0	160	3370	7933
684	4	7	200	3375	21945
685	6	19	120	3380	20076
686	3	16	80	3385	15988
687	19	8	160	3390	30571
688	6	19	200	3395	2796
689	5	13	200	3400	12110
690	19	8	120	3405	3286
691	1	11	200	3410	20746
692	15	0	200	3415	851
693	15	0	120	3420	4173
694	19	8	200	3425	1982
695	15	0	200	3430	6860
696	5	13	160	3435	32293
697	0	18	160	3440	18769
698	19	8	120	3445	9755
699	5	13	200	3450	22458
700	4	7	120	3455	1853
701	6	19	120	3460	10678
702	4	7	200	3465	16131
703	15	0	80	3470	12940
704	15	0	160	3475	3071
705	0	18	80	3480	9170
706	0	18	80	3485	10058
707	19	8	120	3490	15861
708	6	19	80	3495	24788
709	3	16	200	3500	47658
710	1	11	80	3505	8756
711	15	0	200	3510	6886
712	15	0	160	3515	561
713	19	8	160	3520	2998
714	15	0	80	3525	34961
715	19	8	200	3530	7691
716	19	8	200	3535	17992
717	4	7	200	3540	7869
718	6	19	160	3545	12111
719	1	11	200	3550	7375
720	15	0	120	3555	14921
721	3	16	80	3560	10460
722	5	13	160	3600	26269
723	4	7	80	3605	298
724	4	7	80	3610	1379
725	15	0	200	3615	4550
726	5	13	200	3620	6634
727	0	18	200	3625	403
728	3	16	80	3630	8597
729	19	8	160	3635	5166
730	19	8	80	3640	2299
731	5	13	200	3645	15129
732	3	16	160	3650	5532
733	0	18	120	3655	40049
734	4	7	120	3660	14538
735	5	13	120	3665	28659
736	5	13	120	3670	24537
737	0	18	160	3675	6108
738	0	18	200	3680	3579
739	3	16	160	3685	4367
740	5	13	120	3690	3369
741	4	7	200	3695	33
742	4	7	160	3700	596
743	5	13	80	3705	3085
744	5	13	160	3710	1500
745	1	11	160	3715	19491
746	6	19	120	3720	17996
747	15	0	120	3725	22556
748	3	16	120	3730	5132
749	19	8	80	3735	13638
750	19	8	200	3740	12900
751	3	16	200	3745	7200
752	6	19	200	3750	2024
753	15	0	160	3755	1228
754	15	0	120	3760	1733
755	3	16	80	3765	9888
756	3	16	160	3770	14500
757	0	18	200	3775	15052
758	6	19	80	3780	9614
759	19	8	200	3785	28924
760	15	0	120	3790	1393
761	0	18	80	3795	9173
762	19	8	120	3800	3009
763	15	0	160	3805	8893
764	5	13	160	3810	19727
765	15	0	80	3815	19396
766	6	19	80	3820	836
767	6	19	80	3825	1016
768	15	0	80	3830	8779
769	3	16	200	3835	458
770	15	0	120	3840	11074
771	19	8	80	3845	5693
772	4	7	200	3850	3028
773	4	7	80	3855	4813
774	15	0	160	3860	2894
775	6	19	160	3865	14804
776	19	8	160	3870	9144
777	0	18	160	3875	12991
778	19	8	120	3880	28503
779	3	16	120	3885	4378
780	4	7	160	3890	9286
781	6	19	120	3895	10333
782	19	8	120	3900	13865
783	4	7	200	3905	21437
784	0	18	200	3910	14098
785	15	0	120	3915	15411
786	19	8	80	3920	9888
787	5	13	80	3925	3810
788	5	13	200	3930	21261
789	3	16	80	3935	1822
790	4	7	160	3940	2781
791	5	13	160	3945	2032
792	6	19	160	3950	22584
793	3	16	80	3955	5126
794	6	19	120	3960	2610
795	5	13	80	3965	14869
796	5	13	160	4000	18223
797	6	19	80	4005	8934
798	19	8	120	4010	6535
799	15	0	160	4015	4559
800	6	19	120	4020	15965
801	19	8	80	4025	14271
802	1	11	80	4030	4778
803	0	18	160	4035	4461
804	4	7	160	4040	954
805	0	18	160	4045	3957
806	19	8	200	4050	3107
807	4	7	200	4055	20901
808	3	16	200	4060	25742
809	3	16	200	4065	6655
810	3	16	120	4070	341
811	3	16	80	4075	490
812	1	11	160	4080	19786
813	5	13	160	4085	3380
814	15	0	80	4090	5571
815	1	11	200	4095	9118
816	4	7	200	4100	22713
817	6	19	120	4105	5919
818	15	0	160	4110	21423
819	15	0	80	4115	1048
820	19	8	80	4120	3293
821	4	7	80	4125	19031
822	3	16	80	4130	3472
823	6	19	200	4135	5697
824	19	8	80	4140	21306
825	4	7	200	4145	7104
826	5	13	160	4150	9062
827	3	16	200	4155	24989
828	15	0	160	4160	1739
829	4	7	160	4165	8413
830	3	16	200	4170	31540
831	5	13	160	4175	99
832	1	11	80	4180	3314
833	5	13	160	4185	10724
834	6	19	80	4190	10128
835	5	13	160	4195	22234
836	6	19	120	4200	3433
837	15	0	200	4205	5631
838	1	11	80	4210	16927
839	0	18	80	4215	6336
840	15	0	160	4220	8197
841	6	19	80	4225	16007
842	4	7	80	4230	5913
843	4	7	200	4235	6215
844	19	8	200	4240	1436
845	3	16	120	4245	2190
846	4	7	80	4250	5134
847	0	18	200	4255	11061
848	5	13	200	4260	44882
849	5	13	120	4265	13059
850	3	16	120	4270	23681
851	19	8	120	4275	5963
852	15	0	120	4280	14163
853	4	7	120	4285	4919
854	15	0	160	4290	949
855	5	13	80	4295	33841
856	15	0	200	4300	7050
857	6	19	120	4305	36076
858	3	16	120	4310	7844
859	19	8	200	4315	11919
860	15	0	200	4320	16675
861	19	8	80	4325	5221
862	6	19	80	4330	14048
863	19	8	120	4335	5716
864	0	18	80	4340	8267
865	15	0	200	4400	240
866	1	11	200	4404	19233
867	15	0	200	4408	2933
868	19	8	160	4412	13504
869	4	7	160	4416	9014
870	6	19	160	4420	3999
871	5	13	200	4424	7727
872	6	19	80	4428	12040
873	15	0	160	4432	6578
874	19	8	160	4436	10659
875	5	13	200	4440	8401
876	19	8	80	4444	6253
877	19	8	120	4448	22526
878	15	0	80	4452	3696
879	15	0	160	4456	13077
880	19	8	200	4460	1246
881	5	13	200	4464	31553
882	15	0	200	4468	27526
883	5	13	120	4472	7657
884	1	11	80	4476	12358
885	4	7	160	4480	9219
886	15	0	120	4484	4547
887	19	8	200	4488	28254
888	6	19	80	4492	8677
889	4	7	200	4496	11919
890	15	0	160	4500	6108
891	19	8	200	4504	4250
892	15	0	120	4508	27007
893	3	16	120	4512	1621
894	5	13	80	4516	12925
895	19	8	120	4520	1840
896	0	18	200	4524	574
897	5	13	160	4528	121
898	3	16	200	4532	28422
899	3	16	200	4536	1171
900	1	11	160	4540	5510
901	6	19	80	4544	1688
902	3	16	80	4548	31361
903	3	16	120	4552	7131
904	19	8	200	4556	5731
905	15	0	120	4560	5857
906	5	13	80	4564	17039
907	3	16	160	4568	3789
908	4	7	160	4572	16523
909	5	13	160	4576	10201
910	5	13	80	4580	9169
911	15	0	160	4584	10915
912	19	8	80	4588	13877
913	5	13	200	4592	20325
914	19	8	200	4596	9084
915	4	7	80	4600	20775
916	3	16	120	4604	7254
917	3	16	200	4608	2952
918	15	0	80	4612	15983
919	15	0	120	4616	39151
920	3	16	120	4620	14624
921	4	7	80	4624	26887
922	3	16	200	4628	14531
923	6	19	200	4632	562
924	6	19	200	4636	1661
925	15	0	160	4640	50518
926	15	0	160	4644	10413
927	5	13	160	4648	8486
928	4	7	120	4652	17255
929	3	16	80	4656	7096
930	5	13	80	4660	7322
931	6	19	160	4664	6051
932	15	0	120	4668	33882
933	6	19	80	4672	2266
934	15	0	80	4676	4203
935	5	13	160	4680	41092
936	3	16	160	4684	13
937	6	19	120	4688	7197
938	6	19	160	4692	1157
939	5	13	200	4696	3560
940	19	8	120	4700	18056
941	6	19	160	4704	547
942	6	19	120	4708	2055
943	3	16	120	4712	34193
944	19	8	200	4716	1203
945	19	8	80	4720	19409
946	0	18	200	4724	11388
947	4	7	120	4728	980
948	3	16	160	4732	10858
949	3	16	80	4736	21729
950	15	0	80	4740	13996
951	19	8	200	4744	21163
952	6	19	120	4748	3843
953	5	13	120	4752	34733
954	0	18	160	4756	5904
955	19	8	120	4800	7723
956	5	13	120	4804	6727
957	15	0	120	4808	25532
958	6	19	120	4812	4605
959	4	7	80	4816	6022
960	19	8	160	4820	19686
961	3	16	160	4824	3472
962	19	8	120	4828	8516
963	3	16	120	4832	4300
964	1	11	160	4836	1478
965	19	8	120	4840	1784
966	19	8	80	4844	12830
967	6	19	200	4848	8641
968	15	0	160	4852	8824
969	6	19	120	4856	9948
970	3	16	160	4860	20697
971	15	0	200	4864	30
972	15	0	120	4868	1618
973	5	13	120	4872	7831
974	19	8	80	4876	2437
975	15	0	160	4880	12937
976	15	0	200	4884	15990
977	19	8	120	4888	17123
978	15	0	80	4892	36053
979	6	19	200	4896	4764
980	6	19	200	4900	5587
981	6	19	80	4904	8357
982	3	16	80	4908	29108
983	3	16	120	4912	31263
984	5	13	80	4916	17022
985	5	13	80	4920	11872
986	19	8	80	4924	1561
987	5	13	80	4928	66063
988	5	13	160	4932	18359
989	19	8	160	4936	20638
990	0	18	80	4940	9273
991	6	19	120	4944	1537
992	19	8	80	4948	1703
993	4	7	120	4952	14342
994	5	13	120	4956	7186
995	15	0	200	4960	8974
996	15	0	120	4964	9225
997	6	19	200	4968	23273
998	3	16	200	4972	20999
999	3	16	120	4976	37811
1000	1	11	200	4980	1878
1001	6	19	200	4984	1258
1002	6	19	200	4988	9792
1003	6	19	120	4992	388
1004	19	8	120	4996	177
1005	1	11	120	5000	13897
1006	4	7	160	5004	14544
1007	3	16	80	5008	19001
1008	5	13	120	5012	17168
1009	5	13	200	5016	15661
1010	4	7	160	5020	16091
1011	5	13	80	5024	13275
1012	19	8	80	5028	31989
1013	0	18	120	5032	56533
1014	15	0	120	5036	271
1015	5	13	120	5040	4357
1016	19	8	120	5044	4980
1017	15	0	200	5048	10470
1018	15	0	120	5052	9403
1019	15	0	160	5056	8026
1020	19	8	80	5060	196
1021	6	19	80	5064	12973
1022	0	18	120	5068	15705
1023	19	8	200	5072	14437
1024	6	19	80	5076	307
1025	6	19	120	5080	14508
1026	15	0	160	5084	24501
1027	5	13	200	5088	6720
1028	1	11	200	5092	349
1029	4	7	80	5096	12846
1030	19	8	120	5100	1579
1031	3	16	200	5104	25441
1032	19	8	160	5108	32569
1033	6	19	160	5112	59975
1034	6	19	80	5116	2423
1035	0	18	200	5120	3820
1036	19	8	120	5124	34548
1037	6	19	200	5128	25414
1038	3	16	200	5132	29088
1039	5	13	200	5200	896
1040	4	7	120	5203	31207
1041	19	8	80	5206	4756
1042	19	8	160	5209	3215
1043	1	11	200	5212	673
1044	6	19	80	5215	1033
1045	6	19	200	5218	24395
1046	6	19	80	5221	2525
1047	19	8	160	5224	1828
1048	6	19	80	5227	13487
1049	19	8	80	5230	1895
1050	15	0	120	5233	2483
1051	3	16	120	5236	37032
1052	15	0	160	5239	4504
1053	6	19	120	5242	4958
1054	4	7	80	5245	33955
1055	6	19	160	5248	7941
1056	6	19	160	5251	5538
1057	15	0	200	5254	23429
1058	0	18	80	5257	79
1059	6	19	80	5260	4507
1060	5	13	160	5263	20296
1061	19	8	160	5266	3835
1062	1	11	80	5269	17428
1063	3	16	80	5272	1313
1064	6	19	120	5275	11161
1065	1	11	200	5278	23458
1066	6	19	160	5281	15957
1067	5	13	160	5284	33215
1068	6	19	120	5287	19813
1069	15	0	120	5290	16618
1070	5	13	80	5293	5368
1071	5	13	160	5296	7393
1072	5	13	80	5299	13327
1073	5	13	120	5302	7647
1074	5	13	80	5305	9905
1075	0	18	80	5308	14014
1076	6	19	120	5311	6655
1077	19	8	120	5314	13497
1078	4	7	200	5317	11523
1079	19	8	80	5320	2038
1080	19	8	80	5323	8602
1081	19	8	200	5326	15660
1082	19	8	160	5329	16819
1083	1	11	200	5332	25711
1084	6	19	160	5335	7623
1085	19	8	200	5338	2222
1086	5	13	120	5341	10045
1087	5	13	80	5344	10853
1088	4	7	120	5347	644
1089	19	8	120	5350	14397
1090	6	19	120	5353	27996
1091	5	13	120	5356	1075
1092	6	19	160	5359	24772
1093	15	0	160	5362	10943
1094	19	8	80	5365	3552
1095	5	13	160	5368	12673
1096	15	0	200	5371	9886
1097	15	0	160	5374	1690
1098	6	19	120	5377	7154
1099	6	19	80	5380	3044
1100	0	18	120	5383	1720
1101	3	16	120	5386	3493
1102	5	13	120	5389	4863
1103	19	8	200	5392	31141
1104	6	19	200	5395	18468
1105	5	13	200	5398	15577
1106	15	0	120	5401	4003
1107	5	13	80	5404	22118
1108	1	11	80	5407	17982
1109	4	7	80	5410	3483
1110	0	18	80	5413	721
1111	6	19	80	5416	14227
1112	5	13	80	5419	3306
1113	1	11	200	5422	22796
1114	6	19	80	5425	19401
1115	6	19	160	5428	1090
1116	0	18	80	5431	8802
1117	0	18	120	5434	25781
1118	15	0	120	5437	12043
1119	15	0	120	5440	6882
1120	15	0	160	5443	4133
1121	3	16	120	5446	1813
1122	3	16	80	5449	25945
1123	6	19	80	5452	1390
1124	3	16	80	5455	22500
1125	3	16	160	5458	3858
1126	19	8	200	5461	10608
1127	15	0	120	5464	901
1128	6	19	80	5467	2904
1129	0	18	120	5470	28864
1130	5	13	80	5473	1639
1131	15	0	200	5476	4183
1132	5	13	80	5479	3077
1133	15	0	160	5482	5993
1134	19	8	200	5485	274
1135	15	0	160	5488	3598
1136	5	13	160	5491	6043
1137	19	8	200	5494	21153
1138	6	19	200	5497	1227
1139	0	18	200	5500	16317
1140	3	16	160	5503	25993
1141	3	16	80	5506	15506
1142	5	13	80	5509	20490
1143	0	18	120	5512	19331
1144	19	8	80	5515	12271
1145	0	18	80	5518	2806
1146	19	8	120	5521	22363
1147	5	13	200	5600	275
1148	4	7	160	5605	19123
1149	5	13	160	5610	2227
1150	5	13	160	5615	1704
1151	15	0	160	5620	13595
1152	1	11	80	5625	8267
1153	19	8	200	5630	152
1154	19	8	160	5635	32384
1155	19	8	200	5640	60156
1156	0	18	120	5645	5500
1157	15	0	120	5650	3039
1158	19	8	200	5655	983
1159	5	13	120	5660	8571
1160	15	0	200	5665	1810
1161	0	18	200	5670	2847
1162	19	8	200	5675	11824
1163	0	18	200	5680	24189
1164	19	8	200	5685	1592
1165	4	7	120	5690	17328
1166	3	16	80	5695	7578
1167	15	0	120	5700	22584
1168	3	16	80	5705	21106
1169	15	0	120	5710	9379
1170	3	16	80	5715	14102
1171	3	16	80	5720	14106
1172	6	19	120	5725	18507
1173	15	0	160	5730	26506
1174	6	19	160	5735	9611
1175	6	19	120	5740	10018
1176	19	8	120	5745	4655
1177	3	16	200	5750	1061
1178	15	0	200	5755	7597
1179	3	16	200	5760	12196
1180	3	16	120	5765	6746
1181	5	13	80	5770	9965
1182	5	13	160	5775	3868
1183	0	18	160	5780	560
1184	15	0	160	5785	18026
1185	15	0	160	5790	7169
1186	15	0	200	5795	19101
1187	6	19	80	5800	2883
1188	19	8	80	5805	7403
1189	3	16	200	5810	356
1190	15	0	120	5815	26644
1191	15	0	120	5820	2262
1192	0	18	200	5825	16622
1193	3	16	160	5830	10604
1194	5	13	80	5835	11092
1195	3	16	200	5840	13454
1196	4	7	80	5845	1245
1197	4	7	120	5850	36416
1198	3	16	120	5855	13525
1199	15	0	200	5860	25081
1200	19	8	200	5865	16179
1201	5	13	200	5870	70424
1202	4	7	160	5875	2602
1203	6	19	120	5880	3523
1204	5	13	120	5885	7804
1205	4	7	160	5890	6980
1206	4	7	80	5895	26687
1207	5	13	160	5900	11229
1208	5	13	80	5905	7428
1209	5	13	80	5910	5480
1210	19	8	160	5915	13369
1211	19	8	160	5920	3993
1212	3	16	120	5925	16864
1213	15	0	200	5930	6971
1214	4	7	200	5935	1006
1215	4	7	160	5940	10293
1216	6	19	80	5945	32927
1217	15	0	120	5950	10441
1218	5	13	80	5955	1124
1219	5	13	80	5960	13467
1220	6	19	120	5965	41154
1221	15	0	80	5970	3527
1222	15	0	120	6000	5878
1223	0	18	80	6005	19222
1224	19	8	80	6010	12629
1225	6	19	200	6015	8792
1226	3	16	80	6020	34088
1227	5	13	200	6025	2667
1228	4	7	120	6030	4058
1229	5	13	200	6035	25143
1230	4	7	120	6040	7560
1231	15	0	200	6045	5537
1232	19	8	120	6050	6302
1233	19	8	80	6055	10779
1234	4	7	80	6060	27365
1235	19	8	120	6065	6806
1236	1	11	120	6070	5529
1237	19	8	120	6075	256
1238	15	0	120	6080	10057
1239	5	13	80	6085	4918
1240	5	13	160	6090	9796
1241	5	13	120	6095	2509
1242	1	11	200	6100	16734
1243	15	0	200	6105	1181
1244	3	16	80	6110	5308
1245	19	8	200	6115	11249
1246	6	19	200	6120	6477
1247	5	13	80	6125	4436
1248	19	8	160	6130	8471
1249	3	16	120	6135	332
1250	6	19	160	6140	16092
1251	6	19	200	6145	8745
1252	19	8	80	6150	23808
1253	15	0	120	6155	18
1254	3	16	120	6160	28727
1255	3	16	200	6165	7978
1256	15	0	160	6170	11295
1257	4	7	160	6175	6059
1258	6	19	120	6180	11102
1259	19	8	160	6185	38257
1260	1	11	120	6190	8304
1261	19	8	80	6195	14150
1262	1	11	80	6200	4641
1263	19	8	120	6205	10540
1264	0	18	200	6210	27536
1265	5	13	160	6215	4317
1266	19	8	120	6220	24902
1267	3	16	120	6225	2120
1268	6	19	200	6230	9393
1269	5	13	120	6235	12513
1270	3	16	120	6240	2778
1271	15	0	200	6245	29520
1272	1	11	200	6250	164
1273	19	8	80	6255	16786
1274	19	8	120	6260	1486
1275	3	16	80	6265	18109
1276	6	19	80	6270	8380
1277	1	11	160	6275	4169
1278	19	8	200	6280	6979
1279	3	16	120	6285	521
1280	19	8	200	6290	1294
1281	19	8	80	6295	12013
1282	6	19	120	6300	14170
1283	3	16	80	6305	3607
1284	19	8	80	6310	1789
1285	15	0	120	6315	35929
1286	15	0	200	6320	8490
1287	3	16	200	6325	6270
1288	19	8	160	6330	13823
1289	1	11	80	6335	6374
1290	4	7	200	6340	20779
1291	19	8	200	6345	43222
1292	5	13	80	6350	6486
1293	19	8	160	6355	11259
1294	5	13	200	6400	21756
1295	6	19	160	6405	24074
1296	4	7	80	6410	24292
1297	3	16	160	6415	2199
1298	6	19	200	6420	2596
1299	19	8	160	6425	682
1300	19	8	120	6430	15886
1301	5	13	160	6435	3534
1302	19	8	80	6440	17440
1303	6	19	80	6445	23492
1304	19	8	80	6450	20619
1305	19	8	200	6455	20838
1306	5	13	200	6460	8411
1307	19	8	80	6465	1389
1308	19	8	200	6470	25964
1309	0	18	120	6475	1668
1310	6	19	160	6480	48917
1311	6	19	200	6485	4564
1312	5	13	160	6490	37342
1313	5	13	80	6495	9878
1314	19	8	160	6500	23296
1315	4	7	80	6505	24201
1316	5	13	200	6510	91272
1317	19	8	80	6515	757
1318	0	18	80	6520	7087
1319	4	7	120	6525	35779
1320	6	19	200	6530	19019
1321	15	0	120	6535	7561
1322	5	13	200	6540	7801
1323	5	13	200	6545	1681
1324	3	16	120	6550	20883
1325	5	13	160	6555	3198
1326	3	16	160	6560	8245
1327	4	7	120	6565	6228
1328	6	19	80	6570	29764
1329	5	13	200	6575	3467
1330	19	8	200	6580	29024
1331	5	13	160	6585	4897
1332	6	19	160	6590	1250
1333	19	8	120	6595	5847
1334	4	7	200	6600	4429
1335	6	19	120	6605	22537
1336	19	8	80	6610	24146
1337	1	11	80	6615	21561
1338	3	16	200	6620	6936
1339	19	8	120	6625	4534
1340	5	13	160	6630	7088
1341	15	0	160	6635	6085
1342	5	13	80	6640	8855
1343	15	0	80	6645	9693
1344	6	19	120	6650	6726
1345	15	0	200	6655	8477
1346	5	13	120	6660	208
1347	1	11	80	6665	23305
1348	19	8	200	6670	16742
1349	3	16	160	6675	42046
1350	4	7	200	6680	24118
1351	5	13	80	6685	19727
1352	3	16	120	6690	15338
1353	5	13	160	6695	3376
1354	4	7	160	6700	3617
1355	3	16	80	6705	3718
1356	1	11	200	6710	18013
1357	6	19	120	6715	12109
1358	5	13	160	6720	418
1359	15	0	160	6725	10601
1360	15	0	80	6730	4750
1361	3	16	160	6735	1250
1362	5	13	200	6740	2574
1363	5	13	80	6745	12065
1364	3	16	160	6750	2964
1365	3	16	80	6755	12526
1366	1	11	120	6760	2942
1367	5	13	80	6765	10121
1368	3	16	80	6770	3489
1369	5	13	120	6800	113
1370	4	7	200	6804	7
1371	4	7	160	6808	2168
1372	15	0	80	6812	11678
1373	0	18	200	6816	1689
1374	19	8	200	6820	8395
1375	19	8	120	6824	6075
1376	5	13	120	6828	34928
1377	6	19	160	6832	30900
1378	19	8	120	6836	14514
1379	6	19	120	6840	4591
1380	19	8	80	6844	2931
1381	3	16	160	6848	12272
1382	4	7	120	6852	12691
1383	6	19	160	6856	35107
1384	4	7	200	6860	5833
1385	6	19	200	6864	1320
1386	4	7	120	6868	11412
1387	3	16	80	6872	23062
1388	15	0	160	6876	1608
1389	3	16	160	6880	517
1390	6	19	160	6884	870
1391	6	19	200	6888	3149
1392	15	0	120	6892	19306
1393	6	19	120	6896	22954
1394	4	7	80	6900	52865
1395	4	7	200	6904	5116
1396	6	19	160	6908	2748
1397	19	8	200	6912	26246
1398	15	0	160	6916	4900
1399	5	13	120	6920	18233
1400	6	19	160	6924	4096
1401	19	8	80	6928	7118
1402	19	8	200	6932	11123
1403	15	0	160	6936	16296
1404	19	8	200	6940	41804
1405	19	8	120	6944	14474
1406	6	19	200	6948	2449
1407	3	16	120	6952	10702
1408	6	19	200	6956	16258
1409	6	19	120	6960	23852
1410	15	0	200	6964	4643
1411	6	19	80	6968	23030
1412	6	19	200	6972	32579
1413	19	8	80	6976	15120
1414	15	0	120	6980	5543
1415	15	0	160	6984	13919
1416	19	8	120	6988	7092
1417	19	8	120	6992	3399
1418	4	7	80	6996	3438
1419	6	19	160	7000	1461
1420	19	8	200	7004	418
1421	19	8	120	7008	5426
1422	15	0	120	7012	7050
1423	19	8	160	7016	2830
1424	19	8	200	7020	33636
1425	15	0	80	7024	17624
1426	6	19	80	7028	5458
1427	4	7	160	7032	17625
1428	19	8	200	7036	1859
1429	15	0	200	7040	2037
1430	5	13	160	7044	2566
1431	6	19	120	7048	714
1432	19	8	80	7052	10657
1433	6	19	200	7056	30383
1434	19	8	200	7060	349
1435	19	8	80	7064	17597
1436	3	16	200	7068	441
1437	15	0	160	7072	28878
1438	15	0	200	7076	45300
1439	4	7	160	7080	13835
1440	19	8	200	7084	30240
1441	3	16	200	7088	285
1442	15	0	80	7092	1420
1443	4	7	120	7096	3653
1444	5	13	160	7100	15332
1445	0	18	120	7104	2931
1446	19	8	200	7108	4229
1447	19	8	120	7112	1046
1448	15	0	80	7116	7902
1449	6	19	160	7120	4302
1450	5	13	160	7124	27736
1451	15	0	80	7128	38046
1452	15	0	160	7132	12213
1453	0	18	200	7136	2990
1454	6	19	160	7140	16489
1455	15	0	80	7144	31154
1456	4	7	160	7148	37
1457	19	8	80	7152	6013
1458	19	8	200	7156	19523
1459	1	11	160	7160	2670
1460	5	13	80	7164	4899
1461	4	7	120	7168	6430
1462	4	7	160	7172	7099
1463	19	8	80	7176	10579
1464	3	16	160	7180	13320
1465	3	16	120	7184	3663
1466	6	19	80	7188	3689
1467	1	11	80	7192	160
1468	19	8	120	7200	13963
1469	19	8	80	7205	11016
1470	6	19	160	7210	12610
1471	4	7	160	7215	9223
1472	3	16	160	7220	3770
1473	19	8	120	7225	9984
1474	15	0	200	7230	2605
1475	15	0	200	7235	129
1476	4	7	80	7240	3486
1477	6	19	80	7245	2408
1478	6	19	200	7250	8051
1479	19	8	120	7255	15389
1480	15	0	80	7260	7680
1481	15	0	200	7265	3974
1482	6	19	120	7270	4066
1483	4	7	120	7275	22162
1484	4	7	80	7280	3536
1485	15	0	160	7285	3207
1486	19	8	160	7290	6519
1487	19	8	80	7295	5505
1488	19	8	80	7300	2287
1489	4	7	160	7305	1308
1490	15	0	120	7310	17434
1491	3	16	160	7315	12326
1492	19	8	200	7320	1350
1493	6	19	80	7325	18035
1494	19	8	160	7330	5152
1495	15	0	160	7335	8431
1496	19	8	120	7340	10324
1497	15	0	80	7345	8952
1498	3	16	160	7350	10757
1499	4	7	120	7355	7355
1500	6	19	120	7360	36443
1501	19	8	200	7365	4004
1502	0	18	80	7370	6047
1503	19	8	80	7375	25615
1504	3	16	200	7380	12629
1505	1	11	80	7385	5440
1506	5	13	120	7390	13991
1507	15	0	120	7395	919
1508	5	13	200	7400	309
1509	19	8	200	7405	15991
1510	5	13	80	7410	13425
1511	15	0	160	7415	20662
1512	5	13	120	7420	28288
1513	19	8	160	7425	1011
1514	4	7	120	7430	15571
1515	15	0	120	7435	656
1516	15	0	200	7440	1635
1517	0	18	80	7445	11124
1518	6	19	200	7450	4816
1519	5	13	80	7455	6870
1520	4	7	200	7460	22287
1521	15	0	200	7465	27246
1522	3	16	200	7470	21970
1523	15	0	160	7475	10535
1524	4	7	160	7480	21590
1525	4	7	200	7485	100
1526	5	13	160	7490	6744
1527	6	19	160	7495	8129
1528	0	18	200	7500	2916
1529	19	8	120	7505	14071
1530	19	8	160	7510	6824
1531	6	19	200	7515	15551
1532	5	13	120	7520	10695
1533	4	7	160	7525	372
1534	5	13	200	7530	17668
1535	19	8	120	7535	2513
1536	6	19	200	7600	26067
1537	15	0	120	7605	6244
1538	3	16	160	7610	2548
1539	4	7	80	7615	26569
1540	5	13	80	7620	9479
1541	1	11	120	7625	5085
1542	6	19	80	7630	5031
1543	3	16	120	7635	6900
1544	19	8	160	7640	6744
1545	19	8	200	7645	34770
1546	15	0	120	7650	16011
1547	19	8	120	7655	311
1548	4	7	160	7660	624
1549	3	16	120	7665	4209
1550	19	8	160	7670	5683
1551	19	8	80	7675	43207
1552	4	7	120	7680	2604
1553	15	0	160	7685	2036
1554	19	8	120	7690	11433
1555	19	8	160	7695	682
1556	15	0	200	7700	7044
1557	5	13	120	7705	20022
1558	15	0	120	7710	579
1559	19	8	200	7715	12344
1560	15	0	120	7720	32722
1561	19	8	200	7725	2622
1562	15	0	120	7730	23425
1563	6	19	160	7735	4895
1564	19	8	80	7740	4323
1565	19	8	80	7745	35241
1566	5	13	80	7750	3158
1567	3	16	160	7755	24932
1568	15	0	160	7760	4456
1569	5	13	80	7765	9262
1570	3	16	120	7770	2195
1571	3	16	120	7775	15350
1572	19	8	160	7780	6391
1573	5	13	200	7785	6954
1574	0	18	80	7790	26464
1575	4	7	120	7795	8281
1576	1	11	160	7800	9695
1577	19	8	160	7805	6177
1578	15	0	80	7810	2013
1579	5	13	200	7815	26458
1580	6	19	160	7820	3804
1581	15	0	120	7825	6217
1582	5	13	80	7830	6987
1583	19	8	160	7835	30294
1584	19	8	200	7840	4508
1585	19	8	160	7845	7417
1586	4	7	160	7850	9091
1587	15	0	200	7855	6825
1588	4	7	80	7860	6458
1589	6	19	120	7865	15077
1590	3	16	160	7870	16395
1591	4	7	120	7875	930
1592	19	8	80	7880	5328
1593	5	13	160	7885	9550
1594	15	0	160	7890	37531
1595	6	19	80	7895	5166
1596	5	13	200	7900	8018
1597	0	18	160	7905	90
1598	3	16	80	7910	1738
1599	0	18	120	7915	7916
1600	6	19	200	7920	14997
1601	15	0	160	7925	23755
1602	3	16	200	7930	15079
1603	19	8	160	7935	8630
1604	19	8	200	7940	1652
1605	15	0	80	7945	12788
1606	19	8	120	7950	9845
1607	19	8	120	7955	16891
1608	15	0	120	7960	3715
1609	15	0	200	7965	1477
1610	15	0	200	7970	8342
1611	19	8	80	7975	510
1612	15	0	120	7980	12841
1613	5	13	160	7985	2055
1614	4	7	120	8000	5560
1615	0	18	80	8004	9065
1616	6	19	200	8008	16872
1617	19	8	200	8012	33390
1618	6	19	200	8016	264
1619	0	18	160	8020	22101
1620	15	0	160	8024	6448
1621	15	0	80	8028	19170
1622	19	8	160	8032	7362
1623	1	11	120	8036	10841
1624	3	16	120	8040	18895
1625	19	8	80	8044	1165
1626	4	7	120	8048	5415
1627	6	19	80	8052	23952
1628	15	0	80	8056	7932
1629	6	19	200	8060	9316
1630	19	8	120	8064	134
1631	1	11	200	8068	9495
1632	15	0	120	8072	3736
1633	15	0	160	8076	13357
1634	19	8	200	8080	2327
1635	19	8	200	8084	6328
1636	5	13	160	8088	14014
1637	5	13	120	8092	31663
1638	19	8	200	8096	18799
1639	4	7	160	8100	12864
1640	19	8	80	8104	27785
1641	5	13	80	8108	17950
1642	19	8	120	8112	2200
1643	6	19	80	8116	4286
1644	19	8	120	8120	2894
1645	5	13	120	8124	14580
1646	15	0	80	8128	6486
1647	6	19	160	8132	2695
1648	1	11	120	8136	2351
1649	15	0	160	8140	6660
1650	19	8	120	8144	10845
1651	5	13	80	8148	9562
1652	6	19	200	8152	50938
1653	3	16	160	8156	4166
1654	5	13	200	8160	835
1655	15	0	200	8164	29699
1656	15	0	80	8168	6196
1657	3	16	120	8172	1541
1658	15	0	80	8176	15273
1659	0	18	200	8180	440
1660	6	19	200	8184	4148
1661	5	13	120	8188	14273
1662	3	16	120	8192	3802
1663	3	16	160	8196	15550
1664	19	8	160	8200	1327
1665	15	0	200	8204	37028
1666	3	16	200	8208	17851
1667	19	8	200	8212	50866
1668	6	19	160	8216	47623
1669	5	13	120	8220	38928
1670	6	19	120	8224	22085
1671	3	16	120	8228	21008
1672	19	8	80	8232	1906
1673	4	7	80	8236	5433
1674	1	11	120	8240	33799
1675	4	7	120	8244	12252
1676	19	8	160	8248	11933
1677	5	13	120	8252	2066
1678	4	7	200	8256	5746
1679	19	8	80	8260	1126
1680	5	13	200	8264	13487
1681	15	0	160	8268	2121
1682	6	19	160	8272	13906
1683	3	16	120	8276	713
1684	6	19	160	8280	34797
1685	6	19	80	8284	7435
1686	15	0	200	8288	9881
1687	6	19	200	8292	43878
1688	4	7	160	8296	11122
1689	3	16	80	8300	3620
1690	4	7	160	8304	78
1691	5	13	80	8308	10083
1692	15	0	120	8312	2807
1693	19	8	200	8316	16886
1694	15	0	160	8320	5456
1695	6	19	200	8400	2762
1696	3	16	200	8405	8423
1697	15	0	200	8410	6983
1698	6	19	160	8415	2612
1699	3	16	120	8420	3613
1700	4	7	120	8425	31777
1701	15	0	80	8430	6787
1702	1	11	80	8435	2982
1703	15	0	200	8440	2935
1704	0	18	80	8445	10545
1705	19	8	200	8450	17564
1706	5	13	80	8455	6177
1707	4	7	200	8460	11658
1708	1	11	80	8465	5228
1709	3	16	120	8470	6691
1710	15	0	80	8475	4038
1711	5	13	200	8480	3374
1712	19	8	160	8485	16165
1713	19	8	80	8490	11941
1714	15	0	200	8495	5375
1715	19	8	80	8500	1675
1716	19	8	160	8505	114
1717	0	18	200	8510	2887
1718	15	0	80	8515	18244
1719	5	13	120	8520	12356
1720	0	18	80	8525	5995
1721	6	19	80	8530	19307
1722	15	0	80	8535	5762
1723	5	13	120	8540	15303
1724	3	16	200	8545	37071
1725	4	7	120	8550	3823
1726	6	19	200	8555	11539
1727	1	11	80	8560	5964
1728	6	19	160	8565	80446
1729	6	19	160	8570	15915
1730	1	11	160	8575	1746
1731	4	7	200	8580	2512
1732	19	8	160	8585	39420
1733	3	16	160	8590	1541
1734	15	0	160	8595	2097
1735	15	0	200	8600	3341
1736	6	19	160	8605	34160
1737	19	8	200	8610	7599
1738	1	11	120	8615	7687
1739	15	0	160	8620	2327
1740	0	18	200	8625	735
1741	5	13	80	8630	33673
1742	6	19	160	8635	11642
1743	3	16	80	8640	2334
1744	5	13	80	8645	44126
1745	19	8	160	8650	17196
1746	6	19	160	8655	21151
1747	15	0	120	8660	10360
1748	4	7	80	8665	6012
1749	19	8	160	8670	3216
1750	15	0	80	8675	2620
1751	3	16	200	8680	4118
1752	1	11	160	8685	12939
1753	3	16	120	8690	9655
1754	3	16	120	8695	24189
1755	15	0	120	8700	1661
1756	1	11	200	8705	623
1757	15	0	160	8710	8303
1758	6	19	80	8715	3654
1759	15	0	200	8720	4485
1760	4	7	200	8725	1962
1761	5	13	80	8730	129
1762	15	0	80	8735	11697
1763	6	19	120	8740	11567
1764	0	18	200	8745	4144
1765	6	19	120	8750	1222
1766	6	19	80	8755	3984
1767	15	0	80	8760	11594
1768	4	7	120	8765	7617
1769	19	8	80	8770	1507
1770	4	7	120	8800	2503
1771	3	16	200	8805	9326
1772	19	8	160	8810	16203
1773	19	8	160	8815	11147
1774	5	13	120	8820	10509
1775	15	0	200	8825	7254
1776	0	18	120	8830	2365
1777	6	19	80	8835	2746
1778	1	11	120	8840	16441
1779	4	7	80	8845	2573
1780	15	0	160	8850	7053
1781	15	0	160	8855	483
1782	19	8	80	8860	72276
1783	15	0	80	8865	17310
1784	19	8	160	8870	9275
1785	19	8	160	8875	22364
1786	3	16	80	8880	9036
1787	15	0	120	8885	6327
1788	19	8	80	8890	3512
1789	19	8	80	8895	378
1790	15	0	200	8900	2564
1791	19	8	80	8905	7012
1792	4	7	160	8910	2777
1793	5	13	120	8915	2108
1794	6	19	160	8920	309
1795	15	0	200	8925	599
1796	15	0	200	8930	4571
1797	19	8	120	8935	28
1798	1	11	120	8940	25925
1799	15	0	200	8945	25230
1800	5	13	160	8950	7821
1801	19	8	160	8955	2812
1802	6	19	200	8960	1375
1803	4	7	200	8965	3877
1804	15	0	80	8970	574
1805	6	19	120	8975	12800
1806	3	16	120	8980	9573
1807	4	7	80	8985	676
1808	19	8	200	8990	41797
1809	6	19	160	8995	6395
1810	15	0	80	9000	36045
1811	6	19	200	9005	22452
1812	6	19	120	9010	16804
1813	4	7	200	9015	864
1814	0	18	80	9020	24247
1815	6	19	120	9025	1417
1816	6	19	80	9030	158
1817	0	18	80	9035	23513
1818	15	0	200	9040	1004
1819	1	11	80	9045	7111
1820	5	13	80	9050	10065
1821	19	8	200	9055	24737
1822	15	0	200	9060	5463
1823	4	7	80	9065	6933
1824	5	13	120	9070	31186
1825	5	13	120	9075	16434
1826	19	8	80	9080	4871
1827	15	0	80	9085	10400
1828	5	13	80	9090	10397
1829	15	0	120	9095	9181
1830	19	8	200	9100	1765
1831	1	11	80	9105	2330
1832	5	13	160	9110	4625
1833	4	7	120	9115	24306
1834	19	8	160	9120	15027
1835	19	8	80	9125	3222
1836	3	16	160	9130	32106
1837	6	19	80	9135	15339
1838	0	18	200	9140	15143
1839	4	7	80	9145	25694
1840	15	0	120	9150	4198
1841	19	8	80	9155	7716
1842	19	8	120	9160	6969
1843	6	19	160	9165	22037
1844	5	13	80	9170	1009
1845	0	18	200	9175	5102
1846	5	13	160	9200	14017
1847	19	8	160	9205	1770
1848	4	7	120	9210	4173
1849	19	8	80	9215	29445
1850	3	16	200	9220	435
1851	15	0	200	9225	7344
1852	4	7	120	9230	30627
1853	0	18	80	9235	6906
1854	5	13	160	9240	4454
1855	6	19	200	9245	11181
1856	1	11	160	9250	22231
1857	5	13	200	9255	13285
1858	19	8	160	9260	5177
1859	5	13	160	9265	4297
1860	15	0	80	9270	4667
1861	6	19	80	9275	42076
1862	19	8	80	9280	7736
1863	3	16	120	9285	6842
1864	6	19	200	9290	3880
1865	6	19	80	9295	17839
1866	3	16	80	9300	8963
1867	4	7	200	9305	25996
1868	5	13	120	9310	5268
1869	3	16	200	9315	11992
1870	5	13	200	9320	2385
1871	19	8	200	9325	4137
1872	0	18	80	9330	1840
1873	5	13	160	9335	2644
1874	5	13	200	9340	1977
1875	5	13	80	9345	1177
1876	1	11	120	9350	6791
1877	4	7	120	9355	8936
1878	19	8	80	9360	5321
1879	5	13	120	9365	10389
1880	19	8	200	9370	700
1881	19	8	160	9375	2625
1882	5	13	200	9380	4041
1883	6	19	200	9385	13143
1884	6	19	160	9390	8296
1885	4	7	200	9395	13638
1886	19	8	160	9400	3523
1887	5	13	160	9405	25673
1888	19	8	200	9410	9797
1889	5	13	160	9415	1371
1890	19	8	160	9420	5977
1891	19	8	200	9425	3640
1892	15	0	120	9430	5564
1893	15	0	120	9435	6451
1894	6	19	80	9440	9859
1895	4	7	80	9445	4720
1896	3	16	80	9450	84256
1897	15	0	200	9455	71
1898	19	8	160	9460	9970
1899	15	0	80	9465	4397
1900	19	8	160	9470	20589
1901	1	11	160	9475	19533
1902	15	0	80	9480	18270
1903	3	16	120	9485	13010
1904	6	19	120	9490	15879
1905	3	16	200	9495	16350
1906	15	0	160	9500	4550
1907	15	0	160	9505	15461
1908	15	0	80	9510	4037
1909	19	8	160	9515	2929
1910	5	13	120	9520	2293
1911	19	8	80	9525	4593
1912	5	13	160	9530	4475
1913	6	19	120	9535	17696
1914	5	13	200	9540	3361
1915	19	8	120	9545	1612
1916	3	16	120	9550	13825
1917	5	13	80	9555	19907
1918	15	0	200	9600	32887
1919	5	13	200	9605	10912
1920	15	0	120	9610	8792
1921	19	8	160	9615	12390
1922	5	13	80	9620	4759
1923	19	8	160	9625	3409
1924	4	7	120	9630	3286
1925	6	19	200	9635	30105
1926	4	7	160	9640	30397
1927	5	13	200	9645	15547
1928	19	8	120	9650	12176
1929	1	11	200	9655	21031
1930	4	7	80	9660	1189
1931	5	13	120	9665	6666
1932	5	13	160	9670	38865
1933	3	16	200	9675	632
1934	6	19	160	9680	17081
1935	19	8	80	9685	3501
1936	4	7	120	9690	6426
1937	3	16	160	9695	11741
1938	19	8	120	9700	32223
1939	5	13	200	9705	16883
1940	15	0	120	9710	5420
1941	3	16	200	9715	9063
1942	15	0	120	9720	10893
1943	19	8	120	9725	5011
1944	19	8	80	9730	32628
1945	19	8	120	9735	926
1946	5	13	80	9740	36030
1947	3	16	80	9745	10992
1948	5	13	160	9750	2259
1949	15	0	160	9755	6841
1950	0	18	160	9760	12299
1951	19	8	200	9765	2520
1952	0	18	80	9770	877
1953	6	19	200	9775	40977
1954	0	18	160	9780	18581
1955	1	11	80	9785	2326
1956	15	0	160	9790	7760
1957	15	0	160	9795	9176
1958	19	8	200	9800	6584
1959	1	11	160	9805	20256
1960	19	8	80	9810	20806
1961	4	7	200	9815	10679
1962	19	8	80	9820	1089
1963	15	0	120	9825	7372
1964	15	0	160	9830	1564
1965	19	8	80	9835	16525
1966	6	19	160	9840	5304
1967	4	7	160	9845	3612
1968	1	11	160	9850	145
1969	6	19	160	9855	56832
1970	15	0	80	9860	14899
1971	0	18	200	9865	741
1972	6	19	200	9870	25230
1973	4	7	200	9875	2386
1974	15	0	120	9880	3194
1975	15	0	120	9885	54420
1976	3	16	80	9890	581
1977	6	19	200	9895	51256
1978	19	8	120	9900	4509
1979	5	13	80	9905	2167
1980	1	11	200	9910	41417
1981	3	16	120	9915	4640
1982	0	18	120	9920	9707
1983	1	11	200	9925	2722
1984	1	11	120	9930	2462
1985	5	13	80	9935	28234
1986	5	13	80	9940	5276
1987	15	0	160	9945	60755
1988	3	16	120	9950	3677
1989	5	13	120	9955	10491
1990	3	16	160	9960	17998
1991	6	19	200	9965	25454
1992	5	13	160	9970	2705
1993	15	0	200	9975	1488
1994	5	13	200	9980	32209
1995	5	13	120	9985	17854
1996	3	16	160	10000	7029
1997	0	18	80	10005	1776
1998	3	16	160	10010	2967
1999	0	18	80	10015	2474
2000	5	13	160	10020	15148
2001	3	16	120	10025	14068
2002	1	11	120	10030	10636
2003	15	0	200	10035	2386
2004	3	16	160	10040	15424
2005	0	18	200	10045	10446
2006	5	13	200	10050	4480
2007	15	0	120	10055	26501
2008	19	8	120	10060	15863
2009	5	13	80	10065	19202
2010	19	8	80	10070	1656
2011	3	16	200	10075	8084
2012	15	0	80	10080	3001
2013	6	19	200	10085	3565
2014	19	8	160	10090	22513
2015	19	8	160	10095	8382
2016	4	7	160	10100	423
2017	19	8	120	10105	25833
2018	6	19	80	10110	3834
2019	5	13	120	10115	2941
2020	6	19	200	10120	5969
2021	19	8	200	10125	5423
2022	3	16	120	10130	66366
2023	15	0	80	10135	6728
2024	5	13	80	10140	2895
2025	0	18	120	10145	21332
2026	15	0	80	10150	23430
2027	15	0	80	10155	17184
2028	19	8	80	10160	3430
2029	5	13	200	10165	7385
2030	5	13	200	10170	9474
2031	1	11	80	10175	28856
2032	5	13	80	10180	17477
2033	19	8	120	10185	1628
2034	19	8	120	10190	7135
2035	19	8	120	10195	3907
2036	1	11	80	10200	15838
2037	4	7	120	10205	5626
2038	19	8	80	10210	7835
2039	0	18	120	10215	11123
2040	0	18	120	10220	10796
2041	15	0	200	10225	7520
2042	19	8	80	10230	3618
2043	15	0	80	10235	7523
2044	6	19	120	10240	7258
2045	19	8	160	10245	4053
2046	19	8	200	10250	12904
2047	15	0	200	10255	34764
2048	19	8	80	10260	3774
2049	15	0	80	10265	6724
2050	3	16	200	10270	16141
2051	5	13	80	10275	9837
2052	6	19	80	10280	23948
2053	19	8	120	10285	20
2054	5	13	80	10290	18983
2055	15	0	200	10295	5232
2056	0	18	200	10300	14223
2057	5	13	80	10305	2073
2058	5	13	160	10310	40568
2059	3	16	80	10315	26759
2060	5	13	200	10320	15412
2061	15	0	160	10325	9593
2062	19	8	120	10330	12309
2063	6	19	120	10335	3838
2064	19	8	120	10340	3487
2065	19	8	80	10345	2970
2066	15	0	200	10350	15416
2067	15	0	160	10355	1189
2068	15	0	120	10400	19852
2069	0	18	120	10404	10096
2070	15	0	160	10408	17628
2071	19	8	80	10412	12957
2072	19	8	120	10416	6216
2073	6	19	160	10420	13277
2074	4	7	80	10424	11739
2075	19	8	80	10428	31292
2076	19	8	160	10432	1308
2077	5	13	120	10436	9066
2078	4	7	160	10440	44413
2079	5	13	120	10444	31530
2080	3	16	160	10448	2266
2081	19	8	80	10452	29340
2082	19	8	80	10456	8110
2083	4	7	200	10460	20551
2084	4	7	80	10464	15279
2085	3	16	160	10468	51626
2086	15	0	200	10472	560
2087	6	19	160	10476	17387
2088	6	19	80	10480	4849
2089	5	13	160	10484	1195
2090	19	8	160	10488	10513
2091	15	0	200	10492	10244
2092	19	8	200	10496	6297
2093	19	8	80	10500	10613
2094	15	0	160	10504	25549
2095	5	13	160	10508	526
2096	15	0	120	10512	20856
2097	4	7	160	10516	51668
2098	15	0	160	10520	2883
2099	15	0	120	10524	3208
2100	4	7	200	10528	9944
2101	4	7	80	10532	9974
2102	3	16	160	10536	1754
2103	15	0	200	10540	14487
2104	19	8	160	10544	12916
2105	3	16	200	10548	989
2106	5	13	200	10552	2023
2107	19	8	120	10556	2599
2108	6	19	120	10560	5691
2109	6	19	80	10564	24311
2110	15	0	80	10568	3454
2111	15	0	160	10572	2150
2112	3	16	120	10576	2430
2113	19	8	80	10580	467
2114	0	18	160	10584	15289
2115	6	19	160	10588	19922
2116	19	8	160	10592	731
2117	6	19	120	10596	20704
2118	5	13	120	10600	9680
2119	19	8	160	10604	3706
2120	4	7	80	10608	2288
2121	4	7	80	10612	38060
2122	3	16	160	10616	17221
2123	5	13	160	10620	15020
2124	1	11	200	10624	50632
2125	1	11	200	10628	2613
2126	19	8	80	10632	3484
2127	1	11	120	10636	20397
2128	19	8	80	10640	18626
2129	19	8	120	10644	10443
2130	3	16	160	10648	1293
2131	15	0	200	10652	1490
2132	15	0	160	10656	4569
2133	6	19	120	10660	16196
2134	4	7	160	10664	5437
2135	19	8	160	10668	11227
2136	15	0	160	10672	18020
2137	1	11	120	10676	18745
2138	5	13	120	10680	2098
2139	1	11	80	10684	12291
2140	15	0	200	10688	21355
2141	15	0	120	10692	22831
2142	1	11	120	10696	5882
2143	0	18	200	10700	7490
2144	15	0	160	10704	22347
2145	4	7	200	10708	6526
2146	6	19	120	10712	5947
2147	0	18	160	10716	5546
2148	19	8	120	10720	24183
2149	4	7	80	10724	885
2150	5	13	80	10728	49453
2151	3	16	200	10732	26
2152	19	8	120	10736	6805
2153	19	8	200	10740	35444
2154	5	13	120	10744	755
2155	0	18	200	10748	11156
2156	1	11	120	10752	19466
2157	19	8	200	10756	6579
2158	15	0	80	10760	15092
2159	15	0	200	10800	7471
2160	3	16	160	10804	21063
2161	4	7	160	10808	4947
2162	1	11	120	10812	6262
2163	6	19	200	10816	19105
2164	5	13	160	10820	17427
2165	19	8	80	10824	1717
2166	0	18	200	10828	22561
2167	6	19	80	10832	7015
2168	15	0	160	10836	13445
2169	3	16	200	10840	1434
2170	15	0	80	10844	398
2171	19	8	80	10848	3756
2172	3	16	80	10852	12996
2173	4	7	120	10856	29265
2174	3	16	200	10860	6839
2175	6	19	160	10864	4677
2176	3	16	200	10868	10143
2177	3	16	160	10872	4238
2178	15	0	80	10876	24417
2179	19	8	200	10880	10010
2180	6	19	120	10884	19611
2181	19	8	160	10888	25635
2182	4	7	200	10892	36083
2183	15	0	200	10896	15150
2184	6	19	120	10900	10917
2185	19	8	160	10904	1263
2186	15	0	160	10908	13822
2187	15	0	160	10912	5521
2188	3	16	80	10916	13662
2189	3	16	160	10920	17077
2190	19	8	80	10924	19625
2191	19	8	160	10928	5265
2192	5	13	120	10932	930
2193	15	0	160	10936	14327
2194	19	8	120	10940	20171
2195	5	13	80	10944	8160
2196	6	19	80	10948	7049
2197	6	19	120	10952	10728
2198	15	0	120	10956	14382
2199	15	0	120	10960	14910
2200	4	7	200	10964	10185
2201	19	8	80	10968	35501
2202	4	7	200	10972	14297
2203	15	0	120	10976	16832
2204	6	19	80	10980	471
2205	15	0	200	10984	15061
2206	0	18	200	10988	5000
2207	15	0	200	10992	8809
2208	15	0	200	10996	8644
2209	19	8	160	11000	16081
2210	19	8	80	11004	424
2211	19	8	200	11008	8437
2212	4	7	200	11012	9655
2213	19	8	80	11016	1948
2214	3	16	120	11020	12894
2215	3	16	80	11024	34857
2216	0	18	200	11028	5879
2217	6	19	120	11032	14034
2218	0	18	160	11036	2664
2219	5	13	200	11040	13160
2220	4	7	160	11044	7160
2221	4	7	120	11048	7815
2222	5	13	80	11052	17275
2223	6	19	80	11056	29557
2224	4	7	200	11060	4409
2225	19	8	120	11064	13577
2226	6	19	200	11068	2590
2227	6	19	120	11072	40045
2228	5	13	80	11076	1249
2229	15	0	200	11080	33965
2230	19	8	160	11084	25298
2231	15	0	120	11088	46673
2232	6	19	120	11092	10972
2233	19	8	200	11096	2062
2234	6	19	200	11100	60822
2235	15	0	80	11104	23322
2236	15	0	160	11108	2464
2237	6	19	120	11112	2625
2238	3	16	200	11116	13618
2239	19	8	160	11120	25688
2240	19	8	160	11124	17081
2241	19	8	200	11200	2147
2242	19	8	160	11205	23203
2243	4	7	120	11210	34070
2244	5	13	160	11215	15460
2245	19	8	120	11220	4283
2246	15	0	200	11225	19460
2247	6	19	80	11230	31036
2248	6	19	120	11235	470
2249	15	0	80	11240	24351
2250	5	13	120	11245	1345
2251	3	16	160	11250	16866
2252	6	19	200	11255	5968
2253	4	7	120	11260	394
2254	6	19	200	11265	3645
2255	19	8	160	11270	1177
2256	6	19	80	11275	2456
2257	15	0	200	11280	18246
2258	5	13	160	11285	7098
2259	15	0	160	11290	5375
2260	3	16	200	11295	8827
2261	6	19	120	11300	5665
2262	5	13	200	11305	6561
2263	0	18	80	11310	10195
2264	19	8	200	11315	23561
2265	4	7	160	11320	681
2266	5	13	160	11325	28337
2267	4	7	200	11330	6027
2268	4	7	120	11335	2038
2269	6	19	80	11340	19418
2270	6	19	160	11345	17103
2271	5	13	120	11350	2540
2272	5	13	160	11355	132
2273	3	16	80	11360	4569
2274	6	19	80	11365	28490
2275	4	7	160	11370	4033
2276	5	13	160	11375	11713
2277	3	16	200	11380	20674
2278	3	16	120	11385	2536
2279	5	13	120	11390	88
2280	3	16	160	11395	24953
2281	19	8	160	11400	3767
2282	1	11	80	11405	31248
2283	6	19	200	11410	3141
2284	4	7	120	11415	21616
2285	19	8	80	11420	1585
2286	3	16	160	11425	10630
2287	4	7	200	11430	10042
2288	6	19	80	11435	27152
2289	15	0	80	11440	27661
2290	3	16	80	11445	13365
2291	19	8	160	11450	6215
2292	3	16	160	11455	16633
2293	6	19	120	11460	4583
2294	15	0	160	11465	5386
2295	5	13	120	11470	5790
2296	6	19	200	11475	16290
2297	19	8	160	11480	3991
2298	4	7	120	11485	1025
2299	3	16	80	11490	13269
2300	6	19	200	11495	6019
2301	5	13	80	11500	6283
2302	4	7	200	11505	17558
2303	19	8	80	11510	3241
2304	4	7	160	11515	1385
2305	0	18	200	11520	29617
2306	15	0	80	11525	16341
2307	5	13	200	11530	938
2308	15	0	120	11535	1607
2309	3	16	80	11540	45012
2310	15	0	80	11545	7623
2311	5	13	80	11550	5424
2312	6	19	160	11555	10723
2313	0	18	80	11560	6940
2314	5	13	80	11565	7988
2315	4	7	80	11570	3473
2316	5	13	80	11575	7180
2317	19	8	200	11580	2540
2318	15	0	160	11585	16049
2319	3	16	200	11600	15974
2320	0	18	200	11604	7563
2321	4	7	160	11608	4964
2322	15	0	200	11612	8291
2323	15	0	80	11616	3547
2324	4	7	200	11620	1671
2325	15	0	80	11624	5267
2326	4	7	200	11628	6976
2327	19	8	80	11632	14189
2328	5	13	120	11636	37227
2329	1	11	200	11640	8910
2330	15	0	160	11644	9391
2331	5	13	80	11648	4991
2332	19	8	120	11652	16144
2333	1	11	120	11656	8845
2334	19	8	160	11660	11388
2335	15	0	120	11664	7559
2336	15	0	160	11668	8340
2337	3	16	80	11672	14028
2338	5	13	120	11676	1552
2339	4	7	160	11680	30258
2340	0	18	80	11684	5736
2341	19	8	200	11688	8620
2342	6	19	160	11692	6990
2343	4	7	80	11696	30223
2344	0	18	80	11700	6746
2345	19	8	200	11704	4418
2346	5	13	80	11708	20147
2347	3	16	160	11712	4466
2348	1	11	80	11716	21362
2349	6	19	120	11720	1402
2350	0	18	80	11724	32345
2351	15	0	80	11728	9632
2352	4	7	200	11732	9462
2353	3	16	160	11736	5096
2354	1	11	80	11740	2699
2355	4	7	80	11744	687
2356	15	0	80	11748	28724
2357	6	19	200	11752	8623
2358	15	0	80	11756	1353
2359	15	0	160	11760	16815
2360	19	8	80	11764	7718
2361	19	8	200	11768	619
2362	19	8	120	11772	1536
2363	15	0	120	11776	11034
2364	6	19	120	11780	6824
2365	4	7	200	11784	1670
2366	5	13	200	11788	11741
2367	6	19	120	11792	862
2368	3	16	160	11796	21006
2369	15	0	160	11800	226
2370	6	19	160	11804	16652
2371	4	7	80	11808	17174
2372	5	13	160	11812	864
2373	6	19	80	11816	20433
2374	3	16	200	11820	5277
2375	3	16	80	11824	37245
2376	15	0	80	11828	27307
2377	6	19	160	11832	10394
2378	15	0	200	11836	20977
2379	5	13	200	11840	20713
2380	4	7	200	11844	9366
2381	0	18	80	11848	1672
2382	15	0	80	11852	23773
2383	19	8	200	11856	22351
2384	0	18	200	11860	10746
2385	19	8	160	11864	56400
2386	3	16	120	11868	19004
2387	15	0	200	11872	6000
2388	0	18	80	11876	4628
2389	15	0	120	11880	9775
2390	3	16	120	11884	9815
2391	3	16	200	11888	53483
2392	5	13	200	11892	10487
2393	15	0	200	11896	5499
2394	5	13	120	11900	7071
2395	0	18	80	11904	4799
2396	19	8	120	11908	5976
2397	19	8	80	11912	22008
2398	15	0	160	11916	7979
2399	15	0	80	11920	4281
2400	6	19	80	11924	13820
2401	19	8	200	11928	16354
2402	1	11	80	11932	7950
2403	6	19	160	12000	20100
2404	1	11	200	12005	5354
2405	15	0	200	12010	2257
2406	5	13	120	12015	7902
2407	15	0	160	12020	15608
2408	19	8	200	12025	55520
2409	19	8	80	12030	3394
2410	6	19	80	12035	2069
2411	3	16	160	12040	4792
2412	19	8	80	12045	13925
2413	4	7	80	12050	4019
2414	5	13	160	12055	2857
2415	15	0	200	12060	5064
2416	4	7	200	12065	2502
2417	0	18	120	12070	3865
2418	15	0	160	12075	116
2419	15	0	160	12080	7018
2420	3	16	160	12085	4898
2421	15	0	80	12090	3145
2422	6	19	80	12095	16603
2423	5	13	80	12100	3762
2424	5	13	120	12105	7394
2425	5	13	160	12110	17223
2426	19	8	80	12115	2356
2427	15	0	200	12120	14522
2428	0	18	200	12125	5593
2429	1	11	160	12130	318
2430	4	7	160	12135	9929
2431	19	8	200	12140	704
2432	15	0	80	12145	1181
2433	19	8	160	12150	8953
2434	19	8	200	12155	1783
2435	5	13	80	12160	19180
2436	19	8	80	12165	12450
2437	4	7	120	12170	607
2438	19	8	80	12175	7957
2439	4	7	200	12180	6539
2440	6	19	120	12185	8523
2441	5	13	200	12190	833
2442	15	0	80	12195	6195
2443	3	16	80	12200	918
2444	3	16	120	12205	6105
2445	1	11	200	12210	3127
2446	3	16	200	12215	4309
2447	3	16	200	12220	4247
2448	6	19	120	12225	2031
2449	15	0	120	12230	1277
2450	15	0	120	12235	1829
2451	19	8	80	12240	1491
2452	4	7	160	12245	21304
2453	1	11	80	12250	526
2454	15	0	160	12255	40216
2455	15	0	80	12260	7246
2456	5	13	160	12265	62988
2457	15	0	200	12270	2909
2458	0	18	80	12275	5219
2459	15	0	80	12280	10936
2460	19	8	200	12285	59929
2461	15	0	160	12290	18198
2462	15	0	160	12295	5264
2463	19	8	80	12300	39899
2464	15	0	160	12305	13806
2465	15	0	80	12310	1282
2466	5	13	120	12315	3222
2467	1	11	120	12320	2104
2468	5	13	120	12325	1900
2469	19	8	120	12330	6415
2470	19	8	200	12335	14391
2471	0	18	120	12340	1794
2472	3	16	120	12345	18765
2473	5	13	200	12350	10685
2474	3	16	120	12355	32673
2475	15	0	200	12360	3743
2476	19	8	200	12365	21076
2477	5	13	80	12370	13512
2478	5	13	160	12400	24512
2479	5	13	160	12404	3145
2480	3	16	200	12408	7398
2481	15	0	120	12412	25464
2482	3	16	160	12416	9478
2483	5	13	160	12420	3801
2484	5	13	80	12424	25929
2485	5	13	120	12428	7085
2486	6	19	120	12432	3081
2487	15	0	200	12436	626
2488	4	7	80	12440	9874
2489	3	16	200	12444	13855
2490	1	11	160	12448	19496
2491	5	13	80	12452	6752
2492	4	7	120	12456	14315
2493	1	11	200	12460	26135
2494	5	13	200	12464	6680
2495	15	0	160	12468	15622
2496	15	0	80	12472	14938
2497	19	8	200	12476	6941
2498	6	19	120	12480	5933
2499	5	13	120	12484	4236
2500	15	0	120	12488	61310
2501	1	11	120	12492	1821
2502	19	8	160	12496	1972
2503	6	19	200	12500	16241
2504	19	8	160	12504	6178
2505	15	0	80	12508	30
2506	15	0	160	12512	4738
2507	19	8	160	12516	3309
2508	19	8	200	12520	1379
2509	19	8	160	12524	14326
2510	19	8	80	12528	11800
2511	0	18	160	12532	4611
2512	5	13	120	12536	5077
2513	15	0	160	12540	1563
2514	15	0	120	12544	1779
2515	4	7	120	12548	1438
2516	6	19	80	12552	3205
2517	4	7	80	12556	1047
2518	6	19	80	12560	990
2519	5	13	80	12564	3255
2520	4	7	160	12568	24944
2521	15	0	160	12572	2449
2522	19	8	120	12576	10996
2523	3	16	120	12580	7431
2524	19	8	200	12584	11331
2525	6	19	160	12588	3747
2526	15	0	80	12592	7004
2527	3	16	160	12596	28112
2528	19	8	200	12600	2130
2529	5	13	160	12604	2773
2530	19	8	160	12608	9742
2531	19	8	80	12612	5893
2532	19	8	160	12616	4035
2533	19	8	120	12620	10208
2534	15	0	120	12624	3239
2535	0	18	160	12628	4616
2536	15	0	200	12632	15651
2537	15	0	160	12636	19583
2538	6	19	200	12640	24401
2539	6	19	80	12644	25666
2540	6	19	200	12648	1530
2541	15	0	160	12652	50749
2542	15	0	80	12656	34227
2543	5	13	120	12660	23929
2544	4	7	160	12664	728
2545	1	11	200	12668	7938
2546	19	8	200	12672	1070
2547	6	19	160	12676	10254
2548	6	19	160	12680	16583
2549	1	11	120	12684	4520
2550	3	16	160	12688	8164
2551	6	19	80	12692	11880
2552	5	13	200	12696	5355
2553	3	16	120	12700	1985
2554	3	16	160	12704	6588
2555	1	11	160	12708	19887
2556	4	7	80	12712	9339
2557	15	0	80	12716	14050
2558	15	0	80	12720	1679
2559	5	13	80	12724	1728
2560	19	8	200	12800	9861
2561	15	0	200	12805	6584
2562	19	8	200	12810	979
2563	6	19	120	12815	27903
2564	0	18	80	12820	1823
2565	19	8	80	12825	3259
2566	3	16	80	12830	409
2567	5	13	200	12835	17746
2568	0	18	80	12840	26009
2569	6	19	160	12845	20476
2570	6	19	160	12850	5821
2571	19	8	120	12855	6744
2572	15	0	80	12860	2896
2573	0	18	200	12865	2633
2574	15	0	80	12870	1505
2575	15	0	200	12875	26430
2576	19	8	160	12880	3329
2577	6	19	200	12885	15989
2578	19	8	200	12890	6186
2579	15	0	80	12895	1631
2580	6	19	160	12900	2424
2581	4	7	120	12905	24267
2582	15	0	80	12910	2021
2583	19	8	120	12915	22667
2584	4	7	200	12920	14969
2585	5	13	160	12925	31498
2586	15	0	120	12930	341
2587	15	0	80	12935	1713
2588	19	8	160	12940	1955
2589	6	19	160	12945	6687
2590	15	0	120	12950	18089
2591	0	18	200	12955	474
2592	19	8	160	12960	13444
2593	4	7	200	12965	15934
2594	6	19	80	12970	4660
2595	19	8	200	12975	14345
2596	15	0	200	12980	28510
2597	3	16	200	12985	490
2598	5	13	120	12990	15401
2599	4	7	160	12995	20643
2600	19	8	160	13000	7183
2601	15	0	80	13005	4509
2602	6	19	160	13010	14015
2603	19	8	200	13015	31984
2604	6	19	200	13020	31829
2605	4	7	80	13025	788
2606	15	0	200	13030	6412
2607	4	7	200	13035	2134
2608	5	13	80	13040	423
2609	6	19	200	13045	9138
2610	3	16	80	13050	10045
2611	15	0	120	13055	19595
2612	19	8	120	13060	4060
2613	19	8	200	13065	42
2614	15	0	120	13070	36250
2615	15	0	160	13075	14159
2616	19	8	200	13080	3731
2617	1	11	120	13085	3130
2618	5	13	120	13090	2520
2619	6	19	120	13095	2880
2620	5	13	200	13100	2825
2621	5	13	200	13105	27687
2622	6	19	120	13110	11665
2623	6	19	160	13115	7356
2624	19	8	120	13120	489
2625	6	19	200	13125	5088
2626	1	11	200	13130	16932
2627	6	19	120	13135	7835
2628	6	19	200	13140	24972
2629	15	0	120	13145	6545
2630	19	8	200	13150	48485
2631	15	0	160	13155	2711
2632	3	16	160	13160	160
2633	15	0	80	13165	10462
2634	19	8	120	13170	13548
2635	19	8	160	13175	24454
2636	15	0	200	13180	2361
2637	15	0	120	13185	3052
2638	5	13	160	13190	30196
2639	19	8	200	13200	12569
2640	15	0	200	13206	8647
2641	5	13	120	13212	24040
2642	5	13	80	13218	1242
2643	5	13	200	13224	11527
2644	5	13	120	13230	23612
2645	0	18	80	13236	43738
2646	3	16	160	13242	16714
2647	19	8	160	13248	13316
2648	6	19	120	13254	18374
2649	19	8	160	13260	11902
2650	19	8	80	13266	6749
2651	6	19	120	13272	13578
2652	19	8	120	13278	22811
2653	15	0	200	13284	8548
2654	19	8	200	13290	11335
2655	6	19	200	13296	9581
2656	3	16	160	13302	14112
2657	1	11	80	13308	3147
2658	1	11	120	13314	26538
2659	1	11	80	13320	10521
2660	3	16	120	13326	4408
2661	4	7	160	13332	32704
2662	19	8	80	13338	4072
2663	15	0	200	13344	11429
2664	6	19	200	13350	9598
2665	5	13	120	13356	5444
2666	6	19	160	13362	18807
2667	4	7	80	13368	14660
2668	1	11	160	13374	4749
2669	19	8	200	13380	1020
2670	1	11	200	13386	8660
2671	3	16	160	13392	523
2672	15	0	200	13398	4458
2673	5	13	160	13404	9325
2674	19	8	160	13410	14441
2675	0	18	120	13416	5071
2676	3	16	200	13422	19439
2677	3	16	160	13428	52
2678	0	18	80	13434	10937
2679	15	0	80	13440	820
2680	5	13	80	13446	10816
2681	3	16	80	13452	1076
2682	0	18	200	13458	14280
2683	15	0	80	13464	3389
2684	19	8	80	13470	55562
2685	5	13	160	13476	4365
2686	19	8	120	13482	5200
2687	5	13	160	13488	8408
2688	15	0	80	13494	42334
2689	5	13	120	13500	1625
2690	15	0	200	13506	2354
2691	6	19	200	13512	35458
2692	15	0	200	13518	4880
2693	4	7	120	13524	4901
2694	19	8	120	13530	5017
2695	5	13	120	13536	10384
2696	6	19	80	13542	10334
2697	15	0	80	13548	7943
2698	15	0	200	13554	828
2699	0	18	80	13560	8209
2700	5	13	120	13566	2417
2701	19	8	120	13572	569
2702	19	8	200	13578	5049
2703	6	19	120	13600	14534
2704	15	0	160	13603	1466
2705	19	8	120	13606	5883
2706	19	8	160	13609	5489
2707	6	19	200	13612	4457
2708	19	8	120	13615	19908
2709	19	8	160	13618	3719
2710	5	13	200	13621	16534
2711	0	18	80	13624	13943
2712	0	18	200	13627	12018
2713	4	7	80	13630	20873
2714	15	0	200	13633	55156
2715	19	8	120	13636	3007
2716	4	7	160	13639	3272
2717	3	16	200	13642	510
2718	15	0	160	13645	11737
2719	3	16	120	13648	3383
2720	6	19	80	13651	157
2721	3	16	80	13654	4069
2722	6	19	80	13657	15920
2723	15	0	80	13660	2680
2724	4	7	80	13663	28041
2725	6	19	80	13666	10021
2726	5	13	200	13669	14793
2727	6	19	160	13672	44268
2728	6	19	80	13675	2656
2729	6	19	80	13678	1544
2730	6	19	80	13681	17496
2731	5	13	200	13684	4591
2732	5	13	160	13687	33300
2733	0	18	80	13690	1298
2734	5	13	200	13693	25808
2735	5	13	200	13696	9518
2736	4	7	80	13699	16270
2737	6	19	120	13702	60644
2738	19	8	160	13705	1685
2739	19	8	200	13708	11077
2740	6	19	200	13711	33335
2741	5	13	120	13714	507
2742	6	19	80	13717	14213
2743	15	0	160	13720	14613
2744	1	11	160	13723	5712
2745	15	0	200	13726	8104
2746	6	19	200	13729	4544
2747	5	13	160	13732	8554
2748	6	19	120	13735	5085
2749	19	8	80	13738	1534
2750	3	16	160	13741	4993
2751	5	13	120	13744	9206
2752	19	8	120	13747	23610
2753	15	0	160	13750	20647
2754	6	19	200	13753	7903
2755	4	7	120	13756	27029
2756	5	13	120	13759	4482
2757	3	16	160	13762	1856
2758	5	13	120	13765	19241
2759	4	7	160	13768	9552
2760	5	13	160	13771	13636
2761	5	13	80	13774	5973
2762	0	18	160	13777	1421
2763	5	13	80	13780	14012
2764	6	19	120	13783	8298
2765	19	8	80	13786	6744
2766	15	0	120	13789	16610
2767	0	18	200	13792	9062
2768	19	8	120	13795	33919
2769	5	13	80	13798	7006
2770	15	0	80	13801	7833
2771	19	8	80	13804	3373
2772	4	7	120	13807	28984
2773	19	8	200	13810	257
2774	15	0	120	13813	4415
2775	3	16	160	13816	42741
2776	15	0	200	13819	10803
2777	19	8	160	13822	372
2778	6	19	160	13825	20671
2779	15	0	80	13828	6378
2780	19	8	80	13831	3467
2781	19	8	120	13834	2659
2782	19	8	80	13837	11916
2783	15	0	80	13840	982
2784	5	13	160	13843	18188
2785	3	16	200	13846	3161
2786	6	19	120	13849	7343
2787	15	0	80	13852	1487
2788	6	19	80	13855	11615
2789	0	18	120	13858	53831
2790	0	18	160	13861	3228
2791	3	16	120	13864	10964
2792	3	16	80	13867	2600
2793	15	0	200	13870	10471
2794	6	19	120	13873	30876
2795	3	16	200	13876	9468
2796	5	13	160	13879	31867
2797	4	7	80	13882	61
2798	4	7	80	13885	2751
2799	3	16	120	13888	35667
2800	19	8	160	13891	16237
2801	6	19	200	13894	18452
2802	6	19	80	13897	10098
2803	4	7	120	13900	28014
2804	3	16	200	13903	12279
2805	5	13	160	13906	1201
2806	3	16	80	13909	11770
2807	3	16	160	14000	21911
2808	19	8	80	14005	8638
2809	5	13	80	14010	8580
2810	15	0	160	14015	4302
2811	6	19	200	14020	3961
2812	15	0	80	14025	4661
2813	15	0	120	14030	5862
2814	5	13	160	14035	4245
2815	5	13	120	14040	7853
2816	5	13	200	14045	17253
2817	5	13	160	14050	403
2818	19	8	160	14055	28707
2819	5	13	160	14060	3736
2820	5	13	200	14065	43010
2821	19	8	80	14070	12024
2822	6	19	200	14075	28889
2823	19	8	200	14080	36451
2824	4	7	160	14085	2773
2825	6	19	160	14090	25488
2826	15	0	80	14095	618
2827	6	19	160	14100	4779
2828	4	7	160	14105	1231
2829	5	13	120	14110	17232
2830	19	8	200	14115	513
2831	5	13	200	14120	10652
2832	6	19	120	14125	20957
2833	5	13	120	14130	24723
2834	15	0	160	14135	13330
2835	5	13	80	14140	7523
2836	6	19	80	14145	11924
2837	15	0	160	14150	15553
2838	6	19	80	14155	6915
2839	0	18	200	14160	13863
2840	19	8	200	14165	11195
2841	5	13	160	14170	11572
2842	15	0	80	14175	11098
2843	4	7	200	14180	1389
2844	5	13	200	14185	13955
2845	6	19	200	14190	37137
2846	6	19	120	14195	3893
2847	6	19	160	14200	19823
2848	5	13	120	14205	4011
2849	3	16	200	14210	7031
2850	15	0	80	14215	18344
2851	19	8	80	14220	27234
2852	4	7	120	14225	1218
2853	19	8	160	14230	33241
2854	15	0	160	14235	45045
2855	0	18	120	14240	1380
2856	1	11	80	14245	24970
2857	6	19	80	14250	11514
2858	19	8	200	14255	14319
2859	6	19	120	14260	17131
2860	15	0	120	14265	552
2861	6	19	120	14270	4220
2862	19	8	80	14275	16228
2863	6	19	160	14280	16687
2864	5	13	80	14285	7594
2865	4	7	160	14290	14975
2866	0	18	120	14295	7296
2867	4	7	200	14300	7159
2868	19	8	200	14305	15094
2869	0	18	120	14310	21417
2870	19	8	80	14315	22803
2871	15	0	80	14320	441
2872	19	8	120	14325	10849
2873	19	8	160	14330	3036
2874	5	13	160	14335	12979
2875	19	8	120	14400	5233
2876	3	16	80	14403	358
2877	4	7	200	14406	19350
2878	6	19	80	14409	3688
2879	15	0	200	14412	3478
2880	3	16	120	14415	11097
2881	3	16	120	14418	3324
2882	4	7	80	14421	544
2883	0	18	160	14424	12740
2884	15	0	120	14427	46325
2885	19	8	200	14430	1883
2886	3	16	120	14433	8123
2887	6	19	160	14436	26299
2888	15	0	160	14439	27162
2889	15	0	80	14442	9907
2890	4	7	80	14445	10717
2891	19	8	200	14448	155
2892	15	0	200	14451	361
2893	19	8	200	14454	13594
2894	5	13	160	14457	12259
2895	5	13	120	14460	4455
2896	6	19	120	14463	25187
2897	4	7	120	14466	22954
2898	15	0	160	14469	12272
2899	3	16	80	14472	44042
2900	6	19	120	14475	8297
2901	4	7	160	14478	21105
2902	6	19	200	14481	1165
2903	5	13	200	14484	7218
2904	4	7	200	14487	10786
2905	1	11	200	14490	16495
2906	0	18	200	14493	4306
2907	5	13	160	14496	24764
2908	15	0	200	14499	3882
2909	15	0	120	14502	11709
2910	19	8	80	14505	990
2911	15	0	120	14508	929
2912	0	18	80	14511	5211
2913	4	7	200	14514	7067
2914	5	13	80	14517	2045
2915	6	19	80	14520	19500
2916	5	13	120	14523	3486
2917	19	8	160	14526	1095
2918	19	8	80	14529	17747
2919	6	19	120	14532	4693
2920	1	11	120	14535	2997
2921	5	13	200	14538	10052
2922	15	0	80	14541	9670
2923	5	13	160	14544	2002
2924	15	0	80	14547	3317
2925	19	8	80	14550	21813
2926	19	8	80	14553	77
2927	19	8	160	14556	29897
2928	6	19	80	14559	10511
2929	19	8	120	14562	5184
2930	6	19	200	14565	7756
2931	19	8	200	14568	2339
2932	6	19	80	14571	2095
2933	5	13	200	14574	4111
2934	4	7	120	14577	16757
2935	19	8	160	14580	17933
2936	15	0	120	14583	1941
2937	19	8	80	14586	10767
2938	15	0	200	14589	757
2939	6	19	160	14592	3165
2940	19	8	200	14595	22270
2941	19	8	200	14598	11573
2942	19	8	200	14601	11356
2943	19	8	120	14604	3824
2944	15	0	200	14607	7911
2945	6	19	200	14610	8709
2946	19	8	200	14613	12965
2947	6	19	200	14616	10540
2948	6	19	200	14619	8836
2949	19	8	120	14622	21761
2950	1	11	80	14625	716
2951	15	0	200	14628	18736
2952	4	7	80	14631	1003
2953	4	7	120	14634	4569
2954	3	16	200	14637	16803
2955	1	11	160	14640	32227
2956	15	0	160	14643	3849
2957	3	16	120	14646	33536
2958	6	19	160	14649	2835
2959	5	13	160	14652	16895
2960	3	16	160	14655	16191
2961	3	16	80	14658	5820
2962	15	0	120	14661	4101
2963	15	0	120	14664	31179
2964	4	7	120	14667	1909
2965	19	8	120	14670	27891
2966	4	7	80	14673	29485
2967	15	0	120	14676	770
2968	19	8	160	14679	14154
2969	6	19	120	14682	5757
2970	15	0	160	14685	12726
2971	5	13	80	14688	12939
2972	3	16	200	14691	317
2973	5	13	160	14694	9324
2974	6	19	120	14697	7847
2975	4	7	120	14700	11062
2976	6	19	80	14703	37335
2977	15	0	160	14706	3948
2978	6	19	160	14709	13337
2979	4	7	120	14712	15513
2980	19	8	120	14715	2338
2981	5	13	120	14718	6576
2982	5	13	200	14721	6051
2983	15	0	200	14724	16474
2984	19	8	120	14727	4157
2985	19	8	200	14730	13895
2986	15	0	160	14800	1222
2987	3	16	200	14828	22262
2988	4	7	200	14856	9230
2989	3	16	200	14884	20624
2990	3	16	80	14912	8346
2991	15	0	80	14940	2836
2992	5	13	120	14968	5772
2993	5	13	80	14996	4380
2994	6	19	80	15024	8110
2995	15	0	200	15052	7379
2996	3	16	120	15080	4793
2997	4	7	120	15108	13910
2998	6	19	80	15136	1613
2999	19	8	160	15164	10428
