0	3	1	29	0	445
1	3	1	17	9	617
2	3	1	29	18	7254
3	3	1	13	27	2803
4	4	8	17	36	3275
5	4	14	23	45	3517
6	4	14	23	54	291
7	4	14	17	63	4964
8	4	14	29	72	6575
9	4	8	13	81	1008
10	4	14	13	90	1158
11	4	14	17	99	973
12	3	1	29	108	7096
13	0	12	29	117	2
14	4	14	29	126	6891
15	4	8	23	135	8527
16	4	14	17	144	948
17	3	1	13	153	1606
18	4	14	29	162	8864
19	4	8	29	171	5408
20	4	14	29	180	175
21	0	12	29	189	10200
22	4	8	17	198	2616
23	4	14	13	207	4861
24	4	14	23	216	2865
25	4	14	23	225	547
26	4	14	13	234	717
27	4	14	17	243	4515
28	4	14	17	252	4459
29	3	1	29	261	1545
30	4	8	29	270	2891
31	3	1	29	279	1217
32	0	12	29	288	1154
33	0	12	23	297	6115
34	0	12	29	306	3294
35	3	1	23	315	477
36	4	14	23	324	2059
37	4	8	23	333	933
38	3	1	13	342	2974
39	4	14	29	351	2066
40	4	14	29	360	1509
41	4	14	13	400	6974
42	4	14	13	407	3755
43	3	1	13	414	112
44	4	14	29	421	16096
45	4	14	13	428	4600
46	4	8	29	435	1578
47	3	1	13	442	1772
48	4	8	29	449	7893
49	4	14	23	456	2104
50	4	14	29	463	8940
51	4	14	13	470	1297
52	0	12	17	477	1186
53	3	1	13	484	1158
54	4	8	29	491	3583
55	3	1	13	498	811
56	4	8	29	505	4349
57	3	1	29	512	573
58	4	14	23	519	19532
59	3	1	29	526	2256
60	4	14	17	533	2183
61	0	12	17	540	2001
62	4	14	13	547	158
63	3	1	13	554	2664
64	4	8	17	561	4926
65	3	1	13	568	18043
66	4	14	17	575	13456
67	3	1	17	582	193
68	4	14	29	589	2315
69	4	8	17	596	4937
70	4	8	13	603	2607
71	4	14	23	610	12
72	4	14	13	617	6564
73	4	8	13	624	2674
74	3	1	13	631	2227
75	4	14	29	638	982
76	3	1	23	645	1501
77	4	14	17	652	2409
78	4	14	17	659	5110
79	4	8	23	666	7041
80	3	1	23	673	6477
81	3	1	13	680	6566
82	3	1	17	687	6761
83	4	8	29	694	1220
84	4	14	29	701	2230
85	4	8	23	708	1085
86	3	1	23	715	23
87	3	1	29	722	28598
88	4	14	29	729	850
89	4	14	29	736	1896
90	3	1	23	743	2388
91	3	1	29	750	1252
92	3	1	13	757	971
93	4	14	17	764	392
94	4	14	17	771	16227
95	4	14	17	778	10138
96	0	12	29	800	6171
97	3	1	13	809	523
98	4	8	29	818	1539
99	4	14	29	827	19909
100	4	14	23	836	5063
101	4	14	23	845	1307
102	3	1	13	854	10028
103	4	14	23	863	659
104	3	1	23	872	10640
105	0	12	17	881	8826
106	0	12	13	890	2545
107	4	14	17	899	5861
108	4	8	29	908	6960
109	3	1	13	917	1873
110	0	12	17	926	8179
111	4	8	23	935	945
112	4	14	17	944	2125
113	3	1	13	953	718
114	4	8	13	962	3967
115	4	14	17	971	3811
116	3	1	13	980	3452
117	4	14	17	989	5983
118	4	14	13	998	242
119	4	14	23	1007	2543
120	4	14	23	1016	16359
121	4	8	23	1025	13548
122	4	14	23	1034	7741
123	4	8	13	1043	255
124	4	14	23	1052	1201
125	4	14	13	1061	943
126	4	8	23	1070	6194
127	4	14	23	1079	4988
128	3	1	29	1088	2811
129	4	14	29	1097	2822
130	4	14	29	1106	2259
131	4	14	23	1115	844
132	4	14	23	1124	570
133	3	1	17	1133	5210
134	4	8	29	1142	466
135	4	14	13	1151	2962
136	4	14	29	1160	8750
137	4	14	23	1200	4356
138	4	14	13	1208	1619
139	4	14	23	1216	3084
140	0	12	23	1224	5824
141	4	14	13	1232	1080
142	3	1	29	1240	768
143	4	8	23	1248	6805
144	4	14	23	1256	2829
145	0	12	13	1264	1093
146	4	14	17	1272	7770
147	0	12	13	1280	210
148	4	14	13	1288	2497
149	4	8	29	1296	1837
150	3	1	17	1304	1677
151	3	1	23	1312	41
152	4	14	29	1320	263
153	4	8	13	1328	7560
154	4	14	17	1336	39
155	4	14	13	1344	5574
156	4	14	13	1352	2200
157	3	1	13	1360	7771
158	0	12	13	1368	8926
159	3	1	17	1376	5091
160	4	14	29	1384	432
161	4	8	17	1392	5676
162	3	1	17	1400	1226
163	3	1	13	1408	1532
164	4	14	13	1416	11413
165	0	12	23	1424	4561
166	3	1	29	1432	322
167	3	1	29	1440	4607
168	4	8	13	1448	223
169	3	1	29	1456	448
170	4	14	17	1464	5187
171	4	14	17	1472	9841
172	4	14	13	1480	2340
173	4	14	23	1488	2947
174	4	14	13	1496	4865
175	4	8	17	1504	5490
176	4	14	29	1512	6271
177	3	1	29	1520	155
178	3	1	17	1528	3236
179	4	14	23	1536	81
180	4	8	29	1544	1744
181	4	8	17	1552	5330
182	0	12	23	1600	1141
183	4	8	29	1610	587
184	3	1	23	1620	714
185	4	8	13	1630	2187
186	4	8	23	1640	541
187	3	1	17	1650	1336
188	3	1	13	1660	5068
189	4	14	23	1670	1774
190	4	14	13	1680	421
191	3	1	29	1690	126
192	4	14	23	1700	5893
193	3	1	29	1710	3796
194	4	14	23	1720	2283
195	4	14	13	1730	35
196	4	8	29	1740	14386
197	4	14	23	1750	7763
198	4	8	23	1760	8325
199	4	14	29	1770	7011
200	3	1	13	1780	705
201	3	1	17	1790	758
202	4	14	29	1800	23074
203	3	1	17	1810	1775
204	4	8	17	1820	4105
205	3	1	29	1830	2234
206	3	1	23	1840	3350
207	4	14	13	1850	3126
208	3	1	13	1860	627
209	3	1	29	1870	1222
210	4	14	17	1880	12905
211	3	1	13	1890	1945
212	4	14	23	1900	1437
213	4	8	17	1910	8236
214	3	1	17	1920	1826
215	4	14	17	1930	1824
216	0	12	29	1940	2851
217	4	8	17	1950	545
218	4	8	23	1960	671
219	4	14	13	1970	2944
220	4	14	13	2000	3227
221	0	12	17	2010	6311
222	4	14	29	2020	13481
223	4	14	23	2030	4764
224	4	14	29	2040	24
225	3	1	23	2050	4756
226	4	8	23	2060	620
227	3	1	13	2070	7089
228	4	8	29	2080	361
229	4	14	29	2090	4749
230	4	8	23	2100	5948
231	4	8	13	2110	10938
232	4	8	17	2120	710
233	4	14	23	2130	5208
234	3	1	17	2140	7824
235	4	14	17	2150	797
236	3	1	23	2160	5378
237	4	14	13	2170	8826
238	4	14	23	2180	2731
239	4	14	23	2190	5322
240	4	14	23	2200	7697
241	4	8	17	2210	3511
242	0	12	17	2220	597
243	4	14	17	2230	2428
244	4	14	17	2240	2029
245	4	8	29	2250	5018
246	4	14	17	2260	5224
247	3	1	13	2270	9148
248	0	12	17	2280	1131
249	4	14	17	2290	284
250	4	14	13	2300	2764
251	4	14	17	2310	7457
252	3	1	13	2320	4839
253	4	14	17	2330	1748
254	4	14	29	2340	1275
255	3	1	29	2350	1835
256	3	1	23	2360	928
257	0	12	17	2370	1431
258	4	14	17	2380	1737
259	4	14	29	2390	11691
260	3	1	13	2400	1337
261	0	12	17	2411	5345
262	3	1	13	2422	2434
263	3	1	17	2433	2393
264	3	1	17	2444	2688
265	4	14	13	2455	102
266	4	8	29	2466	1005
267	0	12	29	2477	3412
268	4	14	13	2488	55
269	3	1	13	2499	822
270	3	1	29	2510	3943
271	3	1	23	2521	3868
272	4	8	29	2532	4006
273	3	1	29	2543	2171
274	4	14	23	2554	4398
275	4	14	23	2565	13951
276	0	12	13	2576	4254
277	4	14	17	2587	2858
278	4	14	13	2598	1416
279	3	1	29	2609	1377
280	4	14	17	2620	13564
281	4	14	23	2631	1125
282	3	1	23	2642	3504
283	3	1	23	2653	71
284	0	12	23	2664	872
285	4	8	17	2675	10576
286	3	1	13	2686	1062
287	4	14	29	2697	6614
288	4	8	23	2708	2428
289	4	14	17	2719	2697
290	4	8	29	2730	14544
291	4	8	13	2741	2309
292	0	12	29	2752	3085
293	4	8	23	2763	3181
294	3	1	23	2800	2401
295	4	14	13	2809	496
296	4	14	13	2818	549
297	3	1	29	2827	4665
298	3	1	29	2836	13488
299	4	8	13	2845	1865
300	4	14	29	2854	2713
301	3	1	17	2863	675
302	4	14	13	2872	8638
303	3	1	17	2881	250
304	3	1	17	2890	2332
305	3	1	17	2899	8452
306	4	14	17	2908	954
307	4	8	13	2917	1329
308	4	14	29	2926	4648
309	0	12	17	2935	1447
310	3	1	23	2944	4995
311	4	14	13	2953	4769
312	3	1	13	2962	10
313	4	8	23	2971	252
314	4	8	23	2980	15626
315	4	14	23	2989	159
316	4	14	23	2998	666
317	4	8	23	3007	2306
318	3	1	23	3016	1173
319	4	8	13	3025	3287
320	0	12	13	3034	6279
321	4	14	13	3043	2135
322	4	14	17	3052	505
323	4	14	23	3061	2963
324	4	8	17	3070	953
325	4	8	23	3079	834
326	3	1	29	3088	343
327	4	8	17	3097	351
328	0	12	17	3106	13716
329	4	8	23	3115	3195
330	4	14	17	3124	7355
331	4	14	13	3133	13567
332	3	1	23	3142	3148
333	3	1	13	3151	10384
334	3	1	29	3160	6412
335	4	8	29	3169	6665
336	0	12	23	3178	1789
337	4	14	17	3187	2961
338	4	14	13	3200	3431
339	4	14	13	3209	1524
340	4	14	29	3218	5043
341	3	1	13	3227	12020
342	4	14	29	3236	518
343	4	8	17	3245	657
344	4	14	23	3254	6008
345	3	1	23	3263	1298
346	4	14	29	3272	2290
347	4	14	17	3281	2589
348	0	12	13	3290	3364
349	4	14	29	3299	2126
350	4	14	17	3308	13218
351	3	1	23	3317	4688
352	0	12	17	3326	2278
353	3	1	29	3335	2078
354	4	8	13	3344	3477
355	3	1	29	3353	328
356	4	14	13	3362	148
357	4	14	17	3371	1793
358	4	8	13	3380	7547
359	4	8	23	3389	1169
360	4	8	23	3398	6377
361	3	1	29	3407	549
362	4	8	23	3416	1514
363	3	1	17	3425	589
364	0	12	13	3434	2483
365	4	14	23	3443	5495
366	3	1	23	3452	657
367	4	14	13	3461	321
368	4	14	23	3470	1216
369	4	14	23	3479	739
370	4	14	13	3488	4537
371	4	14	17	3497	3982
372	4	8	17	3506	7929
373	4	14	17	3515	11083
374	3	1	13	3524	7426
375	4	14	13	3533	7366
376	4	14	13	3542	1382
377	4	14	29	3551	13685
378	3	1	13	3560	5480
379	4	14	23	3569	10933
380	3	1	29	3578	5583
381	3	1	23	3587	3722
382	4	8	17	3600	2896
383	3	1	17	3611	3240
384	3	1	13	3622	3536
385	3	1	23	3633	653
386	3	1	23	3644	3038
387	4	14	23	3655	601
388	4	8	13	3666	1690
389	4	8	13	3677	5090
390	3	1	29	3688	5959
391	3	1	13	3699	28725
392	3	1	17	3710	4490
393	4	14	17	3721	1557
394	3	1	23	3732	2935
395	4	8	13	3743	3550
396	4	8	23	3754	4033
397	3	1	23	3765	16664
398	4	8	13	3776	4671
399	4	14	13	3787	123
400	4	8	29	3798	536
401	0	12	29	3809	1777
402	4	8	29	3820	964
403	0	12	17	3831	2042
404	0	12	29	3842	5296
405	0	12	29	3853	1618
406	4	8	13	3864	7041
407	4	8	13	3875	2747
408	4	14	29	3886	3297
409	3	1	29	3897	5378
410	4	14	23	3908	6179
411	4	14	13	3919	286
412	3	1	17	3930	3823
413	3	1	17	3941	9788
414	4	14	29	3952	2781
415	4	14	13	3963	849
416	3	1	23	3974	3796
417	4	14	13	4000	5708
418	0	12	13	4010	3194
419	3	1	17	4020	1494
420	0	12	29	4030	966
421	3	1	13	4040	48
422	3	1	13	4050	5275
423	3	1	17	4060	3127
424	3	1	23	4070	2005
425	3	1	29	4080	4547
426	3	1	13	4090	12494
427	3	1	29	4100	3104
428	3	1	23	4110	2161
429	4	8	13	4120	1179
430	3	1	23	4130	923
431	0	12	23	4140	1470
432	3	1	23	4150	1305
433	3	1	29	4160	5026
434	3	1	29	4170	6631
435	3	1	13	4180	2000
436	4	8	29	4190	1986
437	0	12	29	4200	490
438	3	1	23	4210	6887
439	4	8	13	4220	1172
440	3	1	17	4230	1558
441	3	1	17	4240	143
442	4	14	29	4250	3452
443	4	14	13	4260	3718
444	3	1	17	4270	10825
445	3	1	29	4280	4889
446	4	14	29	4290	1936
447	0	12	29	4300	5726
448	4	14	23	4310	6890
449	4	14	23	4320	1593
450	4	14	17	4330	14818
451	3	1	17	4340	8324
452	3	1	17	4350	2279
453	4	14	29	4360	1893
454	4	14	13	4370	6766
455	4	14	29	4380	482
456	3	1	23	4390	3936
457	4	14	17	4400	4456
458	4	14	29	4412	22
459	4	14	29	4424	225
460	4	14	29	4436	1891
461	4	14	13	4448	1359
462	4	14	23	4460	330
463	4	14	29	4472	1461
464	0	12	17	4484	3046
465	4	14	13	4496	2607
466	3	1	17	4508	6256
467	4	14	17	4520	9214
468	0	12	23	4532	439
469	3	1	29	4544	454
470	3	1	13	4556	6435
471	3	1	29	4568	2753
472	3	1	17	4580	11170
473	4	14	29	4592	1403
474	4	8	29	4604	18070
475	4	14	17	4616	791
476	3	1	13	4628	2274
477	4	14	13	4640	544
478	4	8	13	4652	3758
479	4	14	29	4664	4668
480	3	1	13	4676	1400
481	4	8	13	4688	867
482	3	1	17	4700	5068
483	3	1	13	4712	372
484	3	1	23	4724	1314
485	0	12	13	4736	1608
486	3	1	13	4748	8263
487	4	14	29	4760	9261
488	4	14	29	4800	9195
489	4	14	29	4809	4760
490	4	14	17	4818	5832
491	3	1	17	4827	5085
492	3	1	29	4836	464
493	4	14	23	4845	5818
494	3	1	17	4854	8395
495	3	1	17	4863	140
496	3	1	29	4872	12488
497	3	1	29	4881	1270
498	4	14	23	4890	299
499	4	14	13	4899	2422
500	4	8	23	4908	9848
501	0	12	17	4917	2643
502	4	14	17	4926	4280
503	3	1	23	4935	5005
504	4	8	17	4944	3009
505	3	1	17	4953	2598
506	4	14	29	4962	11025
507	3	1	17	4971	596
508	3	1	29	4980	1964
509	4	8	23	4989	4045
510	3	1	23	4998	4555
511	4	14	23	5007	2764
512	3	1	17	5016	258
513	4	14	13	5025	1524
514	4	8	29	5034	5698
515	3	1	23	5043	802
516	3	1	29	5052	3374
517	4	8	17	5061	18613
518	4	8	13	5070	105
519	0	12	17	5079	903
520	0	12	29	5088	3722
521	3	1	17	5097	8809
522	3	1	23	5106	1
523	3	1	23	5115	2098
524	4	14	17	5124	1663
525	4	8	29	5133	334
526	4	14	29	5142	1963
527	4	14	29	5151	756
528	3	1	23	5160	2168
529	4	14	23	5169	12367
530	4	8	23	5178	1011
531	0	12	13	5187	704
532	4	14	17	5200	227
533	3	1	29	5209	673
534	4	14	13	5218	5949
535	3	1	23	5227	6679
536	4	8	29	5236	3087
537	4	14	23	5245	17
538	3	1	23	5254	3285
539	4	14	13	5263	6482
540	0	12	13	5272	2007
541	0	12	23	5281	5309
542	3	1	13	5290	2879
543	3	1	13	5299	1222
544	4	8	13	5308	64
545	4	8	29	5317	1249
546	4	14	13	5326	4279
547	4	14	29	5335	6297
548	3	1	23	5344	28
549	4	14	23	5353	4757
550	4	8	23	5362	2499
551	3	1	17	5371	13463
552	4	8	29	5380	1130
553	4	14	17	5389	8160
554	4	14	17	5398	7549
555	4	14	13	5407	102
556	4	14	29	5416	2640
557	3	1	23	5425	1144
558	4	14	17	5434	1871
559	0	12	23	5443	2379
560	4	14	23	5452	377
561	4	8	13	5461	5779
562	4	8	29	5470	5090
563	4	14	13	5479	2272
564	4	14	13	5488	2129
565	3	1	17	5497	2921
566	4	14	13	5506	2346
567	0	12	23	5515	9527
568	4	14	29	5524	3130
569	4	14	17	5533	11797
570	4	8	29	5542	4131
571	3	1	13	5551	3332
572	4	14	23	5560	2250
573	4	8	29	5600	1012
574	4	14	13	5610	6592
575	0	12	13	5620	8187
576	0	12	13	5630	1887
577	4	14	23	5640	5345
578	4	8	23	5650	1991
579	3	1	17	5660	298
580	3	1	23	5670	2201
581	4	8	29	5680	3615
582	3	1	13	5690	721
583	3	1	29	5700	5134
584	3	1	13	5710	2692
585	4	14	13	5720	1193
586	4	14	17	5730	9872
587	4	8	13	5740	819
588	4	14	17	5750	1463
589	4	8	13	5760	5525
590	4	14	23	5770	1593
591	4	14	13	5780	1364
592	4	8	17	5790	3985
593	3	1	13	5800	473
594	3	1	23	5810	4982
595	4	14	13	5820	3980
596	4	14	29	5830	60
597	3	1	13	5840	332
598	3	1	13	5850	7602
599	4	14	23	5860	2754
600	3	1	29	5870	6961
601	4	14	17	5880	5535
602	4	14	13	5890	1150
603	3	1	13	5900	245
604	4	14	29	5910	211
605	4	14	17	5920	9183
606	3	1	29	5930	3064
607	4	14	29	5940	91
608	4	14	13	5950	257
609	3	1	13	5960	15210
610	4	14	13	5970	4188
611	4	14	17	5980	5481
612	3	1	13	5990	7771
613	3	1	29	6000	1437
614	4	14	29	6009	101
615	3	1	23	6018	2732
616	4	14	29	6027	3656
617	3	1	13	6036	23169
618	3	1	29	6045	11498
619	4	8	13	6054	672
620	3	1	13	6063	3695
621	3	1	13	6072	1196
622	4	8	13	6081	3676
623	4	14	23	6090	6321
624	4	8	23	6099	3860
625	3	1	29	6108	1754
626	4	8	23	6117	10909
627	3	1	23	6126	1534
628	4	14	13	6135	2865
629	0	12	13	6144	780
630	4	8	17	6153	7749
631	3	1	13	6162	1406
632	3	1	23	6171	8709
633	3	1	29	6180	8996
634	4	14	23	6189	1136
635	3	1	13	6198	4482
636	4	8	29	6207	1692
637	0	12	29	6216	446
638	4	14	29	6225	4451
639	4	14	23	6234	3572
640	3	1	17	6243	5133
641	0	12	17	6252	8926
642	3	1	29	6261	523
643	3	1	17	6270	1594
644	3	1	13	6279	420
645	4	14	17	6288	3494
646	3	1	29	6297	2264
647	4	14	17	6306	1595
648	4	14	13	6315	362
649	4	14	13	6324	979
650	4	8	13	6333	126
651	3	1	29	6342	72
652	4	14	13	6351	585
653	3	1	29	6360	4759
654	3	1	23	6369	9001
655	0	12	29	6400	3338
656	3	1	17	6410	641
657	4	8	17	6420	2434
658	4	8	23	6430	2322
659	4	8	13	6440	4770
660	3	1	23	6450	13376
661	4	14	13	6460	976
662	4	14	23	6470	2863
663	4	14	13	6480	8657
664	3	1	23	6490	519
665	0	12	29	6500	1739
666	3	1	29	6510	7846
667	4	14	13	6520	13099
668	3	1	17	6530	224
669	4	8	23	6540	1730
670	4	8	23	6550	650
671	4	14	29	6560	2720
672	4	14	13	6570	1575
673	4	14	13	6580	1741
674	4	14	29	6590	2261
675	3	1	23	6600	4956
676	0	12	13	6610	583
677	4	14	23	6620	1271
678	0	12	23	6630	4742
679	3	1	17	6640	148
680	4	8	29	6650	10243
681	3	1	17	6660	3722
682	4	14	17	6670	1055
683	0	12	13	6680	1393
684	4	14	29	6690	631
685	4	14	23	6700	7278
686	3	1	29	6710	698
687	4	14	23	6720	847
688	4	8	17	6730	36350
689	4	14	23	6740	4574
690	0	12	29	6750	2983
691	4	14	17	6760	8796
692	4	14	17	6770	4377
693	4	14	29	6780	14722
694	0	12	29	6790	3932
695	3	1	13	6800	2823
696	4	8	23	6808	1921
697	4	14	29	6816	1085
698	4	14	29	6824	927
699	3	1	13	6832	5498
700	4	8	23	6840	5137
701	3	1	29	6848	2540
702	4	8	29	6856	1282
703	3	1	23	6864	5319
704	4	14	17	6872	278
705	4	14	17	6880	3087
706	4	14	23	6888	4715
707	4	8	29	6896	6115
708	3	1	13	6904	1225
709	4	14	29	6912	814
710	0	12	23	6920	2249
711	4	14	23	6928	8344
712	4	8	23	6936	5733
713	4	14	13	6944	2069
714	4	14	13	6952	5945
715	0	12	17	6960	1778
716	4	8	29	6968	16707
717	4	14	23	6976	978
718	4	14	13	6984	5375
719	3	1	13	6992	1335
720	3	1	29	7000	854
721	3	1	13	7008	4416
722	4	14	29	7016	13111
723	4	14	23	7024	1868
724	0	12	29	7032	6980
725	4	8	17	7040	1209
726	4	14	17	7048	7045
727	4	14	13	7056	1727
728	4	14	13	7064	5194
729	3	1	23	7072	10387
730	4	8	13	7080	1595
731	3	1	17	7088	9141
732	4	14	29	7096	270
733	4	14	23	7104	11776
734	3	1	23	7112	1503
735	4	14	13	7120	2410
736	3	1	17	7128	1610
737	4	8	29	7136	2743
738	3	1	23	7144	1029
739	4	8	23	7152	3748
740	4	8	29	7200	629
741	3	1	13	7212	1892
742	3	1	17	7224	10466
743	4	8	23	7236	6763
744	4	14	29	7248	1157
745	3	1	13	7260	4198
746	4	14	23	7272	546
747	0	12	13	7284	1211
748	4	14	23	7296	897
749	0	12	23	7308	1241
750	4	8	17	7320	2949
751	4	8	29	7332	718
752	4	14	23	7344	2759
753	3	1	29	7356	10263
754	4	14	13	7368	3236
755	3	1	17	7380	225
756	4	14	29	7392	2835
757	3	1	17	7404	9256
758	3	1	23	7416	9637
759	3	1	13	7428	6565
760	4	14	29	7440	4946
761	4	14	17	7452	1671
762	3	1	23	7464	231
763	4	14	23	7476	1652
764	4	14	29	7488	7733
765	3	1	17	7500	3035
766	4	14	29	7512	6652
767	3	1	13	7524	6730
768	3	1	23	7536	379
769	4	8	13	7548	1549
770	4	14	29	7560	112
771	4	14	29	7600	2679
772	3	1	13	7608	18435
773	4	14	23	7616	561
774	4	8	13	7624	595
775	4	8	29	7632	6757
776	0	12	29	7640	5411
777	4	14	13	7648	634
778	0	12	23	7656	520
779	4	14	23	7664	771
780	3	1	23	7672	572
781	4	14	13	7680	3346
782	0	12	23	7688	649
783	4	14	23	7696	2466
784	3	1	17	7704	2068
785	0	12	13	7712	718
786	4	14	29	7720	2042
787	3	1	13	7728	613
788	4	14	17	7736	1994
789	4	14	17	7744	1196
790	4	8	13	7752	11594
791	4	14	13	7760	2250
792	4	14	13	7768	3530
793	4	8	23	7776	2183
794	3	1	29	7784	9154
795	3	1	17	7792	6516
796	4	8	17	7800	1547
797	4	14	29	7808	3551
798	3	1	29	7816	12908
799	4	8	23	7824	5083
800	4	14	13	7832	7317
801	4	8	23	7840	1504
802	4	14	23	7848	749
803	4	14	17	7856	8476
804	3	1	23	7864	1093
805	4	8	17	7872	136
806	4	14	29	7880	766
807	4	14	29	7888	1832
808	4	8	23	7896	6144
809	4	14	17	7904	5378
810	3	1	23	7912	1502
811	0	12	29	7920	1792
812	3	1	23	7928	6042
813	4	14	13	7936	5306
814	4	14	17	7944	4471
815	4	14	23	7952	616
816	4	14	29	8000	851
817	3	1	13	8010	3624
818	3	1	17	8020	10911
819	3	1	29	8030	4696
820	4	14	23	8040	566
821	3	1	29	8050	4412
822	4	14	23	8060	2189
823	4	14	17	8070	7133
824	0	12	13	8080	1887
825	4	14	29	8090	3639
826	4	8	29	8100	9289
827	3	1	17	8110	3370
828	4	8	29	8120	1057
829	4	14	23	8130	1628
830	0	12	17	8140	2729
831	3	1	29	8150	664
832	0	12	17	8160	824
833	4	14	13	8170	2060
834	4	14	17	8180	1637
835	3	1	29	8190	6854
836	0	12	17	8200	2016
837	4	8	13	8210	1258
838	3	1	29	8220	998
839	4	8	29	8230	1850
840	3	1	13	8240	18412
841	4	14	29	8250	131
842	0	12	17	8260	1769
843	4	14	13	8270	4237
844	4	8	23	8280	11630
845	0	12	17	8290	3506
846	3	1	23	8300	4210
847	4	14	29	8310	7632
848	3	1	13	8320	5507
849	3	1	13	8330	5638
850	3	1	23	8340	3787
851	3	1	17	8350	5162
852	0	12	23	8360	4243
853	4	14	13	8370	1255
854	3	1	13	8400	3540
855	4	8	17	8415	751
856	3	1	29	8430	8903
857	4	14	17	8445	1655
858	4	14	17	8460	2802
859	4	14	29	8475	4107
860	0	12	17	8490	563
861	3	1	17	8505	3716
862	4	14	13	8520	580
863	3	1	29	8535	2394
864	4	14	13	8550	1123
865	4	8	23	8565	698
866	4	14	17	8580	768
867	3	1	17	8595	1890
868	4	14	23	8610	2034
869	3	1	17	8625	7675
870	4	14	13	8640	5495
871	3	1	29	8655	10198
872	4	8	13	8670	1879
873	3	1	17	8685	3322
874	4	8	23	8700	4828
875	4	14	23	8715	420
876	4	8	23	8730	1488
877	4	14	23	8745	5847
878	3	1	23	8760	8704
879	4	14	29	8775	6289
880	4	8	17	8800	11705
881	3	1	29	8808	206
882	4	14	17	8816	6898
883	4	14	23	8824	2589
884	4	8	13	8832	5125
885	3	1	29	8840	5871
886	3	1	17	8848	2765
887	0	12	17	8856	9950
888	3	1	29	8864	6753
889	4	14	13	8872	719
890	0	12	13	8880	10511
891	0	12	13	8888	234
892	4	14	23	8896	5814
893	4	14	13	8904	3461
894	0	12	23	8912	1092
895	4	14	23	8920	1944
896	4	8	23	8928	9100
897	4	14	17	8936	9503
898	4	8	29	8944	2100
899	4	14	13	8952	6151
900	0	12	29	8960	2103
901	4	14	13	8968	1282
902	4	14	17	8976	2413
903	4	14	23	8984	8993
904	3	1	29	8992	35
905	0	12	23	9000	4687
906	4	8	17	9008	1722
907	4	14	13	9016	375
908	4	14	17	9024	3362
909	3	1	17	9032	2675
910	4	14	29	9040	7880
911	3	1	17	9048	528
912	3	1	29	9056	2409
913	4	14	23	9064	4968
914	3	1	17	9072	4755
915	4	14	17	9080	338
916	3	1	13	9088	6117
917	4	14	17	9096	4298
918	4	8	29	9104	5208
919	4	8	17	9112	2578
920	4	14	13	9120	4328
921	4	14	13	9128	1193
922	4	8	23	9136	3297
923	3	1	23	9144	1065
924	3	1	17	9152	10385
925	4	14	13	9160	4683
926	4	14	13	9168	676
927	3	1	29	9176	6356
928	3	1	29	9200	1574
929	3	1	13	9210	1519
930	4	14	29	9220	904
931	3	1	13	9230	2067
932	4	14	23	9240	1783
933	3	1	23	9250	427
934	4	14	13	9260	1934
935	3	1	13	9270	4460
936	3	1	23	9280	3638
937	0	12	29	9290	10486
938	3	1	29	9300	2522
939	4	8	23	9310	130
940	4	8	17	9320	2176
941	4	14	17	9330	2107
942	3	1	29	9340	1713
943	4	14	17	9350	1586
944	4	14	17	9360	1450
945	3	1	29	9370	6516
946	4	14	13	9380	3711
947	4	14	13	9390	226
948	3	1	23	9400	8604
949	3	1	13	9410	686
950	3	1	23	9420	3681
951	3	1	13	9430	1090
952	3	1	23	9440	789
953	4	14	23	9450	10830
954	4	8	29	9460	529
955	4	8	23	9470	654
956	4	14	23	9480	4989
957	3	1	29	9490	989
958	3	1	13	9500	13891
959	4	14	29	9510	1536
960	4	8	17	9520	3058
961	4	14	23	9530	3230
962	4	8	17	9540	5780
963	3	1	17	9550	1164
964	4	14	17	9560	1343
965	3	1	23	9570	2441
966	4	14	23	9600	5778
967	4	14	17	9608	1729
968	4	14	23	9616	1588
969	4	14	17	9624	94
970	4	8	29	9632	2645
971	3	1	13	9640	7751
972	3	1	23	9648	847
973	4	14	17	9656	4761
974	0	12	29	9664	228
975	0	12	29	9672	1159
976	3	1	17	9680	9611
977	3	1	13	9688	1066
978	4	14	17	9696	10626
979	4	14	23	9704	518
980	4	8	29	9712	356
981	4	14	13	9720	424
982	0	12	13	9728	9732
983	0	12	29	9736	733
984	4	14	23	9744	5012
985	3	1	23	9752	13274
986	4	14	23	9760	1017
987	4	14	13	9768	2223
988	3	1	23	9776	15139
989	4	14	17	9784	1058
990	4	14	23	9792	12812
991	4	14	29	9800	1900
992	3	1	23	9808	12712
993	4	14	29	9816	643
994	4	14	13	9824	2753
995	3	1	23	9832	8028
996	3	1	13	9840	4145
997	0	12	23	9848	403
998	4	8	13	9856	172
999	4	8	23	9864	7514
1000	4	14	13	9872	162
1001	4	14	29	9880	1169
1002	4	8	23	9888	5197
1003	3	1	17	9896	7873
1004	4	8	17	9904	4482
1005	0	12	17	9912	5475
1006	4	14	23	9920	195
1007	4	14	17	9928	2639
1008	4	14	23	9936	8407
1009	4	8	29	9944	8237
1010	4	14	17	9952	1105
1011	3	1	23	9960	2605
1012	4	14	23	9968	1365
1013	4	14	23	9976	7520
1014	3	1	29	9984	1064
1015	4	8	17	10000	2276
1016	4	14	17	10010	4106
1017	4	8	17	10020	3632
1018	3	1	29	10030	3089
1019	3	1	23	10040	1551
1020	3	1	13	10050	1057
1021	4	8	17	10060	1648
1022	3	1	23	10070	1872
1023	0	12	13	10080	400
1024	4	8	23	10090	264
1025	4	8	29	10100	446
1026	4	14	23	10110	9118
1027	4	14	23	10120	172
1028	4	14	13	10130	883
1029	3	1	13	10140	842
1030	3	1	29	10150	3729
1031	3	1	23	10160	6721
1032	4	8	29	10170	851
1033	3	1	23	10180	344
1034	4	8	17	10190	341
1035	3	1	13	10200	7130
1036	4	14	17	10210	1869
1037	3	1	29	10220	213
1038	4	14	17	10230	2722
1039	4	14	13	10240	13870
1040	3	1	13	10250	9908
1041	3	1	17	10260	5411
1042	4	14	17	10270	3181
1043	4	8	29	10280	442
1044	0	12	29	10290	18842
1045	3	1	13	10300	2620
1046	4	8	17	10310	372
1047	4	14	13	10320	470
1048	0	12	13	10330	9857
1049	4	14	23	10340	263
1050	4	14	13	10350	1013
1051	3	1	23	10360	199
1052	4	14	29	10370	3263
1053	4	14	17	10400	5103
1054	4	14	23	10408	3817
1055	3	1	29	10416	4841
1056	3	1	13	10424	8471
1057	4	8	17	10432	3999
1058	3	1	23	10440	6365
1059	4	14	17	10448	3360
1060	4	8	29	10456	7533
1061	4	14	29	10464	22
1062	4	14	13	10472	1341
1063	3	1	23	10480	4657
1064	3	1	29	10488	1237
1065	4	8	29	10496	2232
1066	4	8	23	10504	1352
1067	3	1	29	10512	925
1068	3	1	13	10520	5803
1069	4	8	29	10528	2055
1070	3	1	29	10536	250
1071	0	12	23	10544	3565
1072	4	8	29	10552	435
1073	3	1	23	10560	3369
1074	4	14	23	10568	2079
1075	0	12	23	10576	2699
1076	3	1	13	10584	6228
1077	4	8	29	10592	1253
1078	4	14	17	10600	440
1079	4	14	23	10608	3501
1080	0	12	23	10616	66
1081	0	12	17	10624	6181
1082	4	14	23	10632	544
1083	4	8	23	10640	578
1084	4	14	29	10648	13536
1085	0	12	17	10656	3264
1086	4	14	29	10664	1182
1087	4	8	23	10672	2547
1088	3	1	13	10680	2521
1089	4	14	23	10688	1911
1090	0	12	29	10696	12154
1091	3	1	13	10704	5407
1092	4	8	13	10712	1180
1093	0	12	13	10720	10375
1094	3	1	17	10728	515
1095	3	1	17	10736	9652
1096	4	14	17	10744	2440
1097	3	1	29	10752	7884
1098	4	14	29	10760	7298
1099	4	14	13	10768	3313
1100	4	8	17	10776	861
1101	4	14	17	10800	8561
1102	4	8	13	10810	1694
1103	4	14	13	10820	2878
1104	4	8	23	10830	12
1105	4	14	17	10840	4019
1106	4	8	23	10850	11638
1107	0	12	13	10860	17839
1108	4	8	23	10870	1515
1109	4	14	29	10880	530
1110	4	14	23	10890	9752
1111	0	12	13	10900	3774
1112	4	8	13	10910	3001
1113	3	1	29	10920	958
1114	4	14	29	10930	3210
1115	4	8	17	10940	252
1116	4	8	13	10950	8424
1117	3	1	17	10960	651
1118	3	1	23	10970	5117
1119	3	1	23	10980	4927
1120	3	1	29	10990	754
1121	4	14	29	11000	6768
1122	4	14	29	11010	5372
1123	4	14	17	11020	1949
1124	4	8	29	11030	2389
1125	4	14	29	11040	1539
1126	4	14	23	11050	1628
1127	4	8	29	11060	782
1128	0	12	13	11070	2379
1129	4	8	13	11080	2732
1130	3	1	17	11090	138
1131	4	8	13	11100	10553
1132	3	1	13	11110	2250
1133	0	12	13	11120	3115
1134	4	14	17	11130	1973
1135	4	8	13	11140	576
1136	4	14	17	11150	2329
1137	4	14	23	11160	3810
1138	4	14	29	11170	564
1139	0	12	17	11180	1614
1140	4	14	23	11200	3790
1141	4	14	29	11210	1245
1142	4	8	29	11220	676
1143	4	14	13	11230	1683
1144	4	14	29	11240	2518
1145	4	14	29	11250	1670
1146	3	1	29	11260	960
1147	4	14	13	11270	173
1148	4	8	13	11280	1870
1149	3	1	13	11290	246
1150	3	1	13	11300	130
1151	0	12	29	11310	1463
1152	4	14	17	11320	598
1153	4	8	17	11330	559
1154	3	1	17	11340	1986
1155	4	8	23	11350	1898
1156	4	14	23	11360	619
1157	3	1	23	11370	12836
1158	4	14	17	11380	261
1159	3	1	29	11390	4603
1160	4	14	29	11400	1424
1161	0	12	29	11410	5839
1162	4	14	29	11420	3106
1163	4	14	23	11430	6869
1164	3	1	17	11440	377
1165	3	1	23	11450	16577
1166	3	1	13	11460	796
1167	4	8	29	11470	17301
1168	4	14	23	11480	6938
1169	3	1	23	11490	2162
1170	3	1	29	11500	3867
1171	4	8	23	11510	1226
1172	4	14	23	11520	75
1173	3	1	13	11530	1974
1174	4	14	29	11540	403
1175	3	1	13	11550	9387
1176	4	14	29	11560	4318
1177	0	12	29	11570	2013
1178	4	14	17	11580	10026
1179	4	8	13	11590	459
1180	3	1	29	11600	448
1181	0	12	17	11608	1380
1182	0	12	23	11616	6525
1183	4	14	13	11624	1968
1184	4	14	13	11632	2485
1185	3	1	23	11640	5202
1186	3	1	29	11648	6235
1187	3	1	29	11656	1425
1188	3	1	29	11664	648
1189	3	1	23	11672	46
1190	3	1	23	11680	18735
1191	4	8	23	11688	2629
1192	4	8	13	11696	3202
1193	3	1	13	11704	2376
1194	4	8	23	11712	132
1195	4	14	29	11720	7446
1196	4	14	29	11728	5200
1197	4	8	17	11736	1632
1198	3	1	23	11744	1168
1199	3	1	17	11752	2639
1200	3	1	23	11760	701
1201	0	12	29	11768	1028
1202	4	14	23	11776	988
1203	3	1	23	11784	12477
1204	4	14	13	11792	2319
1205	4	8	23	11800	5846
1206	3	1	13	11808	1357
1207	4	8	17	11816	5534
1208	3	1	17	11824	140
1209	0	12	17	11832	2670
1210	3	1	23	11840	5058
1211	4	14	23	11848	5512
1212	4	14	17	11856	168
1213	3	1	17	11864	12386
1214	4	14	29	11872	3447
1215	4	14	17	11880	30
1216	0	12	13	11888	13230
1217	4	8	23	11896	656
1218	4	14	17	11904	1770
1219	4	14	29	11912	1800
1220	0	12	23	11920	865
1221	4	8	13	11928	8506
1222	4	14	13	11936	7258
1223	3	1	29	11944	6684
1224	4	8	13	11952	2226
1225	3	1	17	12000	593
1226	4	14	17	12008	4993
1227	4	8	23	12016	3382
1228	3	1	17	12024	1766
1229	4	14	29	12032	1157
1230	4	14	13	12040	778
1231	3	1	17	12048	1572
1232	3	1	13	12056	613
1233	3	1	29	12064	2286
1234	4	14	17	12072	11796
1235	3	1	13	12080	8458
1236	0	12	29	12088	302
1237	3	1	13	12096	7549
1238	4	14	13	12104	11880
1239	4	14	23	12112	4744
1240	4	14	17	12120	2318
1241	4	8	23	12128	164
1242	4	14	17	12136	1232
1243	3	1	23	12144	4346
1244	4	8	13	12152	1392
1245	3	1	29	12160	1112
1246	3	1	17	12168	2324
1247	4	14	29	12176	3627
1248	4	14	13	12184	8171
1249	4	8	13	12192	101
1250	4	14	29	12200	8521
1251	3	1	13	12208	3433
1252	4	8	13	12216	15167
1253	3	1	29	12224	8859
1254	4	8	23	12232	1361
1255	3	1	23	12240	1314
1256	3	1	29	12248	1974
1257	4	14	23	12256	2090
1258	4	8	17	12264	3011
1259	3	1	29	12272	1439
1260	4	8	13	12280	226
1261	3	1	23	12288	5051
1262	4	14	29	12296	1992
1263	3	1	23	12304	6114
1264	3	1	13	12312	1485
1265	4	14	13	12320	1993
1266	3	1	23	12328	3723
1267	4	8	17	12336	3723
1268	4	14	29	12344	28
1269	3	1	29	12352	4793
1270	4	14	23	12360	10916
1271	3	1	13	12368	488
1272	3	1	23	12376	905
1273	4	8	29	12384	4351
1274	0	12	17	12400	10238
1275	4	14	13	12410	670
1276	4	8	29	12420	3823
1277	4	8	23	12430	767
1278	4	8	29	12440	2919
1279	4	14	13	12450	813
1280	4	14	13	12460	4778
1281	4	8	23	12470	497
1282	3	1	17	12480	4820
1283	4	8	17	12490	1613
1284	4	8	13	12500	1849
1285	4	8	29	12510	3671
1286	4	8	17	12520	1708
1287	4	14	17	12530	1157
1288	4	8	13	12540	635
1289	3	1	29	12550	4405
1290	0	12	13	12560	2691
1291	3	1	13	12570	4386
1292	4	8	23	12580	1540
1293	3	1	13	12590	4160
1294	3	1	23	12600	4081
1295	3	1	23	12610	5130
1296	3	1	23	12620	4175
1297	3	1	23	12630	2631
1298	4	8	17	12640	1738
1299	3	1	29	12650	9266
1300	0	12	17	12660	4054
1301	4	8	29	12670	7204
1302	4	14	29	12680	3556
1303	3	1	17	12690	755
1304	3	1	17	12700	378
1305	4	8	23	12710	5815
1306	4	8	23	12720	1870
1307	4	14	13	12730	1509
1308	3	1	17	12740	13788
1309	3	1	23	12750	576
1310	4	8	23	12760	4369
1311	4	8	13	12770	968
1312	3	1	29	12780	8791
1313	3	1	17	12790	1691
1314	3	1	23	12800	3715
1315	0	12	17	12808	11135
1316	4	14	17	12816	67
1317	4	14	17	12824	248
1318	3	1	23	12832	2130
1319	4	8	17	12840	4944
1320	3	1	29	12848	183
1321	3	1	17	12856	1750
1322	4	8	13	12864	2457
1323	3	1	13	12872	1659
1324	4	8	23	12880	935
1325	3	1	23	12888	1252
1326	4	8	17	12896	6344
1327	4	14	23	12904	3248
1328	4	14	17	12912	95
1329	3	1	29	12920	892
1330	3	1	17	12928	2823
1331	4	14	13	12936	572
1332	0	12	17	12944	6904
1333	4	14	29	12952	3834
1334	4	14	29	12960	3167
1335	4	14	13	12968	7930
1336	4	8	23	12976	3002
1337	0	12	29	12984	3005
1338	4	14	29	12992	1107
1339	4	14	17	13000	3703
1340	4	14	17	13008	1030
1341	4	8	17	13016	135
1342	3	1	29	13024	1331
1343	4	14	23	13032	50
1344	4	8	13	13040	12
1345	4	14	13	13048	1284
1346	0	12	13	13056	6002
1347	4	14	17	13064	14707
1348	4	14	17	13072	169
1349	3	1	13	13080	4833
1350	4	14	13	13088	4895
1351	4	14	13	13096	3542
1352	0	12	13	13104	286
1353	4	14	29	13112	4119
1354	4	14	13	13120	7765
1355	3	1	29	13128	1328
1356	4	8	23	13136	1885
1357	3	1	29	13144	1147
1358	4	8	29	13152	13237
1359	4	8	29	13160	6892
1360	4	14	17	13168	14165
1361	3	1	13	13176	6804
1362	4	8	29	13184	1374
1363	0	12	23	13200	5847
1364	4	8	13	13210	3955
1365	3	1	23	13220	3029
1366	4	8	29	13230	1996
1367	3	1	29	13240	1271
1368	4	14	17	13250	6396
1369	4	14	23	13260	5430
1370	4	14	29	13270	2112
1371	4	14	17	13280	2681
1372	4	14	23	13290	6827
1373	3	1	17	13300	6625
1374	3	1	13	13310	2634
1375	3	1	17	13320	46
1376	4	14	17	13330	295
1377	3	1	17	13340	2366
1378	0	12	13	13350	1641
1379	3	1	23	13360	10862
1380	3	1	17	13370	2707
1381	3	1	13	13380	6872
1382	4	14	13	13390	2890
1383	3	1	17	13400	1555
1384	4	14	23	13410	2725
1385	3	1	13	13420	10039
1386	4	14	29	13430	265
1387	4	8	17	13440	789
1388	4	8	29	13450	5710
1389	4	8	29	13460	1227
1390	3	1	17	13470	2665
1391	4	14	29	13480	1305
1392	4	14	13	13490	3328
1393	4	14	13	13500	2180
1394	0	12	13	13510	4007
1395	3	1	17	13520	2107
1396	0	12	23	13530	5427
1397	3	1	17	13540	2894
1398	3	1	23	13550	1941
1399	4	14	23	13560	2553
1400	4	14	13	13570	8538
1401	3	1	13	13580	2809
1402	4	8	29	13600	778
1403	0	12	29	13610	1420
1404	4	14	13	13620	1375
1405	4	14	29	13630	980
1406	4	14	23	13640	5861
1407	3	1	29	13650	1204
1408	3	1	29	13660	699
1409	3	1	23	13670	7455
1410	4	14	23	13680	950
1411	4	14	17	13690	10599
1412	3	1	23	13700	9756
1413	4	14	13	13710	120
1414	4	14	17	13720	1600
1415	3	1	13	13730	652
1416	3	1	29	13740	1443
1417	4	14	17	13750	13834
1418	4	8	29	13760	1281
1419	3	1	29	13770	4941
1420	3	1	23	13780	2515
1421	4	14	23	13790	962
1422	3	1	13	13800	2871
1423	3	1	23	13810	3051
1424	3	1	13	13820	1184
1425	0	12	29	13830	565
1426	4	14	17	13840	10288
1427	3	1	23	13850	2032
1428	3	1	17	13860	776
1429	4	14	23	13870	302
1430	4	8	29	13880	1253
1431	3	1	13	13890	3250
1432	4	14	29	13900	256
1433	4	8	17	13910	8002
1434	3	1	17	13920	214
1435	4	14	13	13930	17408
1436	3	1	17	13940	4129
1437	4	14	13	13950	971
1438	4	14	13	13960	126
1439	0	12	29	13970	1295
1440	4	14	23	13980	648
1441	4	8	13	13990	6525
1442	4	14	17	14000	75
1443	4	14	17	14009	9868
1444	3	1	17	14018	217
1445	4	14	13	14027	3257
1446	4	8	13	14036	1821
1447	4	8	29	14045	3064
1448	4	14	23	14054	379
1449	3	1	29	14063	2633
1450	4	8	17	14072	450
1451	4	8	13	14081	5949
1452	4	8	17	14090	1102
1453	4	14	29	14099	4498
1454	3	1	13	14108	20
1455	4	14	23	14117	4408
1456	4	14	13	14126	19502
1457	4	14	17	14135	4121
1458	4	14	29	14144	173
1459	3	1	17	14153	693
1460	4	14	17	14162	1391
1461	3	1	13	14171	1852
1462	4	8	23	14180	349
1463	4	14	13	14189	367
1464	4	8	23	14198	3430
1465	4	8	17	14207	4258
1466	4	14	17	14216	8079
1467	3	1	17	14225	196
1468	4	8	23	14234	15173
1469	4	14	13	14243	1677
1470	0	12	29	14252	2825
1471	3	1	29	14261	365
1472	0	12	17	14270	11077
1473	4	8	13	14279	23849
1474	4	14	17	14288	3279
1475	3	1	17	14297	4344
1476	3	1	13	14306	869
1477	4	14	23	14315	3636
1478	4	14	13	14324	2621
1479	3	1	29	14333	4805
1480	4	14	29	14342	5810
1481	4	14	17	14351	1966
1482	3	1	29	14360	1471
1483	4	14	17	14369	4736
1484	3	1	17	14400	13554
1485	4	14	29	14410	2733
1486	3	1	29	14420	1515
1487	0	12	13	14430	1956
1488	4	14	17	14440	7856
1489	4	14	29	14450	1940
1490	4	14	13	14460	20997
1491	4	14	29	14470	2
1492	4	8	17	14480	760
1493	4	8	29	14490	8222
1494	4	8	17	14500	16272
1495	4	8	17	14510	6039
1496	4	14	23	14520	5102
1497	4	14	13	14530	10690
1498	3	1	23	14540	1657
1499	3	1	29	14550	2028
1500	4	8	23	14560	4681
1501	4	14	29	14570	1529
1502	4	14	13	14580	3263
1503	4	14	23	14590	5511
1504	3	1	13	14600	14880
1505	4	14	23	14610	77
1506	4	8	23	14620	7248
1507	4	14	13	14630	1115
1508	0	12	23	14640	491
1509	4	14	23	14650	1677
1510	3	1	17	14660	2558
1511	4	8	17	14670	2011
1512	4	14	13	14680	708
1513	4	8	29	14690	1682
1514	4	14	17	14700	1998
1515	4	14	13	14710	9432
1516	0	12	17	14720	259
1517	3	1	13	14730	1974
1518	4	8	29	14740	517
1519	4	8	29	14750	337
1520	4	14	23	14760	1660
1521	4	14	17	14770	2619
1522	4	14	29	14780	834
1523	4	14	29	14800	3597
1524	4	14	13	14808	1710
1525	3	1	29	14816	2820
1526	4	8	23	14824	9824
1527	4	14	23	14832	270
1528	4	14	29	14840	58
1529	4	14	29	14848	6065
1530	3	1	23	14856	11371
1531	3	1	13	14864	1227
1532	3	1	13	14872	1192
1533	3	1	13	14880	346
1534	4	8	13	14888	38
1535	4	8	29	14896	2379
1536	4	14	13	14904	7102
1537	3	1	17	14912	3282
1538	3	1	17	14920	5066
1539	4	14	29	14928	11749
1540	4	14	13	14936	4295
1541	3	1	23	14944	298
1542	4	14	23	14952	1264
1543	4	14	23	14960	2912
1544	0	12	23	14968	9713
1545	4	14	23	14976	3659
1546	4	14	29	14984	7287
1547	4	14	17	14992	7082
1548	3	1	17	15000	2606
1549	3	1	17	15008	322
1550	4	8	13	15016	5037
1551	4	14	17	15024	1608
1552	3	1	17	15032	6632
1553	4	8	29	15040	1196
1554	4	14	17	15048	238
1555	3	1	17	15056	938
1556	0	12	29	15064	554
1557	3	1	17	15072	13365
1558	4	8	17	15080	2043
1559	4	8	13	15088	2538
1560	4	14	13	15096	443
1561	4	8	13	15104	5903
1562	4	8	17	15112	1039
1563	3	1	23	15120	1633
1564	3	1	13	15128	2048
1565	0	12	17	15136	933
1566	4	14	17	15144	591
1567	3	1	13	15152	330
1568	4	14	29	15160	1624
1569	3	1	23	15168	11591
1570	4	8	29	15176	310
1571	3	1	29	15184	2796
1572	0	12	29	15192	4451
1573	3	1	13	15200	766
1574	3	1	29	15208	2196
1575	3	1	13	15216	1247
1576	4	14	29	15224	940
1577	4	14	17	15232	4448
1578	3	1	17	15240	4574
1579	0	12	17	15248	5519
1580	3	1	13	15256	4406
1581	4	8	13	15264	352
1582	3	1	17	15272	3532
1583	3	1	17	15280	11061
1584	3	1	23	15288	265
1585	4	14	17	15296	3772
1586	4	14	29	15304	2426
1587	4	8	17	15312	29100
1588	4	14	29	15320	101
1589	4	14	29	15328	6442
1590	4	8	29	15336	1536
1591	3	1	29	15344	8040
1592	3	1	29	15352	696
1593	4	8	13	15360	1142
1594	0	12	29	15368	7380
1595	3	1	13	15376	8718
1596	4	8	13	15384	7406
1597	3	1	29	15392	10988
1598	4	8	23	15400	494
1599	0	12	13	15408	4864
1600	4	8	17	15416	2479
1601	3	1	23	15424	5689
1602	0	12	23	15432	2740
1603	0	12	29	15440	3053
1604	4	8	17	15448	10
1605	4	14	17	15456	958
1606	4	14	23	15464	4312
1607	4	14	17	15472	4032
1608	4	14	29	15480	7230
1609	4	8	17	15488	6244
1610	4	14	17	15496	34028
1611	4	8	23	15504	2451
1612	4	14	29	15512	1332
1613	4	8	29	15520	4218
1614	4	14	13	15528	6482
1615	3	1	29	15536	83
1616	4	14	29	15544	817
1617	3	1	29	15552	1380
1618	4	14	13	15560	1263
1619	4	14	29	15568	6246
1620	0	12	17	15576	5598
1621	3	1	13	15584	594
1622	4	14	17	15592	223
1623	4	8	29	15600	3050
1624	4	8	23	15608	3933
1625	3	1	13	15616	936
1626	4	8	29	15624	1681
1627	4	14	29	15632	2199
1628	3	1	13	15640	1616
1629	4	14	29	15648	3067
1630	4	8	29	15656	2212
1631	4	8	13	15664	1278
1632	4	14	23	15672	3236
1633	3	1	13	15680	15211
1634	4	14	13	15688	1349
1635	4	8	17	15696	9576
1636	4	8	23	15704	3551
1637	3	1	23	15712	215
1638	3	1	13	15720	10893
1639	4	14	13	15728	7619
1640	4	8	23	15736	12047
1641	0	12	23	15744	6854
1642	4	14	17	15752	713
1643	3	1	23	15760	1071
1644	4	14	23	15768	6446
1645	4	14	17	15776	7883
1646	4	14	29	15784	3496
1647	4	8	13	15792	2838
1648	3	1	29	15800	2363
1649	4	14	29	15808	6890
1650	4	14	17	15816	4842
1651	4	14	17	15824	3204
1652	3	1	23	15832	4374
1653	3	1	29	15840	1579
1654	4	14	29	15848	12008
1655	4	14	13	15856	1564
1656	3	1	17	15864	4877
1657	4	14	23	15872	13119
1658	4	14	17	15880	9544
1659	4	14	13	15888	6318
1660	3	1	17	15896	8160
1661	4	14	29	15904	1080
1662	3	1	13	15912	1441
1663	4	14	13	15920	1428
1664	4	8	17	15928	1818
1665	4	14	17	15936	5182
1666	4	14	29	15944	9352
1667	3	1	29	15952	1458
1668	4	8	23	16000	1817
1669	3	1	23	16009	8957
1670	4	8	13	16018	2263
1671	4	8	13	16027	568
1672	4	8	29	16036	1769
1673	4	8	13	16045	2176
1674	4	14	13	16054	7315
1675	0	12	29	16063	10845
1676	4	14	23	16072	14732
1677	3	1	23	16081	6845
1678	3	1	17	16090	5284
1679	3	1	13	16099	5797
1680	4	14	17	16108	3934
1681	4	14	29	16117	7206
1682	3	1	29	16126	15061
1683	4	14	13	16135	2861
1684	4	8	17	16144	7173
1685	3	1	23	16153	8276
1686	3	1	17	16162	3751
1687	4	8	29	16171	1038
1688	3	1	17	16180	111
1689	4	8	29	16189	13151
1690	4	14	29	16198	913
1691	3	1	29	16207	3935
1692	3	1	17	16216	624
1693	4	14	29	16225	605
1694	3	1	29	16234	15890
1695	3	1	29	16243	5007
1696	4	14	17	16252	2912
1697	4	14	13	16261	7949
1698	4	8	13	16270	8151
1699	4	8	13	16279	308
1700	4	8	17	16288	12600
1701	3	1	29	16297	1298
1702	0	12	17	16306	617
1703	0	12	17	16315	3218
1704	3	1	29	16324	1972
1705	3	1	13	16333	3371
1706	3	1	17	16342	860
1707	3	1	23	16351	1125
1708	4	14	29	16360	2668
1709	4	14	29	16400	67
1710	4	14	17	16408	1716
1711	0	12	23	16416	8657
1712	3	1	17	16424	1041
1713	3	1	13	16432	616
1714	4	14	29	16440	735
1715	3	1	17	16448	142
1716	3	1	29	16456	1204
1717	3	1	29	16464	6273
1718	3	1	23	16472	2515
1719	4	14	23	16480	2705
1720	4	8	29	16488	501
1721	3	1	13	16496	4494
1722	4	14	23	16504	1303
1723	4	14	23	16512	2060
1724	4	14	23	16520	4675
1725	4	14	17	16528	6558
1726	4	14	29	16536	17672
1727	3	1	29	16544	979
1728	4	14	13	16552	2308
1729	3	1	13	16560	535
1730	3	1	23	16568	2154
1731	4	14	23	16576	474
1732	4	8	23	16584	11958
1733	0	12	13	16592	4302
1734	0	12	29	16600	6603
1735	3	1	17	16608	1716
1736	4	14	23	16616	4710
1737	4	8	23	16624	2207
1738	3	1	17	16632	518
1739	3	1	17	16640	1226
1740	4	14	13	16648	4559
1741	4	8	29	16656	1805
1742	3	1	13	16664	5416
1743	3	1	23	16672	42
1744	3	1	23	16680	3805
1745	4	14	13	16688	1536
1746	4	14	17	16696	2022
1747	4	14	13	16704	7
1748	4	14	13	16712	14376
1749	4	14	17	16720	11686
1750	4	14	13	16728	2421
1751	0	12	23	16736	5171
1752	3	1	17	16744	2018
1753	3	1	17	16752	1900
1754	0	12	17	16800	12536
1755	4	14	17	16809	1326
1756	4	14	17	16818	27543
1757	0	12	23	16827	5395
1758	3	1	23	16836	7963
1759	3	1	17	16845	3502
1760	4	14	13	16854	3485
1761	4	14	23	16863	15004
1762	3	1	17	16872	6575
1763	4	8	23	16881	1793
1764	3	1	17	16890	3668
1765	4	14	29	16899	1082
1766	4	14	13	16908	10963
1767	3	1	13	16917	3378
1768	3	1	13	16926	1629
1769	3	1	17	16935	6837
1770	4	14	29	16944	1680
1771	4	8	17	16953	7226
1772	4	14	17	16962	4434
1773	0	12	17	16971	905
1774	4	14	23	16980	6673
1775	4	14	29	16989	5618
1776	4	14	13	16998	10819
1777	4	8	13	17007	1245
1778	3	1	13	17016	6219
1779	4	14	17	17025	1849
1780	0	12	29	17034	2104
1781	4	14	23	17043	17127
1782	4	14	23	17052	1121
1783	4	8	29	17061	2711
1784	3	1	13	17070	4450
1785	3	1	29	17079	4696
1786	3	1	17	17088	5030
1787	4	14	13	17097	3390
1788	4	14	29	17106	4849
1789	4	8	23	17115	2985
1790	4	14	13	17124	1722
1791	4	14	29	17133	12108
1792	4	14	13	17142	3290
1793	4	8	13	17151	3091
1794	4	14	17	17160	4589
1795	4	14	23	17169	4864
1796	4	14	23	17178	3251
1797	4	8	17	17187	1914
1798	4	14	13	17200	2112
1799	3	1	23	17210	1891
1800	4	14	13	17220	1935
1801	3	1	13	17230	7008
1802	3	1	29	17240	4400
1803	4	8	29	17250	666
1804	4	14	17	17260	3696
1805	4	14	23	17270	3852
1806	4	8	13	17280	228
1807	3	1	13	17290	860
1808	4	14	29	17300	3345
1809	4	8	17	17310	902
1810	4	14	17	17320	1717
1811	3	1	17	17330	5258
1812	3	1	17	17340	12117
1813	3	1	13	17350	2718
1814	3	1	17	17360	766
1815	0	12	17	17370	3619
1816	4	8	29	17380	5265
1817	4	8	23	17390	1509
1818	4	14	23	17400	4685
1819	4	8	17	17410	9605
1820	3	1	23	17420	2946
1821	4	8	13	17430	1809
1822	3	1	17	17440	8094
1823	4	8	23	17450	6615
1824	4	14	13	17460	2533
1825	4	14	29	17470	1986
1826	4	8	17	17480	1286
1827	4	14	17	17490	564
1828	3	1	29	17500	2937
1829	4	14	29	17510	456
1830	4	8	17	17520	883
1831	4	14	23	17530	3218
1832	4	8	29	17540	7786
1833	0	12	23	17550	2124
1834	0	12	17	17560	17281
1835	3	1	23	17570	3493
1836	4	8	23	17600	1536
1837	3	1	23	17610	382
1838	4	8	17	17620	8801
1839	4	14	17	17630	217
1840	4	8	29	17640	4035
1841	4	14	13	17650	2953
1842	4	14	13	17660	19
1843	4	14	17	17670	2776
1844	3	1	13	17680	778
1845	4	8	23	17690	3854
1846	4	8	23	17700	36792
1847	3	1	29	17710	279
1848	4	14	23	17720	1810
1849	3	1	13	17730	364
1850	4	14	23	17740	14255
1851	3	1	29	17750	1108
1852	3	1	29	17760	4688
1853	4	14	29	17770	2779
1854	4	14	13	17780	7735
1855	4	14	29	17790	79
1856	0	12	29	17800	12752
1857	4	8	17	17810	7821
1858	3	1	23	17820	4612
1859	0	12	17	17830	951
1860	4	14	17	17840	1681
1861	4	8	23	17850	10302
1862	0	12	13	17860	4475
1863	4	14	13	17870	2456
1864	4	14	29	17880	15
1865	4	8	23	17890	6366
1866	4	8	23	17900	8291
1867	3	1	29	17910	3102
1868	3	1	23	17920	2824
1869	4	14	23	17930	3583
1870	4	14	23	17940	1294
1871	4	14	13	17950	4095
1872	0	12	13	17960	2214
1873	4	8	13	17970	4054
1874	0	12	17	18000	1281
1875	3	1	17	18009	28293
1876	3	1	29	18018	1779
1877	3	1	29	18027	1830
1878	4	14	23	18036	3997
1879	3	1	17	18045	7607
1880	4	14	17	18054	1987
1881	4	14	17	18063	930
1882	0	12	23	18072	5838
1883	4	14	29	18081	2270
1884	4	14	13	18090	585
1885	4	14	17	18099	12505
1886	4	8	23	18108	7933
1887	3	1	29	18117	1762
1888	0	12	17	18126	3253
1889	3	1	23	18135	13656
1890	3	1	29	18144	3910
1891	0	12	17	18153	2468
1892	4	8	13	18162	2088
1893	4	8	29	18171	4527
1894	0	12	29	18180	4948
1895	4	14	17	18189	4971
1896	4	14	29	18198	7556
1897	4	14	13	18207	3158
1898	4	14	17	18216	2746
1899	0	12	17	18225	1914
1900	4	8	13	18234	5454
1901	4	14	23	18243	2466
1902	4	8	17	18252	3293
1903	4	14	29	18261	5917
1904	4	14	17	18270	6657
1905	4	8	23	18279	1607
1906	3	1	29	18288	6788
1907	4	8	23	18297	218
1908	4	14	23	18306	1029
1909	3	1	23	18315	7759
1910	3	1	29	18324	4321
1911	3	1	29	18333	3580
1912	4	8	23	18342	1027
1913	4	14	13	18351	7173
1914	3	1	13	18360	6860
1915	4	14	13	18369	583
1916	4	8	29	18400	679
1917	4	8	17	18407	1099
1918	0	12	29	18414	1558
1919	4	8	17	18421	195
1920	0	12	13	18428	10872
1921	4	14	23	18435	2917
1922	3	1	17	18442	16288
1923	4	14	13	18449	3100
1924	4	8	29	18456	13772
1925	4	14	13	18463	6768
1926	3	1	13	18470	1066
1927	4	14	13	18477	5506
1928	4	8	17	18484	10483
1929	0	12	13	18491	3307
1930	4	14	23	18498	651
1931	3	1	29	18505	6708
1932	4	14	17	18512	8177
1933	4	14	13	18519	1158
1934	3	1	17	18526	449
1935	0	12	29	18533	10710
1936	3	1	13	18540	4158
1937	0	12	23	18547	21600
1938	0	12	17	18554	3895
1939	4	14	23	18561	6545
1940	3	1	23	18568	600
1941	0	12	29	18575	6624
1942	4	14	17	18582	554
1943	4	14	23	18589	4820
1944	0	12	23	18596	1464
1945	0	12	29	18603	131
1946	4	14	29	18610	1066
1947	4	8	29	18617	3405
1948	4	14	29	18624	7794
1949	0	12	29	18631	3414
1950	4	14	17	18638	3241
1951	4	14	17	18645	3751
1952	4	14	13	18652	1010
1953	4	14	13	18659	2384
1954	0	12	17	18666	2365
1955	3	1	17	18673	1027
1956	4	8	13	18680	2595
1957	4	8	13	18687	87
1958	4	14	13	18694	6521
1959	0	12	17	18701	21062
1960	4	14	17	18708	407
1961	3	1	23	18715	286
1962	0	12	17	18722	538
1963	4	14	17	18729	4366
1964	4	14	13	18736	4895
1965	4	14	13	18743	7521
1966	4	14	17	18750	5105
1967	3	1	23	18800	14772
1968	3	1	29	18814	5196
1969	4	8	17	18828	8785
1970	3	1	13	18842	2687
1971	4	8	13	18856	700
1972	4	8	13	18870	3847
1973	4	8	13	18884	2913
1974	4	14	29	18898	9559
1975	4	14	13	18912	533
1976	0	12	17	18926	1966
1977	4	14	29	18940	1328
1978	4	14	23	18954	1060
1979	4	8	29	18968	10980
1980	4	14	17	18982	3488
1981	4	8	17	18996	4325
1982	0	12	17	19010	8832
1983	0	12	17	19024	1742
1984	3	1	29	19038	29
1985	0	12	13	19052	3121
1986	4	14	23	19066	3564
1987	4	14	17	19080	2189
1988	4	14	23	19094	6540
1989	0	12	29	19108	8478
1990	4	14	23	19122	2420
1991	4	8	29	19136	3920
1992	3	1	23	19150	849
1993	0	12	13	19164	3950
1994	4	8	13	19200	4930
1995	4	14	29	19266	290
1996	4	14	23	19332	4596
1997	0	12	29	19398	2503
1998	0	12	23	19464	20773
1999	4	8	23	19530	2458
