0	1	11	160	0	21900
1	4	7	80	3	1892
2	19	8	80	6	30353
3	4	7	80	9	14023
4	15	0	160	12	17758
5	15	0	80	15	18875
6	1	11	80	18	14845
7	5	13	120	21	12081
8	5	13	120	24	22922
9	15	0	200	27	20104
10	15	0	80	30	8139
11	15	0	120	33	41591
12	4	7	160	36	12869
13	3	16	80	39	48945
14	15	0	80	42	3342
15	6	19	80	45	449
16	15	0	200	48	1487
17	19	8	160	51	7460
18	3	16	80	54	1755
19	15	0	80	57	5409
20	6	19	160	60	35964
21	15	0	200	63	11138
22	6	19	160	66	35878
23	5	13	120	69	3064
24	5	13	120	72	13210
25	4	7	200	75	1568
26	15	0	200	78	21689
27	19	8	200	81	13828
28	5	13	80	84	12770
29	6	19	80	87	17760
30	5	13	200	90	11991
31	3	16	200	93	13458
32	4	7	200	96	6810
33	1	11	80	99	2652
34	5	13	120	102	689
35	3	16	120	105	5214
36	15	0	160	108	5156
37	6	19	80	111	3326
38	6	19	200	114	1150
39	15	0	200	117	54947
40	0	18	160	120	12012
41	0	18	200	123	1467
42	6	19	80	126	6949
43	1	11	120	129	5097
44	6	19	80	132	7816
45	15	0	80	135	3138
46	5	13	160	138	925
47	0	18	160	141	16304
48	15	0	80	144	1077
49	5	13	200	147	259
50	4	7	160	150	11441
51	19	8	200	153	5605
52	4	7	160	156	7934
53	5	13	200	159	3110
54	3	16	200	162	830
55	5	13	160	165	3199
56	15	0	160	168	2621
57	6	19	200	171	14247
58	19	8	160	174	264
59	5	13	160	177	12590
60	19	8	80	180	37660
61	1	11	80	183	312
62	1	11	120	186	46710
63	19	8	120	189	995
64	4	7	80	192	2394
65	6	19	80	195	20464
66	5	13	120	198	9206
67	4	7	120	201	7383
68	19	8	160	204	31443
69	6	19	200	207	26564
70	15	0	160	210	13956
71	3	16	200	213	24903
72	6	19	160	216	5574
73	5	13	80	219	1898
74	15	0	120	222	15729
75	5	13	200	225	21618
76	3	16	200	228	2165
77	6	19	120	231	11104
78	19	8	80	234	16476
79	6	19	120	237	6899
80	19	8	120	240	594
81	15	0	80	243	1170
82	4	7	160	246	10943
83	19	8	80	249	12049
84	4	7	120	252	2060
85	6	19	80	255	3591
86	19	8	120	258	2535
87	19	8	200	261	2749
88	19	8	120	264	1691
89	0	18	160	267	20698
90	5	13	160	270	2038
91	4	7	200	273	12747
92	15	0	120	276	2986
93	1	11	80	279	6993
94	19	8	160	282	403
95	19	8	160	285	11201
96	19	8	160	288	1747
97	15	0	200	291	5356
98	15	0	80	294	2166
99	19	8	80	297	12959
100	6	19	160	300	14228
101	1	11	80	400	11445
102	4	7	80	404	20300
103	4	7	120	408	2604
104	15	0	120	412	4875
105	3	16	200	416	16169
106	5	13	80	420	19
107	19	8	120	424	4939
108	6	19	160	428	8268
109	15	0	80	432	3165
110	3	16	200	436	857
111	4	7	120	440	10775
112	15	0	200	444	35544
113	5	13	80	448	10540
114	5	13	80	452	11039
115	4	7	80	456	23917
116	19	8	160	460	6690
117	1	11	80	464	5095
118	15	0	200	468	30579
119	15	0	200	472	30654
120	15	0	200	476	11860
121	5	13	120	480	4822
122	4	7	80	484	4769
123	15	0	200	488	1336
124	1	11	80	492	15914
125	5	13	200	496	404
126	5	13	120	500	12741
127	6	19	160	504	31895
128	6	19	160	508	1442
129	19	8	200	512	1582
130	6	19	80	516	14425
131	6	19	200	520	19621
132	15	0	80	524	6924
133	0	18	80	528	1082
134	1	11	160	532	16294
135	19	8	120	536	6821
136	6	19	80	540	3894
137	19	8	120	544	6192
138	4	7	200	548	4275
139	3	16	160	552	6489
140	4	7	200	556	3564
141	19	8	200	560	23013
142	5	13	80	564	14723
143	5	13	80	568	27585
144	19	8	200	572	16774
145	3	16	120	576	9950
146	15	0	200	580	14691
147	5	13	80	584	12120
148	15	0	200	588	22005
149	6	19	160	592	2226
150	1	11	200	596	2372
151	19	8	160	600	18701
152	1	11	200	604	6920
153	0	18	80	608	3339
154	3	16	80	612	397
155	3	16	120	616	5422
156	19	8	80	620	4054
157	5	13	80	624	14870
158	3	16	120	628	7408
159	5	13	160	632	4293
160	15	0	120	636	1078
161	19	8	160	640	893
162	6	19	200	644	3045
163	15	0	200	648	5628
164	3	16	200	652	9122
165	15	0	200	656	3676
166	6	19	120	660	2008
167	15	0	200	664	23766
168	4	7	160	668	22122
169	6	19	200	672	2205
170	19	8	80	676	10600
171	19	8	80	680	294
172	19	8	80	684	567
173	6	19	120	688	8416
174	6	19	80	692	13133
175	19	8	200	696	17886
176	19	8	80	700	11741
177	19	8	200	704	6711
178	19	8	80	708	5216
179	19	8	160	712	2249
180	19	8	200	716	4753
181	3	16	120	720	222
182	19	8	160	724	1127
183	19	8	200	728	34568
184	15	0	200	732	34619
185	15	0	160	800	28883
186	5	13	80	804	5483
187	15	0	200	808	2611
188	19	8	200	812	662
189	19	8	120	816	5721
190	0	18	120	820	1906
191	0	18	80	824	10036
192	15	0	80	828	34274
193	19	8	120	832	82757
194	5	13	80	836	4837
195	5	13	120	840	2458
196	5	13	80	844	11896
197	15	0	80	848	4849
198	3	16	80	852	5490
199	4	7	200	856	8057
200	6	19	80	860	6320
201	19	8	80	864	22297
202	1	11	160	868	18961
203	1	11	200	872	13389
204	15	0	120	876	10488
205	4	7	200	880	2023
206	0	18	120	884	16318
207	6	19	160	888	32647
208	6	19	80	892	10342
209	4	7	80	896	3577
210	4	7	80	900	16138
211	19	8	80	904	23452
212	6	19	200	908	5315
213	4	7	160	912	4104
214	6	19	160	916	43642
215	6	19	80	920	839
216	19	8	200	924	48224
217	15	0	200	928	3945
218	19	8	80	932	6750
219	6	19	120	936	11691
220	4	7	200	940	27282
221	19	8	120	944	38214
222	15	0	200	948	19820
223	4	7	80	952	7450
224	6	19	160	956	254
225	15	0	80	960	240
226	3	16	80	964	1023
227	19	8	160	968	580
228	1	11	80	972	2269
229	3	16	160	976	7847
230	6	19	200	980	1891
231	3	16	200	984	4138
232	19	8	200	988	757
233	15	0	120	992	23898
234	5	13	160	996	17199
235	19	8	160	1000	7917
236	0	18	160	1004	3048
237	15	0	160	1008	6482
238	3	16	160	1012	5377
239	6	19	80	1016	18669
240	6	19	80	1020	2186
241	19	8	160	1024	6801
242	3	16	160	1028	11545
243	15	0	160	1032	19070
244	15	0	120	1036	12253
245	3	16	80	1040	4084
246	6	19	80	1044	2811
247	6	19	120	1048	12694
248	5	13	200	1052	307
249	19	8	80	1056	3681
250	5	13	160	1060	2726
251	15	0	80	1064	5145
252	19	8	80	1068	27898
253	6	19	160	1072	16381
254	0	18	80	1076	10756
255	15	0	160	1080	7192
256	4	7	80	1084	436
257	15	0	160	1088	4833
258	6	19	120	1092	12643
259	19	8	120	1096	9930
260	1	11	160	1100	915
261	3	16	200	1104	14291
262	6	19	120	1108	17216
263	5	13	160	1112	1232
264	19	8	80	1116	1425
265	0	18	80	1120	7125
266	1	11	80	1124	19143
267	19	8	160	1128	8182
268	19	8	80	1132	9015
269	15	0	200	1136	8094
270	6	19	120	1140	22236
271	3	16	80	1144	9979
272	6	19	120	1148	30170
273	5	13	80	1200	12301
274	19	8	120	1204	7304
275	5	13	120	1208	7492
276	19	8	200	1212	4998
277	3	16	80	1216	149
278	6	19	160	1220	20758
279	5	13	120	1224	15822
280	4	7	200	1228	19991
281	6	19	200	1232	6723
282	6	19	200	1236	265
283	4	7	80	1240	28651
284	15	0	200	1244	3888
285	15	0	200	1248	19142
286	5	13	200	1252	5921
287	5	13	80	1256	4567
288	15	0	120	1260	3802
289	15	0	200	1264	4463
290	6	19	120	1268	7115
291	4	7	80	1272	26794
292	3	16	120	1276	17431
293	3	16	80	1280	19210
294	6	19	120	1284	15086
295	6	19	120	1288	7630
296	5	13	80	1292	13333
297	15	0	200	1296	8815
298	15	0	160	1300	13821
299	15	0	120	1304	2559
300	1	11	80	1308	8112
301	6	19	160	1312	15044
302	15	0	120	1316	1596
303	15	0	200	1320	9181
304	4	7	160	1324	6556
305	4	7	160	1328	12213
306	4	7	200	1332	6737
307	5	13	200	1336	3628
308	6	19	120	1340	4088
309	15	0	200	1344	1637
310	19	8	160	1348	1400
311	3	16	80	1352	283
312	4	7	200	1356	8531
313	4	7	200	1360	30139
314	15	0	160	1364	16726
315	6	19	160	1368	12410
316	15	0	200	1372	13456
317	4	7	80	1376	23062
318	15	0	200	1380	20634
319	3	16	120	1384	4537
320	15	0	80	1388	720
321	15	0	80	1392	7861
322	5	13	120	1396	3024
323	4	7	80	1400	2944
324	1	11	160	1404	531
325	5	13	120	1408	36059
326	0	18	160	1412	19229
327	5	13	120	1416	1544
328	19	8	160	1420	31194
329	6	19	200	1424	50716
330	0	18	80	1428	18935
331	3	16	80	1432	20603
332	5	13	160	1436	4777
333	15	0	120	1440	11951
334	4	7	120	1444	3310
335	15	0	120	1448	1216
336	19	8	160	1452	4355
337	15	0	80	1456	8014
338	19	8	120	1460	8014
339	5	13	120	1464	12199
340	5	13	200	1468	5497
341	19	8	200	1472	1650
342	15	0	160	1476	338
343	0	18	120	1480	1865
344	19	8	80	1484	2684
345	6	19	120	1488	6617
346	19	8	120	1492	5812
347	19	8	160	1496	22541
348	5	13	160	1500	569
349	19	8	200	1504	884
350	19	8	120	1508	19097
351	3	16	200	1512	20388
352	19	8	80	1516	14425
353	15	0	80	1520	5527
354	1	11	80	1524	1723
355	5	13	200	1528	129
356	4	7	120	1532	8121
357	5	13	80	1536	28497
358	15	0	120	1540	8113
359	19	8	120	1544	7629
360	4	7	200	1548	21990
361	19	8	160	1552	4432
362	6	19	120	1556	4900
363	0	18	120	1600	4337
364	6	19	160	1604	4876
365	15	0	160	1608	4106
366	15	0	120	1612	14247
367	6	19	160	1616	25264
368	19	8	120	1620	13589
369	19	8	120	1624	12786
370	6	19	80	1628	4988
371	19	8	200	1632	2483
372	5	13	200	1636	5477
373	5	13	160	1640	2420
374	15	0	120	1644	35327
375	15	0	80	1648	31868
376	19	8	120	1652	7235
377	4	7	200	1656	984
378	5	13	80	1660	207
379	15	0	80	1664	11592
380	5	13	80	1668	10030
381	1	11	80	1672	36295
382	19	8	160	1676	927
383	19	8	200	1680	23139
384	15	0	160	1684	2514
385	19	8	80	1688	44984
386	3	16	200	1692	1546
387	15	0	160	1696	38430
388	15	0	80	1700	8242
389	19	8	120	1704	3141
390	6	19	200	1708	11136
391	15	0	120	1712	6078
392	0	18	200	1716	65682
393	19	8	80	1720	202
394	3	16	120	1724	19204
395	6	19	120	1728	725
396	6	19	160	1732	18916
397	15	0	80	1736	15468
398	6	19	200	1740	19932
399	1	11	120	1744	28988
400	15	0	200	1748	15665
401	5	13	160	1752	8456
402	19	8	80	1756	2227
403	6	19	120	1760	5949
404	5	13	160	1764	15755
405	19	8	120	1768	11281
406	19	8	80	1772	7188
407	15	0	160	1776	8727
408	0	18	160	1780	6572
409	5	13	80	1784	2738
410	5	13	120	1788	9796
411	19	8	160	1792	6392
412	19	8	80	1796	26468
413	0	18	80	1800	24668
414	6	19	120	1804	28117
415	3	16	160	1808	26332
416	19	8	200	1812	3205
417	6	19	160	1816	7862
418	5	13	200	1820	1456
419	15	0	160	1824	5308
420	6	19	160	1828	2219
421	3	16	200	1832	15964
422	19	8	120	1836	5762
423	0	18	80	1840	7117
424	6	19	120	1844	625
425	19	8	160	1848	34314
426	19	8	80	1852	2545
427	5	13	160	1856	5164
428	3	16	80	1860	5823
429	3	16	200	1864	26342
430	4	7	160	1868	1760
431	4	7	120	1872	15637
432	19	8	80	1876	3755
433	5	13	160	1880	1350
434	19	8	80	1884	26536
435	19	8	120	1888	752
436	3	16	80	1892	18279
437	6	19	120	1896	13804
438	6	19	80	1900	1583
439	19	8	80	1904	10398
440	3	16	200	1908	8952
441	6	19	120	1912	11121
442	15	0	200	1916	9255
443	4	7	80	1920	4157
444	15	0	200	2000	13391
445	6	19	120	2006	2553
446	15	0	120	2012	8501
447	19	8	160	2018	1586
448	5	13	200	2024	1435
449	0	18	200	2030	28843
450	6	19	160	2036	20864
451	19	8	200	2042	4498
452	6	19	120	2048	11304
453	19	8	80	2054	7230
454	6	19	160	2060	16250
455	6	19	80	2066	60138
456	15	0	80	2072	1594
457	19	8	80	2078	15361
458	19	8	200	2084	4988
459	6	19	200	2090	18629
460	19	8	120	2096	6501
461	6	19	120	2102	1276
462	6	19	160	2108	1702
463	19	8	160	2114	9139
464	3	16	120	2120	839
465	3	16	80	2126	21237
466	3	16	160	2132	1869
467	6	19	160	2138	18355
468	1	11	80	2144	47912
469	15	0	200	2150	22233
470	0	18	160	2156	1352
471	6	19	120	2162	9607
472	19	8	120	2168	5299
473	6	19	160	2174	9181
474	6	19	200	2180	21385
475	1	11	120	2186	9979
476	6	19	80	2192	2648
477	6	19	120	2198	1111
478	5	13	80	2204	17900
479	19	8	200	2210	23519
480	4	7	120	2216	6853
481	19	8	160	2222	836
482	19	8	200	2228	3246
483	1	11	80	2234	7729
484	15	0	120	2240	799
485	4	7	160	2246	20837
486	15	0	200	2252	1509
487	0	18	200	2258	20324
488	19	8	200	2264	5441
489	6	19	80	2270	27288
490	5	13	80	2276	33054
491	3	16	80	2282	742
492	6	19	120	2288	5047
493	1	11	120	2294	4902
494	19	8	200	2300	2111
495	15	0	120	2306	6637
496	0	18	200	2312	7661
497	15	0	80	2318	54
498	1	11	160	2324	3063
499	6	19	200	2330	22199
500	5	13	200	2336	582
501	1	11	200	2342	15456
502	19	8	120	2348	1841
503	15	0	200	2354	3769
504	0	18	80	2360	19497
505	19	8	80	2366	3831
506	0	18	160	2372	37378
507	19	8	160	2378	941
508	5	13	120	2384	11637
509	5	13	120	2390	2340
510	19	8	80	2400	19035
511	0	18	200	2405	439
512	15	0	200	2410	35247
513	19	8	200	2415	7869
514	4	7	160	2420	5227
515	1	11	200	2425	5186
516	6	19	160	2430	23933
517	5	13	120	2435	12853
518	4	7	120	2440	7588
519	19	8	160	2445	3351
520	5	13	80	2450	14915
521	3	16	160	2455	4772
522	15	0	160	2460	6511
523	15	0	80	2465	1058
524	5	13	200	2470	28480
525	19	8	160	2475	572
526	0	18	80	2480	2791
527	19	8	200	2485	262
528	15	0	200	2490	5609
529	19	8	120	2495	6268
530	0	18	120	2500	1168
531	19	8	200	2505	2580
532	6	19	160	2510	23870
533	19	8	80	2515	32303
534	6	19	80	2520	20039
535	3	16	120	2525	14892
536	19	8	80	2530	31096
537	4	7	80	2535	41105
538	1	11	80	2540	13371
539	15	0	80	2545	18791
540	4	7	80	2550	24321
541	19	8	120	2555	524
542	15	0	160	2560	2607
543	6	19	120	2565	2490
544	6	19	200	2570	1288
545	4	7	120	2575	27683
546	6	19	80	2580	1439
547	6	19	120	2585	23799
548	19	8	160	2590	48355
549	15	0	80	2595	19953
550	3	16	200	2600	9877
551	15	0	160	2605	20217
552	6	19	200	2610	9210
553	3	16	80	2615	47946
554	3	16	160	2620	1689
555	4	7	80	2625	15244
556	5	13	80	2630	4373
557	5	13	120	2635	714
558	5	13	80	2640	5406
559	3	16	160	2645	16951
560	19	8	80	2650	815
561	3	16	160	2655	32611
562	4	7	200	2660	14529
563	6	19	200	2665	2889
564	5	13	80	2670	1058
565	3	16	120	2675	11050
566	6	19	80	2680	2275
567	15	0	200	2685	178
568	5	13	200	2690	13276
569	1	11	120	2695	12333
570	1	11	160	2700	6658
571	5	13	160	2705	27211
572	5	13	80	2710	50829
573	6	19	80	2715	13581
574	15	0	120	2720	5648
575	6	19	200	2725	13257
576	5	13	80	2730	1709
577	4	7	120	2735	3158
578	3	16	80	2800	48652
579	0	18	120	2804	77
580	5	13	160	2808	32534
581	6	19	160	2812	5080
582	0	18	120	2816	482
583	19	8	200	2820	9934
584	15	0	160	2824	22444
585	5	13	160	2828	3912
586	4	7	200	2832	12862
587	5	13	160	2836	25603
588	15	0	160	2840	19370
589	4	7	80	2844	1164
590	15	0	80	2848	6240
591	15	0	160	2852	24233
592	19	8	200	2856	11139
593	19	8	160	2860	29631
594	15	0	80	2864	15508
595	3	16	120	2868	32666
596	6	19	120	2872	4998
597	3	16	160	2876	47789
598	1	11	120	2880	1304
599	5	13	160	2884	8317
600	15	0	120	2888	15610
601	19	8	80	2892	1241
602	3	16	160	2896	2575
603	15	0	120	2900	4986
604	15	0	120	2904	5824
605	15	0	80	2908	13105
606	5	13	160	2912	21192
607	19	8	160	2916	23449
608	6	19	160	2920	11181
609	6	19	200	2924	7451
610	19	8	200	2928	10596
611	3	16	200	2932	922
612	4	7	80	2936	937
613	5	13	160	2940	5286
614	15	0	80	2944	20775
615	6	19	120	2948	15299
616	3	16	120	2952	26993
617	5	13	80	2956	1796
618	15	0	120	2960	5506
619	0	18	120	2964	19689
620	19	8	120	2968	34625
621	4	7	160	2972	4129
622	19	8	120	2976	2886
623	3	16	160	2980	10317
624	4	7	80	2984	3241
625	5	13	80	2988	9812
626	6	19	160	2992	4138
627	5	13	160	2996	873
628	19	8	80	3000	36482
629	6	19	80	3004	6983
630	0	18	120	3008	4770
631	5	13	160	3012	1970
632	3	16	200	3016	1649
633	15	0	160	3020	7909
634	4	7	80	3024	3920
635	6	19	120	3028	21641
636	5	13	80	3032	1978
637	4	7	200	3036	14424
638	4	7	160	3040	2359
639	19	8	120	3044	2402
640	0	18	80	3048	7157
641	5	13	120	3052	19273
642	15	0	200	3056	3866
643	3	16	160	3060	4956
644	5	13	80	3064	8462
645	15	0	120	3068	4832
646	5	13	120	3072	18848
647	5	13	120	3076	3427
648	4	7	120	3080	1163
649	3	16	160	3084	57
650	19	8	80	3088	486
651	4	7	120	3092	2703
652	5	13	80	3096	11402
653	1	11	200	3100	4225
654	6	19	120	3104	9737
655	6	19	160	3108	6884
656	19	8	200	3112	25901
657	0	18	200	3116	11497
658	6	19	120	3120	1308
659	4	7	80	3124	20982
660	4	7	160	3128	5597
661	19	8	200	3132	17066
662	1	11	160	3136	28390
663	1	11	160	3140	2163
664	6	19	120	3144	1733
665	6	19	120	3148	6852
666	19	8	200	3152	34936
667	6	19	160	3200	10772
668	3	16	120	3204	969
669	4	7	200	3208	52756
670	3	16	120	3212	10086
671	19	8	120	3216	2604
672	3	16	160	3220	38791
673	19	8	200	3224	2478
674	19	8	80	3228	5297
675	6	19	80	3232	1877
676	6	19	200	3236	189
677	19	8	160	3240	24991
678	15	0	160	3244	880
679	6	19	200	3248	28269
680	19	8	160	3252	17453
681	3	16	80	3256	530
682	3	16	80	3260	45673
683	15	0	120	3264	35330
684	6	19	200	3268	6158
685	19	8	200	3272	1620
686	19	8	160	3276	9268
687	3	16	200	3280	21376
688	4	7	80	3284	31387
689	15	0	120	3288	22152
690	15	0	120	3292	36135
691	5	13	80	3296	9205
692	15	0	160	3300	10879
693	19	8	120	3304	5215
694	15	0	200	3308	19843
695	0	18	120	3312	14071
696	4	7	160	3316	26842
697	15	0	80	3320	1404
698	15	0	80	3324	2735
699	19	8	200	3328	882
700	15	0	120	3332	5851
701	19	8	200	3336	2672
702	5	13	80	3340	2248
703	19	8	160	3344	1327
704	19	8	120	3348	6878
705	1	11	160	3352	22342
706	1	11	200	3356	3311
707	6	19	80	3360	6677
708	1	11	160	3364	33741
709	19	8	120	3368	6351
710	1	11	200	3372	6554
711	19	8	120	3376	109
712	5	13	120	3380	9465
713	19	8	120	3384	2649
714	4	7	160	3388	736
715	3	16	120	3392	4797
716	19	8	160	3396	18226
717	5	13	120	3400	38265
718	6	19	200	3404	17303
719	15	0	160	3408	98
720	6	19	200	3412	27271
721	15	0	200	3416	1452
722	3	16	160	3420	13145
723	5	13	200	3424	3221
724	6	19	120	3428	451
725	19	8	120	3432	401
726	3	16	160	3436	10965
727	4	7	80	3440	11239
728	3	16	80	3444	5696
729	19	8	200	3448	13176
730	4	7	120	3452	3478
731	15	0	160	3456	28276
732	3	16	120	3460	13360
733	19	8	200	3464	105397
734	19	8	120	3468	8789
735	0	18	200	3472	10039
736	15	0	80	3476	24705
737	3	16	120	3480	24765
738	15	0	80	3484	8586
739	5	13	80	3488	9765
740	15	0	80	3492	25975
741	6	19	120	3496	1416
742	1	11	80	3500	26673
743	4	7	200	3504	8705
744	15	0	160	3508	6563
745	15	0	200	3512	34099
746	19	8	200	3516	55287
747	19	8	80	3520	6089
748	15	0	160	3524	4160
749	6	19	120	3528	7825
750	3	16	160	3532	28814
751	19	8	80	3536	32694
752	3	16	120	3540	5112
753	19	8	160	3544	2612
754	4	7	200	3548	2293
755	19	8	120	3552	3807
756	15	0	80	3556	9163
757	19	8	80	3560	32872
758	6	19	120	3564	842
759	1	11	80	3568	6198
760	19	8	80	3600	3382
761	19	8	160	3605	12032
762	5	13	80	3610	600
763	3	16	200	3615	3833
764	15	0	200	3620	2082
765	4	7	80	3625	8698
766	19	8	80	3630	4941
767	6	19	120	3635	9469
768	1	11	80	3640	13630
769	4	7	160	3645	8142
770	5	13	120	3650	7331
771	15	0	80	3655	28633
772	6	19	120	3660	7124
773	3	16	160	3665	2778
774	19	8	160	3670	1574
775	3	16	120	3675	18478
776	15	0	160	3680	3017
777	19	8	160	3685	1946
778	15	0	120	3690	20195
779	15	0	160	3695	1201
780	19	8	120	3700	525
781	5	13	120	3705	2692
782	6	19	120	3710	4540
783	6	19	200	3715	27496
784	15	0	80	3720	16980
785	5	13	80	3725	4578
786	15	0	120	3730	9805
787	4	7	160	3735	7752
788	6	19	200	3740	20975
789	19	8	80	3745	3410
790	4	7	160	3750	400
791	19	8	200	3755	33176
792	6	19	80	3760	19629
793	15	0	80	3765	1366
794	6	19	80	3770	4473
795	19	8	120	3775	3485
796	3	16	120	3780	775
797	19	8	120	3785	11556
798	6	19	200	3790	5291
799	5	13	120	3795	28331
800	19	8	200	3800	11119
801	6	19	120	3805	7049
802	15	0	80	3810	15239
803	5	13	80	3815	19334
804	4	7	80	3820	265
805	6	19	160	3825	16
806	5	13	200	3830	8002
807	19	8	200	3835	1813
808	19	8	80	3840	905
809	3	16	160	3845	5899
810	4	7	160	3850	610
811	19	8	160	3855	5820
812	4	7	200	3860	1550
813	19	8	200	3865	43159
814	3	16	160	3870	5365
815	6	19	160	3875	547
816	4	7	80	3880	4593
817	15	0	120	3885	1949
818	5	13	160	3890	8716
819	5	13	160	3895	22152
820	15	0	160	3900	37846
821	15	0	120	3905	23737
822	19	8	160	3910	15271
823	4	7	200	3915	6776
824	19	8	80	3920	7390
825	6	19	120	3925	8811
826	3	16	200	3930	1301
827	19	8	120	3935	4987
828	15	0	120	3940	27102
829	3	16	80	3945	24564
830	19	8	80	3950	15406
831	15	0	120	3955	11117
832	5	13	200	3960	18908
833	5	13	200	3965	28696
834	19	8	160	3970	8106
835	5	13	80	3975	10954
836	15	0	120	3980	7889
837	4	7	120	3985	8675
838	5	13	160	4000	25142
839	5	13	160	4005	16912
840	19	8	80	4010	21298
841	15	0	160	4015	6496
842	4	7	120	4020	6194
843	5	13	120	4025	6904
844	15	0	160	4030	2644
845	5	13	80	4035	12546
846	15	0	80	4040	20300
847	15	0	120	4045	21450
848	6	19	120	4050	16498
849	19	8	160	4055	3720
850	6	19	80	4060	32622
851	5	13	80	4065	29252
852	15	0	160	4070	1289
853	3	16	80	4075	8668
854	15	0	160	4080	35561
855	4	7	120	4085	16277
856	6	19	160	4090	15463
857	6	19	120	4095	4070
858	5	13	200	4100	4995
859	15	0	160	4105	8359
860	5	13	160	4110	27460
861	6	19	160	4115	1902
862	4	7	120	4120	3368
863	19	8	80	4125	2704
864	3	16	120	4130	13135
865	6	19	120	4135	7076
866	6	19	200	4140	10733
867	19	8	200	4145	2870
868	0	18	80	4150	7880
869	15	0	120	4155	17221
870	19	8	120	4160	9927
871	1	11	160	4165	19518
872	5	13	160	4170	3825
873	0	18	80	4175	17158
874	5	13	120	4180	140
875	19	8	80	4185	9298
876	5	13	80	4190	7359
877	6	19	120	4195	3982
878	6	19	120	4200	3194
879	6	19	80	4205	20012
880	19	8	120	4210	14623
881	5	13	160	4215	3779
882	5	13	200	4220	10785
883	15	0	200	4225	11895
884	6	19	200	4230	33148
885	6	19	80	4235	19953
886	3	16	160	4240	8369
887	4	7	160	4245	3920
888	15	0	80	4250	38667
889	6	19	120	4255	16573
890	15	0	160	4260	24882
891	1	11	200	4265	2590
892	19	8	160	4270	2296
893	6	19	80	4275	5643
894	19	8	80	4280	23350
895	6	19	160	4285	13818
896	5	13	120	4290	2284
897	6	19	120	4295	2699
898	3	16	200	4300	17748
899	3	16	120	4305	16744
900	19	8	120	4310	708
901	15	0	80	4315	11087
902	15	0	120	4320	5191
903	15	0	80	4325	50556
904	0	18	120	4330	14600
905	6	19	160	4335	1679
906	0	18	120	4340	12248
907	6	19	160	4345	5008
908	15	0	160	4350	8384
909	19	8	160	4355	6313
910	19	8	120	4360	4008
911	0	18	120	4365	6999
912	19	8	200	4370	665
913	15	0	200	4400	9039
914	19	8	120	4406	19157
915	19	8	80	4412	11878
916	3	16	200	4418	9681
917	15	0	160	4424	11479
918	4	7	80	4430	3693
919	15	0	80	4436	23168
920	5	13	160	4442	34453
921	3	16	80	4448	4495
922	4	7	200	4454	3493
923	6	19	200	4460	15834
924	0	18	200	4466	26234
925	19	8	120	4472	5517
926	4	7	80	4478	11906
927	15	0	120	4484	27365
928	1	11	80	4490	28060
929	19	8	200	4496	4766
930	6	19	200	4502	5467
931	19	8	160	4508	3564
932	5	13	120	4514	8566
933	6	19	80	4520	7880
934	15	0	160	4526	16828
935	0	18	120	4532	1281
936	15	0	80	4538	30161
937	6	19	160	4544	11230
938	15	0	120	4550	31103
939	19	8	120	4556	19692
940	6	19	160	4562	2246
941	6	19	80	4568	2105
942	6	19	200	4574	17951
943	19	8	160	4580	9609
944	15	0	200	4586	7499
945	15	0	80	4592	6794
946	3	16	80	4598	1812
947	1	11	160	4604	12425
948	15	0	200	4610	10347
949	19	8	200	4616	3117
950	5	13	160	4622	1673
951	19	8	160	4628	9783
952	4	7	80	4634	33084
953	6	19	160	4640	29894
954	15	0	160	4646	19858
955	15	0	80	4652	16392
956	6	19	120	4658	5178
957	4	7	160	4664	11561
958	15	0	120	4670	1231
959	3	16	80	4676	4899
960	5	13	120	4682	8351
961	4	7	200	4688	16253
962	6	19	160	4694	6909
963	15	0	200	4700	2307
964	4	7	200	4706	529
965	0	18	160	4712	328
966	15	0	200	4718	32204
967	6	19	200	4724	10197
968	3	16	80	4730	17911
969	19	8	200	4736	14291
970	5	13	200	4742	14828
971	6	19	80	4748	35016
972	19	8	80	4754	14081
973	4	7	160	4760	7365
974	1	11	160	4766	13832
975	15	0	160	4772	18303
976	15	0	120	4778	9226
977	5	13	80	4784	14510
978	19	8	200	4790	3744
979	4	7	160	4800	7291
980	15	0	80	4803	3111
981	3	16	160	4806	49847
982	3	16	160	4809	4626
983	3	16	80	4812	13478
984	6	19	80	4815	2642
985	15	0	80	4818	19829
986	15	0	120	4821	4636
987	15	0	160	4824	10789
988	15	0	120	4827	13397
989	19	8	160	4830	109
990	6	19	200	4833	16674
991	5	13	160	4836	4290
992	19	8	120	4839	8565
993	6	19	120	4842	10697
994	15	0	80	4845	4363
995	4	7	160	4848	6720
996	0	18	120	4851	15413
997	15	0	80	4854	11025
998	6	19	200	4857	8507
999	15	0	120	4860	6909
1000	3	16	120	4863	8332
1001	15	0	80	4866	10063
1002	19	8	120	4869	24457
1003	15	0	200	4872	25618
1004	6	19	80	4875	8792
1005	19	8	160	4878	2442
1006	19	8	160	4881	24190
1007	19	8	120	4884	7797
1008	6	19	80	4887	3182
1009	0	18	80	4890	321
1010	3	16	200	4893	2804
1011	3	16	80	4896	12560
1012	5	13	200	4899	5176
1013	6	19	160	4902	12332
1014	6	19	200	4905	1355
1015	3	16	200	4908	8735
1016	3	16	120	4911	6577
1017	5	13	120	4914	17274
1018	4	7	160	4917	45427
1019	6	19	160	4920	3210
1020	5	13	80	4923	14709
1021	19	8	80	4926	4961
1022	19	8	120	4929	27625
1023	4	7	160	4932	17435
1024	6	19	80	4935	34862
1025	1	11	120	4938	6306
1026	15	0	160	4941	6867
1027	6	19	160	4944	1274
1028	6	19	160	4947	2004
1029	15	0	200	4950	3539
1030	15	0	80	4953	733
1031	19	8	120	4956	32889
1032	19	8	120	4959	2583
1033	4	7	120	4962	21283
1034	3	16	120	4965	37141
1035	0	18	80	4968	12969
1036	4	7	80	4971	1460
1037	6	19	160	4974	6919
1038	6	19	80	4977	2026
1039	15	0	160	4980	162
1040	19	8	160	4983	34090
1041	15	0	200	4986	22192
1042	4	7	160	4989	5357
1043	15	0	120	4992	12465
1044	15	0	160	4995	19353
1045	5	13	200	4998	1289
1046	19	8	200	5001	35993
1047	5	13	200	5004	24300
1048	19	8	160	5007	7919
1049	6	19	120	5010	18599
1050	3	16	120	5013	82
1051	15	0	80	5016	38693
1052	6	19	120	5019	11728
1053	19	8	80	5022	3827
1054	4	7	80	5025	15768
1055	4	7	80	5028	2120
1056	19	8	160	5031	13222
1057	15	0	160	5034	1312
1058	4	7	200	5037	33075
1059	6	19	200	5040	1406
1060	3	16	200	5043	16560
1061	5	13	200	5046	17430
1062	5	13	200	5049	4698
1063	15	0	120	5052	45552
1064	4	7	80	5055	41002
1065	5	13	160	5058	3824
1066	4	7	200	5061	7287
1067	3	16	120	5064	8810
1068	5	13	120	5067	13956
1069	6	19	160	5070	7089
1070	19	8	160	5073	6180
1071	15	0	160	5076	49442
1072	19	8	120	5079	11225
1073	6	19	80	5082	39832
1074	15	0	80	5085	4163
1075	15	0	120	5088	23925
1076	6	19	160	5091	46084
1077	3	16	80	5094	3513
1078	6	19	200	5097	40385
1079	3	16	120	5100	22245
1080	3	16	120	5103	7363
1081	5	13	200	5106	10064
1082	6	19	80	5109	11536
1083	0	18	120	5112	5470
1084	15	0	160	5115	3429
1085	1	11	80	5118	1251
1086	4	7	200	5200	4483
1087	19	8	80	5206	30407
1088	19	8	120	5212	1251
1089	19	8	80	5218	18885
1090	3	16	120	5224	59426
1091	6	19	120	5230	132
1092	4	7	200	5236	8359
1093	1	11	120	5242	549
1094	6	19	200	5248	3695
1095	5	13	200	5254	2317
1096	5	13	80	5260	8775
1097	6	19	120	5266	5786
1098	5	13	80	5272	13633
1099	5	13	80	5278	9002
1100	3	16	200	5284	12485
1101	15	0	160	5290	6746
1102	19	8	160	5296	2389
1103	6	19	200	5302	452
1104	15	0	160	5308	5837
1105	6	19	160	5314	280
1106	19	8	160	5320	5218
1107	19	8	120	5326	12941
1108	4	7	80	5332	46907
1109	15	0	200	5338	24248
1110	15	0	160	5344	2432
1111	15	0	120	5350	6411
1112	3	16	200	5356	1784
1113	1	11	120	5362	1172
1114	5	13	120	5368	12666
1115	19	8	200	5374	2391
1116	19	8	160	5380	1927
1117	5	13	120	5386	37995
1118	1	11	160	5392	15666
1119	3	16	80	5398	24313
1120	1	11	160	5404	38977
1121	5	13	160	5410	9176
1122	3	16	200	5416	6559
1123	6	19	80	5422	27013
1124	4	7	80	5428	7243
1125	4	7	80	5434	5962
1126	5	13	160	5440	7894
1127	15	0	80	5446	9928
1128	1	11	120	5452	14398
1129	4	7	80	5458	1500
1130	4	7	80	5464	5079
1131	0	18	80	5470	10874
1132	15	0	80	5476	10265
1133	3	16	160	5482	6909
1134	0	18	120	5488	2627
1135	5	13	200	5494	347
1136	5	13	120	5500	5876
1137	19	8	80	5506	10427
1138	5	13	160	5512	47496
1139	1	11	200	5518	3066
1140	4	7	120	5524	16463
1141	5	13	160	5530	12663
1142	15	0	80	5536	33904
1143	5	13	160	5542	3160
1144	4	7	120	5548	11276
1145	6	19	80	5554	10382
1146	5	13	160	5560	24746
1147	3	16	120	5566	6303
1148	15	0	200	5572	5986
1149	15	0	200	5578	1057
1150	6	19	80	5584	330
1151	1	11	160	5600	9875
1152	6	19	160	5605	12721
1153	4	7	80	5610	19978
1154	5	13	120	5615	10032
1155	15	0	80	5620	1427
1156	6	19	160	5625	107
1157	6	19	120	5630	4039
1158	4	7	160	5635	10519
1159	5	13	160	5640	60741
1160	3	16	200	5645	9346
1161	1	11	160	5650	18717
1162	19	8	80	5655	38961
1163	0	18	200	5660	23800
1164	5	13	160	5665	8865
1165	15	0	120	5670	10627
1166	19	8	120	5675	21916
1167	0	18	80	5680	14464
1168	1	11	80	5685	27214
1169	19	8	120	5690	11720
1170	6	19	160	5695	18929
1171	0	18	120	5700	10065
1172	19	8	200	5705	45236
1173	0	18	200	5710	8401
1174	19	8	160	5715	1557
1175	15	0	80	5720	4439
1176	15	0	160	5725	10811
1177	19	8	120	5730	2521
1178	4	7	160	5735	4033
1179	15	0	80	5740	24874
1180	19	8	160	5745	8775
1181	4	7	80	5750	915
1182	0	18	80	5755	2236
1183	5	13	160	5760	11435
1184	15	0	80	5765	1136
1185	3	16	160	5770	18404
1186	6	19	160	5775	34241
1187	6	19	200	5780	17333
1188	15	0	80	5785	24587
1189	4	7	80	5790	1059
1190	19	8	80	5795	237
1191	19	8	200	5800	1282
1192	15	0	160	5805	68975
1193	19	8	80	5810	52331
1194	19	8	200	5815	13839
1195	3	16	200	5820	37640
1196	6	19	160	5825	14085
1197	6	19	80	5830	978
1198	0	18	200	5835	14823
1199	6	19	80	5840	263
1200	15	0	160	5845	16165
1201	5	13	120	5850	2270
1202	0	18	120	5855	8612
1203	19	8	160	5860	17600
1204	3	16	80	5865	4124
1205	6	19	160	5870	7381
1206	1	11	160	5875	10522
1207	6	19	200	5880	1951
1208	5	13	160	5885	14016
1209	15	0	120	5890	3570
1210	1	11	160	5895	8766
1211	15	0	120	5900	20538
1212	4	7	200	5905	4
1213	6	19	120	5910	14839
1214	6	19	80	5915	7730
1215	19	8	160	5920	7565
1216	1	11	160	5925	11604
1217	6	19	120	5930	5108
1218	4	7	200	5935	17743
1219	3	16	80	5940	16075
1220	3	16	200	5945	12433
1221	5	13	160	5950	934
1222	4	7	200	5955	21213
1223	19	8	200	5960	20055
1224	19	8	120	6000	11112
1225	15	0	200	6005	14137
1226	5	13	200	6010	10154
1227	0	18	200	6015	54915
1228	0	18	200	6020	20516
1229	15	0	200	6025	2166
1230	4	7	160	6030	11561
1231	3	16	160	6035	8695
1232	15	0	120	6040	7853
1233	15	0	160	6045	3674
1234	1	11	160	6050	1728
1235	5	13	80	6055	5101
1236	4	7	200	6060	9886
1237	4	7	160	6065	6144
1238	4	7	120	6070	4690
1239	5	13	120	6075	11960
1240	3	16	200	6080	2682
1241	1	11	160	6085	18857
1242	3	16	80	6090	936
1243	3	16	200	6095	11416
1244	3	16	160	6100	10019
1245	3	16	200	6105	2680
1246	15	0	200	6110	1277
1247	3	16	80	6115	4062
1248	5	13	200	6120	8616
1249	3	16	120	6125	2931
1250	1	11	120	6130	4927
1251	19	8	80	6135	5061
1252	5	13	120	6140	4388
1253	19	8	160	6145	42562
1254	5	13	80	6150	5669
1255	4	7	80	6155	13128
1256	3	16	160	6160	5042
1257	3	16	120	6165	14453
1258	19	8	120	6170	2170
1259	6	19	80	6175	10957
1260	3	16	200	6180	26321
1261	1	11	200	6185	10823
1262	5	13	80	6190	4823
1263	15	0	200	6195	8904
1264	5	13	200	6200	12224
1265	19	8	80	6205	34
1266	19	8	200	6210	4970
1267	6	19	80	6215	16009
1268	5	13	200	6220	10281
1269	3	16	80	6225	1651
1270	15	0	200	6230	28421
1271	19	8	80	6235	2967
1272	4	7	80	6240	281
1273	19	8	120	6245	1825
1274	0	18	120	6250	9259
1275	1	11	80	6255	23001
1276	4	7	120	6260	100961
1277	3	16	80	6265	2912
1278	15	0	120	6270	3386
1279	15	0	120	6275	6204
1280	1	11	200	6280	10733
1281	3	16	200	6285	4005
1282	15	0	200	6290	7787
1283	19	8	160	6295	11064
1284	15	0	160	6300	21150
1285	4	7	120	6305	3847
1286	15	0	80	6310	2816
1287	19	8	200	6315	8538
1288	5	13	160	6320	26186
1289	19	8	160	6325	7596
1290	4	7	120	6330	38
1291	1	11	120	6335	23689
1292	5	13	80	6340	3218
1293	15	0	80	6345	15482
1294	3	16	160	6350	16278
1295	1	11	200	6355	11180
1296	15	0	160	6360	7421
1297	6	19	120	6365	9615
1298	15	0	200	6400	44198
1299	4	7	160	6404	9941
1300	4	7	200	6408	23682
1301	3	16	200	6412	5437
1302	15	0	80	6416	14924
1303	4	7	200	6420	5808
1304	6	19	120	6424	4459
1305	4	7	120	6428	1502
1306	15	0	80	6432	4644
1307	5	13	200	6436	2165
1308	19	8	120	6440	6818
1309	5	13	200	6444	8898
1310	0	18	160	6448	13136
1311	19	8	160	6452	1638
1312	5	13	80	6456	7267
1313	0	18	200	6460	17211
1314	5	13	120	6464	91
1315	19	8	80	6468	11136
1316	5	13	80	6472	1490
1317	6	19	160	6476	15654
1318	19	8	120	6480	14266
1319	3	16	120	6484	5442
1320	3	16	200	6488	18936
1321	1	11	80	6492	21265
1322	3	16	160	6496	22717
1323	15	0	120	6500	1350
1324	19	8	160	6504	1607
1325	6	19	120	6508	555
1326	6	19	200	6512	49466
1327	6	19	200	6516	4252
1328	15	0	200	6520	6103
1329	19	8	120	6524	32189
1330	5	13	160	6528	5964
1331	15	0	200	6532	7141
1332	5	13	80	6536	3303
1333	6	19	200	6540	13771
1334	6	19	120	6544	9388
1335	19	8	80	6548	3086
1336	6	19	160	6552	10186
1337	5	13	200	6556	1180
1338	5	13	80	6560	4142
1339	5	13	80	6564	14882
1340	6	19	120	6568	36793
1341	5	13	120	6572	541
1342	1	11	120	6576	943
1343	0	18	160	6580	5423
1344	19	8	200	6584	19536
1345	5	13	200	6588	25014
1346	15	0	120	6592	6267
1347	5	13	120	6596	7699
1348	5	13	200	6600	15157
1349	4	7	160	6604	1778
1350	15	0	200	6608	8064
1351	3	16	80	6612	15824
1352	6	19	80	6616	23240
1353	15	0	120	6620	11306
1354	3	16	160	6624	17617
1355	3	16	200	6628	378
1356	0	18	80	6632	8682
1357	1	11	200	6636	11153
1358	5	13	120	6640	3586
1359	19	8	80	6644	3696
1360	15	0	120	6648	1725
1361	4	7	120	6652	273
1362	15	0	80	6656	17453
1363	19	8	200	6660	8362
1364	19	8	120	6664	1697
1365	4	7	200	6668	2932
1366	6	19	120	6672	26158
1367	19	8	120	6676	17723
1368	6	19	120	6680	2966
1369	6	19	80	6684	18211
1370	6	19	120	6688	397
1371	0	18	80	6692	280
1372	3	16	120	6696	6889
1373	6	19	80	6700	50204
1374	6	19	80	6704	6356
1375	15	0	120	6708	16613
1376	19	8	160	6712	16847
1377	1	11	200	6716	7981
1378	15	0	160	6720	4327
1379	6	19	160	6800	3447
1380	19	8	200	6805	12206
1381	3	16	160	6810	8565
1382	4	7	200	6815	10443
1383	6	19	80	6820	3627
1384	5	13	160	6825	7007
1385	5	13	120	6830	12915
1386	4	7	160	6835	10778
1387	19	8	160	6840	11944
1388	5	13	80	6845	29296
1389	5	13	160	6850	8601
1390	19	8	80	6855	14930
1391	5	13	160	6860	40893
1392	19	8	160	6865	21648
1393	5	13	200	6870	325
1394	15	0	160	6875	10318
1395	5	13	80	6880	32063
1396	15	0	120	6885	3902
1397	3	16	120	6890	10234
1398	3	16	120	6895	3162
1399	6	19	200	6900	10607
1400	15	0	120	6905	53787
1401	15	0	80	6910	12099
1402	19	8	200	6915	3525
1403	15	0	160	6920	33075
1404	15	0	80	6925	1334
1405	6	19	200	6930	7533
1406	0	18	160	6935	4207
1407	19	8	80	6940	24580
1408	0	18	120	6945	2663
1409	5	13	80	6950	243
1410	3	16	80	6955	3886
1411	19	8	80	6960	355
1412	4	7	120	6965	4322
1413	19	8	160	6970	103
1414	1	11	80	6975	11825
1415	15	0	200	6980	11728
1416	19	8	120	6985	6986
1417	3	16	200	6990	8452
1418	6	19	120	6995	736
1419	6	19	200	7000	7681
1420	1	11	80	7005	11742
1421	15	0	200	7010	3557
1422	6	19	80	7015	23483
1423	3	16	200	7020	14745
1424	15	0	80	7025	857
1425	1	11	200	7030	815
1426	1	11	160	7035	2495
1427	15	0	160	7040	6332
1428	19	8	120	7045	6290
1429	4	7	80	7050	7854
1430	1	11	80	7055	7662
1431	19	8	80	7060	2389
1432	19	8	120	7065	3518
1433	4	7	160	7070	15101
1434	15	0	80	7075	3630
1435	4	7	200	7080	38
1436	4	7	160	7085	3543
1437	5	13	120	7090	12417
1438	19	8	80	7095	2030
1439	15	0	160	7100	44796
1440	5	13	160	7105	5419
1441	4	7	160	7110	15346
1442	19	8	120	7115	6774
1443	0	18	200	7120	26801
1444	3	16	120	7125	3215
1445	19	8	200	7130	13773
1446	3	16	120	7135	13103
1447	3	16	200	7140	21037
1448	5	13	160	7145	6130
1449	0	18	200	7150	36709
1450	5	13	160	7155	8069
1451	6	19	120	7160	17743
1452	15	0	80	7165	8664
1453	15	0	160	7170	17069
1454	6	19	200	7175	39469
1455	1	11	160	7180	15807
1456	3	16	200	7185	17977
1457	15	0	80	7190	9507
1458	3	16	120	7195	24257
1459	15	0	80	7200	484
1460	6	19	120	7204	3916
1461	5	13	80	7208	26027
1462	0	18	200	7212	7462
1463	15	0	80	7216	15220
1464	4	7	80	7220	9534
1465	5	13	200	7224	1211
1466	3	16	160	7228	17901
1467	1	11	160	7232	10598
1468	3	16	160	7236	16519
1469	19	8	80	7240	11721
1470	5	13	120	7244	5506
1471	6	19	80	7248	19113
1472	5	13	160	7252	5167
1473	19	8	160	7256	1046
1474	4	7	80	7260	1389
1475	15	0	120	7264	27934
1476	19	8	160	7268	20927
1477	6	19	120	7272	40530
1478	19	8	120	7276	7670
1479	15	0	120	7280	5858
1480	19	8	120	7284	6154
1481	19	8	160	7288	5373
1482	5	13	200	7292	120
1483	19	8	160	7296	7281
1484	19	8	120	7300	56243
1485	6	19	160	7304	14442
1486	3	16	80	7308	13171
1487	4	7	200	7312	8204
1488	15	0	160	7316	16790
1489	15	0	160	7320	9031
1490	3	16	80	7324	3086
1491	6	19	160	7328	14791
1492	5	13	200	7332	18015
1493	3	16	200	7336	1481
1494	3	16	120	7340	14351
1495	19	8	160	7344	7794
1496	4	7	200	7348	3590
1497	1	11	80	7352	14964
1498	15	0	200	7356	5071
1499	15	0	160	7360	1795
1500	15	0	120	7364	28584
1501	1	11	160	7368	973
1502	19	8	120	7372	990
1503	6	19	160	7376	17982
1504	15	0	120	7380	10555
1505	15	0	120	7384	14166
1506	4	7	200	7388	6581
1507	15	0	120	7392	6761
1508	5	13	160	7396	12581
1509	15	0	120	7400	745
1510	4	7	80	7404	28498
1511	6	19	120	7408	19966
1512	19	8	160	7412	934
1513	5	13	80	7416	7876
1514	15	0	200	7420	12203
1515	6	19	160	7424	29942
1516	19	8	80	7428	25020
1517	3	16	120	7432	98
1518	19	8	160	7436	15620
1519	15	0	120	7440	22631
1520	4	7	160	7444	6739
1521	19	8	200	7448	3938
1522	5	13	80	7452	21501
1523	6	19	200	7456	2961
1524	15	0	80	7460	6064
1525	19	8	160	7464	12929
1526	4	7	120	7468	236
1527	3	16	160	7472	3195
1528	15	0	120	7476	5850
1529	4	7	120	7480	11984
1530	6	19	160	7484	12391
1531	15	0	120	7488	1432
1532	19	8	160	7492	11649
1533	3	16	160	7496	4865
1534	0	18	80	7500	7815
1535	19	8	200	7504	4687
1536	19	8	120	7508	3971
1537	19	8	120	7512	3190
1538	4	7	80	7516	24470
1539	3	16	200	7520	4244
1540	5	13	200	7524	3904
1541	5	13	200	7528	3223
1542	19	8	120	7532	22427
1543	0	18	80	7536	14170
1544	5	13	120	7600	11671
1545	6	19	160	7605	6458
1546	15	0	200	7610	12048
1547	19	8	160	7615	4209
1548	6	19	80	7620	7797
1549	6	19	200	7625	18173
1550	0	18	120	7630	11056
1551	1	11	160	7635	3458
1552	4	7	120	7640	50185
1553	0	18	120	7645	8229
1554	6	19	200	7650	14823
1555	19	8	160	7655	11862
1556	15	0	160	7660	3365
1557	6	19	120	7665	23637
1558	15	0	160	7670	5733
1559	15	0	160	7675	31165
1560	6	19	80	7680	13428
1561	0	18	80	7685	2504
1562	3	16	80	7690	551
1563	3	16	80	7695	216
1564	3	16	160	7700	6460
1565	5	13	160	7705	18985
1566	15	0	200	7710	2519
1567	15	0	80	7715	16236
1568	5	13	80	7720	31
1569	15	0	200	7725	4539
1570	15	0	80	7730	12119
1571	1	11	200	7735	12334
1572	19	8	80	7740	1785
1573	15	0	200	7745	6746
1574	5	13	120	7750	10144
1575	19	8	200	7755	2590
1576	1	11	120	7760	6831
1577	4	7	200	7765	1814
1578	1	11	160	7770	10899
1579	3	16	120	7775	47262
1580	4	7	200	7780	315
1581	4	7	160	7785	15431
1582	15	0	160	7790	16924
1583	1	11	120	7795	11171
1584	3	16	200	7800	360
1585	6	19	80	7805	6000
1586	6	19	80	7810	1640
1587	15	0	80	7815	1600
1588	15	0	200	7820	11740
1589	3	16	120	7825	22826
1590	3	16	120	7830	985
1591	6	19	80	7835	6562
1592	3	16	200	7840	23059
1593	6	19	120	7845	34665
1594	15	0	200	7850	11753
1595	5	13	200	7855	1123
1596	4	7	160	7860	2538
1597	15	0	120	7865	21109
1598	19	8	160	7870	3887
1599	0	18	200	7875	21085
1600	19	8	200	7880	3086
1601	19	8	200	7885	26712
1602	15	0	160	7890	4164
1603	15	0	120	7895	2133
1604	19	8	160	7900	1870
1605	19	8	160	7905	38561
1606	3	16	120	7910	1427
1607	15	0	160	7915	9708
1608	15	0	200	7920	31200
1609	15	0	200	7925	8685
1610	19	8	80	7930	2585
1611	6	19	160	7935	1320
1612	5	13	200	7940	3673
1613	6	19	80	7945	6115
1614	6	19	200	7950	27580
1615	4	7	160	7955	35898
1616	5	13	120	7960	6796
1617	1	11	160	8000	6937
1618	19	8	80	8005	53376
1619	15	0	160	8010	276
1620	19	8	160	8015	13183
1621	19	8	200	8020	799
1622	1	11	80	8025	1499
1623	4	7	160	8030	1976
1624	6	19	160	8035	3232
1625	1	11	80	8040	2897
1626	19	8	80	8045	18648
1627	6	19	200	8050	2586
1628	0	18	200	8055	19650
1629	1	11	160	8060	7876
1630	15	0	120	8065	41
1631	6	19	80	8070	11184
1632	5	13	120	8075	23910
1633	1	11	200	8080	17600
1634	5	13	120	8085	16814
1635	4	7	80	8090	1724
1636	15	0	200	8095	6753
1637	19	8	120	8100	10789
1638	1	11	200	8105	7427
1639	4	7	120	8110	868
1640	5	13	200	8115	3965
1641	19	8	160	8120	10213
1642	3	16	80	8125	2665
1643	19	8	200	8130	1384
1644	5	13	120	8135	12838
1645	15	0	160	8140	44076
1646	3	16	120	8145	2056
1647	15	0	160	8150	7268
1648	19	8	160	8155	549
1649	5	13	80	8160	13476
1650	19	8	120	8165	12836
1651	3	16	200	8170	16712
1652	15	0	80	8175	21954
1653	4	7	200	8180	3515
1654	1	11	80	8185	2103
1655	19	8	80	8190	2125
1656	19	8	160	8195	17876
1657	5	13	80	8200	1828
1658	3	16	160	8205	31365
1659	19	8	120	8210	31881
1660	1	11	160	8215	2252
1661	15	0	160	8220	30042
1662	15	0	160	8225	16595
1663	6	19	80	8230	7054
1664	3	16	160	8235	8599
1665	5	13	80	8240	10627
1666	1	11	120	8245	3301
1667	4	7	80	8250	8184
1668	3	16	200	8255	12447
1669	4	7	160	8260	17413
1670	6	19	200	8265	8792
1671	5	13	80	8270	21944
1672	0	18	200	8275	45575
1673	15	0	200	8280	30081
1674	5	13	200	8285	16229
1675	0	18	200	8290	1179
1676	15	0	160	8295	24057
1677	3	16	120	8300	102
1678	19	8	120	8305	8196
1679	19	8	200	8310	3638
1680	19	8	200	8315	703
1681	5	13	120	8320	4882
1682	6	19	120	8325	1938
1683	15	0	200	8330	1682
1684	1	11	120	8335	20871
1685	6	19	120	8340	3482
1686	19	8	200	8345	17467
1687	3	16	120	8350	11291
1688	19	8	160	8355	11254
1689	6	19	120	8360	10738
1690	5	13	120	8400	5342
1691	4	7	200	8404	4093
1692	19	8	160	8408	13170
1693	3	16	120	8412	9102
1694	3	16	160	8416	27470
1695	15	0	120	8420	5415
1696	4	7	80	8424	20841
1697	15	0	200	8428	16862
1698	15	0	120	8432	10916
1699	19	8	120	8436	863
1700	15	0	80	8440	15893
1701	19	8	80	8444	13056
1702	5	13	200	8448	19849
1703	15	0	200	8452	3926
1704	15	0	120	8456	2025
1705	15	0	80	8460	20413
1706	3	16	80	8464	17848
1707	19	8	120	8468	30465
1708	19	8	80	8472	8621
1709	1	11	120	8476	834
1710	3	16	120	8480	4229
1711	15	0	120	8484	17432
1712	6	19	160	8488	12475
1713	4	7	160	8492	13130
1714	0	18	160	8496	24749
1715	15	0	80	8500	21761
1716	4	7	80	8504	17586
1717	19	8	160	8508	11558
1718	6	19	200	8512	11615
1719	15	0	80	8516	3609
1720	6	19	80	8520	20632
1721	19	8	80	8524	11957
1722	5	13	120	8528	26045
1723	15	0	120	8532	669
1724	19	8	80	8536	6257
1725	5	13	200	8540	3142
1726	6	19	120	8544	2280
1727	19	8	160	8548	7085
1728	15	0	80	8552	240
1729	15	0	120	8556	5702
1730	15	0	200	8560	3771
1731	3	16	200	8564	1406
1732	5	13	80	8568	6354
1733	19	8	200	8572	6651
1734	4	7	200	8576	8996
1735	0	18	160	8580	6007
1736	19	8	160	8584	8946
1737	15	0	120	8588	24487
1738	19	8	160	8592	44528
1739	5	13	120	8596	82
1740	5	13	120	8600	7797
1741	19	8	160	8604	22426
1742	5	13	80	8608	1227
1743	19	8	80	8612	9353
1744	5	13	80	8616	4183
1745	15	0	80	8620	10795
1746	15	0	80	8624	12347
1747	15	0	200	8628	13
1748	3	16	160	8632	12903
1749	5	13	160	8636	764
1750	5	13	80	8640	10820
1751	4	7	120	8644	2761
1752	3	16	80	8648	1734
1753	3	16	80	8652	4942
1754	6	19	80	8656	3429
1755	15	0	80	8660	1307
1756	6	19	200	8664	18019
1757	15	0	120	8668	16853
1758	19	8	160	8672	24738
1759	5	13	120	8676	31068
1760	3	16	160	8680	12409
1761	4	7	160	8684	4771
1762	4	7	80	8688	27777
1763	3	16	160	8692	1730
1764	4	7	120	8696	19164
1765	19	8	160	8700	2475
1766	5	13	80	8704	5260
1767	6	19	200	8708	2994
1768	19	8	200	8712	1778
1769	19	8	200	8716	7824
1770	19	8	120	8720	4476
1771	6	19	200	8724	27511
1772	3	16	80	8728	12353
1773	0	18	120	8732	11401
1774	4	7	200	8736	18273
1775	6	19	120	8740	44327
1776	15	0	200	8800	9152
1777	5	13	120	8805	5068
1778	5	13	120	8810	17121
1779	4	7	80	8815	20125
1780	6	19	160	8820	10634
1781	19	8	160	8825	2264
1782	15	0	200	8830	18563
1783	4	7	120	8835	38063
1784	5	13	120	8840	18395
1785	6	19	160	8845	795
1786	19	8	160	8850	44787
1787	4	7	200	8855	916
1788	6	19	200	8860	2337
1789	15	0	200	8865	6624
1790	6	19	200	8870	11504
1791	4	7	80	8875	17690
1792	15	0	200	8880	71042
1793	5	13	80	8885	623
1794	4	7	160	8890	5399
1795	3	16	200	8895	1946
1796	15	0	120	8900	34692
1797	3	16	160	8905	39540
1798	15	0	160	8910	16343
1799	5	13	160	8915	1370
1800	4	7	80	8920	3267
1801	4	7	120	8925	6573
1802	15	0	80	8930	23887
1803	3	16	200	8935	2378
1804	6	19	80	8940	16653
1805	19	8	120	8945	14254
1806	3	16	120	8950	9927
1807	3	16	160	8955	8839
1808	19	8	120	8960	9735
1809	19	8	200	8965	3833
1810	0	18	80	8970	10117
1811	3	16	120	8975	6802
1812	4	7	80	8980	62621
1813	15	0	160	8985	738
1814	19	8	200	8990	4934
1815	5	13	80	8995	7675
1816	6	19	200	9000	9344
1817	0	18	160	9005	34405
1818	15	0	80	9010	5172
1819	15	0	200	9015	15864
1820	0	18	200	9020	2833
1821	3	16	120	9025	3965
1822	1	11	80	9030	538
1823	5	13	80	9035	14998
1824	6	19	80	9040	23799
1825	15	0	80	9045	9327
1826	15	0	200	9050	27834
1827	15	0	80	9055	10762
1828	15	0	200	9060	3467
1829	3	16	200	9065	12001
1830	19	8	80	9070	373
1831	5	13	120	9075	10146
1832	15	0	160	9080	11015
1833	0	18	200	9085	12666
1834	19	8	200	9090	10260
1835	5	13	120	9095	2178
1836	3	16	120	9100	4427
1837	15	0	80	9105	11216
1838	15	0	120	9110	2793
1839	5	13	80	9115	1118
1840	5	13	80	9120	8349
1841	19	8	80	9125	7279
1842	5	13	120	9130	8753
1843	6	19	80	9135	28062
1844	6	19	160	9140	23139
1845	5	13	120	9145	2438
1846	19	8	80	9150	17977
1847	1	11	120	9155	33302
1848	6	19	120	9160	15000
1849	19	8	160	9200	26471
1850	15	0	80	9204	11260
1851	15	0	160	9208	16
1852	5	13	120	9212	11384
1853	19	8	200	9216	125
1854	5	13	160	9220	27342
1855	3	16	160	9224	37749
1856	3	16	120	9228	5695
1857	5	13	80	9232	1949
1858	15	0	160	9236	4582
1859	19	8	200	9240	2829
1860	3	16	120	9244	18925
1861	5	13	80	9248	42326
1862	5	13	200	9252	3781
1863	15	0	120	9256	30851
1864	0	18	160	9260	3337
1865	6	19	200	9264	82735
1866	5	13	200	9268	21409
1867	4	7	120	9272	5033
1868	15	0	160	9276	7961
1869	6	19	120	9280	2252
1870	3	16	160	9284	2148
1871	19	8	160	9288	32561
1872	4	7	120	9292	15955
1873	5	13	80	9296	3632
1874	5	13	160	9300	3168
1875	4	7	160	9304	16904
1876	15	0	200	9308	17305
1877	6	19	200	9312	1814
1878	15	0	120	9316	23496
1879	3	16	160	9320	13617
1880	15	0	80	9324	17321
1881	15	0	120	9328	39898
1882	4	7	160	9332	25310
1883	19	8	80	9336	5375
1884	6	19	200	9340	284
1885	3	16	120	9344	356
1886	0	18	200	9348	38014
1887	19	8	200	9352	10705
1888	15	0	80	9356	16850
1889	15	0	120	9360	11540
1890	4	7	200	9364	18622
1891	15	0	120	9368	2072
1892	19	8	120	9372	4108
1893	19	8	120	9376	72751
1894	4	7	160	9380	4204
1895	1	11	200	9384	9078
1896	5	13	120	9388	2447
1897	15	0	200	9392	10825
1898	6	19	120	9396	12971
1899	19	8	160	9400	23223
1900	19	8	120	9404	5203
1901	15	0	160	9408	6827
1902	5	13	200	9412	7234
1903	1	11	200	9416	9380
1904	15	0	200	9420	15531
1905	15	0	120	9424	13488
1906	6	19	80	9428	3709
1907	1	11	120	9432	5198
1908	6	19	80	9436	18080
1909	1	11	80	9440	1838
1910	5	13	160	9444	2579
1911	15	0	120	9448	3253
1912	15	0	160	9452	4127
1913	6	19	200	9456	12223
1914	0	18	200	9460	7090
1915	6	19	80	9464	21222
1916	3	16	120	9468	1157
1917	6	19	160	9472	28794
1918	4	7	160	9476	27644
1919	19	8	80	9480	2881
1920	6	19	200	9484	503
1921	6	19	80	9488	3322
1922	6	19	120	9492	10645
1923	19	8	80	9496	24222
1924	4	7	160	9500	5793
1925	5	13	120	9504	64
1926	19	8	120	9508	12387
1927	4	7	200	9512	16061
1928	1	11	120	9516	40450
1929	4	7	160	9520	14502
1930	19	8	120	9524	10157
1931	1	11	200	9600	2225
1932	19	8	160	9605	7838
1933	15	0	200	9610	39
1934	4	7	120	9615	4746
1935	1	11	120	9620	4806
1936	5	13	160	9625	8591
1937	3	16	200	9630	4918
1938	1	11	120	9635	12100
1939	15	0	120	9640	5139
1940	15	0	80	9645	17295
1941	19	8	160	9650	11187
1942	4	7	160	9655	20046
1943	15	0	200	9660	11373
1944	5	13	160	9665	6627
1945	6	19	120	9670	9599
1946	3	16	160	9675	24259
1947	5	13	120	9680	12631
1948	19	8	160	9685	9622
1949	15	0	160	9690	7531
1950	19	8	160	9695	6931
1951	19	8	160	9700	3863
1952	5	13	120	9705	14216
1953	15	0	80	9710	7113
1954	5	13	160	9715	20218
1955	5	13	120	9720	1398
1956	3	16	120	9725	22427
1957	5	13	160	9730	10570
1958	15	0	80	9735	2083
1959	5	13	120	9740	15300
1960	19	8	80	9745	380
1961	3	16	120	9750	9013
1962	0	18	80	9755	5851
1963	5	13	120	9760	961
1964	4	7	160	9765	10154
1965	5	13	160	9770	292
1966	19	8	200	9775	17019
1967	19	8	200	9780	4073
1968	5	13	160	9785	4492
1969	19	8	120	9790	1481
1970	4	7	120	9795	4595
1971	19	8	160	9800	16909
1972	6	19	120	9805	3843
1973	6	19	80	9810	9628
1974	1	11	200	9815	7176
1975	15	0	80	9820	6845
1976	5	13	120	9825	6744
1977	19	8	120	9830	44622
1978	15	0	160	9835	7017
1979	15	0	80	9840	21427
1980	4	7	160	9845	1778
1981	6	19	200	9850	59255
1982	5	13	120	9855	2472
1983	5	13	160	9860	8305
1984	5	13	80	9865	3655
1985	19	8	160	9870	4208
1986	15	0	160	9875	7734
1987	1	11	120	9880	395
1988	5	13	80	9885	2509
1989	19	8	200	9890	2930
1990	19	8	80	9895	7946
1991	19	8	200	9900	31194
1992	5	13	200	9905	2335
1993	15	0	200	9910	29525
1994	19	8	120	9915	4577
1995	6	19	200	9920	3218
1996	19	8	160	9925	2988
1997	19	8	120	9930	15929
1998	5	13	120	9935	508
1999	0	18	200	10000	6135
