0	3	1	29	0	2832
1	4	14	17	8	1092
2	4	14	13	16	355
3	4	8	23	24	2902
4	0	12	13	32	16730
5	4	8	29	40	9167
6	4	8	17	48	1674
7	4	8	13	56	5457
8	4	8	17	64	19344
9	0	12	23	72	2586
10	4	14	29	80	13206
11	4	14	13	88	1281
12	4	14	23	96	14092
13	3	1	23	104	5549
14	4	8	13	112	1692
15	4	8	17	120	6701
16	4	14	29	128	3962
17	3	1	13	136	11441
18	4	8	13	144	2726
19	4	14	17	152	523
20	3	1	29	160	13781
21	4	8	17	168	1624
22	4	8	29	176	1547
23	4	14	13	184	2239
24	4	8	23	192	5097
25	4	14	13	200	2661
26	4	8	13	208	575
27	3	1	23	216	2551
28	4	14	13	224	647
29	4	8	17	232	34642
30	3	1	17	240	1733
31	4	14	17	248	31024
32	3	1	13	256	15335
33	0	12	17	264	3657
34	4	8	29	272	24846
35	3	1	17	280	4287
36	3	1	17	288	6432
37	4	14	29	296	4005
38	3	1	17	304	13159
39	4	14	17	312	9506
40	4	8	17	320	29970
41	4	14	23	328	19989
42	3	1	23	336	12590
43	3	1	17	344	675
44	3	1	13	352	14536
45	4	8	17	360	4467
46	4	8	29	368	1197
47	4	14	29	376	11986
48	4	14	29	384	5222
49	4	14	23	400	3197
50	0	12	13	409	1064
51	3	1	23	418	7595
52	3	1	29	427	7829
53	3	1	29	436	36660
54	3	1	13	445	8201
55	3	1	23	454	972
56	4	14	23	463	24249
57	4	14	29	472	12848
58	4	14	13	481	14320
59	3	1	29	490	7201
60	0	12	29	499	7587
61	4	14	23	508	19799
62	3	1	29	517	4313
63	4	14	29	526	20623
64	3	1	13	535	679
65	4	8	17	544	14119
66	4	8	13	553	2796
67	4	14	17	562	4948
68	3	1	23	571	6300
69	4	14	29	580	11960
70	4	14	29	589	118
71	0	12	13	598	45697
72	0	12	23	607	24591
73	4	8	29	616	7201
74	3	1	13	625	727
75	3	1	13	634	18714
76	4	14	23	643	3967
77	4	14	23	652	797
78	3	1	13	661	4175
79	4	14	17	670	354
80	3	1	13	679	1243
81	3	1	17	688	2772
82	3	1	29	697	12624
83	4	14	17	706	11034
84	4	8	17	715	15860
85	4	8	23	724	6972
86	4	8	23	733	3509
87	0	12	13	742	15912
88	4	14	17	751	10346
89	4	14	13	760	14700
90	4	14	23	769	4976
91	4	14	23	778	11192
92	4	14	23	800	6583
93	4	14	23	811	1920
94	4	14	23	822	690
95	3	1	23	833	499
96	3	1	23	844	5562
97	3	1	29	855	16241
98	4	14	13	866	61394
99	4	8	23	877	69
100	4	14	17	888	1140
101	4	8	23	899	9059
102	4	8	13	910	2105
103	4	8	29	921	9730
104	4	8	29	932	3023
105	4	14	13	943	1094
106	4	8	29	954	8613
107	4	8	29	965	249
108	4	8	29	976	18647
109	4	14	29	987	10705
110	4	14	13	998	10282
111	4	14	13	1009	15549
112	3	1	23	1020	3989
113	4	14	23	1031	12475
114	4	14	23	1042	4776
115	3	1	17	1053	3081
116	0	12	29	1064	1042
117	4	14	17	1075	8832
118	4	14	23	1086	510
119	4	8	23	1097	5540
120	0	12	29	1108	5135
121	4	8	29	1119	4523
122	4	8	13	1130	10643
123	4	14	23	1141	9746
124	4	14	13	1152	2998
125	4	14	13	1163	2425
126	3	1	17	1174	4578
127	4	8	13	1185	10785
128	4	8	17	1200	5720
129	4	14	17	1208	214
130	4	14	17	1216	4120
131	4	8	29	1224	5910
132	4	14	17	1232	801
133	4	8	23	1240	4059
134	0	12	13	1248	19300
135	4	8	23	1256	5021
136	3	1	13	1264	507
137	3	1	29	1272	754
138	4	14	23	1280	4546
139	4	8	13	1288	10606
140	0	12	23	1296	20452
141	4	14	23	1304	3137
142	4	14	17	1312	25826
143	4	14	17	1320	35362
144	4	8	13	1328	998
145	4	14	23	1336	7458
146	3	1	13	1344	3576
147	4	14	29	1352	11797
148	0	12	29	1360	11547
149	3	1	13	1368	11515
150	3	1	29	1376	22290
151	4	14	17	1384	14298
152	4	14	17	1392	13156
153	4	14	23	1400	5542
154	4	8	23	1408	6125
155	4	14	17	1416	9659
156	4	8	23	1424	22796
157	3	1	23	1432	5992
158	3	1	23	1440	3968
159	3	1	23	1448	436
160	4	14	23	1456	9422
161	4	8	23	1464	20105
162	4	14	23	1472	5868
163	3	1	17	1480	16724
164	4	14	23	1488	3265
165	3	1	17	1496	1796
166	4	14	23	1504	11465
167	4	8	13	1512	42023
168	4	14	23	1520	16917
169	4	14	13	1528	32786
170	4	8	13	1536	2389
171	4	14	29	1544	262
172	4	14	29	1552	2142
173	3	1	17	1560	3172
174	4	8	29	1568	6888
175	4	8	17	1600	1293
176	4	8	17	1609	5101
177	3	1	23	1618	11015
178	3	1	17	1627	7072
179	4	14	17	1636	9800
180	3	1	13	1645	18507
181	4	14	17	1654	8741
182	4	8	17	1663	29975
183	4	14	13	1672	11024
184	3	1	23	1681	737
185	0	12	13	1690	6750
186	4	8	23	1699	10053
187	4	8	29	1708	7241
188	0	12	13	1717	15898
189	4	8	23	1726	1879
190	0	12	29	1735	5939
191	4	14	23	1744	6113
192	0	12	17	1753	9601
193	4	8	29	1762	3829
194	4	14	17	1771	346
195	4	14	29	1780	27
196	4	14	29	1789	13060
197	3	1	29	1798	701
198	4	14	29	1807	8463
199	4	14	23	1816	19837
200	4	14	13	1825	14909
201	4	8	13	1834	3642
202	4	14	17	1843	17791
203	3	1	23	1852	12130
204	4	8	29	1861	5620
205	4	14	29	1870	18923
206	4	14	17	1879	7283
207	3	1	29	1888	5224
208	3	1	23	1897	20462
209	0	12	13	1906	3898
210	3	1	13	1915	2086
211	4	14	29	1924	1730
212	4	14	13	1933	22545
213	3	1	13	1942	9236
214	4	14	23	1951	1319
215	4	14	17	1960	222
216	0	12	17	1969	22859
217	4	8	17	2000	11823
218	0	12	29	2008	12421
219	4	14	17	2016	11591
220	4	8	29	2024	5320
221	4	14	29	2032	1451
222	4	8	13	2040	1130
223	4	14	13	2048	8867
224	4	14	13	2056	4919
225	3	1	23	2064	10296
226	3	1	23	2072	3244
227	4	14	29	2080	15423
228	4	14	29	2088	2683
229	3	1	29	2096	6823
230	4	8	17	2104	3381
231	4	14	17	2112	3921
232	3	1	29	2120	797
233	4	14	29	2128	8885
234	4	14	17	2136	15806
235	4	8	13	2144	6131
236	4	14	13	2152	11857
237	4	14	23	2160	1744
238	4	14	13	2168	2229
239	3	1	23	2176	1606
240	0	12	23	2184	28696
241	4	14	23	2192	2151
242	3	1	13	2200	8943
243	0	12	29	2208	5189
244	4	14	23	2216	31231
245	4	8	29	2224	3198
246	4	14	17	2232	7211
247	4	14	13	2240	113
248	3	1	17	2248	2073
249	4	14	13	2256	121
250	4	14	23	2264	502
251	4	14	23	2272	265
252	3	1	29	2280	2804
253	4	14	17	2288	17488
254	3	1	29	2296	4503
255	4	8	13	2304	9090
256	4	8	13	2312	2131
257	0	12	17	2320	2006
258	4	14	17	2328	3098
259	4	14	17	2336	12141
260	4	8	17	2344	6802
261	3	1	23	2352	10872
262	4	14	13	2360	1731
263	4	8	23	2368	3429
264	4	14	29	2376	334
265	4	14	23	2384	14764
266	3	1	13	2392	839
267	4	8	17	2400	2513
268	3	1	23	2410	13873
269	4	14	23	2420	7671
270	0	12	13	2430	2349
271	4	8	23	2440	10984
272	3	1	13	2450	6017
273	3	1	17	2460	7458
274	4	14	23	2470	12595
275	3	1	17	2480	2300
276	4	8	29	2490	5431
277	0	12	13	2500	8504
278	4	14	23	2510	9372
279	3	1	17	2520	1112
280	3	1	13	2530	1113
281	4	14	17	2540	3077
282	3	1	17	2550	7873
283	0	12	23	2560	2517
284	3	1	17	2570	5756
285	3	1	29	2580	2992
286	4	8	23	2590	770
287	4	14	17	2600	1857
288	4	8	29	2610	2197
289	4	14	13	2620	1610
290	0	12	13	2630	2870
291	4	14	29	2640	6405
292	4	8	17	2650	16622
293	4	14	29	2660	4965
294	4	8	17	2670	7517
295	4	14	13	2680	2082
296	4	14	23	2690	337
297	3	1	17	2700	3136
298	4	8	13	2710	4585
299	0	12	29	2720	1185
300	4	14	29	2730	2090
301	4	14	13	2740	3137
302	4	8	23	2750	1691
303	3	1	29	2760	7565
304	4	14	29	2800	11433
305	3	1	29	2811	3017
306	3	1	17	2822	5609
307	0	12	23	2833	9352
308	4	14	23	2844	796
309	4	8	23	2855	1593
310	4	14	17	2866	1647
311	0	12	29	2877	6926
312	0	12	29	2888	6070
313	4	8	13	2899	1698
314	3	1	13	2910	8418
315	3	1	29	2921	2337
316	4	14	13	2932	994
317	4	14	17	2943	20682
318	4	14	17	2954	14445
319	3	1	29	2965	10441
320	3	1	13	2976	11098
321	4	14	29	2987	17838
322	4	14	17	2998	238
323	4	14	17	3009	8198
324	4	14	23	3020	3029
325	4	8	17	3031	9726
326	4	8	17	3042	16437
327	4	14	17	3053	547
328	4	8	13	3064	46770
329	4	8	23	3075	6634
330	3	1	23	3086	1871
331	4	14	17	3097	1476
332	4	14	13	3108	1970
333	4	14	23	3119	6429
334	4	14	17	3130	18410
335	4	14	13	3141	13098
336	3	1	29	3152	1102
337	4	14	23	3163	117
338	3	1	23	3174	5697
339	4	14	17	3185	1773
340	0	12	23	3200	13204
341	4	8	29	3209	4119
342	4	14	23	3218	954
343	4	8	17	3227	491
344	4	14	29	3236	44589
345	0	12	13	3245	10246
346	4	14	29	3254	155
347	4	14	13	3263	9202
348	4	8	29	3272	13352
349	4	14	17	3281	3518
350	4	14	29	3290	953
351	0	12	13	3299	992
352	4	14	13	3308	5366
353	4	14	13	3317	9831
354	3	1	29	3326	3921
355	4	8	13	3335	3293
356	4	14	23	3344	2796
357	4	14	13	3353	6378
358	4	14	17	3362	2812
359	3	1	17	3371	469
360	3	1	23	3380	4671
361	4	14	13	3389	4607
362	4	14	17	3398	9426
363	4	14	13	3407	6059
364	3	1	29	3416	28593
365	0	12	13	3425	142
366	4	8	23	3434	3582
367	4	8	13	3443	31081
368	4	14	23	3452	2756
369	4	14	29	3461	14934
370	4	14	13	3470	1065
371	4	8	17	3479	862
372	3	1	23	3488	4291
373	4	14	29	3497	8102
374	3	1	17	3506	20287
375	4	8	13	3515	3418
376	0	12	13	3524	12114
377	4	14	13	3533	28007
378	4	14	23	3542	8283
379	4	14	17	3551	7192
380	3	1	17	3560	9224
381	4	8	13	3569	1670
382	3	1	23	3578	2351
383	3	1	29	3587	8201
384	3	1	23	3600	4800
385	3	1	23	3612	772
386	4	8	17	3624	9109
387	4	8	13	3636	5721
388	3	1	23	3648	1440
389	3	1	17	3660	6611
390	4	14	23	3672	5715
391	4	14	29	3684	6925
392	0	12	17	3696	10133
393	4	14	13	3708	4818
394	3	1	29	3720	11301
395	3	1	23	3732	3699
396	3	1	17	3744	9910
397	4	14	17	3756	6964
398	3	1	23	3768	733
399	4	14	29	3780	30733
400	4	14	23	3792	3585
401	4	14	29	3804	324
402	4	8	17	3816	3980
403	3	1	29	3828	27095
404	4	8	13	3840	2102
405	3	1	23	3852	81
406	3	1	17	3864	9670
407	4	14	13	3876	15279
408	4	8	29	3888	12356
409	4	8	23	3900	324
410	0	12	29	3912	6521
411	4	14	17	3924	3146
412	4	14	17	3936	18794
413	4	8	29	3948	9720
414	4	8	29	3960	3729
415	4	8	17	3972	2343
416	4	8	23	4000	1618
417	3	1	23	4009	418
418	3	1	23	4018	666
419	4	14	13	4027	16960
420	4	14	23	4036	3298
421	4	14	23	4045	15180
422	4	14	17	4054	13484
423	4	8	13	4063	10446
424	4	14	17	4072	3262
425	4	14	17	4081	6307
426	4	8	13	4090	3875
427	4	14	17	4099	26311
428	3	1	13	4108	16981
429	0	12	29	4117	6397
430	4	14	23	4126	8117
431	4	8	23	4135	1772
432	4	8	23	4144	17110
433	4	8	29	4153	8781
434	4	14	23	4162	2109
435	4	14	23	4171	8275
436	4	14	23	4180	12733
437	4	14	23	4189	2722
438	4	8	23	4198	4222
439	4	14	13	4207	4654
440	0	12	13	4216	3961
441	3	1	17	4225	14075
442	0	12	13	4234	10308
443	4	8	13	4243	1068
444	3	1	23	4252	39
445	4	14	13	4261	1640
446	4	8	17	4270	8983
447	4	14	17	4279	120
448	3	1	13	4288	665
449	4	8	17	4297	5587
450	4	8	13	4306	1657
451	4	14	29	4315	8614
452	3	1	29	4324	5567
453	4	14	17	4333	1862
454	4	14	13	4342	8187
455	4	14	13	4351	5725
456	4	14	17	4360	2040
457	4	8	17	4369	8699
458	4	14	17	4400	7982
459	4	8	29	4409	9260
460	3	1	17	4418	7872
461	4	14	13	4427	10737
462	3	1	29	4436	28496
463	0	12	13	4445	2153
464	3	1	13	4454	4116
465	4	14	13	4463	3553
466	4	14	29	4472	4680
467	4	14	17	4481	2176
468	3	1	17	4490	5101
469	4	14	17	4499	10416
470	4	8	23	4508	4892
471	3	1	29	4517	18009
472	4	8	29	4526	8191
473	3	1	17	4535	8146
474	4	14	13	4544	5377
475	3	1	17	4553	5707
476	4	14	17	4562	1075
477	3	1	17	4571	9359
478	4	14	23	4580	10300
479	4	14	13	4589	1295
480	4	14	29	4598	16367
481	4	8	29	4607	3684
482	4	8	13	4616	17155
483	4	8	23	4625	3794
484	4	14	29	4634	3613
485	4	14	29	4643	30597
486	3	1	23	4652	9561
487	4	14	17	4661	8980
488	4	8	29	4670	208
489	4	14	23	4679	10203
490	4	14	17	4688	4351
491	4	14	17	4697	1146
492	0	12	17	4706	8563
493	4	14	29	4715	10309
494	3	1	23	4724	13494
495	4	8	13	4733	8439
496	4	8	17	4742	15516
497	4	14	13	4751	5359
498	4	14	13	4760	10263
499	3	1	17	4769	8314
500	4	8	17	4778	10851
501	3	1	13	4787	4588
502	4	14	13	4800	6272
503	4	14	29	4809	3468
504	0	12	29	4818	369
505	4	14	13	4827	2766
506	4	14	29	4836	149
507	0	12	17	4845	15877
508	4	14	13	4854	10133
509	3	1	29	4863	1119
510	4	8	23	4872	3894
511	3	1	29	4881	6133
512	3	1	23	4890	22358
513	0	12	13	4899	5259
514	4	14	29	4908	13498
515	4	8	23	4917	2378
516	4	14	29	4926	15496
517	4	8	13	4935	7210
518	4	8	13	4944	16481
519	3	1	13	4953	4414
520	3	1	23	4962	8661
521	4	8	17	4971	11702
522	3	1	23	4980	1910
523	3	1	23	4989	11116
524	4	14	29	4998	2951
525	3	1	13	5007	3132
526	4	8	23	5016	2170
527	4	8	13	5025	19858
528	0	12	29	5034	13894
529	4	14	13	5043	14542
530	4	8	29	5052	8486
531	4	14	13	5061	8116
532	4	14	17	5070	27246
533	4	8	17	5079	647
534	3	1	29	5088	4181
535	4	8	29	5097	4556
536	4	14	23	5106	13971
537	4	8	13	5115	6058
538	0	12	29	5124	3233
539	4	14	23	5133	590
540	4	8	13	5142	25686
541	3	1	13	5151	14403
542	4	14	13	5160	25043
543	4	14	29	5200	18038
544	4	14	13	5209	3267
545	3	1	23	5218	17235
546	3	1	29	5227	1731
547	4	14	13	5236	1542
548	3	1	29	5245	19209
549	4	8	13	5254	6526
550	3	1	13	5263	12714
551	4	14	17	5272	2433
552	4	14	13	5281	7650
553	3	1	29	5290	2838
554	4	8	29	5299	33583
555	0	12	13	5308	29202
556	4	8	17	5317	2028
557	0	12	23	5326	12586
558	0	12	13	5335	353
559	4	14	23	5344	10217
560	4	14	23	5353	450
561	3	1	23	5362	861
562	0	12	23	5371	315
563	4	14	13	5380	17003
564	3	1	13	5389	5182
565	4	8	23	5398	11024
566	4	14	17	5407	6726
567	0	12	17	5416	15792
568	3	1	17	5425	621
569	3	1	13	5434	3833
570	4	14	29	5443	4518
571	3	1	23	5452	3142
572	4	8	13	5461	2424
573	3	1	23	5470	12934
574	3	1	29	5479	4994
575	4	14	17	5488	14015
576	4	8	13	5497	13375
577	4	14	23	5506	3054
578	4	14	17	5515	4296
579	3	1	13	5524	4420
580	4	14	17	5533	1108
581	3	1	17	5542	514
582	4	14	13	5551	56
583	4	14	23	5560	2475
584	3	1	29	5569	340
585	4	8	17	5578	3974
586	4	8	13	5587	175
587	3	1	17	5600	8823
588	0	12	23	5611	779
589	3	1	29	5622	4540
590	4	14	17	5633	1888
591	3	1	13	5644	268
592	4	8	29	5655	5352
593	3	1	17	5666	7560
594	4	8	29	5677	131
595	4	14	23	5688	15594
596	3	1	23	5699	12721
597	4	8	13	5710	629
598	4	8	29	5721	4334
599	3	1	17	5732	7081
600	4	14	17	5743	3031
601	3	1	23	5754	3245
602	3	1	23	5765	848
603	4	14	29	5776	6017
604	3	1	17	5787	1079
605	4	8	17	5798	5095
606	4	14	13	5809	6
607	3	1	17	5820	13466
608	0	12	13	5831	14381
609	3	1	17	5842	1379
610	4	14	29	5853	1413
611	3	1	23	5864	18970
612	4	8	13	5875	3787
613	4	14	13	5886	7714
614	4	14	17	5897	7168
615	4	8	17	5908	39119
616	3	1	23	5919	798
617	0	12	13	5930	11844
618	3	1	13	5941	14607
619	0	12	23	5952	712
620	0	12	17	5963	10362
621	4	8	29	5974	18464
622	0	12	29	5985	11699
623	0	12	23	6000	8210
624	3	1	23	6010	1495
625	4	8	23	6020	4067
626	4	8	23	6030	14513
627	4	14	29	6040	8401
628	0	12	23	6050	12302
629	4	14	17	6060	7466
630	3	1	29	6070	247
631	0	12	13	6080	10667
632	3	1	23	6090	18345
633	3	1	13	6100	14090
634	3	1	29	6110	924
635	3	1	23	6120	12711
636	4	14	23	6130	26100
637	4	8	13	6140	5206
638	3	1	17	6150	1206
639	4	8	23	6160	6762
640	3	1	17	6170	3963
641	4	14	23	6180	1860
642	3	1	17	6190	14356
643	4	14	13	6200	21790
644	4	14	29	6210	2530
645	4	14	29	6220	2894
646	4	8	13	6230	8533
647	3	1	29	6240	16262
648	3	1	29	6250	157
649	4	14	23	6260	193
650	4	8	29	6270	11505
651	3	1	17	6280	191
652	4	14	13	6290	2161
653	4	8	17	6300	3240
654	3	1	29	6310	15794
655	3	1	17	6320	4286
656	3	1	29	6330	6662
657	3	1	13	6340	4913
658	4	8	17	6350	3547
659	3	1	23	6360	10405
660	4	14	23	6370	8042
661	4	14	13	6380	3455
662	3	1	23	6390	236
663	3	1	23	6400	2065
664	0	12	23	6409	1095
665	4	14	29	6418	4433
666	4	14	13	6427	60
667	4	14	13	6436	6368
668	4	8	13	6445	5700
669	4	14	23	6454	12714
670	3	1	23	6463	250
671	4	8	17	6472	7669
672	4	14	29	6481	8008
673	4	8	23	6490	2499
674	3	1	17	6499	9487
675	4	8	29	6508	5849
676	4	14	17	6517	552
677	4	8	23	6526	14363
678	3	1	23	6535	3702
679	4	14	29	6544	16133
680	4	14	23	6553	10859
681	4	14	29	6562	27535
682	3	1	13	6571	7966
683	0	12	13	6580	11459
684	3	1	17	6589	14870
685	4	14	17	6598	54
686	3	1	13	6607	5539
687	3	1	17	6616	6677
688	0	12	13	6625	27298
689	4	14	23	6634	9481
690	4	14	29	6643	2097
691	3	1	23	6652	5590
692	4	14	23	6661	1025
693	0	12	23	6670	4252
694	4	8	29	6679	22054
695	3	1	13	6688	326
696	3	1	13	6697	1572
697	4	14	23	6706	7456
698	4	14	17	6715	13136
699	4	14	13	6724	14948
700	4	14	23	6733	2807
701	3	1	13	6742	904
702	3	1	29	6751	3562
703	4	14	13	6760	2024
704	4	14	29	6769	39792
705	4	14	23	6778	1263
706	4	14	23	6787	3968
707	3	1	23	6800	27642
708	4	14	13	6809	8139
709	4	8	13	6818	3354
710	4	14	29	6827	3422
711	4	8	13	6836	10511
712	0	12	23	6845	740
713	3	1	23	6854	5406
714	3	1	13	6863	33575
715	4	8	29	6872	8774
716	3	1	13	6881	10187
717	3	1	17	6890	2493
718	4	14	17	6899	3868
719	4	8	13	6908	1032
720	3	1	29	6917	20810
721	3	1	23	6926	4661
722	4	14	29	6935	6976
723	4	8	23	6944	13513
724	4	14	29	6953	6664
725	4	14	13	6962	6005
726	3	1	23	6971	5486
727	4	14	13	6980	1989
728	0	12	23	6989	3225
729	4	14	13	6998	8503
730	4	14	23	7007	3327
731	0	12	29	7016	4936
732	4	14	13	7025	223
733	3	1	17	7034	5953
734	4	14	13	7043	6768
735	3	1	17	7052	8079
736	3	1	29	7061	7504
737	4	14	29	7070	4180
738	3	1	13	7079	11695
739	3	1	29	7088	9581
740	4	8	23	7097	7652
741	4	14	17	7106	6061
742	4	14	17	7115	20994
743	4	14	29	7124	7837
744	3	1	23	7133	3399
745	4	14	23	7142	5535
746	3	1	29	7151	4281
747	3	1	13	7160	7933
748	3	1	23	7169	4459
749	4	14	29	7200	2522
750	4	8	29	7210	3083
751	4	8	23	7220	19319
752	0	12	17	7230	2017
753	3	1	13	7240	9249
754	3	1	17	7250	20189
755	3	1	13	7260	15415
756	4	14	13	7270	5956
757	4	8	13	7280	6282
758	4	14	17	7290	8590
759	4	14	29	7300	5005
760	3	1	29	7310	8392
761	0	12	23	7320	1498
762	3	1	29	7330	8097
763	4	14	29	7340	33044
764	3	1	23	7350	17
765	3	1	13	7360	17484
766	3	1	29	7370	9731
767	4	14	13	7380	6632
768	3	1	23	7390	20238
769	4	8	23	7400	3436
770	4	14	29	7410	473
771	3	1	17	7420	3004
772	4	14	17	7430	5538
773	3	1	17	7440	9248
774	4	14	17	7450	5630
775	3	1	17	7460	4014
776	4	14	17	7470	5773
777	4	14	13	7480	25234
778	4	14	29	7490	5065
779	0	12	13	7500	544
780	4	8	13	7510	964
781	4	14	23	7520	16157
782	4	8	23	7530	12594
783	0	12	23	7540	506
784	4	14	13	7550	3260
785	3	1	13	7560	4491
786	4	14	17	7600	2170
787	4	8	29	7610	3351
788	4	14	29	7620	7431
789	3	1	13	7630	10084
790	3	1	17	7640	938
791	4	8	23	7650	533
792	4	14	17	7660	11049
793	3	1	17	7670	2888
794	0	12	13	7680	396
795	4	8	13	7690	4709
796	4	14	23	7700	18003
797	4	8	17	7710	23000
798	3	1	13	7720	7789
799	4	14	23	7730	4909
800	4	8	29	7740	12705
801	4	14	29	7750	15225
802	0	12	17	7760	9867
803	3	1	29	7770	650
804	4	8	13	7780	1915
805	3	1	23	7790	54
806	4	8	17	7800	4235
807	4	14	13	7810	6170
808	3	1	23	7820	1587
809	0	12	13	7830	5959
810	4	14	23	7840	3328
811	4	14	29	7850	6709
812	4	8	17	7860	623
813	4	14	17	7870	7180
814	3	1	23	7880	3465
815	4	14	13	7890	12201
816	4	14	13	7900	3798
817	3	1	13	7910	6848
818	4	14	23	7920	8381
819	4	14	17	7930	6800
820	4	14	23	7940	8397
821	3	1	29	7950	3589
822	4	14	13	7960	25457
823	4	14	23	7970	1823
824	4	14	17	7980	2180
825	4	14	17	8000	39598
826	4	14	29	8009	6648
827	3	1	29	8018	1750
828	4	8	17	8027	8105
829	4	14	17	8036	498
830	4	14	23	8045	5544
831	3	1	29	8054	6760
832	3	1	29	8063	3263
833	0	12	17	8072	84
834	4	14	13	8081	2519
835	3	1	17	8090	2437
836	4	14	17	8099	1381
837	4	14	23	8108	10034
838	4	14	23	8117	15095
839	4	8	23	8126	3179
840	3	1	23	8135	150
841	4	8	17	8144	9633
842	3	1	17	8153	1416
843	4	14	23	8162	664
844	4	14	17	8171	3774
845	3	1	17	8180	6264
846	4	14	17	8189	36551
847	4	8	13	8198	1359
848	4	14	23	8207	24210
849	3	1	29	8216	2473
850	3	1	13	8225	554
851	4	8	17	8234	3079
852	3	1	29	8243	2789
853	4	14	29	8252	407
854	4	8	29	8261	13229
855	4	14	29	8270	4556
856	4	8	23	8279	17834
857	4	8	29	8288	5623
858	4	14	17	8297	14641
859	3	1	23	8306	1988
860	4	14	29	8315	4672
861	4	14	17	8324	1931
862	3	1	23	8333	18472
863	4	14	17	8342	1018
864	4	8	23	8351	205
865	3	1	23	8360	11752
866	3	1	13	8369	2119
867	4	8	29	8378	532
868	0	12	13	8400	3112
869	4	8	17	8408	745
870	4	14	29	8416	7821
871	4	14	17	8424	8708
872	3	1	23	8432	10378
873	3	1	13	8440	3100
874	3	1	23	8448	6460
875	3	1	17	8456	23953
876	4	14	23	8464	1777
877	4	14	17	8472	16878
878	4	8	13	8480	14066
879	0	12	13	8488	9514
880	4	14	29	8496	26
881	3	1	23	8504	4195
882	3	1	13	8512	2248
883	4	14	23	8520	3708
884	3	1	13	8528	40300
885	3	1	13	8536	1592
886	4	8	13	8544	2585
887	4	14	13	8552	2686
888	4	14	23	8560	1803
889	0	12	17	8568	14460
890	4	8	23	8576	3699
891	4	14	23	8584	8483
892	4	8	17	8592	16641
893	3	1	29	8600	7920
894	3	1	23	8608	17341
895	3	1	17	8616	13039
896	4	14	23	8624	12851
897	4	14	29	8632	349
898	4	14	13	8640	447
899	3	1	23	8648	7457
900	0	12	13	8656	2971
901	4	14	23	8664	20742
902	4	8	29	8672	14363
903	4	14	17	8680	15876
904	3	1	29	8688	8220
905	3	1	29	8696	4134
906	4	14	29	8704	7186
907	4	14	23	8712	28909
908	4	8	13	8720	5476
909	4	14	23	8728	15657
910	4	14	13	8736	2142
911	3	1	13	8744	109
912	0	12	23	8752	9046
913	4	14	13	8760	1244
914	4	14	29	8768	1954
915	3	1	13	8800	278
916	3	1	17	8812	27923
917	3	1	13	8824	6034
918	3	1	17	8836	1077
919	4	14	17	8848	14907
920	4	8	17	8860	5445
921	4	14	29	8872	23565
922	3	1	17	8884	15879
923	4	14	23	8896	5329
924	4	14	29	8908	10146
925	4	8	17	8920	28088
926	4	14	29	8932	12416
927	4	14	23	8944	827
928	4	8	17	8956	4578
929	4	14	17	8968	11089
930	4	14	23	8980	1305
931	4	8	29	8992	1361
932	4	14	17	9004	13912
933	4	14	17	9016	2001
934	0	12	29	9028	3893
935	0	12	17	9040	650
936	3	1	23	9052	6829
937	4	14	29	9064	3855
938	4	8	23	9076	10441
939	4	8	17	9088	7130
940	4	14	17	9100	7088
941	3	1	17	9112	2888
942	3	1	13	9124	12469
943	4	8	13	9136	3361
944	4	8	13	9148	7349
945	4	14	17	9160	3527
946	3	1	29	9172	30001
947	3	1	13	9200	10505
948	4	14	13	9209	4243
949	4	14	17	9218	15247
950	4	8	13	9227	14392
951	4	8	23	9236	2514
952	3	1	23	9245	19879
953	4	14	29	9254	1881
954	4	8	17	9263	955
955	4	8	17	9272	3605
956	3	1	13	9281	516
957	4	8	13	9290	3416
958	4	14	17	9299	1242
959	3	1	23	9308	8917
960	3	1	29	9317	7644
961	4	14	17	9326	5456
962	3	1	17	9335	6165
963	3	1	23	9344	10954
964	4	8	29	9353	9854
965	4	14	17	9362	653
966	3	1	29	9371	1679
967	4	8	13	9380	4868
968	3	1	13	9389	11375
969	4	14	17	9398	1194
970	0	12	23	9407	4930
971	3	1	17	9416	7075
972	4	8	23	9425	12907
973	4	8	29	9434	6145
974	0	12	13	9443	2378
975	4	14	13	9452	1691
976	3	1	23	9461	1374
977	0	12	17	9470	5864
978	4	14	23	9479	17329
979	3	1	23	9488	3596
980	4	14	17	9497	40470
981	4	8	23	9506	470
982	4	8	17	9515	9282
983	3	1	13	9524	7024
984	4	14	17	9533	19760
985	3	1	29	9542	17016
986	4	14	17	9551	2194
987	4	14	17	9560	7631
988	3	1	13	9569	920
989	4	14	23	9578	182
990	4	14	13	9587	125
991	4	8	17	9600	2055
992	4	14	17	9611	2180
993	4	14	13	9622	468
994	3	1	17	9633	29347
995	4	14	13	9644	783
996	4	14	13	9655	11612
997	4	8	23	9666	358
998	4	8	13	9677	8059
999	3	1	29	9688	5914
1000	0	12	17	9699	1464
1001	3	1	29	9710	5881
1002	4	14	13	9721	28691
1003	4	14	23	9732	2550
1004	4	14	29	9743	3971
1005	4	14	23	9754	2274
1006	4	14	13	9765	5062
1007	4	8	23	9776	3831
1008	4	14	29	9787	24359
1009	3	1	13	9798	20406
1010	4	14	23	9809	1835
1011	3	1	29	9820	6265
1012	4	8	23	9831	4962
1013	3	1	29	9842	12176
1014	4	14	13	9853	9073
1015	3	1	13	9864	6536
1016	4	14	29	9875	13195
1017	4	8	17	9886	24440
1018	4	14	13	9897	14189
1019	4	14	29	9908	14054
1020	4	14	29	9919	14588
1021	3	1	17	9930	6837
1022	4	14	29	9941	3410
1023	4	14	23	9952	10661
1024	4	8	17	9963	1051
1025	4	14	13	9974	2127
1026	4	14	13	9985	3427
1027	3	1	17	10000	10898
1028	4	14	23	10014	6598
1029	4	8	29	10028	1431
1030	4	14	29	10042	4424
1031	4	8	13	10056	967
1032	4	14	13	10070	17280
1033	3	1	23	10084	3605
1034	3	1	13	10098	1733
1035	3	1	23	10112	5124
1036	4	8	23	10126	709
1037	4	8	29	10140	4269
1038	3	1	13	10154	1717
1039	4	14	29	10168	8819
1040	3	1	29	10182	4246
1041	4	14	23	10196	15691
1042	0	12	23	10210	8686
1043	4	14	29	10224	1653
1044	4	8	29	10238	13609
1045	4	8	13	10252	5116
1046	4	14	29	10266	11564
1047	3	1	17	10280	4882
1048	4	8	13	10294	3805
1049	4	8	13	10308	4305
1050	4	8	17	10322	2688
1051	4	14	29	10336	13409
1052	3	1	17	10350	1922
1053	3	1	13	10364	13178
1054	3	1	29	10378	9216
1055	3	1	29	10400	7185
1056	3	1	13	10407	1524
1057	4	8	17	10414	2154
1058	4	14	17	10421	1299
1059	4	14	29	10428	1373
1060	0	12	23	10435	18340
1061	4	14	23	10442	10327
1062	3	1	29	10449	13668
1063	4	14	29	10456	12428
1064	3	1	17	10463	5499
1065	4	14	17	10470	763
1066	3	1	29	10477	8591
1067	4	14	13	10484	837
1068	4	8	29	10491	7072
1069	3	1	23	10498	1838
1070	4	8	23	10505	5130
1071	3	1	29	10512	4010
1072	4	14	13	10519	11407
1073	4	14	17	10526	1417
1074	3	1	13	10533	4296
1075	4	8	17	10540	30984
1076	3	1	23	10547	19460
1077	4	14	29	10554	1398
1078	3	1	23	10561	20078
1079	4	14	13	10568	8413
1080	4	14	17	10575	5065
1081	4	8	23	10582	17778
1082	4	8	17	10589	3637
1083	3	1	17	10596	1257
1084	4	8	23	10603	16859
1085	3	1	13	10610	7572
1086	3	1	29	10617	18450
1087	4	14	29	10624	643
1088	4	14	23	10631	9086
1089	4	14	13	10638	7373
1090	4	14	17	10645	2848
1091	4	14	17	10652	15112
1092	3	1	23	10659	2448
1093	3	1	17	10666	287
1094	4	14	13	10673	11720
1095	4	14	13	10680	9289
1096	4	8	23	10687	330
1097	3	1	29	10694	16562
1098	3	1	23	10701	9359
1099	3	1	23	10708	10371
1100	4	14	17	10715	13462
1101	4	8	23	10722	8748
1102	3	1	23	10729	16319
1103	4	14	17	10736	1522
1104	0	12	23	10743	22891
1105	4	14	17	10750	17744
1106	4	14	23	10757	437
1107	4	14	29	10764	420
1108	4	14	13	10771	3979
1109	4	8	23	10778	9760
1110	4	14	13	10785	9128
1111	4	14	17	10800	105
1112	4	14	23	10813	3054
1113	0	12	13	10826	5533
1114	4	8	23	10839	9336
1115	4	14	13	10852	59
1116	3	1	17	10865	3565
1117	0	12	23	10878	8952
1118	3	1	13	10891	19268
1119	4	8	17	10904	17317
1120	0	12	23	10917	1692
1121	4	14	29	10930	6961
1122	4	14	17	10943	4365
1123	4	8	23	10956	33441
1124	3	1	13	10969	18894
1125	4	8	17	10982	7838
1126	0	12	17	10995	1119
1127	0	12	29	11008	10309
1128	4	14	17	11021	3999
1129	4	14	29	11034	10433
1130	0	12	23	11047	22339
1131	4	8	29	11060	312
1132	3	1	13	11073	5090
1133	0	12	13	11086	1707
1134	4	14	29	11099	14486
1135	4	14	23	11112	13041
1136	4	14	29	11125	175
1137	3	1	29	11138	1706
1138	3	1	29	11151	1811
1139	3	1	17	11164	34910
1140	3	1	17	11177	6545
1141	4	14	29	11200	15132
1142	4	14	29	11207	9249
1143	4	14	13	11214	29204
1144	4	14	29	11221	20374
1145	4	8	13	11228	2699
1146	4	8	23	11235	6064
1147	3	1	23	11242	11566
1148	3	1	23	11249	3405
1149	0	12	13	11256	11470
1150	3	1	29	11263	3171
1151	4	8	13	11270	3658
1152	4	14	23	11277	26551
1153	4	8	17	11284	13053
1154	3	1	29	11291	6140
1155	4	8	23	11298	2122
1156	3	1	17	11305	2242
1157	0	12	13	11312	17320
1158	4	8	17	11319	2490
1159	4	14	17	11326	3064
1160	4	14	29	11333	11438
1161	4	14	29	11340	3189
1162	0	12	23	11347	8578
1163	3	1	13	11354	8708
1164	4	8	13	11361	11621
1165	4	14	17	11368	8221
1166	3	1	13	11375	6253
1167	4	14	23	11382	1069
1168	0	12	13	11389	8696
1169	3	1	13	11396	17275
1170	0	12	13	11403	33963
1171	0	12	17	11410	1467
1172	4	14	23	11417	5091
1173	0	12	29	11424	20489
1174	4	14	29	11431	3161
1175	3	1	23	11438	3342
1176	0	12	29	11445	18091
1177	4	8	17	11452	4732
1178	3	1	23	11459	520
1179	3	1	13	11466	7726
1180	4	14	23	11473	782
1181	4	14	29	11480	3647
1182	4	14	17	11487	3794
1183	4	14	17	11494	7993
1184	4	8	29	11501	4104
1185	4	14	17	11508	6782
1186	3	1	13	11515	619
1187	4	8	29	11522	8781
1188	4	14	17	11529	8544
1189	4	14	17	11536	7399
1190	3	1	17	11543	6562
1191	4	14	29	11550	1173
1192	0	12	23	11557	20675
1193	3	1	23	11600	17262
1194	4	14	17	11608	2056
1195	3	1	23	11616	2090
1196	4	14	17	11624	1699
1197	3	1	23	11632	177
1198	3	1	29	11640	1865
1199	4	8	23	11648	2622
1200	4	14	13	11656	10902
1201	3	1	13	11664	4170
1202	3	1	17	11672	857
1203	4	14	23	11680	4959
1204	4	14	29	11688	11965
1205	4	8	23	11696	1392
1206	3	1	23	11704	18125
1207	4	14	29	11712	335
1208	3	1	23	11720	5199
1209	0	12	17	11728	1729
1210	4	8	23	11736	3290
1211	4	8	29	11744	12790
1212	4	14	17	11752	13817
1213	4	14	13	11760	8357
1214	4	14	23	11768	2039
1215	0	12	13	11776	4013
1216	3	1	23	11784	24146
1217	3	1	17	11792	210
1218	0	12	13	11800	2430
1219	3	1	29	11808	1729
1220	3	1	17	11816	6708
1221	4	8	17	11824	16701
1222	4	14	17	11832	5061
1223	3	1	29	11840	489
1224	4	8	23	11848	3143
1225	3	1	17	11856	15137
1226	4	14	23	11864	2227
1227	4	8	29	11872	7062
1228	3	1	23	11880	9529
1229	3	1	17	11888	812
1230	4	14	17	11896	1301
1231	4	14	17	11904	16559
1232	3	1	17	11912	2180
1233	0	12	13	11920	12243
1234	4	14	29	11928	16652
1235	3	1	23	11936	9289
1236	3	1	17	11944	2457
1237	4	14	23	11952	19783
1238	4	14	17	11960	15499
1239	4	14	17	11968	2212
1240	4	8	23	11976	9002
1241	4	14	17	11984	272
1242	3	1	17	12000	1670
1243	4	14	29	12009	4958
1244	3	1	29	12018	2476
1245	4	8	17	12027	11477
1246	4	14	23	12036	3017
1247	4	8	17	12045	2587
1248	3	1	13	12054	8616
1249	4	14	13	12063	14276
1250	4	8	13	12072	2614
1251	3	1	13	12081	1446
1252	3	1	17	12090	11417
1253	4	8	13	12099	109
1254	4	14	13	12108	9953
1255	3	1	29	12117	16200
1256	4	14	29	12126	22178
1257	4	14	23	12135	346
1258	4	14	29	12144	1179
1259	4	14	23	12153	20902
1260	3	1	13	12162	19882
1261	3	1	23	12171	2966
1262	3	1	13	12180	3383
1263	4	8	13	12189	3842
1264	3	1	29	12198	362
1265	3	1	17	12207	4980
1266	4	14	17	12216	6554
1267	4	14	13	12225	315
1268	4	8	17	12234	11859
1269	3	1	13	12243	6179
1270	4	14	29	12252	1114
1271	3	1	29	12261	288
1272	3	1	29	12270	1490
1273	0	12	29	12279	164
1274	4	8	13	12288	5854
1275	4	14	29	12297	6111
1276	4	14	29	12306	9308
1277	3	1	17	12315	55
1278	4	14	29	12324	12605
1279	0	12	17	12333	6624
1280	3	1	23	12342	6126
1281	4	14	13	12351	27203
1282	4	14	29	12360	20936
1283	4	14	17	12369	15962
1284	4	8	17	12400	13619
1285	4	8	17	12410	33415
1286	3	1	29	12420	966
1287	3	1	13	12430	2039
1288	4	8	29	12440	595
1289	0	12	13	12450	58
1290	4	14	23	12460	11071
1291	3	1	23	12470	2009
1292	4	8	23	12480	12059
1293	0	12	29	12490	21189
1294	4	14	17	12500	3143
1295	4	14	29	12510	3640
1296	4	8	13	12520	9333
1297	3	1	13	12530	13161
1298	4	8	29	12540	4325
1299	4	8	17	12550	12985
1300	3	1	29	12560	1810
1301	4	8	17	12570	2578
1302	0	12	13	12580	5600
1303	0	12	29	12590	1034
1304	4	14	17	12600	9687
1305	4	14	13	12610	2230
1306	4	14	13	12620	43095
1307	4	8	23	12630	10766
1308	0	12	13	12640	5459
1309	4	8	17	12650	1564
1310	4	14	29	12660	1591
1311	4	8	23	12670	21346
1312	4	8	23	12680	2292
1313	4	14	23	12690	6827
1314	3	1	29	12700	3975
1315	4	14	29	12710	23976
1316	4	14	29	12720	3861
1317	4	14	23	12730	5244
1318	4	14	29	12740	6634
1319	4	8	23	12750	491
1320	0	12	23	12760	3442
1321	4	8	17	12770	3254
1322	3	1	13	12800	27280
1323	4	8	13	12809	11608
1324	4	14	17	12818	12436
1325	3	1	13	12827	19081
1326	3	1	13	12836	2375
1327	3	1	13	12845	2203
1328	3	1	17	12854	9510
1329	4	8	13	12863	1332
1330	3	1	29	12872	14942
1331	4	8	29	12881	17002
1332	4	8	17	12890	7116
1333	4	14	23	12899	37166
1334	3	1	17	12908	3577
1335	0	12	17	12917	2403
1336	4	14	29	12926	4977
1337	4	14	29	12935	13106
1338	4	14	13	12944	1413
1339	3	1	13	12953	6833
1340	3	1	13	12962	36247
1341	4	8	13	12971	3748
1342	3	1	13	12980	10487
1343	4	14	23	12989	17957
1344	0	12	17	12998	14029
1345	3	1	13	13007	13664
1346	4	8	13	13016	28878
1347	3	1	13	13025	1830
1348	4	14	13	13034	6171
1349	0	12	17	13043	3758
1350	4	8	13	13052	32460
1351	3	1	17	13061	1863
1352	3	1	17	13070	2231
1353	0	12	17	13079	3545
1354	0	12	29	13088	4827
1355	4	8	23	13097	16217
1356	4	14	17	13106	2951
1357	4	14	13	13115	10707
1358	4	8	23	13124	3234
1359	3	1	17	13133	12644
1360	4	8	29	13142	34406
1361	3	1	13	13151	11240
1362	4	14	13	13160	362
1363	4	14	29	13169	3338
1364	4	14	17	13178	3229
1365	4	14	29	13200	2851
1366	4	8	17	13211	3341
1367	3	1	13	13222	2395
1368	0	12	17	13233	1920
1369	4	8	17	13244	1133
1370	4	14	13	13255	5337
1371	0	12	29	13266	6886
1372	4	14	23	13277	3072
1373	3	1	23	13288	36252
1374	4	14	23	13299	584
1375	4	14	17	13310	29691
1376	4	14	13	13321	7406
1377	3	1	17	13332	605
1378	4	8	29	13343	22351
1379	4	8	17	13354	28034
1380	4	8	29	13365	21864
1381	4	14	13	13376	430
1382	4	14	29	13387	9715
1383	3	1	29	13398	3091
1384	4	14	13	13409	1497
1385	4	14	23	13420	8123
1386	4	14	23	13431	8111
1387	0	12	13	13442	2102
1388	4	14	23	13453	6165
1389	3	1	23	13464	5422
1390	3	1	29	13475	24120
1391	4	14	29	13486	10341
1392	3	1	17	13497	5126
1393	3	1	29	13508	3668
1394	3	1	17	13519	7092
1395	0	12	13	13530	2138
1396	4	8	13	13541	3201
1397	3	1	13	13552	3944
1398	3	1	17	13563	6602
1399	4	8	17	13574	5990
1400	3	1	29	13600	5190
1401	4	14	29	13609	10018
1402	3	1	23	13618	37730
1403	3	1	23	13627	4160
1404	0	12	17	13636	17515
1405	4	8	13	13645	4160
1406	4	14	29	13654	17576
1407	0	12	23	13663	2345
1408	4	8	23	13672	2713
1409	0	12	23	13681	5193
1410	4	8	17	13690	2457
1411	4	8	29	13699	2149
1412	4	14	13	13708	12832
1413	4	8	17	13717	3603
1414	3	1	17	13726	15680
1415	3	1	29	13735	21749
1416	4	14	13	13744	423
1417	3	1	13	13753	10291
1418	4	14	29	13762	1495
1419	4	14	23	13771	9483
1420	4	14	17	13780	8691
1421	0	12	17	13789	934
1422	4	14	17	13798	10225
1423	4	14	23	13807	10217
1424	4	14	23	13816	1598
1425	4	8	13	13825	11463
1426	4	14	23	13834	878
1427	3	1	29	13843	24139
1428	0	12	17	13852	4103
1429	4	14	17	13861	14455
1430	4	14	17	13870	8301
1431	3	1	13	13879	1932
1432	4	8	13	13888	5723
1433	4	14	23	13897	4244
1434	4	14	17	13906	5427
1435	3	1	29	13915	1996
1436	3	1	17	13924	506
1437	4	8	17	13933	2825
1438	3	1	23	13942	4532
1439	4	14	13	13951	11589
1440	4	8	29	13960	11055
1441	4	14	29	13969	3863
1442	4	14	17	13978	22993
1443	3	1	13	13987	493
1444	4	8	17	14000	2067
1445	4	8	13	14007	10051
1446	4	8	23	14014	20886
1447	4	8	13	14021	936
1448	4	14	17	14028	5685
1449	0	12	17	14035	8488
1450	3	1	29	14042	1617
1451	4	14	29	14049	7452
1452	3	1	13	14056	1974
1453	3	1	23	14063	16170
1454	3	1	29	14070	15988
1455	4	8	23	14077	3659
1456	4	14	23	14084	39337
1457	4	14	13	14091	2516
1458	4	14	13	14098	2032
1459	4	14	17	14105	1083
1460	3	1	17	14112	2870
1461	4	8	29	14119	22218
1462	4	14	17	14126	15331
1463	3	1	13	14133	4808
1464	3	1	17	14140	14260
1465	4	14	17	14147	409
1466	4	14	23	14154	10316
1467	4	14	23	14161	3917
1468	3	1	29	14168	16324
1469	4	14	17	14175	8136
1470	4	14	17	14182	16489
1471	3	1	29	14189	11217
1472	4	8	23	14196	2753
1473	0	12	29	14203	4158
1474	4	14	29	14210	23273
1475	4	8	17	14217	2622
1476	4	8	29	14224	1459
1477	3	1	13	14231	8670
1478	4	14	17	14238	5440
1479	3	1	17	14245	5016
1480	0	12	17	14252	14408
1481	3	1	23	14259	40307
1482	3	1	17	14266	4673
1483	0	12	29	14273	11006
1484	3	1	23	14280	8462
1485	0	12	17	14287	323
1486	4	14	29	14294	43867
1487	4	14	23	14301	8251
1488	3	1	23	14308	6339
1489	3	1	29	14315	1073
1490	3	1	17	14322	2071
1491	4	14	17	14329	12541
1492	3	1	13	14336	608
1493	3	1	13	14343	2921
1494	4	8	23	14350	4983
1495	4	14	29	14357	13332
1496	4	14	23	14364	6043
1497	4	8	13	14371	5414
1498	4	8	29	14378	2070
1499	3	1	29	14385	1566
1500	3	1	17	14392	37445
1501	4	8	13	14400	6201
1502	4	14	17	14413	2200
1503	4	14	13	14426	16342
1504	4	8	29	14439	12157
1505	4	14	13	14452	4484
1506	3	1	13	14465	3024
1507	3	1	17	14478	13426
1508	4	14	23	14491	20412
1509	4	8	17	14504	7034
1510	0	12	23	14517	1788
1511	3	1	17	14530	3215
1512	0	12	23	14543	11984
1513	4	8	23	14556	11370
1514	4	14	29	14569	2759
1515	4	8	29	14582	2945
1516	4	14	23	14595	5471
1517	4	14	17	14608	891
1518	4	8	23	14621	12835
1519	4	8	29	14634	12566
1520	4	14	17	14647	445
1521	4	8	13	14660	676
1522	3	1	29	14673	14654
1523	4	14	29	14686	10916
1524	3	1	13	14699	4223
1525	4	14	13	14712	677
1526	4	8	23	14725	9134
1527	4	14	17	14738	33779
1528	4	14	13	14751	22748
1529	4	14	13	14764	1154
1530	3	1	29	14777	11069
1531	0	12	29	14800	8991
1532	4	8	17	14810	4548
1533	4	8	17	14820	3033
1534	4	8	13	14830	5156
1535	4	14	13	14840	2802
1536	3	1	13	14850	11188
1537	4	14	17	14860	6790
1538	4	14	29	14870	27085
1539	3	1	17	14880	2025
1540	4	14	17	14890	10323
1541	3	1	23	14900	1612
1542	4	14	29	14910	10226
1543	3	1	13	14920	26233
1544	3	1	17	14930	20743
1545	4	8	29	14940	18195
1546	4	14	23	14950	121
1547	4	8	23	14960	3022
1548	3	1	17	14970	114
1549	4	14	29	14980	1353
1550	4	8	13	14990	3035
1551	4	14	13	15000	4422
1552	4	14	17	15010	9441
1553	4	14	13	15020	4580
1554	4	14	17	15030	1056
1555	4	8	13	15040	19232
1556	4	14	17	15050	9617
1557	4	8	17	15060	5480
1558	3	1	29	15070	4931
1559	4	8	29	15080	9632
1560	4	14	17	15090	11038
1561	4	14	23	15100	3197
1562	3	1	13	15110	16416
1563	4	8	23	15120	12396
1564	4	14	23	15130	14443
1565	4	14	29	15140	5961
1566	4	8	13	15150	18210
1567	4	14	13	15160	4942
1568	0	12	23	15170	2667
1569	4	8	23	15180	44650
1570	4	14	23	15200	6476
1571	0	12	17	15211	20544
1572	4	8	23	15222	1200
1573	4	14	13	15233	6850
1574	4	14	23	15244	557
1575	3	1	29	15255	16418
1576	3	1	17	15266	3565
1577	0	12	29	15277	16800
1578	3	1	17	15288	13688
1579	4	8	17	15299	5756
1580	4	8	23	15310	547
1581	4	14	13	15321	3647
1582	3	1	13	15332	28374
1583	4	14	17	15343	12340
1584	3	1	29	15354	13659
1585	3	1	23	15365	3140
1586	0	12	17	15376	32239
1587	3	1	13	15387	48862
1588	3	1	13	15398	1704
1589	0	12	29	15409	6667
1590	4	14	29	15420	7251
1591	3	1	29	15431	2377
1592	0	12	17	15442	949
1593	3	1	13	15453	2475
1594	4	14	13	15464	5159
1595	4	14	23	15475	4024
1596	4	14	17	15486	2980
1597	3	1	13	15497	21724
1598	3	1	23	15508	1084
1599	3	1	23	15519	4084
1600	4	14	23	15530	68820
1601	0	12	17	15541	6462
1602	4	8	29	15552	252
1603	3	1	29	15563	144
1604	4	8	13	15574	7343
1605	4	8	29	15585	3985
1606	4	14	23	15600	2687
1607	4	8	17	15610	999
1608	4	8	23	15620	3678
1609	3	1	17	15630	2324
1610	3	1	29	15640	6389
1611	4	14	23	15650	13804
1612	4	14	29	15660	9031
1613	4	8	23	15670	23520
1614	0	12	13	15680	8037
1615	4	14	13	15690	3852
1616	3	1	23	15700	3549
1617	4	14	23	15710	713
1618	4	14	29	15720	27786
1619	3	1	29	15730	5721
1620	4	14	17	15740	6266
1621	4	14	29	15750	18385
1622	3	1	13	15760	2506
1623	0	12	29	15770	10128
1624	3	1	23	15780	4089
1625	3	1	29	15790	2829
1626	4	14	29	15800	13345
1627	3	1	17	15810	16523
1628	4	14	13	15820	842
1629	4	14	29	15830	8916
1630	3	1	23	15840	6578
1631	4	8	13	15850	4437
1632	3	1	13	15860	11116
1633	4	14	29	15870	4350
1634	3	1	23	15880	5759
1635	4	8	17	15890	5739
1636	4	14	17	15900	3264
1637	4	14	17	15910	24505
1638	4	14	17	15920	1641
1639	3	1	13	15930	4444
1640	4	14	13	15940	321
1641	4	14	13	15950	16005
1642	0	12	23	15960	7935
1643	0	12	23	15970	22474
1644	3	1	29	15980	123
1645	4	14	17	15990	11901
1646	3	1	29	16000	6948
1647	4	14	29	16011	1440
1648	3	1	29	16022	8003
1649	4	14	29	16033	781
1650	4	14	13	16044	301
1651	4	8	23	16055	2045
1652	4	14	17	16066	26783
1653	0	12	23	16077	7653
1654	4	14	13	16088	15544
1655	4	14	23	16099	845
1656	4	14	13	16110	2686
1657	4	8	29	16121	3003
1658	4	14	13	16132	7692
1659	4	14	17	16143	2885
1660	4	8	29	16154	6959
1661	4	8	13	16165	4249
1662	4	8	13	16176	141
1663	3	1	23	16187	9543
1664	4	14	29	16198	9410
1665	3	1	23	16209	1061
1666	3	1	17	16220	590
1667	0	12	13	16231	2378
1668	4	14	29	16242	4552
1669	4	14	29	16253	1039
1670	0	12	29	16264	386
1671	3	1	13	16275	4154
1672	4	14	17	16286	18411
1673	3	1	23	16297	6259
1674	4	14	29	16308	5102
1675	0	12	17	16319	9074
1676	4	14	13	16330	2522
1677	3	1	23	16341	3194
1678	3	1	29	16352	9704
1679	3	1	13	16363	7869
1680	4	14	13	16374	10110
1681	4	8	13	16400	8321
1682	0	12	23	16412	2205
1683	0	12	17	16424	55
1684	0	12	29	16436	8060
1685	4	8	29	16448	3262
1686	3	1	29	16460	4943
1687	3	1	23	16472	1159
1688	4	8	29	16484	6617
1689	3	1	29	16496	4261
1690	3	1	13	16508	2057
1691	4	14	17	16520	178
1692	0	12	13	16532	3270
1693	4	8	29	16544	17143
1694	4	8	13	16556	14928
1695	3	1	29	16568	7895
1696	3	1	29	16580	15031
1697	3	1	13	16592	21562
1698	0	12	23	16604	2281
1699	4	8	17	16616	17736
1700	3	1	13	16628	9711
1701	3	1	23	16640	3123
1702	0	12	29	16652	10499
1703	3	1	13	16664	5713
1704	4	14	29	16676	376
1705	4	8	29	16688	7996
1706	3	1	17	16700	3153
1707	4	8	23	16712	4387
1708	4	8	23	16724	1246
1709	4	14	29	16736	1571
1710	0	12	23	16748	14168
1711	3	1	17	16760	24996
1712	3	1	13	16772	7539
1713	3	1	13	16800	38275
1714	4	14	17	16808	7043
1715	0	12	29	16816	21789
1716	4	8	23	16824	1501
1717	4	8	29	16832	85
1718	3	1	29	16840	510
1719	4	14	29	16848	3528
1720	4	14	23	16856	8710
1721	4	14	23	16864	22010
1722	4	14	13	16872	9485
1723	3	1	13	16880	169
1724	3	1	23	16888	18040
1725	3	1	23	16896	203
1726	3	1	13	16904	576
1727	3	1	17	16912	138
1728	4	8	23	16920	9563
1729	3	1	13	16928	14875
1730	3	1	17	16936	14227
1731	3	1	13	16944	3299
1732	4	8	29	16952	675
1733	3	1	17	16960	13354
1734	4	14	29	16968	20522
1735	3	1	17	16976	4009
1736	4	8	17	16984	19794
1737	3	1	17	16992	10490
1738	0	12	17	17000	25936
1739	4	14	29	17008	23
1740	4	14	23	17016	73
1741	4	8	13	17024	316
1742	3	1	29	17032	37411
1743	3	1	29	17040	3880
1744	3	1	17	17048	6999
1745	4	8	29	17056	2525
1746	0	12	17	17064	4244
1747	3	1	13	17072	3371
1748	3	1	23	17080	2822
1749	0	12	17	17088	19344
1750	0	12	13	17096	4873
1751	3	1	13	17104	14492
1752	4	14	13	17112	16365
1753	3	1	23	17120	17769
1754	3	1	23	17128	2067
1755	4	14	17	17136	11647
1756	4	14	17	17144	7928
1757	4	14	23	17152	9899
1758	4	8	23	17160	7641
1759	3	1	17	17168	167
1760	4	14	29	17176	6612
1761	4	14	29	17184	2951
1762	0	12	13	17200	10319
1763	4	14	23	17212	2853
1764	4	8	23	17224	3412
1765	4	14	17	17236	5417
1766	0	12	23	17248	16636
1767	4	8	23	17260	12823
1768	3	1	13	17272	567
1769	4	8	29	17284	1697
1770	4	14	17	17296	150
1771	4	14	17	17308	4646
1772	4	8	23	17320	408
1773	4	14	29	17332	485
1774	0	12	17	17344	3415
1775	3	1	23	17356	7837
1776	3	1	29	17368	23271
1777	3	1	17	17380	2970
1778	4	14	29	17392	4608
1779	4	8	29	17404	7834
1780	3	1	17	17416	7604
1781	4	14	29	17428	10346
1782	0	12	23	17440	10180
1783	4	8	17	17452	12354
1784	3	1	29	17464	3928
1785	4	8	13	17476	41629
1786	3	1	29	17488	5037
1787	4	14	13	17500	1680
1788	0	12	23	17512	7015
1789	4	8	17	17524	1359
1790	4	14	29	17536	11597
1791	3	1	23	17548	1844
1792	3	1	29	17560	979
1793	3	1	13	17572	22526
1794	4	14	13	17600	4645
1795	4	14	23	17610	9648
1796	4	8	13	17620	3016
1797	4	14	13	17630	9386
1798	3	1	17	17640	302
1799	4	14	29	17650	764
1800	0	12	13	17660	4029
1801	4	14	23	17670	7594
1802	0	12	13	17680	2576
1803	4	8	29	17690	897
1804	0	12	29	17700	17827
1805	4	8	29	17710	125
1806	4	8	23	17720	12366
1807	4	8	17	17730	13365
1808	3	1	17	17740	6282
1809	4	14	13	17750	7392
1810	4	8	23	17760	13778
1811	4	8	13	17770	3069
1812	4	14	29	17780	2539
1813	4	14	23	17790	37540
1814	4	8	29	17800	4184
1815	4	8	29	17810	14503
1816	4	14	13	17820	7106
1817	4	14	23	17830	22266
1818	4	8	29	17840	19442
1819	4	14	17	17850	3480
1820	4	8	23	17860	200
1821	4	8	17	17870	9254
1822	4	8	29	17880	1934
1823	4	8	23	17890	19465
1824	3	1	13	17900	4439
1825	3	1	29	17910	13400
1826	3	1	17	17920	3148
1827	4	14	17	17930	928
1828	4	14	23	17940	7705
1829	4	8	23	17950	8327
1830	3	1	17	17960	2974
1831	4	14	23	17970	2353
1832	0	12	29	18000	2551
1833	4	8	29	18011	3405
1834	4	8	23	18022	2078
1835	3	1	23	18033	3
1836	4	14	29	18044	4786
1837	4	14	29	18055	7611
1838	0	12	17	18066	17971
1839	4	8	29	18077	3727
1840	0	12	23	18088	1861
1841	3	1	23	18099	8521
1842	3	1	29	18110	8295
1843	4	8	23	18121	31628
1844	0	12	29	18132	3262
1845	4	14	23	18143	4734
1846	4	14	23	18154	21732
1847	3	1	13	18165	1062
1848	4	8	13	18176	6088
1849	4	14	17	18187	7404
1850	4	14	23	18198	949
1851	4	8	17	18209	3771
1852	3	1	17	18220	12064
1853	3	1	13	18231	9223
1854	3	1	17	18242	550
1855	4	14	29	18253	9907
1856	4	14	23	18264	4062
1857	4	14	17	18275	3609
1858	4	14	29	18286	9121
1859	3	1	13	18297	663
1860	4	14	17	18308	9376
1861	3	1	13	18319	9047
1862	4	8	23	18330	1720
1863	4	8	23	18341	18196
1864	3	1	23	18352	2769
1865	3	1	29	18363	6687
1866	4	8	17	18374	373
1867	3	1	13	18400	20751
1868	4	14	13	18412	11486
1869	4	14	17	18424	4178
1870	3	1	13	18436	3909
1871	4	8	13	18448	29465
1872	4	14	17	18460	359
1873	4	8	29	18472	6204
1874	4	14	23	18484	1254
1875	4	14	29	18496	3688
1876	4	14	17	18508	326
1877	4	14	13	18520	2132
1878	4	8	29	18532	6888
1879	4	14	17	18544	30964
1880	4	14	13	18556	16882
1881	4	14	17	18568	1794
1882	3	1	17	18580	6878
1883	4	8	17	18592	118
1884	4	8	13	18604	6124
1885	4	8	13	18616	21814
1886	3	1	17	18628	5172
1887	4	14	23	18640	7109
1888	4	14	17	18652	2631
1889	3	1	23	18664	5848
1890	4	14	29	18676	7375
1891	4	14	17	18688	729
1892	4	14	13	18700	21692
1893	3	1	17	18712	13482
1894	3	1	23	18724	9170
1895	4	14	23	18736	6046
1896	4	8	13	18748	4956
1897	3	1	17	18760	11036
1898	4	14	13	18772	9323
1899	4	14	29	18800	11702
1900	3	1	13	18808	4101
1901	3	1	23	18816	69
1902	4	14	29	18824	3599
1903	3	1	29	18832	1077
1904	3	1	17	18840	1958
1905	4	14	17	18848	1179
1906	3	1	13	18856	3227
1907	4	8	17	18864	2186
1908	3	1	23	18872	6197
1909	4	14	23	18880	9554
1910	4	8	23	18888	8872
1911	4	14	17	18896	1435
1912	4	14	23	18904	12327
1913	0	12	17	18912	9660
1914	4	14	29	18920	1793
1915	4	14	29	18928	5376
1916	4	14	29	18936	847
1917	0	12	13	18944	1576
1918	4	14	17	18952	3598
1919	3	1	23	18960	3545
1920	4	14	17	18968	757
1921	3	1	29	18976	4881
1922	4	14	23	18984	8285
1923	4	8	23	18992	2231
1924	4	8	17	19000	13061
1925	3	1	23	19008	2846
1926	4	8	13	19016	337
1927	3	1	29	19024	2083
1928	4	14	17	19032	15579
1929	3	1	13	19040	7631
1930	4	14	29	19048	19048
1931	4	8	13	19056	2759
1932	4	8	13	19064	6312
1933	3	1	29	19072	13239
1934	3	1	13	19080	6902
1935	3	1	17	19088	16332
1936	0	12	17	19096	14588
1937	4	8	23	19104	4793
1938	4	14	13	19112	12778
1939	3	1	29	19120	4057
1940	4	14	13	19128	7382
1941	3	1	13	19136	2164
1942	4	8	29	19144	407
1943	4	14	29	19152	7001
1944	0	12	13	19160	15096
1945	4	14	23	19168	4609
1946	4	8	23	19176	2868
1947	4	14	29	19200	2116
1948	4	14	17	19207	7611
1949	3	1	23	19214	1713
1950	4	14	29	19221	4494
1951	0	12	29	19228	2661
1952	3	1	29	19235	3902
1953	4	8	23	19242	3205
1954	4	14	17	19249	9067
1955	4	14	17	19256	23112
1956	3	1	13	19263	3615
1957	4	14	17	19270	1012
1958	4	8	23	19277	3101
1959	4	14	23	19284	19982
1960	4	14	13	19291	805
1961	4	14	13	19298	866
1962	3	1	13	19305	3847
1963	4	8	23	19312	20651
1964	4	8	23	19319	12467
1965	0	12	17	19326	3803
1966	3	1	17	19333	7709
1967	4	8	29	19340	30147
1968	4	14	13	19347	1050
1969	3	1	23	19354	3211
1970	4	14	17	19361	8417
1971	4	14	17	19368	8393
1972	4	8	29	19375	3840
1973	3	1	17	19382	26691
1974	4	14	17	19389	11266
1975	3	1	17	19396	15354
1976	3	1	29	19403	4181
1977	4	14	23	19410	510
1978	4	8	17	19417	4019
1979	3	1	29	19424	3653
1980	3	1	13	19431	49861
1981	3	1	17	19438	13235
1982	4	14	17	19445	7647
1983	3	1	23	19452	8738
1984	4	14	17	19459	1636
1985	4	14	29	19466	7837
1986	4	14	13	19473	18886
1987	0	12	23	19480	1942
1988	4	14	17	19487	1121
1989	3	1	29	19494	8033
1990	4	14	13	19501	5650
1991	3	1	13	19508	10173
1992	0	12	29	19515	1108
1993	4	8	23	19522	16950
1994	4	14	23	19529	2876
1995	4	14	29	19536	5544
1996	4	14	13	19543	15464
1997	0	12	17	19550	1071
1998	4	14	13	19557	12625
1999	0	12	23	19564	5080
