0	4	14	13	0	16938
1	4	14	13	9	16393
2	4	14	23	18	6358
3	4	14	23	27	24687
4	3	1	23	36	5753
5	4	14	13	45	1703
6	4	14	29	54	18600
7	4	14	23	63	2870
8	3	1	17	72	6055
9	4	14	13	81	132
10	4	8	23	90	14567
11	0	12	17	99	3444
12	4	14	23	108	6892
13	4	14	23	117	2658
14	4	14	29	126	11974
15	3	1	23	135	20169
16	3	1	13	144	13005
17	4	8	13	153	2985
18	4	14	23	162	9594
19	3	1	29	171	274
20	4	8	13	180	27233
21	4	14	17	189	7715
22	4	14	23	198	14073
23	3	1	29	207	1580
24	4	14	13	216	2433
25	4	14	29	225	1655
26	4	14	23	234	25644
27	4	14	13	243	3451
28	4	14	13	252	5214
29	4	14	29	261	15643
30	0	12	23	270	7631
31	3	1	23	279	11247
32	4	14	17	288	2132
33	4	8	29	297	17708
34	3	1	17	306	10603
35	4	14	13	315	1721
36	0	12	29	324	23723
37	3	1	17	333	1427
38	4	14	29	342	2479
39	0	12	29	351	3703
40	4	8	17	360	3128
41	3	1	29	400	43212
42	4	8	13	411	4512
43	4	14	29	422	54929
44	4	14	13	433	12393
45	3	1	13	444	17165
46	4	14	29	455	34893
47	3	1	13	466	7024
48	3	1	29	477	14842
49	4	14	13	488	4301
50	3	1	13	499	4786
51	4	14	13	510	304
52	4	14	13	521	3472
53	4	14	13	532	3784
54	0	12	13	543	68
55	0	12	29	554	3975
56	4	14	23	565	671
57	3	1	23	576	4075
58	4	14	23	587	14001
59	4	14	29	598	3484
60	4	8	23	609	3457
61	4	8	23	620	9261
62	4	14	17	631	23621
63	4	14	23	642	13224
64	3	1	17	653	9329
65	4	14	29	664	1193
66	4	8	29	675	1089
67	4	14	29	686	13142
68	3	1	17	697	11361
69	4	8	23	708	8261
70	3	1	23	719	36504
71	4	14	23	730	9568
72	4	8	13	741	409
73	4	14	29	752	4023
74	4	8	17	763	18908
75	4	14	17	774	30913
76	3	1	13	800	2103
77	4	14	23	807	14478
78	4	14	29	814	7832
79	3	1	13	821	6593
80	4	14	29	828	2431
81	4	8	17	835	6933
82	4	8	17	842	9324
83	4	14	13	849	630
84	4	8	23	856	6120
85	0	12	23	863	7077
86	4	14	17	870	5299
87	4	8	17	877	26742
88	4	8	23	884	17413
89	3	1	17	891	4361
90	4	14	23	898	991
91	4	14	13	905	10226
92	4	14	29	912	6610
93	4	8	13	919	32745
94	4	14	13	926	184
95	0	12	29	933	14118
96	4	14	17	940	1430
97	4	14	23	947	12449
98	3	1	17	954	7158
99	0	12	13	961	9564
100	3	1	13	968	13451
101	0	12	13	975	3939
102	4	8	29	982	21341
103	3	1	13	989	2859
104	3	1	23	996	5150
105	3	1	17	1003	18137
106	4	14	29	1010	57183
107	0	12	17	1017	40722
108	3	1	23	1024	7785
109	4	8	29	1031	1023
110	4	14	23	1038	1550
111	0	12	13	1045	5236
112	3	1	29	1052	19841
113	3	1	23	1059	3709
114	0	12	13	1066	852
115	0	12	13	1073	20022
116	0	12	17	1080	72263
117	4	14	17	1087	19872
118	3	1	29	1094	3748
119	3	1	29	1101	1196
120	4	14	17	1108	16057
121	0	12	17	1115	2594
122	3	1	13	1122	27611
123	4	14	29	1129	4405
124	3	1	13	1136	6503
125	4	14	17	1143	5711
126	4	8	29	1150	1615
127	0	12	13	1157	1248
128	4	14	23	1164	3771
129	4	8	23	1171	1284
130	0	12	29	1200	20027
131	4	14	23	1210	8687
132	3	1	13	1220	3475
133	4	14	23	1230	31918
134	4	8	29	1240	16574
135	4	14	23	1250	28068
136	4	14	23	1260	11230
137	4	14	17	1270	4773
138	3	1	17	1280	14537
139	4	14	17	1290	11614
140	4	8	23	1300	7263
141	3	1	13	1310	5943
142	3	1	29	1320	6433
143	4	14	29	1330	13822
144	4	14	23	1340	2433
145	4	14	23	1350	15520
146	4	8	17	1360	17374
147	3	1	17	1370	2058
148	0	12	13	1380	24131
149	4	14	29	1390	2733
150	0	12	17	1400	14213
151	4	14	13	1410	4336
152	4	8	23	1420	5685
153	4	14	23	1430	5251
154	0	12	23	1440	20034
155	4	8	23	1450	7837
156	3	1	13	1460	5736
157	4	8	13	1470	8903
158	0	12	29	1480	18938
159	4	14	13	1490	42172
160	3	1	23	1500	12717
161	4	14	23	1510	26779
162	4	8	23	1520	14318
163	3	1	13	1530	5655
164	4	8	13	1540	3779
165	4	14	13	1550	11177
166	4	14	29	1560	1293
167	4	14	13	1600	25300
168	4	8	23	1608	8736
169	3	1	17	1616	2163
170	0	12	23	1624	2733
171	4	8	13	1632	13281
172	3	1	29	1640	1356
173	4	14	17	1648	12534
174	4	8	13	1656	12286
175	3	1	17	1664	5115
176	3	1	23	1672	18139
177	4	14	17	1680	2918
178	3	1	13	1688	1585
179	4	14	23	1696	14160
180	3	1	13	1704	11417
181	4	14	17	1712	41417
182	0	12	13	1720	3178
183	0	12	23	1728	818
184	0	12	13	1736	6279
185	3	1	29	1744	8518
186	3	1	29	1752	1779
187	3	1	17	1760	27280
188	4	14	29	1768	1511
189	4	14	13	1776	3762
190	4	8	23	1784	8896
191	4	14	23	1792	1052
192	4	14	17	1800	9176
193	4	14	17	1808	15801
194	4	8	23	1816	40810
195	3	1	13	1824	9890
196	3	1	17	1832	14204
197	4	8	29	1840	479
198	4	14	29	1848	6407
199	4	14	23	1856	10339
200	4	8	23	1864	11721
201	3	1	13	1872	26096
202	4	8	23	1880	12276
203	4	14	23	1888	14494
204	4	14	17	1896	0
205	4	14	17	1904	300
206	4	8	13	1912	2623
207	3	1	13	1920	15677
208	4	14	17	1928	15005
209	4	14	17	1936	7496
210	4	14	13	1944	14452
211	4	14	29	1952	2151
212	4	14	29	1960	6131
213	3	1	17	1968	1276
214	4	8	29	1976	5288
215	4	14	13	1984	13868
216	4	14	23	2000	12944
217	4	8	29	2008	11957
218	3	1	29	2016	41462
219	4	14	13	2024	17221
220	3	1	17	2032	7578
221	0	12	17	2040	2754
222	4	14	13	2048	17134
223	3	1	17	2056	3420
224	4	8	29	2064	12307
225	3	1	13	2072	1530
226	3	1	29	2080	1738
227	4	14	17	2088	5637
228	3	1	29	2096	13728
229	4	14	13	2104	992
230	0	12	29	2112	12709
231	4	8	29	2120	16177
232	0	12	23	2128	19442
233	4	14	23	2136	9481
234	3	1	29	2144	861
235	0	12	29	2152	15599
236	3	1	23	2160	4766
237	3	1	17	2168	9099
238	4	8	17	2176	818
239	4	8	29	2184	5789
240	0	12	23	2192	4485
241	4	14	23	2200	6302
242	4	14	13	2208	2431
243	4	8	23	2216	12728
244	0	12	13	2224	10100
245	3	1	29	2232	5344
246	4	14	23	2240	13819
247	3	1	29	2248	6821
248	4	14	17	2256	5651
249	3	1	23	2264	3966
250	4	14	17	2272	27808
251	4	8	17	2280	781
252	4	14	29	2288	880
253	4	14	23	2296	12660
254	4	8	17	2304	1388
255	0	12	13	2312	6503
256	3	1	29	2320	1618
257	4	14	17	2328	5980
258	3	1	29	2336	739
259	3	1	13	2344	25468
260	3	1	23	2352	26470
261	3	1	29	2400	20681
262	0	12	17	2409	587
263	0	12	17	2418	12069
264	3	1	17	2427	20014
265	3	1	13	2436	38578
266	4	14	13	2445	5392
267	4	8	17	2454	23077
268	4	14	23	2463	386
269	0	12	29	2472	11897
270	4	8	23	2481	5306
271	4	8	13	2490	1649
272	4	14	23	2499	9986
273	4	8	13	2508	10574
274	4	14	23	2517	7174
275	3	1	23	2526	738
276	4	8	17	2535	263
277	4	14	23	2544	1349
278	4	8	13	2553	13634
279	4	14	13	2562	3975
280	4	14	23	2571	6870
281	4	8	29	2580	14497
282	0	12	29	2589	86439
283	4	14	17	2598	6129
284	4	14	23	2607	2350
285	4	14	17	2616	10705
286	3	1	29	2625	13286
287	4	8	13	2634	1954
288	3	1	17	2643	6892
289	3	1	23	2652	12627
290	3	1	13	2661	11033
291	3	1	17	2670	32856
292	0	12	23	2679	7658
293	4	14	13	2688	2464
294	4	14	17	2697	8147
295	3	1	29	2706	8087
296	4	14	13	2715	5370
297	4	14	23	2724	9559
298	4	14	13	2733	22175
299	3	1	13	2742	11274
300	3	1	23	2751	71653
301	3	1	17	2760	21264
302	3	1	17	2769	6168
303	3	1	17	2800	16474
304	4	8	29	2810	30944
305	3	1	17	2820	17795
306	3	1	29	2830	8272
307	4	14	29	2840	7964
308	4	14	29	2850	2704
309	4	14	23	2860	610
310	4	14	29	2870	6063
311	4	14	17	2880	239
312	4	14	13	2890	15001
313	3	1	23	2900	18048
314	4	14	23	2910	7051
315	4	8	23	2920	2507
316	3	1	29	2930	20731
317	4	8	13	2940	12521
318	3	1	23	2950	7313
319	4	14	13	2960	2999
320	4	8	13	2970	4115
321	3	1	13	2980	2853
322	4	14	13	2990	6473
323	3	1	29	3000	5752
324	3	1	29	3010	337
325	4	14	13	3020	6579
326	4	8	17	3030	12828
327	4	14	17	3040	5722
328	3	1	29	3050	1169
329	3	1	23	3060	38536
330	4	14	23	3070	14402
331	3	1	29	3080	7676
332	4	8	17	3090	3677
333	4	14	13	3100	867
334	4	8	17	3110	4017
335	4	8	13	3120	11173
336	4	14	23	3130	4268
337	3	1	17	3140	3494
338	4	14	17	3150	7752
339	4	8	17	3160	6227
340	3	1	23	3170	1159
341	4	14	13	3200	2447
342	4	8	13	3210	35598
343	4	14	23	3220	5879
344	4	14	29	3230	3519
345	4	14	23	3240	10452
346	4	14	13	3250	3008
347	3	1	29	3260	14210
348	4	8	23	3270	16224
349	3	1	23	3280	4353
350	0	12	13	3290	13232
351	4	14	29	3300	14981
352	3	1	29	3310	1168
353	4	14	13	3320	11651
354	4	8	29	3330	4608
355	4	14	17	3340	18489
356	4	14	17	3350	6394
357	4	14	17	3360	255
358	0	12	23	3370	15229
359	3	1	29	3380	8367
360	3	1	29	3390	1484
361	3	1	23	3400	1517
362	3	1	13	3410	5975
363	4	14	13	3420	3326
364	0	12	13	3430	5183
365	3	1	13	3440	30940
366	4	14	13	3450	16919
367	4	14	13	3460	12386
368	4	8	13	3470	8156
369	3	1	17	3480	21875
370	3	1	29	3490	26407
371	4	14	17	3500	10118
372	3	1	29	3510	2263
373	4	8	17	3520	633
374	4	8	17	3530	1657
375	3	1	29	3540	1342
376	3	1	13	3550	3664
377	4	14	17	3560	360
378	4	14	13	3600	1624
379	4	14	13	3609	7091
380	0	12	29	3618	2682
381	4	14	23	3627	39449
382	4	14	29	3636	12192
383	4	14	13	3645	18646
384	3	1	23	3654	4138
385	4	14	23	3663	51066
386	0	12	29	3672	5731
387	3	1	13	3681	12348
388	4	14	13	3690	16677
389	3	1	13	3699	8287
390	3	1	29	3708	2570
391	4	14	17	3717	3912
392	3	1	29	3726	9155
393	3	1	17	3735	43700
394	4	14	23	3744	4084
395	0	12	13	3753	43472
396	4	8	13	3762	18858
397	4	14	29	3771	14707
398	4	14	23	3780	447
399	3	1	23	3789	4807
400	0	12	23	3798	20959
401	4	14	13	3807	10352
402	4	8	23	3816	2689
403	4	14	13	3825	27976
404	0	12	23	3834	6433
405	0	12	29	3843	1242
406	3	1	29	3852	9348
407	3	1	23	3861	506
408	3	1	23	3870	8133
409	4	14	29	3879	2875
410	4	14	17	3888	8874
411	4	14	29	3897	5804
412	4	8	13	3906	26982
413	3	1	17	3915	3821
414	3	1	29	3924	4310
415	4	14	13	3933	2002
416	4	14	23	3942	7866
417	4	14	29	3951	11104
418	4	8	23	3960	36053
419	4	8	17	3969	5448
420	4	8	13	4000	9432
421	3	1	29	4011	1441
422	4	8	29	4022	26807
423	4	14	13	4033	62381
424	4	14	17	4044	12449
425	4	14	23	4055	11330
426	3	1	17	4066	439
427	0	12	17	4077	2649
428	3	1	29	4088	17273
429	4	8	17	4099	2031
430	4	8	29	4110	4514
431	4	14	13	4121	9762
432	4	14	29	4132	59560
433	3	1	17	4143	19108
434	4	14	23	4154	11628
435	4	8	23	4165	11684
436	3	1	29	4176	17219
437	4	14	23	4187	15942
438	4	14	23	4198	5612
439	4	8	29	4209	2577
440	3	1	23	4220	7058
441	4	14	17	4231	4956
442	4	14	17	4242	1956
443	4	14	13	4253	9261
444	4	14	23	4264	44805
445	3	1	13	4275	19885
446	3	1	17	4286	5810
447	0	12	23	4297	3629
448	0	12	23	4308	13377
449	4	8	17	4319	1737
450	3	1	17	4330	8138
451	4	14	17	4341	2508
452	3	1	17	4352	16926
453	4	14	13	4363	13364
454	0	12	23	4374	18486
455	4	14	29	4400	14956
456	4	14	13	4412	13865
457	3	1	17	4424	2772
458	0	12	23	4436	3567
459	3	1	13	4448	19554
460	3	1	17	4460	773
461	3	1	17	4472	5041
462	4	14	23	4484	3915
463	3	1	13	4496	4922
464	3	1	13	4508	27571
465	4	14	13	4520	40553
466	4	14	13	4532	5941
467	4	14	23	4544	1236
468	4	14	29	4556	12671
469	4	8	13	4568	13652
470	4	8	17	4580	5968
471	0	12	29	4592	16430
472	4	14	17	4604	3137
473	4	14	29	4616	16983
474	4	14	29	4628	30349
475	3	1	29	4640	2767
476	4	14	17	4652	39489
477	4	8	29	4664	5263
478	4	8	17	4676	222
479	3	1	17	4688	21719
480	4	8	17	4700	3093
481	3	1	29	4712	17895
482	0	12	29	4724	8960
483	4	8	23	4736	11871
484	4	14	13	4748	13062
485	3	1	17	4760	1601
486	4	8	29	4772	19357
487	3	1	23	4784	4651
488	4	8	29	4800	130
489	4	14	23	4809	28645
490	4	8	23	4818	33219
491	0	12	17	4827	9731
492	4	14	13	4836	7800
493	4	8	17	4845	10116
494	4	14	17	4854	1682
495	0	12	13	4863	1285
496	4	14	23	4872	742
497	3	1	13	4881	20178
498	3	1	29	4890	12203
499	4	14	23	4899	122
500	3	1	13	4908	6512
501	4	14	23	4917	4040
502	3	1	23	4926	11264
503	4	14	17	4935	58819
504	4	14	29	4944	16300
505	4	8	17	4953	16481
506	4	14	13	4962	38210
507	3	1	17	4971	81169
508	4	14	17	4980	16702
509	3	1	23	4989	10403
510	4	8	17	4998	16620
511	4	14	17	5007	4805
512	0	12	13	5016	2498
513	4	14	17	5025	6554
514	4	8	29	5034	10317
515	4	14	23	5043	4068
516	4	8	23	5052	20377
517	4	14	13	5061	12606
518	3	1	13	5070	13420
519	4	14	23	5079	17878
520	4	14	13	5088	2166
521	4	14	17	5097	859
522	3	1	29	5106	1093
523	4	14	13	5115	16352
524	4	14	23	5124	16268
525	4	8	29	5133	21716
526	4	8	29	5142	3739
527	4	14	29	5151	12961
528	4	8	17	5160	11811
529	4	14	23	5169	20489
530	4	14	13	5200	1893
531	4	8	17	5208	1934
532	4	14	29	5216	15137
533	3	1	29	5224	98
534	4	14	17	5232	6485
535	3	1	29	5240	34027
536	4	8	13	5248	2178
537	4	8	23	5256	9150
538	3	1	23	5264	25980
539	3	1	23	5272	29799
540	4	14	17	5280	2182
541	4	14	17	5288	19426
542	4	14	17	5296	10126
543	4	14	13	5304	6767
544	4	14	17	5312	2069
545	4	14	13	5320	11213
546	4	14	17	5328	5499
547	0	12	23	5336	705
548	0	12	23	5344	59298
549	4	14	23	5352	22243
550	4	14	23	5360	4019
551	4	14	23	5368	6325
552	0	12	13	5376	1819
553	4	14	17	5384	23917
554	0	12	17	5392	22369
555	4	14	23	5400	5163
556	4	8	29	5408	2660
557	3	1	23	5416	24016
558	4	14	29	5424	3457
559	4	14	13	5432	28452
560	0	12	17	5440	7824
561	0	12	13	5448	4248
562	4	8	13	5456	5593
563	4	14	23	5464	32386
564	4	14	23	5472	6825
565	4	14	13	5480	11020
566	0	12	23	5488	11400
567	3	1	13	5496	2377
568	4	14	13	5504	39
569	4	14	13	5512	12108
570	4	14	23	5520	1554
571	0	12	13	5528	3999
572	3	1	17	5536	17377
573	4	14	17	5544	16959
574	0	12	13	5552	11246
575	4	14	29	5560	5417
576	0	12	13	5600	8297
577	4	14	23	5609	12807
578	4	14	23	5618	10571
579	3	1	23	5627	1740
580	4	8	23	5636	7588
581	4	8	13	5645	2838
582	4	14	13	5654	13216
583	4	8	29	5663	18331
584	4	8	29	5672	9163
585	4	14	23	5681	15993
586	4	8	13	5690	98
587	4	14	23	5699	23009
588	3	1	17	5708	2138
589	4	14	23	5717	842
590	3	1	29	5726	16280
591	3	1	17	5735	4300
592	3	1	29	5744	3995
593	3	1	23	5753	46150
594	3	1	13	5762	6904
595	4	14	17	5771	24315
596	4	14	17	5780	6731
597	4	14	23	5789	12168
598	4	8	23	5798	70683
599	4	14	17	5807	9786
600	3	1	23	5816	61306
601	3	1	13	5825	2497
602	4	8	23	5834	663
603	4	8	23	5843	5307
604	4	8	29	5852	15354
605	4	14	23	5861	13
606	3	1	13	5870	12418
607	4	8	23	5879	5815
608	3	1	13	5888	3539
609	4	8	23	5897	7885
610	4	14	23	5906	22807
611	4	8	13	5915	9390
612	4	14	29	5924	3929
613	3	1	13	5933	1470
614	3	1	17	5942	6913
615	4	14	17	5951	3750
616	3	1	29	5960	11948
617	0	12	13	6000	10687
618	4	14	23	6007	6103
619	4	14	13	6014	14349
620	4	14	29	6021	10778
621	0	12	13	6028	17137
622	4	14	29	6035	199
623	4	8	17	6042	32892
624	3	1	13	6049	26811
625	4	8	17	6056	20597
626	4	14	17	6063	3
627	4	14	29	6070	18521
628	4	8	13	6077	4613
629	3	1	29	6084	16169
630	0	12	17	6091	32614
631	4	8	17	6098	23759
632	4	14	13	6105	12904
633	0	12	17	6112	341
634	4	14	29	6119	1824
635	4	14	17	6126	3954
636	0	12	23	6133	2046
637	3	1	23	6140	4455
638	0	12	29	6147	756
639	3	1	17	6154	9133
640	3	1	17	6161	1152
641	4	14	17	6168	11740
642	3	1	17	6175	10922
643	4	8	29	6182	13733
644	4	14	29	6189	2940
645	0	12	29	6196	2673
646	4	14	17	6203	266
647	4	14	23	6210	2204
648	0	12	13	6217	9336
649	4	14	29	6224	2222
650	4	8	17	6231	3255
651	4	14	17	6238	21970
652	0	12	29	6245	3270
653	3	1	23	6252	4275
654	0	12	17	6259	40193
655	3	1	23	6266	3194
656	3	1	17	6273	2256
657	0	12	13	6280	1510
658	4	14	23	6287	7494
659	4	14	23	6294	27816
660	0	12	17	6301	10
661	4	14	13	6308	23453
662	4	14	23	6315	805
663	4	8	13	6322	8692
664	4	8	17	6329	9519
665	3	1	17	6336	53692
666	3	1	13	6343	25842
667	3	1	17	6350	3471
668	4	14	17	6400	43921
669	4	14	13	6411	2052
670	4	14	23	6422	1419
671	0	12	17	6433	4634
672	4	14	13	6444	9021
673	4	8	17	6455	24101
674	4	8	23	6466	11176
675	4	14	23	6477	41539
676	4	14	23	6488	2130
677	4	14	13	6499	4893
678	4	8	23	6510	15198
679	3	1	13	6521	14178
680	4	8	29	6532	19214
681	4	14	23	6543	21436
682	4	14	29	6554	3383
683	3	1	13	6565	1951
684	0	12	23	6576	8377
685	3	1	13	6587	1188
686	4	8	17	6598	11717
687	4	8	17	6609	5338
688	0	12	13	6620	782
689	4	8	17	6631	28544
690	4	8	13	6642	1389
691	0	12	17	6653	471
692	3	1	29	6664	22423
693	4	8	17	6675	2086
694	3	1	13	6686	9111
695	4	14	17	6697	3186
696	4	14	29	6708	9829
697	4	8	17	6719	1029
698	4	8	17	6730	1725
699	3	1	23	6741	3116
700	3	1	23	6752	4554
701	3	1	13	6763	17674
702	4	14	13	6800	2581
703	4	8	29	6809	5804
704	0	12	17	6818	710
705	4	8	13	6827	29902
706	4	14	13	6836	4474
707	4	14	23	6845	5597
708	4	8	13	6854	14199
709	4	8	29	6863	67112
710	4	14	13	6872	884
711	4	14	17	6881	21736
712	4	14	23	6890	6131
713	3	1	17	6899	17704
714	4	14	29	6908	1306
715	4	8	23	6917	2213
716	4	14	17	6926	11382
717	3	1	17	6935	29555
718	4	8	17	6944	155
719	4	14	17	6953	7248
720	3	1	29	6962	5454
721	3	1	23	6971	8928
722	3	1	17	6980	2500
723	3	1	29	6989	831
724	3	1	13	6998	588
725	4	14	17	7007	910
726	3	1	17	7016	7725
727	4	14	23	7025	5523
728	4	14	17	7034	4874
729	3	1	13	7043	5597
730	4	14	23	7052	6320
731	3	1	13	7061	1006
732	3	1	23	7070	2691
733	4	14	29	7079	8068
734	4	14	23	7088	5685
735	4	14	29	7097	335
736	4	14	23	7106	12221
737	3	1	29	7115	23782
738	3	1	29	7124	1166
739	4	14	23	7133	10560
740	4	14	29	7142	18334
741	3	1	29	7151	3461
742	4	14	17	7160	13137
743	4	14	17	7200	830
744	3	1	17	7208	21714
745	3	1	23	7216	3821
746	4	8	29	7224	12207
747	0	12	23	7232	927
748	3	1	23	7240	696
749	4	8	17	7248	5422
750	4	14	29	7256	11626
751	3	1	17	7264	12406
752	4	8	29	7272	862
753	3	1	13	7280	13693
754	4	14	29	7288	23893
755	4	8	13	7296	18785
756	4	14	29	7304	10486
757	3	1	13	7312	1624
758	4	14	29	7320	4906
759	3	1	13	7328	49932
760	4	14	23	7336	7012
761	4	14	17	7344	34241
762	4	14	13	7352	476
763	4	14	29	7360	4644
764	4	8	13	7368	10606
765	3	1	29	7376	56017
766	4	8	29	7384	12115
767	4	14	29	7392	28974
768	4	14	29	7400	6009
769	4	14	29	7408	943
770	3	1	13	7416	9049
771	3	1	23	7424	16659
772	4	8	23	7432	20726
773	4	8	29	7440	6696
774	0	12	17	7448	13318
775	0	12	29	7456	1461
776	3	1	13	7464	23543
777	4	14	29	7472	1550
778	4	8	23	7480	3146
779	4	14	17	7488	17905
780	3	1	23	7496	6843
781	3	1	23	7504	6136
782	3	1	13	7512	4496
783	4	14	29	7520	42184
784	3	1	17	7528	16746
785	3	1	17	7536	17381
786	4	8	17	7544	134
787	4	8	17	7552	8817
788	4	14	29	7560	11803
789	4	14	17	7600	10593
790	4	8	29	7610	7064
791	3	1	17	7620	8614
792	4	14	29	7630	8972
793	4	14	29	7640	1373
794	4	8	29	7650	1847
795	4	14	17	7660	22040
796	3	1	23	7670	2853
797	0	12	23	7680	5067
798	4	14	13	7690	7847
799	4	14	17	7700	22423
800	4	8	29	7710	12164
801	3	1	29	7720	15616
802	3	1	29	7730	13688
803	4	14	23	7740	47447
804	4	14	17	7750	21545
805	4	14	17	7760	24483
806	4	8	29	7770	20721
807	4	14	29	7780	12315
808	3	1	29	7790	122
809	4	14	29	7800	16578
810	4	14	29	7810	32186
811	4	8	29	7820	7425
812	4	8	23	7830	27157
813	4	14	23	7840	9866
814	0	12	17	7850	9575
815	4	8	13	7860	517
816	3	1	17	7870	11926
817	4	8	17	7880	853
818	3	1	17	7890	10089
819	4	14	29	7900	20695
820	4	8	23	7910	46642
821	0	12	17	7920	1469
822	4	14	29	7930	4017
823	4	14	17	7940	19776
824	3	1	13	7950	11951
825	4	14	23	7960	210
826	4	14	23	7970	3042
827	4	8	23	7980	15022
828	0	12	13	8000	4025
829	4	8	29	8008	21244
830	4	14	13	8016	27995
831	3	1	17	8024	8682
832	4	14	23	8032	12300
833	3	1	13	8040	5833
834	4	14	17	8048	1781
835	0	12	23	8056	14723
836	0	12	29	8064	15272
837	4	14	17	8072	4835
838	4	14	17	8080	1758
839	4	14	13	8088	25674
840	4	8	23	8096	34361
841	3	1	17	8104	5533
842	4	14	17	8112	8566
843	0	12	13	8120	25170
844	4	14	23	8128	12762
845	0	12	13	8136	49268
846	4	8	29	8144	11492
847	4	14	17	8152	40589
848	4	14	17	8160	9809
849	0	12	29	8168	1271
850	3	1	13	8176	2840
851	4	8	17	8184	1851
852	3	1	17	8192	17944
853	0	12	17	8200	12884
854	3	1	29	8208	24134
855	4	8	17	8216	8854
856	3	1	13	8224	7028
857	3	1	23	8232	24747
858	4	8	23	8240	5172
859	4	14	29	8248	20350
860	0	12	23	8256	12464
861	0	12	13	8264	1373
862	4	14	29	8272	5293
863	4	8	29	8280	2387
864	4	8	23	8288	22435
865	3	1	17	8296	6467
866	4	8	13	8304	20591
867	4	14	17	8312	8583
868	0	12	13	8320	6589
869	4	14	29	8328	22213
870	4	8	13	8336	4667
871	4	14	13	8344	4249
872	3	1	13	8352	32325
873	4	14	17	8360	13912
874	3	1	13	8368	25326
875	4	14	17	8376	11300
876	4	8	13	8384	11146
877	4	14	29	8400	6276
878	0	12	29	8409	1989
879	3	1	29	8418	12499
880	4	14	29	8427	6152
881	4	14	17	8436	3579
882	3	1	17	8445	2029
883	4	14	17	8454	2446
884	4	14	29	8463	11577
885	3	1	29	8472	17127
886	4	14	13	8481	16124
887	4	14	13	8490	48863
888	4	14	17	8499	8778
889	3	1	13	8508	11488
890	4	14	17	8517	3670
891	3	1	17	8526	22535
892	3	1	23	8535	47867
893	0	12	23	8544	4623
894	4	14	17	8553	3233
895	4	8	17	8562	21607
896	3	1	23	8571	153
897	4	14	23	8580	4802
898	4	14	17	8589	383
899	3	1	13	8598	3263
900	4	14	29	8607	2139
901	3	1	23	8616	1334
902	4	14	13	8625	9409
903	4	14	17	8634	15083
904	4	14	23	8643	18076
905	3	1	29	8652	29247
906	4	14	13	8661	2837
907	4	14	29	8670	1125
908	3	1	13	8679	18138
909	4	14	23	8688	3550
910	0	12	17	8697	29851
911	3	1	17	8706	439
912	3	1	23	8715	15277
913	4	14	23	8724	14571
914	4	8	29	8733	6442
915	3	1	13	8742	5895
916	4	14	29	8751	36569
917	4	14	17	8760	2268
918	3	1	29	8769	9892
919	4	14	29	8778	1076
920	3	1	17	8787	13580
921	3	1	29	8800	21786
922	4	14	29	8808	58141
923	4	14	13	8816	19707
924	4	8	17	8824	10393
925	4	14	29	8832	7735
926	3	1	17	8840	4570
927	4	8	17	8848	11380
928	4	8	13	8856	7176
929	3	1	29	8864	540
930	3	1	29	8872	10914
931	3	1	17	8880	3861
932	4	8	23	8888	5656
933	3	1	23	8896	29533
934	4	14	13	8904	7935
935	4	8	17	8912	4209
936	4	14	17	8920	15038
937	3	1	29	8928	6960
938	0	12	23	8936	6253
939	4	8	29	8944	14703
940	4	14	29	8952	9567
941	4	8	17	8960	12584
942	4	8	29	8968	2730
943	4	8	29	8976	3657
944	3	1	23	8984	14415
945	3	1	13	8992	3097
946	0	12	23	9000	1630
947	3	1	13	9008	3915
948	4	14	23	9016	28160
949	3	1	13	9024	22609
950	3	1	17	9032	25674
951	4	14	13	9040	22027
952	4	8	23	9048	17549
953	4	14	23	9056	34946
954	0	12	29	9064	9868
955	4	8	29	9072	4735
956	4	14	23	9080	1440
957	4	8	29	9088	16028
958	4	14	13	9096	1755
959	4	8	29	9104	4333
960	0	12	23	9112	10872
961	3	1	23	9120	10934
962	3	1	29	9128	12239
963	4	8	17	9136	15954
964	3	1	29	9144	12904
965	3	1	29	9152	12317
966	4	8	23	9200	12949
967	4	14	29	9208	19640
968	4	8	23	9216	2970
969	4	8	23	9224	1528
970	3	1	29	9232	13442
971	3	1	13	9240	8619
972	4	14	23	9248	17434
973	4	8	29	9256	23183
974	4	8	13	9264	9222
975	3	1	29	9272	339
976	4	8	29	9280	12052
977	4	14	13	9288	15686
978	4	8	23	9296	1361
979	4	14	13	9304	5204
980	3	1	13	9312	5134
981	0	12	13	9320	468
982	3	1	29	9328	14784
983	4	14	29	9336	11058
984	4	14	17	9344	2116
985	4	14	23	9352	16966
986	3	1	23	9360	8482
987	3	1	13	9368	6750
988	3	1	29	9376	5244
989	3	1	13	9384	2060
990	3	1	23	9392	2421
991	4	14	17	9400	45460
992	4	14	23	9408	4349
993	4	14	29	9416	1304
994	0	12	17	9424	1404
995	4	8	13	9432	36317
996	3	1	23	9440	123
997	4	14	23	9448	7576
998	4	14	13	9456	11111
999	4	14	23	9464	710
1000	4	8	17	9472	10055
1001	0	12	23	9480	4657
1002	3	1	17	9488	731
1003	4	14	29	9496	18431
1004	4	14	13	9504	2297
1005	0	12	17	9512	5542
1006	4	14	17	9520	927
1007	4	14	29	9528	29330
1008	4	14	23	9536	6317
1009	4	14	29	9544	9129
1010	0	12	29	9552	14144
1011	4	14	23	9600	5808
1012	4	14	17	9611	11923
1013	4	14	29	9622	18400
1014	4	14	23	9633	37226
1015	0	12	17	9644	9785
1016	0	12	29	9655	26447
1017	4	14	29	9666	456
1018	3	1	29	9677	10230
1019	4	14	13	9688	27878
1020	4	8	13	9699	1738
1021	4	14	23	9710	3134
1022	3	1	13	9721	7203
1023	4	14	23	9732	762
1024	3	1	13	9743	33145
1025	4	14	23	9754	14305
1026	4	14	17	9765	2804
1027	0	12	29	9776	13054
1028	4	8	23	9787	16383
1029	0	12	29	9798	10548
1030	4	14	17	9809	214
1031	3	1	17	9820	2172
1032	4	14	29	9831	1610
1033	4	8	29	9842	612
1034	3	1	23	9853	18416
1035	3	1	17	9864	321
1036	4	14	29	9875	46466
1037	4	14	29	9886	30854
1038	4	14	23	9897	6699
1039	4	14	13	9908	18834
1040	4	14	17	9919	13764
1041	3	1	29	9930	10805
1042	3	1	17	9941	253
1043	4	14	13	9952	20666
1044	3	1	13	9963	7515
1045	3	1	29	10000	19254
1046	4	14	29	10008	5125
1047	4	14	29	10016	8803
1048	4	8	13	10024	1921
1049	4	14	29	10032	9659
1050	0	12	13	10040	766
1051	4	14	23	10048	43290
1052	3	1	23	10056	26982
1053	4	8	29	10064	14520
1054	4	14	17	10072	30704
1055	3	1	29	10080	4941
1056	3	1	23	10088	24515
1057	3	1	23	10096	72318
1058	4	8	29	10104	22599
1059	0	12	23	10112	7797
1060	4	8	29	10120	2113
1061	4	14	17	10128	6358
1062	4	14	13	10136	2214
1063	4	14	23	10144	20882
1064	4	14	23	10152	8683
1065	4	14	23	10160	8977
1066	4	8	23	10168	3582
1067	4	14	23	10176	10409
1068	3	1	13	10184	97951
1069	4	8	13	10192	31682
1070	3	1	23	10200	10364
1071	4	8	13	10208	40606
1072	4	14	17	10216	11283
1073	3	1	29	10224	18269
1074	4	14	23	10232	2975
1075	4	14	13	10240	9351
1076	4	8	17	10248	2813
1077	4	14	29	10256	11931
1078	3	1	17	10264	10879
1079	0	12	17	10272	1779
1080	0	12	29	10280	5147
1081	4	14	23	10288	13998
1082	4	14	23	10296	8685
1083	4	8	29	10304	2555
1084	4	14	29	10312	8881
1085	0	12	29	10320	550
1086	4	14	23	10328	3795
1087	3	1	13	10336	6614
1088	3	1	17	10344	1632
1089	4	8	29	10352	7107
1090	0	12	29	10400	2035
1091	4	8	13	10409	47945
1092	4	14	13	10418	943
1093	4	14	13	10427	35946
1094	4	14	13	10436	11942
1095	4	14	29	10445	3794
1096	3	1	29	10454	6643
1097	4	14	29	10463	2623
1098	0	12	23	10472	4389
1099	4	14	23	10481	33499
1100	3	1	13	10490	9341
1101	0	12	17	10499	17511
1102	3	1	23	10508	8810
1103	4	14	13	10517	2971
1104	3	1	13	10526	44022
1105	4	14	13	10535	1208
1106	4	14	17	10544	5419
1107	4	8	29	10553	1433
1108	3	1	17	10562	7897
1109	0	12	13	10571	5762
1110	4	8	23	10580	1651
1111	4	14	23	10589	3298
1112	4	8	13	10598	6159
1113	0	12	23	10607	14857
1114	4	14	29	10616	1657
1115	3	1	17	10625	7685
1116	4	14	29	10634	27185
1117	4	14	13	10643	45112
1118	4	14	23	10652	4307
1119	4	14	23	10661	7622
1120	4	14	29	10670	3541
1121	4	14	23	10679	21575
1122	4	8	13	10688	7235
1123	4	8	13	10697	9655
1124	4	8	17	10706	17772
1125	4	8	17	10715	10899
1126	4	14	13	10724	26535
1127	4	14	13	10733	12928
1128	4	14	29	10742	1970
1129	4	14	23	10751	35600
1130	4	8	17	10760	1481
1131	4	8	17	10800	151
1132	4	14	17	10807	4692
1133	4	14	29	10814	12855
1134	4	14	13	10821	10904
1135	0	12	17	10828	10445
1136	3	1	29	10835	2213
1137	4	14	23	10842	4207
1138	3	1	23	10849	2940
1139	4	8	29	10856	6685
1140	4	8	23	10863	13727
1141	3	1	29	10870	2071
1142	4	8	23	10877	34079
1143	3	1	17	10884	16437
1144	4	14	17	10891	4599
1145	4	8	13	10898	29680
1146	4	14	29	10905	10414
1147	4	14	23	10912	5460
1148	4	14	17	10919	20642
1149	3	1	23	10926	2055
1150	0	12	29	10933	5637
1151	4	14	23	10940	7139
1152	4	8	17	10947	27025
1153	4	8	29	10954	21707
1154	4	14	23	10961	13790
1155	3	1	17	10968	14711
1156	4	14	17	10975	4536
1157	4	8	17	10982	41066
1158	4	14	23	10989	7102
1159	3	1	29	10996	5691
1160	4	8	13	11003	2758
1161	4	14	13	11010	14603
1162	3	1	13	11017	38981
1163	3	1	23	11024	9154
1164	4	14	29	11031	3697
1165	4	14	13	11038	1479
1166	0	12	17	11045	29819
1167	3	1	17	11052	16351
1168	3	1	17	11059	1440
1169	4	14	17	11066	9523
1170	4	14	23	11073	4357
1171	4	14	17	11080	11008
1172	0	12	23	11087	17094
1173	3	1	29	11094	24898
1174	4	14	13	11101	18654
1175	3	1	13	11108	1224
1176	3	1	13	11115	26796
1177	4	14	23	11122	14729
1178	4	8	29	11129	3204
1179	4	14	17	11136	23330
1180	4	8	17	11143	201
1181	4	14	23	11150	8930
1182	0	12	29	11200	21881
1183	3	1	13	11213	61478
1184	4	14	23	11226	10229
1185	3	1	23	11239	13221
1186	4	8	13	11252	1503
1187	3	1	23	11265	8021
1188	4	14	17	11278	43953
1189	4	8	23	11291	26534
1190	4	8	13	11304	3718
1191	4	8	17	11317	2693
1192	4	8	29	11330	22690
1193	4	8	29	11343	21963
1194	4	14	29	11356	3009
1195	4	8	23	11369	45565
1196	4	8	29	11382	2638
1197	4	14	13	11395	6289
1198	4	14	17	11408	7862
1199	4	14	13	11421	2714
1200	4	8	23	11434	83248
1201	3	1	23	11447	21704
1202	4	8	13	11460	3490
1203	4	14	29	11473	3828
1204	3	1	13	11486	22999
1205	0	12	23	11499	17869
1206	4	14	13	11512	14017
1207	4	14	23	11525	247
1208	4	14	23	11538	583
1209	3	1	23	11551	10584
1210	0	12	17	11564	20166
1211	0	12	23	11577	11232
1212	0	12	23	11600	15846
1213	4	14	17	11610	10693
1214	4	8	17	11620	5375
1215	4	8	23	11630	13690
1216	4	14	13	11640	24060
1217	4	14	29	11650	40979
1218	3	1	29	11660	38631
1219	3	1	13	11670	10920
1220	4	14	13	11680	76016
1221	3	1	29	11690	6728
1222	4	14	29	11700	17619
1223	4	8	29	11710	3023
1224	4	14	13	11720	3964
1225	3	1	17	11730	1310
1226	4	14	23	11740	16702
1227	4	14	23	11750	30271
1228	4	14	29	11760	12688
1229	3	1	23	11770	20001
1230	4	8	13	11780	27592
1231	4	14	29	11790	7960
1232	4	8	13	11800	3079
1233	3	1	23	11810	389
1234	4	14	23	11820	23412
1235	4	14	23	11830	2388
1236	4	14	17	11840	3817
1237	4	8	29	11850	9998
1238	4	14	13	11860	1825
1239	4	14	13	11870	19266
1240	3	1	23	11880	46180
1241	3	1	17	11890	1229
1242	4	14	29	11900	6958
1243	3	1	23	11910	5897
1244	4	8	13	11920	957
1245	0	12	23	11930	12897
1246	4	8	23	11940	7574
1247	4	8	17	11950	3600
1248	4	8	17	11960	7814
1249	4	14	17	12000	9353
1250	4	8	17	12012	1428
1251	3	1	29	12024	3140
1252	4	8	13	12036	7128
1253	4	8	17	12048	25764
1254	4	8	13	12060	2740
1255	3	1	29	12072	10123
1256	4	14	29	12084	825
1257	4	8	17	12096	361
1258	0	12	29	12108	57702
1259	0	12	29	12120	16609
1260	4	8	13	12132	279
1261	4	14	17	12144	17599
1262	4	14	23	12156	5501
1263	4	8	29	12168	3235
1264	4	8	17	12180	13914
1265	4	8	23	12192	4784
1266	4	14	17	12204	5765
1267	4	14	13	12216	14490
1268	4	8	29	12228	15798
1269	3	1	23	12240	2389
1270	3	1	13	12252	6290
1271	4	14	13	12264	4280
1272	4	14	29	12276	20983
1273	4	14	23	12288	2103
1274	4	14	23	12300	11572
1275	3	1	23	12312	27736
1276	4	14	29	12324	54279
1277	4	8	13	12336	5763
1278	4	14	23	12348	1893
1279	4	14	23	12360	11697
1280	4	8	23	12372	12107
1281	3	1	13	12384	8130
1282	4	14	17	12400	6982
1283	4	14	23	12409	1415
1284	4	8	13	12418	14405
1285	4	14	13	12427	13283
1286	4	14	23	12436	452
1287	4	14	29	12445	5043
1288	4	8	23	12454	21103
1289	4	8	23	12463	4076
1290	4	14	29	12472	1453
1291	3	1	13	12481	3336
1292	0	12	13	12490	10225
1293	4	14	13	12499	5964
1294	3	1	13	12508	17963
1295	3	1	13	12517	2819
1296	3	1	29	12526	15693
1297	4	14	29	12535	2733
1298	3	1	17	12544	14523
1299	0	12	23	12553	16534
1300	4	8	17	12562	3894
1301	3	1	23	12571	17479
1302	4	8	23	12580	8991
1303	4	14	23	12589	4246
1304	4	8	17	12598	1717
1305	3	1	17	12607	20069
1306	3	1	13	12616	6215
1307	3	1	17	12625	4060
1308	4	8	23	12634	3684
1309	4	14	17	12643	4337
1310	4	14	29	12652	10430
1311	4	14	23	12661	13864
1312	4	8	23	12670	25821
1313	3	1	17	12679	5527
1314	4	14	13	12688	1453
1315	4	14	29	12697	9082
1316	4	8	13	12706	4772
1317	0	12	13	12715	3556
1318	4	14	29	12724	9250
1319	3	1	13	12733	205
1320	3	1	29	12742	4140
1321	4	14	17	12751	469
1322	3	1	23	12760	24796
1323	4	14	13	12769	7042
1324	3	1	29	12778	825
1325	4	14	29	12800	2167
1326	4	14	29	12807	15556
1327	4	14	23	12814	6836
1328	4	8	23	12821	5825
1329	3	1	17	12828	6319
1330	4	14	29	12835	2254
1331	0	12	13	12842	18469
1332	4	14	29	12849	13654
1333	4	14	29	12856	6092
1334	4	14	17	12863	5088
1335	4	14	13	12870	24336
1336	3	1	17	12877	40176
1337	4	14	23	12884	1853
1338	4	14	17	12891	45756
1339	4	14	29	12898	26133
1340	4	8	13	12905	3697
1341	4	8	17	12912	16630
1342	4	14	13	12919	984
1343	3	1	13	12926	8917
1344	3	1	29	12933	14744
1345	4	8	17	12940	6724
1346	3	1	17	12947	5337
1347	4	14	29	12954	2743
1348	0	12	13	12961	3902
1349	4	14	13	12968	3377
1350	3	1	13	12975	25571
1351	3	1	29	12982	7688
1352	4	14	13	12989	13171
1353	4	14	13	12996	13860
1354	4	14	29	13003	7306
1355	4	8	29	13010	3274
1356	0	12	29	13017	26889
1357	4	8	23	13024	1044
1358	3	1	29	13031	3160
1359	4	8	17	13038	41354
1360	4	14	17	13045	1075
1361	4	14	17	13052	42066
1362	4	8	29	13059	27933
1363	4	14	17	13066	23170
1364	4	14	23	13073	1699
1365	4	14	29	13080	19033
1366	4	14	23	13087	66
1367	4	8	23	13094	7977
1368	4	14	13	13101	285
1369	4	8	13	13108	3382
1370	3	1	23	13115	10017
1371	4	8	17	13122	2454
1372	3	1	29	13129	3918
1373	3	1	29	13136	12620
1374	4	8	13	13143	16720
1375	4	8	23	13150	9368
1376	4	8	17	13157	38499
1377	0	12	17	13164	5150
1378	4	14	17	13200	16008
1379	4	8	17	13209	12175
1380	3	1	17	13218	19690
1381	4	14	13	13227	8860
1382	4	14	23	13236	2044
1383	3	1	23	13245	1800
1384	0	12	17	13254	9012
1385	3	1	29	13263	14375
1386	3	1	13	13272	1521
1387	4	14	23	13281	62527
1388	3	1	13	13290	34179
1389	3	1	17	13299	1355
1390	4	14	13	13308	44163
1391	4	8	29	13317	25590
1392	4	14	23	13326	29104
1393	3	1	29	13335	117
1394	4	14	17	13344	19372
1395	3	1	23	13353	4198
1396	0	12	17	13362	22560
1397	4	14	29	13371	3039
1398	3	1	23	13380	5977
1399	3	1	13	13389	29171
1400	3	1	23	13398	6608
1401	4	8	29	13407	24802
1402	4	14	29	13416	2393
1403	4	14	29	13425	389
1404	3	1	23	13434	13645
1405	0	12	23	13443	14300
1406	4	8	13	13452	2595
1407	3	1	13	13461	189
1408	3	1	13	13470	32471
1409	3	1	17	13479	29458
1410	4	14	23	13488	3928
1411	4	14	23	13497	9440
1412	3	1	13	13506	5110
1413	4	8	23	13515	10819
1414	4	14	29	13524	2119
1415	4	14	13	13533	9951
1416	4	14	29	13542	20139
1417	4	14	17	13551	17285
1418	4	14	13	13560	4749
1419	3	1	23	13600	6827
1420	3	1	23	13609	13530
1421	4	14	13	13618	132
1422	4	14	23	13627	9411
1423	4	8	23	13636	29829
1424	4	14	13	13645	3790
1425	0	12	29	13654	13846
1426	4	14	29	13663	3833
1427	4	14	29	13672	3756
1428	4	14	17	13681	22740
1429	4	14	17	13690	7317
1430	4	8	13	13699	14230
1431	3	1	23	13708	15971
1432	3	1	29	13717	37653
1433	0	12	17	13726	20884
1434	4	14	23	13735	2889
1435	3	1	23	13744	32397
1436	4	14	17	13753	5009
1437	4	8	29	13762	1598
1438	4	14	29	13771	7395
1439	4	14	23	13780	21393
1440	4	8	29	13789	8405
1441	0	12	29	13798	1310
1442	3	1	23	13807	759
1443	4	14	23	13816	339
1444	4	14	29	13825	21094
1445	4	14	23	13834	6748
1446	4	14	23	13843	9180
1447	3	1	13	13852	4583
1448	4	14	29	13861	22594
1449	4	14	17	13870	3251
1450	4	14	29	13879	7891
1451	0	12	13	13888	1056
1452	4	14	23	13897	27267
1453	4	14	29	13906	38179
1454	4	8	17	13915	3228
1455	4	14	23	13924	6380
1456	4	8	13	13933	4803
1457	4	14	17	13942	3679
1458	4	8	23	13951	17180
1459	3	1	23	13960	62835
1460	3	1	29	13969	6595
1461	4	8	17	13978	31203
1462	4	14	23	13987	2177
1463	4	14	29	14000	7769
1464	3	1	17	14009	2975
1465	3	1	29	14018	9408
1466	3	1	23	14027	10641
1467	3	1	29	14036	8863
1468	4	14	29	14045	5737
1469	4	8	17	14054	3123
1470	0	12	29	14063	3017
1471	3	1	13	14072	14000
1472	4	8	17	14081	4333
1473	4	14	17	14090	8199
1474	4	8	29	14099	31947
1475	3	1	29	14108	10204
1476	3	1	17	14117	35870
1477	0	12	13	14126	8698
1478	4	14	23	14135	1120
1479	4	14	23	14144	22046
1480	4	8	13	14153	1948
1481	4	8	29	14162	37476
1482	0	12	29	14171	6556
1483	4	14	13	14180	11371
1484	4	14	23	14189	44099
1485	0	12	29	14198	11307
1486	3	1	29	14207	21905
1487	4	14	29	14216	75463
1488	4	14	13	14225	10660
1489	4	14	13	14234	19409
1490	4	8	23	14243	11083
1491	4	8	13	14252	963
1492	4	14	13	14261	5423
1493	3	1	17	14270	7514
1494	3	1	29	14279	6310
1495	0	12	23	14288	10350
1496	3	1	13	14297	33260
1497	3	1	29	14306	10545
1498	3	1	17	14315	19822
1499	4	8	29	14324	4011
1500	3	1	29	14333	22149
1501	3	1	29	14342	150
1502	4	14	13	14351	33246
1503	4	14	23	14360	11569
1504	4	14	17	14369	181
1505	3	1	23	14378	18917
1506	4	14	29	14387	18230
1507	4	14	17	14400	6167
1508	4	14	13	14412	344
1509	4	14	17	14424	13056
1510	4	8	13	14436	7455
1511	4	8	29	14448	20198
1512	4	8	23	14460	2307
1513	4	8	13	14472	30362
1514	4	8	23	14484	22353
1515	4	8	29	14496	7548
1516	4	8	17	14508	8433
1517	4	14	23	14520	9679
1518	0	12	17	14532	8365
1519	3	1	17	14544	11279
1520	4	14	13	14556	14631
1521	4	14	29	14568	10695
1522	3	1	29	14580	32537
1523	4	14	23	14592	10366
1524	4	14	23	14604	11809
1525	4	14	29	14616	1882
1526	3	1	13	14628	4716
1527	4	14	13	14640	21823
1528	3	1	23	14652	1079
1529	4	8	13	14664	5212
1530	4	14	23	14676	12104
1531	4	14	23	14688	5448
1532	4	14	29	14700	14743
1533	3	1	23	14712	19616
1534	4	14	23	14724	79247
1535	4	14	17	14736	1774
1536	3	1	23	14748	225
1537	3	1	13	14760	19449
1538	4	8	23	14800	10915
1539	3	1	29	14809	2401
1540	4	8	13	14818	21203
1541	3	1	23	14827	6892
1542	4	14	23	14836	42028
1543	0	12	23	14845	31175
1544	4	14	29	14854	4965
1545	0	12	29	14863	18653
1546	0	12	17	14872	27899
1547	4	14	29	14881	7027
1548	0	12	29	14890	11630
1549	4	8	29	14899	34187
1550	4	14	13	14908	910
1551	3	1	23	14917	5810
1552	3	1	17	14926	1036
1553	0	12	29	14935	2662
1554	4	8	29	14944	10398
1555	3	1	13	14953	3487
1556	4	14	29	14962	985
1557	4	8	17	14971	5334
1558	4	14	13	14980	58629
1559	4	14	23	14989	24462
1560	4	14	23	14998	7579
1561	4	8	23	15007	34451
1562	3	1	23	15016	4554
1563	4	14	13	15025	13522
1564	4	14	29	15034	338
1565	3	1	17	15043	1234
1566	3	1	13	15052	1356
1567	4	14	13	15061	5543
1568	3	1	23	15070	30568
1569	3	1	13	15079	14742
1570	4	14	17	15088	7136
1571	4	14	13	15097	14550
1572	3	1	29	15106	37570
1573	3	1	17	15115	4639
1574	4	8	13	15124	18180
1575	3	1	23	15133	3737
1576	4	14	13	15142	11611
1577	3	1	13	15151	96
1578	4	14	23	15160	3287
1579	4	14	29	15169	21807
1580	4	14	17	15178	3340
1581	4	14	17	15187	25623
1582	4	14	17	15200	2937
1583	4	8	23	15209	1865
1584	3	1	13	15218	3929
1585	3	1	13	15227	3476
1586	4	8	13	15236	3979
1587	3	1	29	15245	8519
1588	4	8	29	15254	3064
1589	0	12	17	15263	16465
1590	4	14	17	15272	724
1591	3	1	13	15281	12935
1592	4	14	13	15290	19916
1593	3	1	29	15299	15603
1594	4	14	13	15308	14983
1595	0	12	17	15317	26037
1596	0	12	29	15326	1549
1597	4	8	23	15335	4176
1598	4	8	23	15344	27366
1599	4	8	23	15353	3310
1600	3	1	29	15362	13740
1601	3	1	13	15371	9118
1602	4	8	13	15380	8845
1603	4	14	23	15389	29346
1604	3	1	23	15398	8170
1605	4	14	13	15407	5554
1606	4	14	23	15416	6692
1607	0	12	29	15425	17230
1608	4	14	29	15434	6511
1609	4	14	13	15443	4487
1610	4	14	13	15452	12002
1611	3	1	23	15461	882
1612	4	8	23	15470	1524
1613	4	14	13	15479	2019
1614	4	14	17	15488	11827
1615	4	14	17	15497	10596
1616	3	1	17	15506	15544
1617	4	8	13	15515	2263
1618	4	8	29	15524	6064
1619	3	1	23	15533	17968
1620	4	8	13	15542	20283
1621	4	14	13	15551	10952
1622	3	1	17	15560	1873
1623	3	1	13	15569	2312
1624	3	1	23	15578	12551
1625	3	1	13	15600	18646
1626	4	8	29	15609	26790
1627	0	12	29	15618	3117
1628	4	14	17	15627	11223
1629	4	8	23	15636	26977
1630	3	1	29	15645	1900
1631	4	14	17	15654	4736
1632	4	8	17	15663	1401
1633	3	1	13	15672	78422
1634	3	1	13	15681	2031
1635	3	1	17	15690	14884
1636	4	14	13	15699	5360
1637	0	12	23	15708	4345
1638	4	14	13	15717	12602
1639	3	1	13	15726	28720
1640	3	1	23	15735	20850
1641	4	8	17	15744	8811
1642	4	14	13	15753	1126
1643	3	1	23	15762	29357
1644	3	1	17	15771	1455
1645	3	1	23	15780	52827
1646	4	8	17	15789	9329
1647	4	14	13	15798	12767
1648	4	14	23	15807	1274
1649	4	14	29	15816	1624
1650	4	14	13	15825	2086
1651	4	14	29	15834	35766
1652	4	14	23	15843	27297
1653	4	14	13	15852	1554
1654	0	12	17	15861	6651
1655	4	14	23	15870	1042
1656	4	14	23	15879	5886
1657	4	14	13	15888	5100
1658	4	8	13	15897	3689
1659	4	8	17	15906	14659
1660	4	14	13	15915	7796
1661	4	14	23	15924	2658
1662	4	8	23	15933	2014
1663	4	14	13	15942	8917
1664	3	1	17	15951	2171
1665	4	14	23	15960	4385
1666	3	1	17	16000	38824
1667	4	14	23	16011	1543
1668	3	1	13	16022	84797
1669	3	1	13	16033	29731
1670	4	8	13	16044	3077
1671	3	1	29	16055	6585
1672	3	1	13	16066	8851
1673	4	14	29	16077	8034
1674	4	14	13	16088	36499
1675	0	12	29	16099	4200
1676	4	8	29	16110	8535
1677	4	8	29	16121	3154
1678	0	12	23	16132	755
1679	4	8	29	16143	12977
1680	4	8	29	16154	3422
1681	4	8	29	16165	3259
1682	3	1	17	16176	1643
1683	0	12	17	16187	7868
1684	3	1	23	16198	15927
1685	3	1	29	16209	2636
1686	4	14	29	16220	6722
1687	3	1	17	16231	53832
1688	3	1	29	16242	10211
1689	3	1	17	16253	903
1690	4	14	23	16264	4681
1691	0	12	29	16275	169
1692	4	14	23	16286	479
1693	3	1	23	16297	34782
1694	3	1	29	16308	6764
1695	3	1	29	16319	11780
1696	0	12	23	16330	5461
1697	0	12	13	16341	9994
1698	4	14	17	16352	16534
1699	3	1	29	16363	19812
1700	4	14	17	16374	329
1701	3	1	29	16400	6530
1702	3	1	29	16408	12796
1703	4	8	23	16416	2450
1704	3	1	23	16424	27678
1705	3	1	13	16432	16037
1706	3	1	29	16440	6692
1707	4	14	23	16448	6313
1708	4	14	29	16456	2225
1709	4	14	17	16464	1673
1710	3	1	29	16472	10245
1711	4	14	29	16480	2043
1712	4	14	17	16488	4029
1713	4	14	13	16496	11109
1714	4	14	23	16504	7329
1715	3	1	13	16512	3292
1716	3	1	17	16520	879
1717	0	12	17	16528	13436
1718	0	12	17	16536	18702
1719	4	8	17	16544	41408
1720	4	8	23	16552	25164
1721	0	12	29	16560	42872
1722	0	12	23	16568	9521
1723	4	14	23	16576	31341
1724	4	14	17	16584	10788
1725	4	8	13	16592	2862
1726	3	1	13	16600	5798
1727	4	14	17	16608	10320
1728	3	1	13	16616	706
1729	3	1	13	16624	4750
1730	0	12	17	16632	31865
1731	4	8	29	16640	34544
1732	3	1	23	16648	7923
1733	3	1	23	16656	3498
1734	4	8	17	16664	12055
1735	4	14	29	16672	21154
1736	4	14	13	16680	10469
1737	4	8	23	16688	34444
1738	3	1	29	16696	10425
1739	4	8	17	16704	72316
1740	4	14	13	16712	17623
1741	4	14	13	16720	239
1742	3	1	23	16728	20543
1743	4	14	23	16736	7018
1744	0	12	23	16744	8278
1745	4	14	23	16752	2185
1746	3	1	23	16760	15658
1747	4	14	17	16768	6859
1748	4	14	29	16776	8028
1749	4	14	29	16784	2542
1750	0	12	23	16792	9706
1751	4	14	17	16800	14131
1752	4	14	23	16815	17934
1753	4	14	29	16830	18147
1754	4	8	13	16845	32077
1755	4	14	23	16860	681
1756	3	1	17	16875	24666
1757	4	14	17	16890	15674
1758	3	1	13	16905	10747
1759	3	1	17	16920	13984
1760	4	14	29	16935	5243
1761	4	14	17	16950	22815
1762	3	1	23	16965	5205
1763	3	1	23	16980	22168
1764	4	14	13	16995	2684
1765	3	1	13	17010	11944
1766	3	1	17	17025	13423
1767	0	12	29	17040	394
1768	4	14	23	17055	42062
1769	4	8	23	17070	11887
1770	4	14	13	17085	12870
1771	4	8	23	17100	1634
1772	3	1	17	17115	1172
1773	4	14	13	17130	18840
1774	4	8	17	17145	2655
1775	3	1	23	17160	23372
1776	3	1	13	17175	1984
1777	3	1	13	17200	1329
1778	4	14	13	17210	6708
1779	4	14	29	17220	6673
1780	4	14	23	17230	7926
1781	3	1	29	17240	35433
1782	4	8	17	17250	1119
1783	3	1	13	17260	24139
1784	3	1	23	17270	17753
1785	4	8	13	17280	3257
1786	4	8	13	17290	2209
1787	4	14	23	17300	14595
1788	3	1	23	17310	4661
1789	4	8	29	17320	10370
1790	3	1	23	17330	37614
1791	4	8	23	17340	23001
1792	4	14	23	17350	5200
1793	0	12	17	17360	26745
1794	3	1	17	17370	12379
1795	4	8	23	17380	30179
1796	4	8	17	17390	13225
1797	4	8	29	17400	45344
1798	4	14	23	17410	3330
1799	4	14	17	17420	24292
1800	3	1	17	17430	8155
1801	3	1	23	17440	14306
1802	4	8	29	17450	7515
1803	3	1	17	17460	23521
1804	4	8	29	17470	9139
1805	4	14	13	17480	6688
1806	3	1	29	17490	10962
1807	4	8	23	17500	49385
1808	3	1	23	17510	10441
1809	4	14	23	17520	916
1810	3	1	17	17530	27965
1811	4	14	13	17540	17484
1812	4	14	13	17550	4295
1813	3	1	17	17560	2165
1814	4	14	23	17570	2749
1815	3	1	13	17580	6254
1816	3	1	13	17590	17204
1817	0	12	23	17600	7980
1818	4	14	13	17609	872
1819	4	14	29	17618	39469
1820	4	8	29	17627	7444
1821	3	1	23	17636	41918
1822	4	14	17	17645	14871
1823	3	1	29	17654	5957
1824	4	14	13	17663	13382
1825	4	14	17	17672	19613
1826	3	1	13	17681	17937
1827	3	1	13	17690	2688
1828	3	1	23	17699	1927
1829	4	14	23	17708	3931
1830	4	8	13	17717	2522
1831	4	8	17	17726	2312
1832	4	14	23	17735	23812
1833	4	8	23	17744	9860
1834	3	1	23	17753	32504
1835	4	8	13	17762	18554
1836	4	8	13	17771	7901
1837	4	14	13	17780	3134
1838	3	1	13	17789	4862
1839	4	14	23	17798	5076
1840	4	14	13	17807	12220
1841	0	12	23	17816	2446
1842	3	1	13	17825	1569
1843	3	1	29	17834	3425
1844	4	14	17	17843	13519
1845	3	1	17	17852	2519
1846	3	1	23	17861	9635
1847	3	1	13	17870	2478
1848	4	8	23	17879	13960
1849	4	14	13	17888	3251
1850	4	14	23	17897	2057
1851	4	8	29	17906	2411
1852	3	1	29	17915	28507
1853	0	12	23	17924	3936
1854	3	1	17	17933	6243
1855	0	12	23	17942	8897
1856	4	14	17	17951	51262
1857	4	14	29	17960	923
1858	4	14	13	17969	2484
1859	3	1	23	17978	15629
1860	3	1	29	18000	12652
1861	4	14	23	18007	6093
1862	3	1	29	18014	21641
1863	3	1	13	18021	4309
1864	4	14	17	18028	25849
1865	4	8	13	18035	15599
1866	4	8	23	18042	28187
1867	4	14	17	18049	16192
1868	4	8	29	18056	3163
1869	3	1	23	18063	6491
1870	3	1	13	18070	30900
1871	4	14	29	18077	9103
1872	4	14	17	18084	1986
1873	4	8	23	18091	15498
1874	4	14	29	18098	4696
1875	4	8	17	18105	3905
1876	4	8	23	18112	22527
1877	4	8	17	18119	7440
1878	4	14	23	18126	15082
1879	3	1	23	18133	7910
1880	4	8	23	18140	3499
1881	0	12	29	18147	10673
1882	3	1	17	18154	8638
1883	4	14	17	18161	29036
1884	4	8	29	18168	1558
1885	4	14	17	18175	90
1886	4	14	23	18182	3747
1887	4	14	29	18189	10492
1888	4	14	13	18196	2016
1889	3	1	29	18203	6327
1890	4	14	23	18210	19367
1891	3	1	13	18217	6296
1892	4	14	29	18224	526
1893	4	14	23	18231	11146
1894	3	1	23	18238	14184
1895	4	14	23	18245	3303
1896	3	1	23	18252	5154
1897	4	14	13	18259	20637
1898	4	14	17	18266	5437
1899	3	1	13	18273	35574
1900	4	8	23	18280	4023
1901	4	14	13	18287	20019
1902	4	8	17	18294	37178
1903	4	14	13	18301	3772
1904	3	1	13	18308	4513
1905	0	12	29	18315	11797
1906	3	1	23	18322	359
1907	4	8	13	18329	2409
1908	0	12	29	18336	37420
1909	4	8	13	18343	1641
1910	4	14	13	18350	13546
1911	3	1	13	18357	8907
1912	0	12	17	18400	5330
1913	3	1	23	18408	14619
1914	4	8	29	18416	7737
1915	4	8	29	18424	774
1916	3	1	13	18432	25950
1917	4	14	23	18440	30959
1918	4	8	13	18448	2379
1919	4	14	13	18456	25098
1920	3	1	23	18464	7377
1921	3	1	29	18472	4657
1922	4	14	17	18480	10580
1923	4	14	29	18488	20706
1924	4	14	13	18496	11514
1925	4	14	13	18504	8697
1926	4	14	29	18512	8051
1927	4	14	23	18520	9517
1928	4	14	29	18528	387
1929	4	14	17	18536	1042
1930	4	14	29	18544	31679
1931	4	8	17	18552	317
1932	3	1	29	18560	1233
1933	4	8	17	18568	17482
1934	0	12	29	18576	2645
1935	3	1	23	18584	6989
1936	4	14	17	18592	12069
1937	4	14	17	18600	3347
1938	3	1	17	18608	10922
1939	0	12	29	18616	8221
1940	3	1	23	18624	45796
1941	4	14	17	18632	1083
1942	4	14	13	18640	11837
1943	3	1	13	18648	326
1944	3	1	23	18656	15854
1945	4	8	17	18664	3890
1946	3	1	23	18672	610
1947	3	1	17	18680	4961
1948	3	1	29	18688	1668
1949	0	12	23	18696	11959
1950	3	1	17	18704	5275
1951	4	14	13	18712	6639
1952	4	14	29	18720	12294
1953	4	8	17	18728	8029
1954	0	12	23	18736	8060
1955	4	14	29	18744	39634
1956	4	14	29	18752	3066
1957	3	1	23	18760	1711
1958	4	14	29	18768	12694
1959	3	1	13	18776	19188
1960	4	8	29	18784	1769
1961	4	14	29	18800	7891
1962	3	1	13	18810	1951
1963	4	8	23	18820	24720
1964	3	1	13	18830	2665
1965	4	14	23	18840	12614
1966	4	8	13	18850	6667
1967	4	14	13	18860	10746
1968	3	1	23	18870	8472
1969	4	14	13	18880	411
1970	3	1	17	18890	6708
1971	4	14	29	18900	12310
1972	3	1	13	18910	4746
1973	4	8	13	18920	13820
1974	4	8	17	18930	27453
1975	4	14	17	18940	5599
1976	4	14	23	18950	14231
1977	3	1	13	18960	9826
1978	3	1	13	18970	1115
1979	4	14	23	18980	4986
1980	4	14	17	18990	7528
1981	4	8	23	19000	1952
1982	3	1	29	19010	6491
1983	4	14	17	19020	6147
1984	3	1	29	19030	15602
1985	0	12	29	19040	8406
1986	3	1	23	19050	5835
1987	0	12	23	19060	11295
1988	4	8	23	19070	3906
1989	3	1	13	19080	3208
1990	4	14	29	19090	2920
1991	3	1	29	19100	8349
1992	4	14	23	19110	10718
1993	4	14	17	19120	19291
1994	4	14	13	19130	5334
1995	4	14	29	19140	8223
1996	3	1	13	19150	33030
1997	3	1	23	19160	16856
1998	4	14	13	19170	21097
1999	4	14	29	19180	1035
