0	3	1	17	0	2147483647
1	0	12	17	5	2147483647
2	0	12	13	10	2147483647
3	0	12	17	15	2147483647
4	4	14	17	20	2147483647
5	4	8	17	25	2147483647
6	4	8	7	30	2147483647
7	4	8	5	35	2147483647
8	4	14	7	40	2147483647
9	4	14	5	45	2147483647
10	3	1	13	50	2147483647
11	3	1	17	55	2147483647
12	4	14	7	60	2147483647
13	3	1	17	65	2147483647
14	3	1	5	70	2147483647
15	3	1	17	75	2147483647
16	3	1	17	80	2147483647
17	3	1	5	85	2147483647
18	0	12	13	90	2147483647
19	4	14	17	95	2147483647
20	3	1	7	100	2147483647
21	3	1	5	105	2147483647
22	4	14	5	110	2147483647
23	4	14	17	115	2147483647
24	4	14	7	120	2147483647
25	4	14	5	125	2147483647
26	3	1	13	130	2147483647
27	3	1	7	135	2147483647
28	3	1	17	140	2147483647
29	4	14	17	145	2147483647
30	3	1	7	150	2147483647
31	4	14	5	155	2147483647
32	4	14	13	160	2147483647
33	4	8	7	165	2147483647
34	4	8	5	170	2147483647
35	0	12	13	175	2147483647
36	0	12	13	180	2147483647
37	4	14	7	185	2147483647
38	4	8	17	190	2147483647
39	0	12	7	195	2147483647
40	4	14	13	200	2147483647
41	3	1	5	205	2147483647
42	4	8	13	210	2147483647
43	4	8	7	215	2147483647
44	4	14	5	220	2147483647
45	3	1	17	225	2147483647
46	3	1	13	230	2147483647
47	3	1	13	235	2147483647
48	4	14	7	240	2147483647
49	3	1	17	245	2147483647
50	3	1	17	250	2147483647
51	4	8	5	255	2147483647
52	0	12	7	260	2147483647
53	3	1	7	265	2147483647
54	4	8	7	270	2147483647
55	4	14	17	275	2147483647
56	4	8	13	280	2147483647
57	4	8	13	285	2147483647
58	3	1	13	290	2147483647
59	4	14	13	295	2147483647
60	4	14	7	300	2147483647
61	4	14	5	305	2147483647
62	4	14	5	310	2147483647
63	3	1	7	315	2147483647
64	0	12	17	320	2147483647
65	4	14	7	325	2147483647
66	4	14	7	330	2147483647
67	4	14	17	335	2147483647
68	3	1	13	340	2147483647
69	3	1	13	345	2147483647
70	3	1	5	350	2147483647
71	4	14	13	355	2147483647
72	3	1	5	360	2147483647
73	0	12	5	365	2147483647
74	0	12	5	370	2147483647
75	4	8	7	375	2147483647
76	3	1	7	380	2147483647
77	4	14	17	385	2147483647
78	4	8	17	390	2147483647
79	4	8	7	395	2147483647
80	3	1	13	400	2147483647
81	4	8	17	405	2147483647
82	4	14	17	410	2147483647
83	4	14	5	415	2147483647
84	4	8	5	420	2147483647
85	4	8	5	425	2147483647
86	4	14	17	430	2147483647
87	3	1	7	435	2147483647
88	4	8	17	440	2147483647
89	3	1	7	445	2147483647
90	4	14	17	450	2147483647
91	4	14	17	455	2147483647
92	3	1	17	460	2147483647
93	3	1	7	465	2147483647
94	3	1	5	470	2147483647
95	0	12	13	475	2147483647
96	3	1	17	480	2147483647
97	4	14	5	485	2147483647
98	4	8	7	490	2147483647
99	4	14	13	495	2147483647
100	4	14	13	500	2147483647
101	4	14	13	505	2147483647
102	0	12	5	510	2147483647
103	4	8	13	515	2147483647
104	4	8	13	520	2147483647
105	4	14	5	525	2147483647
106	4	14	5	530	2147483647
107	0	12	7	535	2147483647
108	4	8	5	540	2147483647
109	4	14	5	545	2147483647
110	3	1	7	550	2147483647
111	3	1	17	555	2147483647
112	4	8	17	560	2147483647
113	4	8	5	565	2147483647
114	4	8	5	570	2147483647
115	3	1	13	575	2147483647
116	0	12	5	580	2147483647
117	4	8	5	585	2147483647
118	4	8	7	590	2147483647
119	4	14	13	595	2147483647
120	4	8	13	600	2147483647
121	4	8	17	605	2147483647
122	3	1	17	610	2147483647
123	0	12	5	615	2147483647
124	4	14	13	620	2147483647
125	4	14	7	625	2147483647
126	4	8	17	630	2147483647
127	4	14	17	635	2147483647
128	4	14	5	640	2147483647
129	0	12	13	645	2147483647
130	4	14	7	650	2147483647
131	3	1	7	655	2147483647
132	3	1	7	660	2147483647
133	4	8	5	665	2147483647
134	4	8	17	670	2147483647
135	4	14	17	675	2147483647
136	0	12	17	680	2147483647
137	3	1	5	685	2147483647
138	4	14	7	690	2147483647
139	3	1	5	695	2147483647
140	3	1	5	700	2147483647
141	4	14	7	705	2147483647
142	4	8	7	710	2147483647
143	4	8	17	715	2147483647
144	4	14	5	720	2147483647
145	3	1	17	725	2147483647
146	4	14	5	730	2147483647
147	3	1	13	735	2147483647
148	4	8	5	740	2147483647
149	4	14	7	745	2147483647
150	0	12	7	750	2147483647
151	3	1	17	755	2147483647
152	4	14	17	760	2147483647
153	3	1	17	765	2147483647
154	4	14	5	770	2147483647
155	3	1	13	775	2147483647
156	4	8	13	780	2147483647
157	4	14	17	785	2147483647
158	4	14	5	790	2147483647
159	3	1	7	795	2147483647
160	4	14	5	800	2147483647
161	0	12	5	805	2147483647
162	3	1	5	810	2147483647
163	4	8	7	815	2147483647
164	3	1	13	820	2147483647
165	4	14	17	825	2147483647
166	0	12	13	830	2147483647
167	4	14	13	835	2147483647
168	4	14	7	840	2147483647
169	3	1	5	845	2147483647
170	3	1	13	850	2147483647
171	4	14	17	855	2147483647
172	3	1	13	860	2147483647
173	4	14	7	865	2147483647
174	3	1	13	870	2147483647
175	3	1	5	875	2147483647
176	4	14	13	880	2147483647
177	3	1	5	885	2147483647
178	4	8	17	890	2147483647
179	4	8	13	895	2147483647
180	4	14	5	900	2147483647
181	4	14	7	905	2147483647
182	4	14	13	910	2147483647
183	4	14	13	915	2147483647
184	4	14	5	920	2147483647
185	4	8	13	925	2147483647
186	4	14	13	930	2147483647
187	0	12	13	935	2147483647
188	3	1	17	940	2147483647
189	4	14	5	945	2147483647
190	4	14	5	950	2147483647
191	0	12	5	955	2147483647
192	4	14	5	960	2147483647
193	0	12	5	965	2147483647
194	4	14	17	970	2147483647
195	4	8	17	975	2147483647
196	3	1	7	980	2147483647
197	0	12	17	985	2147483647
198	4	14	5	990	2147483647
199	4	14	7	995	2147483647
200	3	1	7	1000	2147483647
201	4	14	7	1005	2147483647
202	3	1	5	1010	2147483647
203	4	14	5	1015	2147483647
204	3	1	17	1020	2147483647
205	3	1	13	1025	2147483647
206	4	14	7	1030	2147483647
207	4	14	13	1035	2147483647
208	4	14	5	1040	2147483647
209	4	8	5	1045	2147483647
210	3	1	17	1050	2147483647
211	4	14	13	1055	2147483647
212	4	14	17	1060	2147483647
213	3	1	7	1065	2147483647
214	4	14	5	1070	2147483647
215	4	14	17	1075	2147483647
216	4	8	7	1080	2147483647
217	3	1	13	1085	2147483647
218	4	8	5	1090	2147483647
219	0	12	5	1095	2147483647
220	0	12	7	1100	2147483647
221	4	14	17	1105	2147483647
222	3	1	17	1110	2147483647
223	3	1	5	1115	2147483647
224	4	14	17	1120	2147483647
225	3	1	13	1125	2147483647
226	4	14	13	1130	2147483647
227	3	1	7	1135	2147483647
228	4	14	7	1140	2147483647
229	4	8	13	1145	2147483647
230	4	8	17	1150	2147483647
231	4	14	13	1155	2147483647
232	3	1	17	1160	2147483647
233	4	8	13	1165	2147483647
234	4	14	5	1170	2147483647
235	0	12	13	1175	2147483647
236	3	1	5	1180	2147483647
237	4	8	13	1185	2147483647
238	3	1	13	1190	2147483647
239	4	14	13	1195	2147483647
240	3	1	7	1200	2147483647
241	4	14	5	1205	2147483647
242	0	12	7	1210	2147483647
243	3	1	13	1215	2147483647
244	0	12	7	1220	2147483647
245	4	14	13	1225	2147483647
246	3	1	5	1230	2147483647
247	3	1	17	1235	2147483647
248	3	1	17	1240	2147483647
249	4	14	5	1245	2147483647
250	0	12	13	1250	2147483647
251	4	14	13	1255	2147483647
252	4	14	17	1260	2147483647
253	4	14	17	1265	2147483647
254	4	14	5	1270	2147483647
255	3	1	13	1275	2147483647
256	3	1	13	1280	2147483647
257	0	12	5	1285	2147483647
258	4	14	5	1290	2147483647
259	0	12	7	1295	2147483647
260	3	1	17	1300	2147483647
261	3	1	17	1305	2147483647
262	4	14	5	1310	2147483647
263	4	14	13	1315	2147483647
264	0	12	7	1320	2147483647
265	4	14	5	1325	2147483647
266	4	8	17	1330	2147483647
267	3	1	5	1335	2147483647
268	3	1	5	1340	2147483647
269	4	14	13	1345	2147483647
270	4	8	13	1350	2147483647
271	4	8	13	1355	2147483647
272	4	8	17	1360	2147483647
273	3	1	7	1365	2147483647
274	4	14	17	1370	2147483647
275	4	8	7	1375	2147483647
276	4	14	7	1380	2147483647
277	4	14	5	1385	2147483647
278	4	8	17	1390	2147483647
279	4	14	7	1395	2147483647
280	0	12	7	1400	2147483647
281	3	1	17	1405	2147483647
282	4	8	7	1410	2147483647
283	0	12	7	1415	2147483647
284	4	8	5	1420	2147483647
285	3	1	5	1425	2147483647
286	4	8	17	1430	2147483647
287	4	14	17	1435	2147483647
288	3	1	13	1440	2147483647
289	3	1	13	1445	2147483647
290	3	1	17	1450	2147483647
291	3	1	5	1455	2147483647
292	3	1	13	1460	2147483647
293	3	1	7	1465	2147483647
294	4	8	17	1470	2147483647
295	0	12	7	1475	2147483647
296	4	14	17	1480	2147483647
297	4	8	17	1485	2147483647
298	4	8	7	1490	2147483647
299	3	1	5	1495	2147483647
300	4	14	17	1500	2147483647
301	4	14	5	1505	2147483647
302	4	14	13	1510	2147483647
303	4	14	7	1515	2147483647
304	4	14	7	1520	2147483647
305	4	14	17	1525	2147483647
306	4	14	17	1530	2147483647
307	4	8	7	1535	2147483647
308	4	8	5	1540	2147483647
309	4	14	17	1545	2147483647
310	3	1	5	1550	2147483647
311	3	1	13	1555	2147483647
312	4	14	5	1560	2147483647
313	4	14	17	1565	2147483647
314	0	12	5	1570	2147483647
315	4	14	17	1575	2147483647
316	3	1	7	1580	2147483647
317	4	14	17	1585	2147483647
318	4	14	13	1590	2147483647
319	4	14	7	1595	2147483647
320	3	1	7	1600	2147483647
321	3	1	17	1605	2147483647
322	4	8	13	1610	2147483647
323	0	12	13	1615	2147483647
324	4	8	13	1620	2147483647
325	4	14	13	1625	2147483647
326	4	14	5	1630	2147483647
327	4	14	7	1635	2147483647
328	3	1	13	1640	2147483647
329	4	14	13	1645	2147483647
330	4	8	7	1650	2147483647
331	3	1	13	1655	2147483647
332	4	14	13	1660	2147483647
333	4	14	17	1665	2147483647
334	4	8	7	1670	2147483647
335	4	8	7	1675	2147483647
336	4	14	7	1680	2147483647
337	3	1	17	1685	2147483647
338	3	1	5	1690	2147483647
339	4	8	5	1695	2147483647
340	4	14	7	1700	2147483647
341	4	14	7	1705	2147483647
342	4	14	17	1710	2147483647
343	3	1	17	1715	2147483647
344	4	14	7	1720	2147483647
345	4	14	7	1725	2147483647
346	4	14	17	1730	2147483647
347	3	1	17	1735	2147483647
348	3	1	7	1740	2147483647
349	3	1	17	1745	2147483647
350	4	14	5	1750	2147483647
351	4	14	5	1755	2147483647
352	3	1	7	1760	2147483647
353	3	1	5	1765	2147483647
354	4	14	13	1770	2147483647
355	3	1	17	1775	2147483647
356	4	14	7	1780	2147483647
357	4	14	5	1785	2147483647
358	3	1	17	1790	2147483647
359	4	14	13	1795	2147483647
360	4	8	17	1800	2147483647
361	4	14	7	1805	2147483647
362	4	14	17	1810	2147483647
363	3	1	13	1815	2147483647
364	3	1	7	1820	2147483647
365	0	12	13	1825	2147483647
366	4	14	17	1830	2147483647
367	4	14	7	1835	2147483647
368	4	14	7	1840	2147483647
369	4	14	17	1845	2147483647
370	4	8	13	1850	2147483647
371	4	14	7	1855	2147483647
372	4	14	13	1860	2147483647
373	3	1	7	1865	2147483647
374	4	14	17	1870	2147483647
375	3	1	17	1875	2147483647
376	4	14	5	1880	2147483647
377	4	14	13	1885	2147483647
378	4	8	5	1890	2147483647
379	3	1	5	1895	2147483647
380	4	8	13	1900	2147483647
381	3	1	5	1905	2147483647
382	3	1	5	1910	2147483647
383	0	12	17	1915	2147483647
384	4	14	7	1920	2147483647
385	4	8	7	1925	2147483647
386	4	14	7	1930	2147483647
387	4	8	13	1935	2147483647
388	4	14	5	1940	2147483647
389	4	14	13	1945	2147483647
390	3	1	17	1950	2147483647
391	4	14	5	1955	2147483647
392	4	14	5	1960	2147483647
393	3	1	7	1965	2147483647
394	4	8	7	1970	2147483647
395	4	14	5	1975	2147483647
396	4	8	13	1980	2147483647
397	4	8	7	1985	2147483647
398	4	14	7	1990	2147483647
399	4	14	17	1995	2147483647
400	0	12	7	2000	2147483647
401	4	14	13	2005	2147483647
402	4	14	7	2010	2147483647
403	3	1	13	2015	2147483647
404	4	8	5	2020	2147483647
405	4	14	13	2025	2147483647
406	3	1	7	2030	2147483647
407	4	8	17	2035	2147483647
408	4	14	5	2040	2147483647
409	3	1	13	2045	2147483647
410	4	14	17	2050	2147483647
411	0	12	13	2055	2147483647
412	4	14	5	2060	2147483647
413	0	12	13	2065	2147483647
414	4	14	17	2070	2147483647
415	4	14	13	2075	2147483647
416	4	14	5	2080	2147483647
417	4	14	17	2085	2147483647
418	4	14	5	2090	2147483647
419	4	8	5	2095	2147483647
420	0	12	7	2100	2147483647
421	4	14	7	2105	2147483647
422	0	12	5	2110	2147483647
423	4	14	17	2115	2147483647
424	3	1	17	2120	2147483647
425	4	8	13	2125	2147483647
426	4	14	7	2130	2147483647
427	0	12	7	2135	2147483647
428	4	8	5	2140	2147483647
429	4	8	17	2145	2147483647
430	3	1	7	2150	2147483647
431	4	14	13	2155	2147483647
432	4	14	7	2160	2147483647
433	4	8	5	2165	2147483647
434	3	1	17	2170	2147483647
435	3	1	5	2175	2147483647
436	3	1	13	2180	2147483647
437	4	14	13	2185	2147483647
438	4	14	17	2190	2147483647
439	4	8	17	2195	2147483647
440	4	14	17	2200	2147483647
441	4	14	7	2205	2147483647
442	3	1	7	2210	2147483647
443	3	1	13	2215	2147483647
444	4	8	13	2220	2147483647
445	3	1	5	2225	2147483647
446	3	1	5	2230	2147483647
447	4	14	7	2235	2147483647
448	4	14	7	2240	2147483647
449	3	1	17	2245	2147483647
450	4	8	5	2250	2147483647
451	4	8	13	2255	2147483647
452	3	1	5	2260	2147483647
453	4	14	7	2265	2147483647
454	4	14	13	2270	2147483647
455	3	1	5	2275	2147483647
456	4	14	13	2280	2147483647
457	4	14	13	2285	2147483647
458	4	8	13	2290	2147483647
459	4	8	7	2295	2147483647
460	4	14	7	2300	2147483647
461	4	8	5	2305	2147483647
462	4	14	17	2310	2147483647
463	3	1	7	2315	2147483647
464	0	12	7	2320	2147483647
465	4	14	5	2325	2147483647
466	3	1	7	2330	2147483647
467	3	1	17	2335	2147483647
468	4	14	17	2340	2147483647
469	4	8	17	2345	2147483647
470	4	8	17	2350	2147483647
471	4	14	13	2355	2147483647
472	0	12	5	2360	2147483647
473	3	1	7	2365	2147483647
474	4	8	5	2370	2147483647
475	4	8	17	2375	2147483647
476	4	8	17	2380	2147483647
477	3	1	13	2385	2147483647
478	3	1	5	2390	2147483647
479	0	12	17	2395	2147483647
480	4	14	13	2400	2147483647
481	0	12	17	2405	2147483647
482	4	8	17	2410	2147483647
483	4	14	7	2415	2147483647
484	4	14	17	2420	2147483647
485	4	8	13	2425	2147483647
486	4	8	13	2430	2147483647
487	0	12	17	2435	2147483647
488	3	1	13	2440	2147483647
489	4	14	17	2445	2147483647
490	4	14	13	2450	2147483647
491	3	1	5	2455	2147483647
492	4	14	17	2460	2147483647
493	4	14	7	2465	2147483647
494	4	8	7	2470	2147483647
495	4	14	17	2475	2147483647
496	4	14	13	2480	2147483647
497	4	14	5	2485	2147483647
498	3	1	5	2490	2147483647
499	4	8	7	2495	2147483647
500	4	14	13	2500	2147483647
501	4	14	7	2505	2147483647
502	0	12	13	2510	2147483647
503	4	14	13	2515	2147483647
504	0	12	17	2520	2147483647
505	3	1	7	2525	2147483647
506	4	8	13	2530	2147483647
507	0	12	17	2535	2147483647
508	3	1	5	2540	2147483647
509	4	14	13	2545	2147483647
510	4	8	5	2550	2147483647
511	0	12	5	2555	2147483647
512	3	1	13	2560	2147483647
513	0	12	13	2565	2147483647
514	4	8	17	2570	2147483647
515	4	14	7	2575	2147483647
516	4	14	5	2580	2147483647
517	4	14	13	2585	2147483647
518	4	14	13	2590	2147483647
519	4	14	13	2595	2147483647
520	4	14	13	2600	2147483647
521	3	1	13	2605	2147483647
522	4	14	5	2610	2147483647
523	4	14	17	2615	2147483647
524	3	1	7	2620	2147483647
525	4	14	17	2625	2147483647
526	4	8	13	2630	2147483647
527	3	1	17	2635	2147483647
528	4	8	17	2640	2147483647
529	3	1	7	2645	2147483647
530	3	1	7	2650	2147483647
531	4	8	17	2655	2147483647
532	4	8	7	2660	2147483647
533	3	1	13	2665	2147483647
534	4	8	7	2670	2147483647
535	4	14	5	2675	2147483647
536	4	14	7	2680	2147483647
537	3	1	7	2685	2147483647
538	4	14	7	2690	2147483647
539	3	1	7	2695	2147483647
540	4	14	5	2700	2147483647
541	4	8	13	2705	2147483647
542	4	14	13	2710	2147483647
543	4	14	5	2715	2147483647
544	4	14	13	2720	2147483647
545	4	14	13	2725	2147483647
546	4	8	7	2730	2147483647
547	4	14	7	2735	2147483647
548	3	1	7	2740	2147483647
549	3	1	5	2745	2147483647
550	4	14	13	2750	2147483647
551	4	14	5	2755	2147483647
552	3	1	7	2760	2147483647
553	3	1	7	2765	2147483647
554	3	1	17	2770	2147483647
555	3	1	17	2775	2147483647
556	0	12	5	2780	2147483647
557	4	8	17	2785	2147483647
558	4	8	7	2790	2147483647
559	3	1	5	2795	2147483647
560	4	8	17	2800	2147483647
561	4	14	13	2805	2147483647
562	4	14	5	2810	2147483647
563	4	14	17	2815	2147483647
564	4	8	5	2820	2147483647
565	0	12	7	2825	2147483647
566	4	14	13	2830	2147483647
567	0	12	17	2835	2147483647
568	4	14	7	2840	2147483647
569	3	1	17	2845	2147483647
570	4	14	5	2850	2147483647
571	3	1	17	2855	2147483647
572	0	12	5	2860	2147483647
573	4	8	7	2865	2147483647
574	4	14	13	2870	2147483647
575	4	14	5	2875	2147483647
576	4	14	17	2880	2147483647
577	4	8	17	2885	2147483647
578	4	8	5	2890	2147483647
579	4	14	17	2895	2147483647
580	3	1	7	2900	2147483647
581	3	1	5	2905	2147483647
582	0	12	13	2910	2147483647
583	4	14	17	2915	2147483647
584	4	14	17	2920	2147483647
585	3	1	7	2925	2147483647
586	4	14	7	2930	2147483647
587	4	14	17	2935	2147483647
588	4	14	17	2940	2147483647
589	3	1	7	2945	2147483647
590	4	14	5	2950	2147483647
591	4	14	13	2955	2147483647
592	4	8	5	2960	2147483647
593	3	1	5	2965	2147483647
594	4	8	7	2970	2147483647
595	4	8	7	2975	2147483647
596	3	1	13	2980	2147483647
597	4	14	17	2985	2147483647
598	3	1	17	2990	2147483647
599	3	1	7	2995	2147483647
600	4	14	17	3000	2147483647
601	4	8	13	3005	2147483647
602	4	14	5	3010	2147483647
603	4	14	13	3015	2147483647
604	3	1	17	3020	2147483647
605	3	1	13	3025	2147483647
606	4	14	17	3030	2147483647
607	4	8	5	3035	2147483647
608	3	1	17	3040	2147483647
609	4	14	13	3045	2147483647
610	4	14	5	3050	2147483647
611	4	14	5	3055	2147483647
612	4	14	13	3060	2147483647
613	3	1	7	3065	2147483647
614	4	14	17	3070	2147483647
615	4	14	13	3075	2147483647
616	4	14	5	3080	2147483647
617	4	14	5	3085	2147483647
618	0	12	17	3090	2147483647
619	4	14	17	3095	2147483647
620	4	8	5	3100	2147483647
621	4	8	17	3105	2147483647
622	4	8	17	3110	2147483647
623	3	1	17	3115	2147483647
624	3	1	13	3120	2147483647
625	0	12	13	3125	2147483647
626	4	8	17	3130	2147483647
627	3	1	17	3135	2147483647
628	4	14	17	3140	2147483647
629	4	14	7	3145	2147483647
630	3	1	7	3150	2147483647
631	4	14	17	3155	2147483647
632	3	1	5	3160	2147483647
633	4	14	17	3165	2147483647
634	0	12	5	3170	2147483647
635	3	1	13	3175	2147483647
636	4	14	5	3180	2147483647
637	0	12	17	3185	2147483647
638	3	1	17	3190	2147483647
639	3	1	5	3195	2147483647
640	3	1	13	3200	2147483647
641	4	14	5	3205	2147483647
642	4	8	5	3210	2147483647
643	4	8	5	3215	2147483647
644	3	1	7	3220	2147483647
645	4	14	17	3225	2147483647
646	4	14	17	3230	2147483647
647	4	14	13	3235	2147483647
648	4	14	7	3240	2147483647
649	3	1	13	3245	2147483647
650	3	1	5	3250	2147483647
651	3	1	7	3255	2147483647
652	4	14	17	3260	2147483647
653	4	14	17	3265	2147483647
654	4	8	5	3270	2147483647
655	3	1	17	3275	2147483647
656	4	14	17	3280	2147483647
657	3	1	5	3285	2147483647
658	3	1	17	3290	2147483647
659	3	1	7	3295	2147483647
660	4	8	17	3300	2147483647
661	3	1	17	3305	2147483647
662	3	1	5	3310	2147483647
663	4	14	7	3315	2147483647
664	3	1	7	3320	2147483647
665	4	8	5	3325	2147483647
666	3	1	5	3330	2147483647
667	4	8	17	3335	2147483647
668	3	1	7	3340	2147483647
669	3	1	5	3345	2147483647
670	4	14	13	3350	2147483647
671	4	14	5	3355	2147483647
672	3	1	5	3360	2147483647
673	4	14	17	3365	2147483647
674	3	1	7	3370	2147483647
675	4	14	17	3375	2147483647
676	0	12	17	3380	2147483647
677	4	14	13	3385	2147483647
678	4	14	13	3390	2147483647
679	4	14	17	3395	2147483647
680	4	8	13	3400	2147483647
681	3	1	7	3405	2147483647
682	4	14	7	3410	2147483647
683	3	1	5	3415	2147483647
684	3	1	7	3420	2147483647
685	4	14	17	3425	2147483647
686	0	12	17	3430	2147483647
687	4	14	5	3435	2147483647
688	3	1	13	3440	2147483647
689	3	1	5	3445	2147483647
690	3	1	17	3450	2147483647
691	3	1	5	3455	2147483647
692	4	14	5	3460	2147483647
693	4	14	13	3465	2147483647
694	4	8	5	3470	2147483647
695	4	8	13	3475	2147483647
696	4	8	17	3480	2147483647
697	3	1	13	3485	2147483647
698	4	14	17	3490	2147483647
699	3	1	5	3495	2147483647
700	3	1	13	3500	2147483647
701	4	14	5	3505	2147483647
702	3	1	5	3510	2147483647
703	0	12	7	3515	2147483647
704	3	1	5	3520	2147483647
705	4	14	17	3525	2147483647
706	0	12	7	3530	2147483647
707	0	12	5	3535	2147483647
708	4	8	13	3540	2147483647
709	4	14	7	3545	2147483647
710	3	1	17	3550	2147483647
711	4	14	5	3555	2147483647
712	3	1	7	3560	2147483647
713	4	14	17	3565	2147483647
714	3	1	13	3570	2147483647
715	4	14	13	3575	2147483647
716	3	1	7	3580	2147483647
717	0	12	5	3585	2147483647
718	4	8	17	3590	2147483647
719	3	1	7	3595	2147483647
720	0	12	5	3600	2147483647
721	3	1	17	3605	2147483647
722	4	14	5	3610	2147483647
723	4	14	5	3615	2147483647
724	4	8	7	3620	2147483647
725	3	1	7	3625	2147483647
726	4	14	5	3630	2147483647
727	4	14	7	3635	2147483647
728	3	1	13	3640	2147483647
729	4	8	17	3645	2147483647
730	3	1	17	3650	2147483647
731	3	1	5	3655	2147483647
732	4	8	13	3660	2147483647
733	3	1	13	3665	2147483647
734	4	8	7	3670	2147483647
735	3	1	7	3675	2147483647
736	4	14	5	3680	2147483647
737	4	14	5	3685	2147483647
738	4	14	5	3690	2147483647
739	4	14	13	3695	2147483647
740	4	14	13	3700	2147483647
741	4	14	17	3705	2147483647
742	3	1	13	3710	2147483647
743	4	14	7	3715	2147483647
744	4	14	5	3720	2147483647
745	3	1	13	3725	2147483647
746	4	14	13	3730	2147483647
747	4	14	7	3735	2147483647
748	3	1	5	3740	2147483647
749	3	1	13	3745	2147483647
750	4	14	5	3750	2147483647
751	4	8	17	3755	2147483647
752	3	1	17	3760	2147483647
753	3	1	7	3765	2147483647
754	3	1	5	3770	2147483647
755	0	12	13	3775	2147483647
756	4	14	5	3780	2147483647
757	3	1	17	3785	2147483647
758	4	14	5	3790	2147483647
759	0	12	13	3795	2147483647
760	4	14	13	3800	2147483647
761	3	1	17	3805	2147483647
762	4	14	7	3810	2147483647
763	0	12	17	3815	2147483647
764	3	1	7	3820	2147483647
765	0	12	17	3825	2147483647
766	4	14	7	3830	2147483647
767	4	8	17	3835	2147483647
768	4	14	13	3840	2147483647
769	4	14	5	3845	2147483647
770	4	14	7	3850	2147483647
771	3	1	7	3855	2147483647
772	4	8	5	3860	2147483647
773	3	1	7	3865	2147483647
774	4	14	17	3870	2147483647
775	4	8	7	3875	2147483647
776	4	14	7	3880	2147483647
777	0	12	13	3885	2147483647
778	0	12	5	3890	2147483647
779	4	14	13	3895	2147483647
780	3	1	17	3900	2147483647
781	0	12	17	3905	2147483647
782	4	8	7	3910	2147483647
783	4	14	5	3915	2147483647
784	3	1	13	3920	2147483647
785	0	12	17	3925	2147483647
786	0	12	7	3930	2147483647
787	4	14	7	3935	2147483647
788	4	14	13	3940	2147483647
789	0	12	13	3945	2147483647
790	4	14	7	3950	2147483647
791	3	1	5	3955	2147483647
792	4	14	5	3960	2147483647
793	4	14	7	3965	2147483647
794	4	14	17	3970	2147483647
795	3	1	13	3975	2147483647
796	4	8	7	3980	2147483647
797	3	1	17	3985	2147483647
798	3	1	5	3990	2147483647
799	4	14	7	3995	2147483647
800	3	1	5	4000	2147483647
801	4	14	17	4005	2147483647
802	3	1	17	4010	2147483647
803	4	14	17	4015	2147483647
804	3	1	5	4020	2147483647
805	4	8	17	4025	2147483647
806	0	12	17	4030	2147483647
807	4	14	7	4035	2147483647
808	3	1	13	4040	2147483647
809	4	8	17	4045	2147483647
810	4	8	5	4050	2147483647
811	4	14	7	4055	2147483647
812	3	1	17	4060	2147483647
813	0	12	7	4065	2147483647
814	4	14	17	4070	2147483647
815	4	14	17	4075	2147483647
816	0	12	7	4080	2147483647
817	4	14	7	4085	2147483647
818	3	1	5	4090	2147483647
819	3	1	7	4095	2147483647
820	0	12	13	4100	2147483647
821	0	12	5	4105	2147483647
822	4	8	7	4110	2147483647
823	3	1	17	4115	2147483647
824	4	14	13	4120	2147483647
825	3	1	7	4125	2147483647
826	4	14	5	4130	2147483647
827	3	1	13	4135	2147483647
828	3	1	13	4140	2147483647
829	3	1	5	4145	2147483647
830	4	14	17	4150	2147483647
831	3	1	13	4155	2147483647
832	4	14	13	4160	2147483647
833	4	8	13	4165	2147483647
834	3	1	13	4170	2147483647
835	4	14	5	4175	2147483647
836	4	14	5	4180	2147483647
837	3	1	13	4185	2147483647
838	3	1	17	4190	2147483647
839	3	1	13	4195	2147483647
840	4	14	5	4200	2147483647
841	0	12	5	4205	2147483647
842	4	8	13	4210	2147483647
843	4	14	13	4215	2147483647
844	4	14	7	4220	2147483647
845	0	12	5	4225	2147483647
846	0	12	7	4230	2147483647
847	4	14	13	4235	2147483647
848	0	12	7	4240	2147483647
849	4	8	17	4245	2147483647
850	3	1	7	4250	2147483647
851	3	1	17	4255	2147483647
852	4	14	13	4260	2147483647
853	0	12	17	4265	2147483647
854	4	14	17	4270	2147483647
855	3	1	17	4275	2147483647
856	3	1	7	4280	2147483647
857	4	14	17	4285	2147483647
858	4	14	5	4290	2147483647
859	4	8	17	4295	2147483647
860	3	1	13	4300	2147483647
861	4	14	5	4305	2147483647
862	3	1	13	4310	2147483647
863	4	8	13	4315	2147483647
864	3	1	17	4320	2147483647
865	4	14	13	4325	2147483647
866	4	14	17	4330	2147483647
867	4	8	5	4335	2147483647
868	4	14	17	4340	2147483647
869	4	14	17	4345	2147483647
870	4	14	17	4350	2147483647
871	4	14	17	4355	2147483647
872	3	1	13	4360	2147483647
873	4	8	13	4365	2147483647
874	3	1	7	4370	2147483647
875	0	12	7	4375	2147483647
876	4	14	13	4380	2147483647
877	4	14	13	4385	2147483647
878	3	1	7	4390	2147483647
879	4	14	13	4395	2147483647
880	3	1	17	4400	2147483647
881	4	14	13	4405	2147483647
882	3	1	7	4410	2147483647
883	4	8	17	4415	2147483647
884	4	14	17	4420	2147483647
885	3	1	17	4425	2147483647
886	3	1	5	4430	2147483647
887	4	14	17	4435	2147483647
888	3	1	17	4440	2147483647
889	4	14	13	4445	2147483647
890	4	8	13	4450	2147483647
891	4	14	5	4455	2147483647
892	4	14	7	4460	2147483647
893	4	8	17	4465	2147483647
894	4	14	17	4470	2147483647
895	3	1	17	4475	2147483647
896	3	1	7	4480	2147483647
897	4	14	5	4485	2147483647
898	4	8	17	4490	2147483647
899	4	8	17	4495	2147483647
900	4	8	7	4500	2147483647
901	4	14	5	4505	2147483647
902	0	12	17	4510	2147483647
903	4	8	13	4515	2147483647
904	3	1	17	4520	2147483647
905	4	14	7	4525	2147483647
906	4	14	7	4530	2147483647
907	4	14	5	4535	2147483647
908	3	1	13	4540	2147483647
909	4	14	7	4545	2147483647
910	3	1	7	4550	2147483647
911	4	14	17	4555	2147483647
912	4	8	13	4560	2147483647
913	4	14	13	4565	2147483647
914	4	14	17	4570	2147483647
915	4	14	5	4575	2147483647
916	4	8	17	4580	2147483647
917	3	1	17	4585	2147483647
918	3	1	17	4590	2147483647
919	4	14	5	4595	2147483647
920	4	8	13	4600	2147483647
921	4	8	17	4605	2147483647
922	4	14	5	4610	2147483647
923	4	14	5	4615	2147483647
924	4	14	7	4620	2147483647
925	4	14	17	4625	2147483647
926	4	14	13	4630	2147483647
927	4	8	13	4635	2147483647
928	3	1	13	4640	2147483647
929	4	8	7	4645	2147483647
930	3	1	5	4650	2147483647
931	4	14	13	4655	2147483647
932	3	1	17	4660	2147483647
933	3	1	13	4665	2147483647
934	4	14	7	4670	2147483647
935	3	1	17	4675	2147483647
936	4	14	13	4680	2147483647
937	4	8	17	4685	2147483647
938	4	14	17	4690	2147483647
939	4	8	7	4695	2147483647
940	3	1	13	4700	2147483647
941	4	14	5	4705	2147483647
942	4	8	7	4710	2147483647
943	4	14	13	4715	2147483647
944	3	1	7	4720	2147483647
945	4	8	13	4725	2147483647
946	4	14	7	4730	2147483647
947	4	14	17	4735	2147483647
948	3	1	5	4740	2147483647
949	4	8	13	4745	2147483647
950	0	12	17	4750	2147483647
951	0	12	13	4755	2147483647
952	4	14	5	4760	2147483647
953	4	8	17	4765	2147483647
954	4	14	7	4770	2147483647
955	4	14	7	4775	2147483647
956	4	8	17	4780	2147483647
957	4	8	13	4785	2147483647
958	3	1	5	4790	2147483647
959	3	1	5	4795	2147483647
960	4	14	17	4800	2147483647
961	4	14	17	4805	2147483647
962	3	1	7	4810	2147483647
963	3	1	5	4815	2147483647
964	4	8	7	4820	2147483647
965	4	14	17	4825	2147483647
966	3	1	5	4830	2147483647
967	4	14	5	4835	2147483647
968	4	8	5	4840	2147483647
969	3	1	5	4845	2147483647
970	4	14	13	4850	2147483647
971	0	12	5	4855	2147483647
972	4	14	17	4860	2147483647
973	4	8	7	4865	2147483647
974	3	1	7	4870	2147483647
975	3	1	13	4875	2147483647
976	4	8	13	4880	2147483647
977	4	14	13	4885	2147483647
978	3	1	17	4890	2147483647
979	3	1	13	4895	2147483647
980	4	8	7	4900	2147483647
981	0	12	13	4905	2147483647
982	4	14	13	4910	2147483647
983	0	12	17	4915	2147483647
984	0	12	7	4920	2147483647
985	3	1	7	4925	2147483647
986	3	1	7	4930	2147483647
987	4	8	17	4935	2147483647
988	3	1	5	4940	2147483647
989	4	14	5	4945	2147483647
990	4	8	17	4950	2147483647
991	4	14	17	4955	2147483647
992	4	14	13	4960	2147483647
993	3	1	13	4965	2147483647
994	3	1	7	4970	2147483647
995	4	14	17	4975	2147483647
996	3	1	13	4980	2147483647
997	4	14	5	4985	2147483647
998	3	1	7	4990	2147483647
999	4	14	13	4995	2147483647
