0	3	1	40	0	2147483647
1	4	14	40	5	2147483647
2	4	8	40	10	2147483647
3	4	8	20	15	2147483647
4	4	14	10	20	2147483647
5	4	14	40	25	2147483647
6	4	14	40	30	2147483647
7	4	14	40	35	2147483647
8	3	1	10	40	2147483647
9	3	1	40	45	2147483647
10	4	8	30	50	2147483647
11	4	14	40	55	2147483647
12	4	8	10	60	2147483647
13	4	14	40	65	2147483647
14	4	14	10	70	2147483647
15	0	12	40	75	2147483647
16	4	8	20	80	2147483647
17	4	8	40	85	2147483647
18	4	14	20	90	2147483647
19	4	14	10	95	2147483647
20	0	12	30	100	2147483647
21	3	1	10	105	2147483647
22	3	1	40	110	2147483647
23	4	14	20	115	2147483647
24	4	14	10	120	2147483647
25	3	1	30	125	2147483647
26	4	14	40	130	2147483647
27	0	12	20	135	2147483647
28	4	8	10	140	2147483647
29	3	1	20	145	2147483647
30	4	8	10	150	2147483647
31	0	12	40	155	2147483647
32	4	14	30	160	2147483647
33	4	14	20	165	2147483647
34	4	14	10	170	2147483647
35	4	14	20	175	2147483647
36	4	14	30	180	2147483647
37	4	8	30	185	2147483647
38	4	8	30	190	2147483647
39	4	14	30	195	2147483647
40	4	14	20	200	2147483647
41	4	14	10	205	2147483647
42	3	1	20	210	2147483647
43	3	1	30	215	2147483647
44	3	1	10	220	2147483647
45	4	14	20	225	2147483647
46	4	14	10	230	2147483647
47	4	14	10	235	2147483647
48	4	14	40	240	2147483647
49	0	12	10	245	2147483647
50	4	14	10	250	2147483647
51	4	14	10	255	2147483647
52	4	14	40	260	2147483647
53	4	14	30	265	2147483647
54	3	1	20	270	2147483647
55	4	14	30	275	2147483647
56	3	1	10	280	2147483647
57	4	8	30	285	2147483647
58	4	8	10	290	2147483647
59	3	1	30	295	2147483647
60	4	14	40	300	2147483647
61	4	14	30	305	2147483647
62	4	14	30	310	2147483647
63	0	12	30	315	2147483647
64	0	12	30	320	2147483647
65	4	8	30	325	2147483647
66	4	8	20	330	2147483647
67	3	1	30	335	2147483647
68	0	12	30	340	2147483647
69	4	14	40	345	2147483647
70	3	1	20	350	2147483647
71	4	14	30	355	2147483647
72	4	8	20	360	2147483647
73	0	12	40	365	2147483647
74	0	12	40	370	2147483647
75	4	8	30	375	2147483647
76	4	8	40	380	2147483647
77	4	8	10	385	2147483647
78	3	1	20	390	2147483647
79	4	8	40	395	2147483647
80	4	14	30	400	2147483647
81	4	8	30	405	2147483647
82	4	8	30	410	2147483647
83	4	8	40	415	2147483647
84	4	14	20	420	2147483647
85	3	1	10	425	2147483647
86	3	1	10	430	2147483647
87	0	12	10	435	2147483647
88	3	1	10	440	2147483647
89	4	14	20	445	2147483647
90	3	1	10	450	2147483647
91	3	1	10	455	2147483647
92	0	12	20	460	2147483647
93	4	14	10	465	2147483647
94	4	14	30	470	2147483647
95	0	12	40	475	2147483647
96	4	8	20	480	2147483647
97	3	1	30	485	2147483647
98	4	8	40	490	2147483647
99	4	8	30	495	2147483647
100	3	1	10	500	2147483647
101	3	1	20	505	2147483647
102	4	14	20	510	2147483647
103	4	14	40	515	2147483647
104	4	14	40	520	2147483647
105	4	14	30	525	2147483647
106	3	1	30	530	2147483647
107	4	14	10	535	2147483647
108	4	14	40	540	2147483647
109	4	8	30	545	2147483647
110	4	14	40	550	2147483647
111	4	8	40	555	2147483647
112	4	14	10	560	2147483647
113	4	14	20	565	2147483647
114	4	14	40	570	2147483647
115	4	14	20	575	2147483647
116	3	1	40	580	2147483647
117	3	1	40	585	2147483647
118	0	12	20	590	2147483647
119	3	1	30	595	2147483647
120	4	14	30	600	2147483647
121	0	12	20	605	2147483647
122	4	14	30	610	2147483647
123	4	8	20	615	2147483647
124	3	1	30	620	2147483647
125	4	14	20	625	2147483647
126	4	14	10	630	2147483647
127	3	1	10	635	2147483647
128	0	12	10	640	2147483647
129	0	12	40	645	2147483647
130	4	14	20	650	2147483647
131	4	14	20	655	2147483647
132	4	14	20	660	2147483647
133	3	1	40	665	2147483647
134	4	14	30	670	2147483647
135	4	8	10	675	2147483647
136	3	1	10	680	2147483647
137	3	1	30	685	2147483647
138	3	1	10	690	2147483647
139	4	8	40	695	2147483647
140	0	12	20	700	2147483647
141	4	14	40	705	2147483647
142	3	1	10	710	2147483647
143	4	8	20	715	2147483647
144	4	8	30	720	2147483647
145	4	8	20	725	2147483647
146	4	14	40	730	2147483647
147	0	12	10	735	2147483647
148	0	12	10	740	2147483647
149	3	1	20	745	2147483647
150	3	1	40	750	2147483647
151	4	14	20	755	2147483647
152	3	1	10	760	2147483647
153	4	14	20	765	2147483647
154	3	1	40	770	2147483647
155	3	1	40	775	2147483647
156	3	1	40	780	2147483647
157	3	1	10	785	2147483647
158	3	1	10	790	2147483647
159	4	14	20	795	2147483647
160	4	14	20	800	2147483647
161	4	8	30	805	2147483647
162	4	14	40	810	2147483647
163	4	14	40	815	2147483647
164	3	1	20	820	2147483647
165	4	8	20	825	2147483647
166	3	1	20	830	2147483647
167	3	1	20	835	2147483647
168	4	8	30	840	2147483647
169	3	1	40	845	2147483647
170	0	12	10	850	2147483647
171	4	8	20	855	2147483647
172	4	14	40	860	2147483647
173	4	14	30	865	2147483647
174	3	1	10	870	2147483647
175	4	8	30	875	2147483647
176	4	14	10	880	2147483647
177	4	14	10	885	2147483647
178	4	8	30	890	2147483647
179	3	1	20	895	2147483647
180	3	1	30	900	2147483647
181	4	14	10	905	2147483647
182	4	8	40	910	2147483647
183	4	14	40	915	2147483647
184	3	1	10	920	2147483647
185	0	12	40	925	2147483647
186	4	8	20	930	2147483647
187	4	8	40	935	2147483647
188	4	14	40	940	2147483647
189	3	1	40	945	2147483647
190	4	14	10	950	2147483647
191	4	8	10	955	2147483647
192	4	14	20	960	2147483647
193	4	14	30	965	2147483647
194	4	8	30	970	2147483647
195	4	14	40	975	2147483647
196	4	14	40	980	2147483647
197	4	14	20	985	2147483647
198	4	14	10	990	2147483647
199	4	14	20	995	2147483647
200	4	14	40	1000	2147483647
201	4	8	30	1005	2147483647
202	4	14	20	1010	2147483647
203	4	14	20	1015	2147483647
204	3	1	10	1020	2147483647
205	3	1	20	1025	2147483647
206	4	14	20	1030	2147483647
207	3	1	30	1035	2147483647
208	4	8	10	1040	2147483647
209	4	8	10	1045	2147483647
210	4	14	30	1050	2147483647
211	3	1	40	1055	2147483647
212	4	8	30	1060	2147483647
213	4	14	40	1065	2147483647
214	3	1	40	1070	2147483647
215	4	8	10	1075	2147483647
216	4	14	30	1080	2147483647
217	0	12	10	1085	2147483647
218	4	8	40	1090	2147483647
219	4	8	20	1095	2147483647
220	4	14	10	1100	2147483647
221	4	8	30	1105	2147483647
222	3	1	20	1110	2147483647
223	4	14	40	1115	2147483647
224	3	1	30	1120	2147483647
225	4	14	10	1125	2147483647
226	4	8	10	1130	2147483647
227	0	12	20	1135	2147483647
228	4	14	10	1140	2147483647
229	4	14	20	1145	2147483647
230	4	8	40	1150	2147483647
231	4	14	40	1155	2147483647
232	0	12	10	1160	2147483647
233	4	8	10	1165	2147483647
234	4	14	20	1170	2147483647
235	0	12	10	1175	2147483647
236	4	14	40	1180	2147483647
237	4	14	30	1185	2147483647
238	3	1	30	1190	2147483647
239	4	14	40	1195	2147483647
240	4	8	20	1200	2147483647
241	4	14	40	1205	2147483647
242	4	14	40	1210	2147483647
243	4	14	30	1215	2147483647
244	3	1	10	1220	2147483647
245	3	1	20	1225	2147483647
246	4	14	20	1230	2147483647
247	4	14	20	1235	2147483647
248	3	1	40	1240	2147483647
249	4	8	20	1245	2147483647
250	4	14	10	1250	2147483647
251	4	14	40	1255	2147483647
252	4	14	20	1260	2147483647
253	3	1	30	1265	2147483647
254	4	8	20	1270	2147483647
255	3	1	20	1275	2147483647
256	4	14	10	1280	2147483647
257	4	14	20	1285	2147483647
258	0	12	30	1290	2147483647
259	3	1	10	1295	2147483647
260	4	8	20	1300	2147483647
261	4	14	10	1305	2147483647
262	4	14	20	1310	2147483647
263	4	14	40	1315	2147483647
264	0	12	20	1320	2147483647
265	4	14	40	1325	2147483647
266	3	1	40	1330	2147483647
267	4	8	20	1335	2147483647
268	4	8	30	1340	2147483647
269	4	8	40	1345	2147483647
270	4	8	10	1350	2147483647
271	3	1	10	1355	2147483647
272	4	14	20	1360	2147483647
273	4	8	10	1365	2147483647
274	4	8	40	1370	2147483647
275	4	8	10	1375	2147483647
276	4	8	40	1380	2147483647
277	4	14	40	1385	2147483647
278	3	1	30	1390	2147483647
279	4	8	20	1395	2147483647
280	0	12	30	1400	2147483647
281	4	8	30	1405	2147483647
282	3	1	30	1410	2147483647
283	3	1	30	1415	2147483647
284	4	14	20	1420	2147483647
285	4	8	10	1425	2147483647
286	4	8	20	1430	2147483647
287	3	1	20	1435	2147483647
288	0	12	40	1440	2147483647
289	4	8	10	1445	2147483647
290	4	8	40	1450	2147483647
291	4	14	20	1455	2147483647
292	3	1	40	1460	2147483647
293	4	14	30	1465	2147483647
294	4	14	20	1470	2147483647
295	4	8	20	1475	2147483647
296	4	14	20	1480	2147483647
297	4	8	40	1485	2147483647
298	3	1	20	1490	2147483647
299	4	14	10	1495	2147483647
300	0	12	30	1500	2147483647
301	4	14	10	1505	2147483647
302	4	14	40	1510	2147483647
303	4	8	40	1515	2147483647
304	4	14	10	1520	2147483647
305	3	1	40	1525	2147483647
306	4	8	20	1530	2147483647
307	3	1	20	1535	2147483647
308	3	1	30	1540	2147483647
309	4	14	10	1545	2147483647
310	4	8	30	1550	2147483647
311	4	8	20	1555	2147483647
312	4	14	40	1560	2147483647
313	4	14	20	1565	2147483647
314	3	1	30	1570	2147483647
315	0	12	30	1575	2147483647
316	3	1	30	1580	2147483647
317	3	1	40	1585	2147483647
318	4	14	30	1590	2147483647
319	4	14	10	1595	2147483647
320	4	14	30	1600	2147483647
321	4	14	20	1605	2147483647
322	0	12	20	1610	2147483647
323	4	8	30	1615	2147483647
324	0	12	40	1620	2147483647
325	4	8	40	1625	2147483647
326	4	14	20	1630	2147483647
327	4	14	30	1635	2147483647
328	3	1	30	1640	2147483647
329	4	14	30	1645	2147483647
330	4	8	40	1650	2147483647
331	4	14	40	1655	2147483647
332	4	8	20	1660	2147483647
333	4	14	20	1665	2147483647
334	0	12	40	1670	2147483647
335	3	1	30	1675	2147483647
336	3	1	40	1680	2147483647
337	4	8	30	1685	2147483647
338	3	1	20	1690	2147483647
339	4	8	20	1695	2147483647
340	0	12	30	1700	2147483647
341	4	14	40	1705	2147483647
342	0	12	30	1710	2147483647
343	0	12	40	1715	2147483647
344	4	14	20	1720	2147483647
345	0	12	30	1725	2147483647
346	3	1	30	1730	2147483647
347	4	14	30	1735	2147483647
348	3	1	10	1740	2147483647
349	4	14	40	1745	2147483647
350	4	14	30	1750	2147483647
351	3	1	30	1755	2147483647
352	3	1	20	1760	2147483647
353	4	14	10	1765	2147483647
354	4	14	30	1770	2147483647
355	4	8	10	1775	2147483647
356	4	14	30	1780	2147483647
357	3	1	20	1785	2147483647
358	4	8	10	1790	2147483647
359	4	14	20	1795	2147483647
360	4	14	30	1800	2147483647
361	3	1	40	1805	2147483647
362	0	12	40	1810	2147483647
363	3	1	40	1815	2147483647
364	4	14	20	1820	2147483647
365	4	8	40	1825	2147483647
366	0	12	40	1830	2147483647
367	4	14	20	1835	2147483647
368	4	14	30	1840	2147483647
369	4	14	40	1845	2147483647
370	3	1	40	1850	2147483647
371	4	8	10	1855	2147483647
372	4	14	20	1860	2147483647
373	3	1	10	1865	2147483647
374	4	14	20	1870	2147483647
375	4	14	30	1875	2147483647
376	4	14	30	1880	2147483647
377	0	12	30	1885	2147483647
378	4	8	10	1890	2147483647
379	4	14	20	1895	2147483647
380	4	14	10	1900	2147483647
381	4	8	40	1905	2147483647
382	4	8	30	1910	2147483647
383	4	14	30	1915	2147483647
384	4	8	10	1920	2147483647
385	4	14	20	1925	2147483647
386	3	1	30	1930	2147483647
387	3	1	10	1935	2147483647
388	4	14	40	1940	2147483647
389	4	14	30	1945	2147483647
390	4	14	10	1950	2147483647
391	4	14	20	1955	2147483647
392	4	14	30	1960	2147483647
393	4	14	10	1965	2147483647
394	3	1	40	1970	2147483647
395	4	14	40	1975	2147483647
396	4	14	40	1980	2147483647
397	3	1	30	1985	2147483647
398	4	8	20	1990	2147483647
399	4	14	30	1995	2147483647
400	0	12	40	2000	2147483647
401	3	1	20	2005	2147483647
402	4	14	40	2010	2147483647
403	4	14	10	2015	2147483647
404	0	12	10	2020	2147483647
405	3	1	30	2025	2147483647
406	4	14	10	2030	2147483647
407	0	12	10	2035	2147483647
408	4	14	40	2040	2147483647
409	0	12	40	2045	2147483647
410	3	1	20	2050	2147483647
411	4	14	40	2055	2147483647
412	4	8	10	2060	2147483647
413	4	8	40	2065	2147483647
414	4	14	20	2070	2147483647
415	4	14	40	2075	2147483647
416	4	8	10	2080	2147483647
417	4	8	20	2085	2147483647
418	4	8	40	2090	2147483647
419	0	12	40	2095	2147483647
420	4	14	20	2100	2147483647
421	4	14	30	2105	2147483647
422	4	8	30	2110	2147483647
423	4	8	40	2115	2147483647
424	4	8	40	2120	2147483647
425	4	14	20	2125	2147483647
426	4	8	30	2130	2147483647
427	4	8	20	2135	2147483647
428	0	12	20	2140	2147483647
429	4	8	20	2145	2147483647
430	4	8	40	2150	2147483647
431	4	8	40	2155	2147483647
432	4	14	10	2160	2147483647
433	4	14	30	2165	2147483647
434	4	14	20	2170	2147483647
435	3	1	40	2175	2147483647
436	3	1	40	2180	2147483647
437	4	14	20	2185	2147483647
438	4	14	30	2190	2147483647
439	4	14	20	2195	2147483647
440	0	12	10	2200	2147483647
441	3	1	20	2205	2147483647
442	3	1	20	2210	2147483647
443	4	14	40	2215	2147483647
444	4	8	10	2220	2147483647
445	4	8	10	2225	2147483647
446	4	14	20	2230	2147483647
447	4	14	30	2235	2147483647
448	0	12	30	2240	2147483647
449	4	14	10	2245	2147483647
450	3	1	40	2250	2147483647
451	3	1	30	2255	2147483647
452	3	1	40	2260	2147483647
453	4	8	30	2265	2147483647
454	4	14	20	2270	2147483647
455	3	1	20	2275	2147483647
456	4	8	30	2280	2147483647
457	3	1	40	2285	2147483647
458	3	1	20	2290	2147483647
459	3	1	30	2295	2147483647
460	4	8	10	2300	2147483647
461	3	1	40	2305	2147483647
462	4	14	40	2310	2147483647
463	3	1	20	2315	2147483647
464	4	14	10	2320	2147483647
465	4	8	20	2325	2147483647
466	4	14	30	2330	2147483647
467	4	14	30	2335	2147483647
468	3	1	20	2340	2147483647
469	4	8	30	2345	2147483647
470	4	8	40	2350	2147483647
471	3	1	30	2355	2147483647
472	4	14	30	2360	2147483647
473	3	1	20	2365	2147483647
474	4	14	40	2370	2147483647
475	4	8	40	2375	2147483647
476	0	12	10	2380	2147483647
477	3	1	40	2385	2147483647
478	4	14	40	2390	2147483647
479	4	8	40	2395	2147483647
480	4	14	10	2400	2147483647
481	3	1	40	2405	2147483647
482	4	8	30	2410	2147483647
483	4	8	10	2415	2147483647
484	4	14	30	2420	2147483647
485	4	14	10	2425	2147483647
486	4	14	10	2430	2147483647
487	3	1	30	2435	2147483647
488	4	14	10	2440	2147483647
489	3	1	10	2445	2147483647
490	4	8	10	2450	2147483647
491	4	14	40	2455	2147483647
492	4	8	10	2460	2147483647
493	4	8	40	2465	2147483647
494	4	14	20	2470	2147483647
495	3	1	10	2475	2147483647
496	3	1	20	2480	2147483647
497	4	14	10	2485	2147483647
498	4	14	30	2490	2147483647
499	0	12	30	2495	2147483647
500	4	8	20	2500	2147483647
501	0	12	30	2505	2147483647
502	3	1	20	2510	2147483647
503	4	14	10	2515	2147483647
504	4	14	10	2520	2147483647
505	0	12	20	2525	2147483647
506	4	14	10	2530	2147483647
507	0	12	20	2535	2147483647
508	4	8	40	2540	2147483647
509	3	1	20	2545	2147483647
510	3	1	10	2550	2147483647
511	4	14	40	2555	2147483647
512	4	14	10	2560	2147483647
513	4	8	20	2565	2147483647
514	3	1	30	2570	2147483647
515	4	14	10	2575	2147483647
516	3	1	20	2580	2147483647
517	4	14	30	2585	2147483647
518	4	14	40	2590	2147483647
519	4	8	10	2595	2147483647
520	3	1	20	2600	2147483647
521	4	8	10	2605	2147483647
522	4	14	20	2610	2147483647
523	4	14	10	2615	2147483647
524	0	12	30	2620	2147483647
525	4	8	10	2625	2147483647
526	4	8	20	2630	2147483647
527	3	1	30	2635	2147483647
528	3	1	10	2640	2147483647
529	3	1	30	2645	2147483647
530	4	14	30	2650	2147483647
531	0	12	10	2655	2147483647
532	4	14	10	2660	2147483647
533	4	14	10	2665	2147483647
534	4	14	20	2670	2147483647
535	4	14	20	2675	2147483647
536	4	8	20	2680	2147483647
537	3	1	30	2685	2147483647
538	3	1	10	2690	2147483647
539	4	14	20	2695	2147483647
540	4	14	10	2700	2147483647
541	4	14	40	2705	2147483647
542	3	1	40	2710	2147483647
543	4	8	40	2715	2147483647
544	4	14	10	2720	2147483647
545	3	1	10	2725	2147483647
546	4	8	30	2730	2147483647
547	0	12	40	2735	2147483647
548	4	14	20	2740	2147483647
549	4	8	20	2745	2147483647
550	4	8	40	2750	2147483647
551	4	14	40	2755	2147483647
552	4	8	20	2760	2147483647
553	3	1	30	2765	2147483647
554	3	1	20	2770	2147483647
555	4	14	20	2775	2147483647
556	4	8	10	2780	2147483647
557	3	1	10	2785	2147483647
558	4	14	30	2790	2147483647
559	3	1	10	2795	2147483647
560	4	14	40	2800	2147483647
561	3	1	20	2805	2147483647
562	3	1	20	2810	2147483647
563	4	14	10	2815	2147483647
564	4	14	40	2820	2147483647
565	3	1	10	2825	2147483647
566	4	14	30	2830	2147483647
567	4	14	10	2835	2147483647
568	3	1	10	2840	2147483647
569	3	1	10	2845	2147483647
570	3	1	30	2850	2147483647
571	0	12	40	2855	2147483647
572	4	8	30	2860	2147483647
573	0	12	20	2865	2147483647
574	4	8	40	2870	2147483647
575	4	14	30	2875	2147483647
576	4	14	10	2880	2147483647
577	4	14	30	2885	2147483647
578	4	14	10	2890	2147483647
579	3	1	20	2895	2147483647
580	4	14	20	2900	2147483647
581	4	8	30	2905	2147483647
582	4	14	20	2910	2147483647
583	3	1	40	2915	2147483647
584	4	8	30	2920	2147483647
585	4	8	30	2925	2147483647
586	4	14	30	2930	2147483647
587	3	1	30	2935	2147483647
588	3	1	30	2940	2147483647
589	4	14	40	2945	2147483647
590	4	14	20	2950	2147483647
591	4	14	20	2955	2147483647
592	4	14	40	2960	2147483647
593	4	8	10	2965	2147483647
594	4	14	20	2970	2147483647
595	3	1	40	2975	2147483647
596	3	1	30	2980	2147483647
597	3	1	30	2985	2147483647
598	3	1	40	2990	2147483647
599	3	1	40	2995	2147483647
600	4	14	20	3000	2147483647
601	3	1	30	3005	2147483647
602	4	14	30	3010	2147483647
603	4	8	20	3015	2147483647
604	4	14	30	3020	2147483647
605	4	8	10	3025	2147483647
606	3	1	10	3030	2147483647
607	0	12	40	3035	2147483647
608	4	8	30	3040	2147483647
609	4	14	40	3045	2147483647
610	0	12	20	3050	2147483647
611	3	1	30	3055	2147483647
612	3	1	10	3060	2147483647
613	4	8	10	3065	2147483647
614	3	1	40	3070	2147483647
615	3	1	20	3075	2147483647
616	4	14	10	3080	2147483647
617	0	12	20	3085	2147483647
618	3	1	30	3090	2147483647
619	3	1	10	3095	2147483647
620	3	1	20	3100	2147483647
621	3	1	10	3105	2147483647
622	3	1	20	3110	2147483647
623	3	1	20	3115	2147483647
624	4	14	40	3120	2147483647
625	4	14	20	3125	2147483647
626	4	8	40	3130	2147483647
627	0	12	30	3135	2147483647
628	4	8	40	3140	2147483647
629	4	14	10	3145	2147483647
630	4	8	40	3150	2147483647
631	3	1	30	3155	2147483647
632	4	8	30	3160	2147483647
633	3	1	10	3165	2147483647
634	4	14	10	3170	2147483647
635	3	1	30	3175	2147483647
636	4	14	10	3180	2147483647
637	3	1	40	3185	2147483647
638	4	14	10	3190	2147483647
639	0	12	20	3195	2147483647
640	4	14	30	3200	2147483647
641	4	14	40	3205	2147483647
642	0	12	40	3210	2147483647
643	3	1	40	3215	2147483647
644	4	14	30	3220	2147483647
645	4	8	30	3225	2147483647
646	0	12	20	3230	2147483647
647	3	1	40	3235	2147483647
648	4	14	10	3240	2147483647
649	3	1	10	3245	2147483647
650	4	14	30	3250	2147483647
651	3	1	10	3255	2147483647
652	4	14	10	3260	2147483647
653	4	14	40	3265	2147483647
654	4	8	30	3270	2147483647
655	3	1	20	3275	2147483647
656	0	12	20	3280	2147483647
657	0	12	10	3285	2147483647
658	3	1	20	3290	2147483647
659	4	14	10	3295	2147483647
660	4	14	20	3300	2147483647
661	3	1	30	3305	2147483647
662	4	14	40	3310	2147483647
663	3	1	30	3315	2147483647
664	4	14	40	3320	2147483647
665	4	14	40	3325	2147483647
666	3	1	10	3330	2147483647
667	4	8	40	3335	2147483647
668	3	1	10	3340	2147483647
669	4	14	10	3345	2147483647
670	4	14	20	3350	2147483647
671	4	8	10	3355	2147483647
672	4	8	20	3360	2147483647
673	3	1	10	3365	2147483647
674	4	14	30	3370	2147483647
675	4	14	20	3375	2147483647
676	3	1	10	3380	2147483647
677	4	8	30	3385	2147483647
678	4	14	40	3390	2147483647
679	3	1	10	3395	2147483647
680	4	14	10	3400	2147483647
681	4	14	10	3405	2147483647
682	4	8	20	3410	2147483647
683	4	14	40	3415	2147483647
684	0	12	30	3420	2147483647
685	4	14	40	3425	2147483647
686	3	1	20	3430	2147483647
687	4	8	30	3435	2147483647
688	4	8	30	3440	2147483647
689	3	1	30	3445	2147483647
690	3	1	20	3450	2147483647
691	3	1	40	3455	2147483647
692	0	12	30	3460	2147483647
693	0	12	10	3465	2147483647
694	4	8	10	3470	2147483647
695	3	1	40	3475	2147483647
696	4	14	40	3480	2147483647
697	4	14	20	3485	2147483647
698	4	14	40	3490	2147483647
699	4	8	40	3495	2147483647
700	4	14	20	3500	2147483647
701	4	14	20	3505	2147483647
702	4	8	30	3510	2147483647
703	0	12	10	3515	2147483647
704	3	1	40	3520	2147483647
705	3	1	20	3525	2147483647
706	4	8	40	3530	2147483647
707	3	1	10	3535	2147483647
708	0	12	10	3540	2147483647
709	3	1	10	3545	2147483647
710	4	14	10	3550	2147483647
711	4	14	40	3555	2147483647
712	3	1	20	3560	2147483647
713	4	14	10	3565	2147483647
714	4	14	10	3570	2147483647
715	4	8	10	3575	2147483647
716	4	8	20	3580	2147483647
717	4	8	10	3585	2147483647
718	3	1	10	3590	2147483647
719	4	14	40	3595	2147483647
720	4	8	20	3600	2147483647
721	4	8	20	3605	2147483647
722	4	14	20	3610	2147483647
723	4	8	20	3615	2147483647
724	3	1	30	3620	2147483647
725	3	1	30	3625	2147483647
726	4	8	30	3630	2147483647
727	4	8	10	3635	2147483647
728	3	1	40	3640	2147483647
729	3	1	40	3645	2147483647
730	4	14	30	3650	2147483647
731	4	14	30	3655	2147483647
732	3	1	30	3660	2147483647
733	3	1	10	3665	2147483647
734	3	1	30	3670	2147483647
735	4	14	30	3675	2147483647
736	3	1	20	3680	2147483647
737	0	12	10	3685	2147483647
738	3	1	10	3690	2147483647
739	3	1	10	3695	2147483647
740	4	14	10	3700	2147483647
741	4	14	20	3705	2147483647
742	4	8	20	3710	2147483647
743	4	14	20	3715	2147483647
744	3	1	30	3720	2147483647
745	3	1	30	3725	2147483647
746	4	8	20	3730	2147483647
747	4	8	20	3735	2147483647
748	0	12	10	3740	2147483647
749	4	14	10	3745	2147483647
750	4	8	20	3750	2147483647
751	4	14	40	3755	2147483647
752	4	8	20	3760	2147483647
753	4	14	40	3765	2147483647
754	0	12	20	3770	2147483647
755	4	14	10	3775	2147483647
756	4	14	10	3780	2147483647
757	4	14	20	3785	2147483647
758	4	14	20	3790	2147483647
759	0	12	20	3795	2147483647
760	3	1	40	3800	2147483647
761	0	12	30	3805	2147483647
762	4	8	10	3810	2147483647
763	4	14	20	3815	2147483647
764	4	14	30	3820	2147483647
765	4	8	20	3825	2147483647
766	3	1	10	3830	2147483647
767	4	14	20	3835	2147483647
768	3	1	20	3840	2147483647
769	0	12	20	3845	2147483647
770	4	14	40	3850	2147483647
771	0	12	10	3855	2147483647
772	4	14	10	3860	2147483647
773	4	14	10	3865	2147483647
774	4	8	40	3870	2147483647
775	3	1	40	3875	2147483647
776	4	14	40	3880	2147483647
777	4	8	40	3885	2147483647
778	4	14	40	3890	2147483647
779	4	14	10	3895	2147483647
780	4	8	10	3900	2147483647
781	0	12	20	3905	2147483647
782	0	12	10	3910	2147483647
783	3	1	40	3915	2147483647
784	4	8	20	3920	2147483647
785	4	14	40	3925	2147483647
786	3	1	20	3930	2147483647
787	4	14	30	3935	2147483647
788	3	1	30	3940	2147483647
789	4	14	30	3945	2147483647
790	4	14	20	3950	2147483647
791	3	1	40	3955	2147483647
792	3	1	40	3960	2147483647
793	3	1	30	3965	2147483647
794	0	12	20	3970	2147483647
795	4	14	20	3975	2147483647
796	4	14	20	3980	2147483647
797	3	1	40	3985	2147483647
798	4	14	40	3990	2147483647
799	0	12	10	3995	2147483647
800	4	8	20	4000	2147483647
801	4	8	40	4005	2147483647
802	4	14	40	4010	2147483647
803	0	12	30	4015	2147483647
804	4	8	10	4020	2147483647
805	4	8	20	4025	2147483647
806	4	14	30	4030	2147483647
807	4	8	20	4035	2147483647
808	3	1	10	4040	2147483647
809	4	14	20	4045	2147483647
810	4	14	10	4050	2147483647
811	4	14	10	4055	2147483647
812	4	8	30	4060	2147483647
813	4	14	20	4065	2147483647
814	4	14	10	4070	2147483647
815	3	1	20	4075	2147483647
816	4	14	20	4080	2147483647
817	4	14	20	4085	2147483647
818	3	1	10	4090	2147483647
819	4	14	30	4095	2147483647
820	4	14	10	4100	2147483647
821	3	1	30	4105	2147483647
822	3	1	40	4110	2147483647
823	3	1	40	4115	2147483647
824	0	12	40	4120	2147483647
825	4	8	40	4125	2147483647
826	4	14	20	4130	2147483647
827	3	1	20	4135	2147483647
828	4	14	30	4140	2147483647
829	4	14	20	4145	2147483647
830	4	14	30	4150	2147483647
831	3	1	40	4155	2147483647
832	4	8	10	4160	2147483647
833	4	14	40	4165	2147483647
834	4	14	30	4170	2147483647
835	0	12	20	4175	2147483647
836	4	8	30	4180	2147483647
837	4	14	30	4185	2147483647
838	4	8	30	4190	2147483647
839	4	14	40	4195	2147483647
840	4	14	10	4200	2147483647
841	4	8	10	4205	2147483647
842	3	1	20	4210	2147483647
843	4	14	10	4215	2147483647
844	0	12	20	4220	2147483647
845	4	8	20	4225	2147483647
846	3	1	20	4230	2147483647
847	4	14	20	4235	2147483647
848	3	1	30	4240	2147483647
849	4	14	40	4245	2147483647
850	4	14	10	4250	2147483647
851	4	14	40	4255	2147483647
852	4	14	40	4260	2147483647
853	4	14	10	4265	2147483647
854	3	1	40	4270	2147483647
855	3	1	40	4275	2147483647
856	4	14	10	4280	2147483647
857	4	8	40	4285	2147483647
858	0	12	30	4290	2147483647
859	0	12	10	4295	2147483647
860	3	1	40	4300	2147483647
861	3	1	10	4305	2147483647
862	3	1	30	4310	2147483647
863	4	14	40	4315	2147483647
864	4	8	40	4320	2147483647
865	3	1	10	4325	2147483647
866	3	1	40	4330	2147483647
867	3	1	40	4335	2147483647
868	4	8	30	4340	2147483647
869	4	14	40	4345	2147483647
870	4	8	40	4350	2147483647
871	4	14	40	4355	2147483647
872	4	14	30	4360	2147483647
873	3	1	20	4365	2147483647
874	0	12	30	4370	2147483647
875	3	1	40	4375	2147483647
876	4	8	10	4380	2147483647
877	4	14	30	4385	2147483647
878	3	1	20	4390	2147483647
879	4	14	30	4395	2147483647
880	4	14	30	4400	2147483647
881	0	12	40	4405	2147483647
882	4	14	40	4410	2147483647
883	4	8	40	4415	2147483647
884	4	14	20	4420	2147483647
885	4	14	30	4425	2147483647
886	3	1	10	4430	2147483647
887	4	8	10	4435	2147483647
888	3	1	40	4440	2147483647
889	4	8	40	4445	2147483647
890	3	1	20	4450	2147483647
891	0	12	30	4455	2147483647
892	4	14	40	4460	2147483647
893	4	8	30	4465	2147483647
894	3	1	40	4470	2147483647
895	3	1	40	4475	2147483647
896	4	14	30	4480	2147483647
897	4	14	30	4485	2147483647
898	3	1	20	4490	2147483647
899	4	14	10	4495	2147483647
900	4	14	20	4500	2147483647
901	4	14	20	4505	2147483647
902	3	1	30	4510	2147483647
903	4	14	30	4515	2147483647
904	3	1	40	4520	2147483647
905	4	14	10	4525	2147483647
906	4	8	20	4530	2147483647
907	3	1	30	4535	2147483647
908	4	14	20	4540	2147483647
909	4	14	10	4545	2147483647
910	3	1	30	4550	2147483647
911	4	14	20	4555	2147483647
912	4	14	30	4560	2147483647
913	4	8	10	4565	2147483647
914	4	8	30	4570	2147483647
915	3	1	10	4575	2147483647
916	3	1	20	4580	2147483647
917	4	8	30	4585	2147483647
918	4	14	20	4590	2147483647
919	3	1	10	4595	2147483647
920	4	14	10	4600	2147483647
921	4	8	30	4605	2147483647
922	4	8	10	4610	2147483647
923	4	14	40	4615	2147483647
924	4	8	30	4620	2147483647
925	0	12	20	4625	2147483647
926	4	14	10	4630	2147483647
927	3	1	10	4635	2147483647
928	0	12	20	4640	2147483647
929	3	1	30	4645	2147483647
930	4	14	20	4650	2147483647
931	3	1	30	4655	2147483647
932	4	8	20	4660	2147483647
933	4	14	10	4665	2147483647
934	4	14	10	4670	2147483647
935	4	14	10	4675	2147483647
936	3	1	10	4680	2147483647
937	0	12	20	4685	2147483647
938	4	14	40	4690	2147483647
939	4	8	20	4695	2147483647
940	3	1	20	4700	2147483647
941	4	8	30	4705	2147483647
942	4	8	40	4710	2147483647
943	3	1	30	4715	2147483647
944	4	14	20	4720	2147483647
945	4	14	40	4725	2147483647
946	3	1	40	4730	2147483647
947	4	14	40	4735	2147483647
948	4	14	10	4740	2147483647
949	0	12	40	4745	2147483647
950	0	12	30	4750	2147483647
951	4	14	40	4755	2147483647
952	4	14	20	4760	2147483647
953	4	8	20	4765	2147483647
954	4	14	10	4770	2147483647
955	4	14	30	4775	2147483647
956	4	14	20	4780	2147483647
957	3	1	40	4785	2147483647
958	4	14	10	4790	2147483647
959	3	1	30	4795	2147483647
960	4	14	40	4800	2147483647
961	4	14	20	4805	2147483647
962	3	1	10	4810	2147483647
963	3	1	40	4815	2147483647
964	4	8	30	4820	2147483647
965	4	14	40	4825	2147483647
966	3	1	40	4830	2147483647
967	4	8	20	4835	2147483647
968	3	1	40	4840	2147483647
969	4	8	20	4845	2147483647
970	4	14	40	4850	2147483647
971	3	1	10	4855	2147483647
972	3	1	30	4860	2147483647
973	4	14	10	4865	2147483647
974	4	14	40	4870	2147483647
975	4	14	30	4875	2147483647
976	4	14	40	4880	2147483647
977	3	1	20	4885	2147483647
978	4	8	20	4890	2147483647
979	3	1	30	4895	2147483647
980	4	14	20	4900	2147483647
981	3	1	20	4905	2147483647
982	4	14	40	4910	2147483647
983	0	12	20	4915	2147483647
984	3	1	40	4920	2147483647
985	0	12	20	4925	2147483647
986	4	14	20	4930	2147483647
987	0	12	10	4935	2147483647
988	4	14	10	4940	2147483647
989	4	8	20	4945	2147483647
990	4	8	30	4950	2147483647
991	0	12	20	4955	2147483647
992	4	8	10	4960	2147483647
993	3	1	20	4965	2147483647
994	3	1	20	4970	2147483647
995	4	14	40	4975	2147483647
996	4	14	20	4980	2147483647
997	4	14	40	4985	2147483647
998	3	1	10	4990	2147483647
999	0	12	20	4995	2147483647
1000	4	8	40	5000	2147483647
1001	4	8	30	5005	2147483647
1002	3	1	40	5010	2147483647
1003	3	1	30	5015	2147483647
1004	4	8	10	5020	2147483647
1005	3	1	30	5025	2147483647
1006	4	8	10	5030	2147483647
1007	4	8	10	5035	2147483647
1008	3	1	20	5040	2147483647
1009	4	8	30	5045	2147483647
1010	4	14	30	5050	2147483647
1011	4	8	10	5055	2147483647
1012	3	1	20	5060	2147483647
1013	4	8	30	5065	2147483647
1014	4	14	10	5070	2147483647
1015	3	1	30	5075	2147483647
1016	4	14	20	5080	2147483647
1017	4	8	40	5085	2147483647
1018	0	12	40	5090	2147483647
1019	4	8	20	5095	2147483647
1020	4	14	30	5100	2147483647
1021	3	1	40	5105	2147483647
1022	3	1	20	5110	2147483647
1023	0	12	20	5115	2147483647
1024	0	12	30	5120	2147483647
1025	4	14	20	5125	2147483647
1026	4	8	40	5130	2147483647
1027	4	8	20	5135	2147483647
1028	4	8	40	5140	2147483647
1029	4	14	40	5145	2147483647
1030	4	14	10	5150	2147483647
1031	0	12	10	5155	2147483647
1032	4	8	20	5160	2147483647
1033	4	8	10	5165	2147483647
1034	3	1	30	5170	2147483647
1035	4	14	40	5175	2147483647
1036	0	12	20	5180	2147483647
1037	4	8	20	5185	2147483647
1038	4	14	20	5190	2147483647
1039	4	14	20	5195	2147483647
1040	4	14	20	5200	2147483647
1041	4	14	10	5205	2147483647
1042	3	1	30	5210	2147483647
1043	3	1	20	5215	2147483647
1044	3	1	40	5220	2147483647
1045	0	12	30	5225	2147483647
1046	4	14	40	5230	2147483647
1047	0	12	30	5235	2147483647
1048	4	14	10	5240	2147483647
1049	4	14	30	5245	2147483647
1050	4	14	20	5250	2147483647
1051	3	1	20	5255	2147483647
1052	4	14	10	5260	2147483647
1053	4	8	40	5265	2147483647
1054	0	12	40	5270	2147483647
1055	4	14	10	5275	2147483647
1056	4	14	10	5280	2147483647
1057	4	8	30	5285	2147483647
1058	3	1	40	5290	2147483647
1059	3	1	30	5295	2147483647
1060	3	1	40	5300	2147483647
1061	0	12	40	5305	2147483647
1062	4	14	20	5310	2147483647
1063	4	14	20	5315	2147483647
1064	3	1	20	5320	2147483647
1065	4	14	30	5325	2147483647
1066	4	14	40	5330	2147483647
1067	4	8	20	5335	2147483647
1068	4	14	40	5340	2147483647
1069	0	12	20	5345	2147483647
1070	3	1	20	5350	2147483647
1071	4	14	10	5355	2147483647
1072	3	1	30	5360	2147483647
1073	4	8	30	5365	2147483647
1074	3	1	40	5370	2147483647
1075	3	1	20	5375	2147483647
1076	4	14	20	5380	2147483647
1077	4	8	40	5385	2147483647
1078	4	14	30	5390	2147483647
1079	4	14	10	5395	2147483647
1080	0	12	30	5400	2147483647
1081	4	8	10	5405	2147483647
1082	3	1	10	5410	2147483647
1083	4	8	20	5415	2147483647
1084	4	14	30	5420	2147483647
1085	3	1	30	5425	2147483647
1086	4	8	40	5430	2147483647
1087	4	14	20	5435	2147483647
1088	0	12	20	5440	2147483647
1089	4	14	30	5445	2147483647
1090	4	14	30	5450	2147483647
1091	4	14	40	5455	2147483647
1092	4	14	20	5460	2147483647
1093	3	1	30	5465	2147483647
1094	3	1	30	5470	2147483647
1095	4	14	20	5475	2147483647
1096	4	14	40	5480	2147483647
1097	4	14	10	5485	2147483647
1098	4	14	10	5490	2147483647
1099	4	14	10	5495	2147483647
1100	4	8	30	5500	2147483647
1101	3	1	30	5505	2147483647
1102	4	8	40	5510	2147483647
1103	4	14	40	5515	2147483647
1104	3	1	10	5520	2147483647
1105	4	8	20	5525	2147483647
1106	4	8	40	5530	2147483647
1107	4	14	30	5535	2147483647
1108	4	14	40	5540	2147483647
1109	4	14	20	5545	2147483647
1110	4	14	30	5550	2147483647
1111	3	1	10	5555	2147483647
1112	3	1	40	5560	2147483647
1113	3	1	40	5565	2147483647
1114	3	1	10	5570	2147483647
1115	4	8	30	5575	2147483647
1116	4	14	30	5580	2147483647
1117	4	14	10	5585	2147483647
1118	4	14	40	5590	2147483647
1119	0	12	30	5595	2147483647
1120	3	1	30	5600	2147483647
1121	0	12	20	5605	2147483647
1122	4	8	10	5610	2147483647
1123	4	8	20	5615	2147483647
1124	4	8	30	5620	2147483647
1125	4	14	30	5625	2147483647
1126	4	8	30	5630	2147483647
1127	4	14	40	5635	2147483647
1128	3	1	10	5640	2147483647
1129	4	14	30	5645	2147483647
1130	4	14	30	5650	2147483647
1131	4	14	20	5655	2147483647
1132	4	8	40	5660	2147483647
1133	4	14	30	5665	2147483647
1134	4	14	20	5670	2147483647
1135	3	1	10	5675	2147483647
1136	4	8	20	5680	2147483647
1137	4	14	20	5685	2147483647
1138	4	14	10	5690	2147483647
1139	4	14	10	5695	2147483647
1140	4	8	40	5700	2147483647
1141	4	14	20	5705	2147483647
1142	0	12	30	5710	2147483647
1143	3	1	40	5715	2147483647
1144	4	14	40	5720	2147483647
1145	3	1	30	5725	2147483647
1146	4	8	40	5730	2147483647
1147	0	12	30	5735	2147483647
1148	4	8	30	5740	2147483647
1149	3	1	40	5745	2147483647
1150	0	12	40	5750	2147483647
1151	4	14	40	5755	2147483647
1152	4	8	10	5760	2147483647
1153	4	14	20	5765	2147483647
1154	4	8	20	5770	2147483647
1155	4	8	20	5775	2147483647
1156	3	1	20	5780	2147483647
1157	4	14	20	5785	2147483647
1158	3	1	10	5790	2147483647
1159	4	14	30	5795	2147483647
1160	4	14	30	5800	2147483647
1161	4	8	40	5805	2147483647
1162	0	12	30	5810	2147483647
1163	3	1	10	5815	2147483647
1164	0	12	30	5820	2147483647
1165	4	14	20	5825	2147483647
1166	3	1	20	5830	2147483647
1167	3	1	20	5835	2147483647
1168	4	14	30	5840	2147483647
1169	4	14	10	5845	2147483647
1170	0	12	10	5850	2147483647
1171	4	14	20	5855	2147483647
1172	0	12	10	5860	2147483647
1173	4	14	30	5865	2147483647
1174	4	14	40	5870	2147483647
1175	4	14	20	5875	2147483647
1176	4	14	30	5880	2147483647
1177	4	14	10	5885	2147483647
1178	3	1	20	5890	2147483647
1179	4	14	10	5895	2147483647
1180	3	1	30	5900	2147483647
1181	4	8	10	5905	2147483647
1182	4	14	20	5910	2147483647
1183	4	8	10	5915	2147483647
1184	3	1	40	5920	2147483647
1185	4	14	40	5925	2147483647
1186	4	14	10	5930	2147483647
1187	4	8	30	5935	2147483647
1188	4	14	10	5940	2147483647
1189	4	14	40	5945	2147483647
1190	0	12	30	5950	2147483647
1191	4	8	40	5955	2147483647
1192	3	1	10	5960	2147483647
1193	4	14	20	5965	2147483647
1194	4	14	30	5970	2147483647
1195	4	8	40	5975	2147483647
1196	3	1	40	5980	2147483647
1197	4	14	30	5985	2147483647
1198	3	1	10	5990	2147483647
1199	4	14	30	5995	2147483647
1200	4	14	10	6000	2147483647
1201	4	14	30	6005	2147483647
1202	3	1	40	6010	2147483647
1203	3	1	30	6015	2147483647
1204	3	1	30	6020	2147483647
1205	4	8	20	6025	2147483647
1206	4	14	40	6030	2147483647
1207	4	8	20	6035	2147483647
1208	4	8	20	6040	2147483647
1209	3	1	10	6045	2147483647
1210	4	8	40	6050	2147483647
1211	4	14	10	6055	2147483647
1212	3	1	10	6060	2147483647
1213	4	14	10	6065	2147483647
1214	3	1	10	6070	2147483647
1215	4	14	30	6075	2147483647
1216	3	1	30	6080	2147483647
1217	4	14	20	6085	2147483647
1218	4	14	20	6090	2147483647
1219	3	1	40	6095	2147483647
1220	0	12	10	6100	2147483647
1221	4	8	30	6105	2147483647
1222	4	14	20	6110	2147483647
1223	0	12	30	6115	2147483647
1224	4	14	20	6120	2147483647
1225	4	14	20	6125	2147483647
1226	3	1	10	6130	2147483647
1227	4	8	30	6135	2147483647
1228	0	12	10	6140	2147483647
1229	4	14	10	6145	2147483647
1230	4	8	20	6150	2147483647
1231	4	8	10	6155	2147483647
1232	3	1	40	6160	2147483647
1233	3	1	30	6165	2147483647
1234	4	14	40	6170	2147483647
1235	4	14	10	6175	2147483647
1236	4	14	10	6180	2147483647
1237	3	1	40	6185	2147483647
1238	4	14	30	6190	2147483647
1239	4	8	20	6195	2147483647
1240	4	14	10	6200	2147483647
1241	4	14	30	6205	2147483647
1242	4	14	20	6210	2147483647
1243	3	1	10	6215	2147483647
1244	3	1	10	6220	2147483647
1245	3	1	30	6225	2147483647
1246	4	14	40	6230	2147483647
1247	4	14	10	6235	2147483647
1248	4	8	20	6240	2147483647
1249	0	12	10	6245	2147483647
1250	4	14	20	6250	2147483647
1251	4	14	30	6255	2147483647
1252	4	14	10	6260	2147483647
1253	0	12	20	6265	2147483647
1254	4	14	30	6270	2147483647
1255	4	14	30	6275	2147483647
1256	4	14	10	6280	2147483647
1257	3	1	20	6285	2147483647
1258	4	14	10	6290	2147483647
1259	4	14	20	6295	2147483647
1260	4	14	20	6300	2147483647
1261	4	14	10	6305	2147483647
1262	4	8	20	6310	2147483647
1263	4	14	10	6315	2147483647
1264	4	8	30	6320	2147483647
1265	4	14	30	6325	2147483647
1266	3	1	10	6330	2147483647
1267	4	14	20	6335	2147483647
1268	0	12	10	6340	2147483647
1269	4	14	40	6345	2147483647
1270	4	14	20	6350	2147483647
1271	4	14	30	6355	2147483647
1272	3	1	40	6360	2147483647
1273	3	1	10	6365	2147483647
1274	3	1	40	6370	2147483647
1275	3	1	20	6375	2147483647
1276	4	8	20	6380	2147483647
1277	4	8	20	6385	2147483647
1278	3	1	20	6390	2147483647
1279	3	1	40	6395	2147483647
1280	4	14	20	6400	2147483647
1281	4	14	10	6405	2147483647
1282	0	12	20	6410	2147483647
1283	4	14	10	6415	2147483647
1284	4	14	40	6420	2147483647
1285	4	14	40	6425	2147483647
1286	4	8	10	6430	2147483647
1287	3	1	30	6435	2147483647
1288	4	14	10	6440	2147483647
1289	4	14	20	6445	2147483647
1290	4	14	40	6450	2147483647
1291	3	1	40	6455	2147483647
1292	4	14	40	6460	2147483647
1293	4	14	10	6465	2147483647
1294	3	1	10	6470	2147483647
1295	0	12	40	6475	2147483647
1296	3	1	20	6480	2147483647
1297	4	8	10	6485	2147483647
1298	3	1	20	6490	2147483647
1299	4	14	30	6495	2147483647
1300	0	12	20	6500	2147483647
1301	0	12	30	6505	2147483647
1302	3	1	40	6510	2147483647
1303	4	8	20	6515	2147483647
1304	4	8	30	6520	2147483647
1305	4	14	30	6525	2147483647
1306	3	1	40	6530	2147483647
1307	3	1	40	6535	2147483647
1308	3	1	20	6540	2147483647
1309	3	1	10	6545	2147483647
1310	3	1	10	6550	2147483647
1311	4	14	40	6555	2147483647
1312	4	14	40	6560	2147483647
1313	3	1	20	6565	2147483647
1314	4	14	40	6570	2147483647
1315	0	12	10	6575	2147483647
1316	4	14	30	6580	2147483647
1317	4	8	10	6585	2147483647
1318	4	14	20	6590	2147483647
1319	3	1	40	6595	2147483647
1320	4	14	30	6600	2147483647
1321	4	14	30	6605	2147483647
1322	4	8	10	6610	2147483647
1323	0	12	40	6615	2147483647
1324	3	1	10	6620	2147483647
1325	3	1	20	6625	2147483647
1326	4	8	40	6630	2147483647
1327	3	1	30	6635	2147483647
1328	4	8	10	6640	2147483647
1329	3	1	40	6645	2147483647
1330	4	14	40	6650	2147483647
1331	4	14	20	6655	2147483647
1332	4	14	40	6660	2147483647
1333	4	14	40	6665	2147483647
1334	4	8	20	6670	2147483647
1335	4	14	40	6675	2147483647
1336	4	8	20	6680	2147483647
1337	4	14	10	6685	2147483647
1338	4	14	20	6690	2147483647
1339	4	14	20	6695	2147483647
1340	4	8	10	6700	2147483647
1341	4	14	10	6705	2147483647
1342	4	14	10	6710	2147483647
1343	0	12	10	6715	2147483647
1344	3	1	20	6720	2147483647
1345	4	14	40	6725	2147483647
1346	3	1	10	6730	2147483647
1347	3	1	20	6735	2147483647
1348	0	12	20	6740	2147483647
1349	3	1	40	6745	2147483647
1350	3	1	10	6750	2147483647
1351	3	1	20	6755	2147483647
1352	3	1	40	6760	2147483647
1353	4	14	30	6765	2147483647
1354	0	12	10	6770	2147483647
1355	0	12	40	6775	2147483647
1356	4	14	20	6780	2147483647
1357	3	1	40	6785	2147483647
1358	4	14	10	6790	2147483647
1359	3	1	10	6795	2147483647
1360	4	14	40	6800	2147483647
1361	4	14	10	6805	2147483647
1362	4	8	40	6810	2147483647
1363	4	14	30	6815	2147483647
1364	4	14	10	6820	2147483647
1365	3	1	30	6825	2147483647
1366	4	14	10	6830	2147483647
1367	0	12	40	6835	2147483647
1368	0	12	40	6840	2147483647
1369	4	14	10	6845	2147483647
1370	4	14	40	6850	2147483647
1371	4	14	30	6855	2147483647
1372	4	8	30	6860	2147483647
1373	4	14	10	6865	2147483647
1374	4	8	30	6870	2147483647
1375	4	14	30	6875	2147483647
1376	0	12	20	6880	2147483647
1377	4	8	10	6885	2147483647
1378	4	14	30	6890	2147483647
1379	3	1	10	6895	2147483647
1380	4	14	20	6900	2147483647
1381	4	14	20	6905	2147483647
1382	4	8	20	6910	2147483647
1383	4	14	20	6915	2147483647
1384	4	8	40	6920	2147483647
1385	3	1	30	6925	2147483647
1386	3	1	30	6930	2147483647
1387	0	12	20	6935	2147483647
1388	4	14	40	6940	2147483647
1389	4	8	30	6945	2147483647
1390	0	12	30	6950	2147483647
1391	4	14	20	6955	2147483647
1392	0	12	40	6960	2147483647
1393	3	1	10	6965	2147483647
1394	4	8	20	6970	2147483647
1395	3	1	40	6975	2147483647
1396	4	14	10	6980	2147483647
1397	4	8	30	6985	2147483647
1398	3	1	40	6990	2147483647
1399	4	14	30	6995	2147483647
1400	4	8	40	7000	2147483647
1401	3	1	10	7005	2147483647
1402	3	1	30	7010	2147483647
1403	4	8	10	7015	2147483647
1404	4	14	40	7020	2147483647
1405	4	14	30	7025	2147483647
1406	4	8	30	7030	2147483647
1407	4	14	40	7035	2147483647
1408	4	14	40	7040	2147483647
1409	4	8	20	7045	2147483647
1410	0	12	20	7050	2147483647
1411	3	1	10	7055	2147483647
1412	4	14	20	7060	2147483647
1413	3	1	40	7065	2147483647
1414	4	14	40	7070	2147483647
1415	4	8	20	7075	2147483647
1416	4	14	40	7080	2147483647
1417	3	1	30	7085	2147483647
1418	4	14	30	7090	2147483647
1419	4	8	20	7095	2147483647
1420	0	12	10	7100	2147483647
1421	4	14	30	7105	2147483647
1422	4	8	10	7110	2147483647
1423	4	14	10	7115	2147483647
1424	4	14	30	7120	2147483647
1425	4	14	30	7125	2147483647
1426	4	14	30	7130	2147483647
1427	4	14	30	7135	2147483647
1428	3	1	30	7140	2147483647
1429	4	14	40	7145	2147483647
1430	4	14	20	7150	2147483647
1431	4	14	30	7155	2147483647
1432	4	14	20	7160	2147483647
1433	4	14	40	7165	2147483647
1434	3	1	20	7170	2147483647
1435	3	1	20	7175	2147483647
1436	4	8	40	7180	2147483647
1437	4	8	10	7185	2147483647
1438	4	8	20	7190	2147483647
1439	3	1	20	7195	2147483647
1440	3	1	10	7200	2147483647
1441	4	14	30	7205	2147483647
1442	3	1	20	7210	2147483647
1443	3	1	20	7215	2147483647
1444	4	8	10	7220	2147483647
1445	3	1	20	7225	2147483647
1446	4	14	40	7230	2147483647
1447	3	1	10	7235	2147483647
1448	4	14	20	7240	2147483647
1449	4	8	10	7245	2147483647
1450	4	14	40	7250	2147483647
1451	3	1	30	7255	2147483647
1452	3	1	40	7260	2147483647
1453	4	8	20	7265	2147483647
1454	4	14	20	7270	2147483647
1455	3	1	10	7275	2147483647
1456	4	8	40	7280	2147483647
1457	4	14	20	7285	2147483647
1458	4	8	20	7290	2147483647
1459	4	14	20	7295	2147483647
1460	4	14	40	7300	2147483647
1461	4	8	10	7305	2147483647
1462	0	12	20	7310	2147483647
1463	4	14	10	7315	2147483647
1464	3	1	10	7320	2147483647
1465	4	8	30	7325	2147483647
1466	4	14	30	7330	2147483647
1467	4	8	20	7335	2147483647
1468	4	8	30	7340	2147483647
1469	4	8	20	7345	2147483647
1470	4	14	20	7350	2147483647
1471	3	1	40	7355	2147483647
1472	4	8	10	7360	2147483647
1473	4	8	20	7365	2147483647
1474	4	14	20	7370	2147483647
1475	4	8	30	7375	2147483647
1476	3	1	20	7380	2147483647
1477	4	14	30	7385	2147483647
1478	4	14	40	7390	2147483647
1479	3	1	10	7395	2147483647
1480	0	12	30	7400	2147483647
1481	4	8	30	7405	2147483647
1482	4	8	10	7410	2147483647
1483	3	1	20	7415	2147483647
1484	4	8	40	7420	2147483647
1485	3	1	40	7425	2147483647
1486	3	1	40	7430	2147483647
1487	3	1	10	7435	2147483647
1488	4	14	30	7440	2147483647
1489	4	14	10	7445	2147483647
1490	4	8	20	7450	2147483647
1491	4	14	20	7455	2147483647
1492	4	14	40	7460	2147483647
1493	3	1	10	7465	2147483647
1494	4	14	20	7470	2147483647
1495	4	8	10	7475	2147483647
1496	4	14	20	7480	2147483647
1497	3	1	20	7485	2147483647
1498	4	8	10	7490	2147483647
1499	0	12	30	7495	2147483647
1500	4	14	40	7500	2147483647
1501	4	14	30	7505	2147483647
1502	3	1	20	7510	2147483647
1503	3	1	40	7515	2147483647
1504	4	8	30	7520	2147483647
1505	4	8	10	7525	2147483647
1506	4	8	20	7530	2147483647
1507	4	8	30	7535	2147483647
1508	3	1	10	7540	2147483647
1509	4	14	40	7545	2147483647
1510	4	14	40	7550	2147483647
1511	3	1	20	7555	2147483647
1512	4	14	30	7560	2147483647
1513	4	14	10	7565	2147483647
1514	3	1	30	7570	2147483647
1515	4	14	10	7575	2147483647
1516	4	14	40	7580	2147483647
1517	4	14	40	7585	2147483647
1518	3	1	20	7590	2147483647
1519	4	14	20	7595	2147483647
1520	4	14	40	7600	2147483647
1521	3	1	30	7605	2147483647
1522	4	8	40	7610	2147483647
1523	4	8	20	7615	2147483647
1524	4	8	10	7620	2147483647
1525	4	8	40	7625	2147483647
1526	3	1	10	7630	2147483647
1527	3	1	40	7635	2147483647
1528	3	1	40	7640	2147483647
1529	3	1	20	7645	2147483647
1530	3	1	10	7650	2147483647
1531	4	14	40	7655	2147483647
1532	3	1	20	7660	2147483647
1533	3	1	20	7665	2147483647
1534	4	14	20	7670	2147483647
1535	4	8	10	7675	2147483647
1536	4	14	20	7680	2147483647
1537	4	14	10	7685	2147483647
1538	4	8	30	7690	2147483647
1539	4	8	30	7695	2147483647
1540	4	8	20	7700	2147483647
1541	4	8	20	7705	2147483647
1542	4	14	40	7710	2147483647
1543	4	8	40	7715	2147483647
1544	0	12	10	7720	2147483647
1545	3	1	10	7725	2147483647
1546	4	14	40	7730	2147483647
1547	4	8	30	7735	2147483647
1548	4	14	30	7740	2147483647
1549	0	12	20	7745	2147483647
1550	4	8	10	7750	2147483647
1551	0	12	20	7755	2147483647
1552	4	14	40	7760	2147483647
1553	3	1	40	7765	2147483647
1554	3	1	30	7770	2147483647
1555	3	1	10	7775	2147483647
1556	3	1	30	7780	2147483647
1557	3	1	40	7785	2147483647
1558	4	8	40	7790	2147483647
1559	0	12	40	7795	2147483647
1560	3	1	10	7800	2147483647
1561	4	14	20	7805	2147483647
1562	4	14	30	7810	2147483647
1563	4	14	40	7815	2147483647
1564	0	12	30	7820	2147483647
1565	4	8	40	7825	2147483647
1566	4	14	40	7830	2147483647
1567	3	1	10	7835	2147483647
1568	0	12	30	7840	2147483647
1569	3	1	30	7845	2147483647
1570	4	14	40	7850	2147483647
1571	4	14	30	7855	2147483647
1572	3	1	20	7860	2147483647
1573	3	1	30	7865	2147483647
1574	3	1	10	7870	2147483647
1575	3	1	30	7875	2147483647
1576	3	1	30	7880	2147483647
1577	0	12	40	7885	2147483647
1578	4	8	10	7890	2147483647
1579	4	14	10	7895	2147483647
1580	3	1	40	7900	2147483647
1581	3	1	20	7905	2147483647
1582	4	14	20	7910	2147483647
1583	3	1	30	7915	2147483647
1584	3	1	10	7920	2147483647
1585	3	1	30	7925	2147483647
1586	4	14	10	7930	2147483647
1587	4	8	30	7935	2147483647
1588	4	8	40	7940	2147483647
1589	3	1	20	7945	2147483647
1590	4	14	20	7950	2147483647
1591	3	1	20	7955	2147483647
1592	4	14	20	7960	2147483647
1593	4	8	40	7965	2147483647
1594	3	1	30	7970	2147483647
1595	3	1	40	7975	2147483647
1596	3	1	30	7980	2147483647
1597	0	12	10	7985	2147483647
1598	4	8	10	7990	2147483647
1599	4	14	20	7995	2147483647
1600	4	14	10	8000	2147483647
1601	4	8	40	8005	2147483647
1602	0	12	40	8010	2147483647
1603	4	14	40	8015	2147483647
1604	4	8	20	8020	2147483647
1605	3	1	20	8025	2147483647
1606	4	14	10	8030	2147483647
1607	3	1	20	8035	2147483647
1608	4	14	40	8040	2147483647
1609	4	14	40	8045	2147483647
1610	0	12	20	8050	2147483647
1611	3	1	40	8055	2147483647
1612	4	8	30	8060	2147483647
1613	3	1	40	8065	2147483647
1614	3	1	40	8070	2147483647
1615	0	12	30	8075	2147483647
1616	0	12	10	8080	2147483647
1617	3	1	40	8085	2147483647
1618	4	14	30	8090	2147483647
1619	4	14	40	8095	2147483647
1620	4	8	40	8100	2147483647
1621	4	14	20	8105	2147483647
1622	4	8	10	8110	2147483647
1623	4	14	20	8115	2147483647
1624	3	1	10	8120	2147483647
1625	3	1	30	8125	2147483647
1626	4	8	10	8130	2147483647
1627	4	8	20	8135	2147483647
1628	4	14	10	8140	2147483647
1629	4	14	10	8145	2147483647
1630	4	8	40	8150	2147483647
1631	4	8	20	8155	2147483647
1632	4	14	40	8160	2147483647
1633	4	8	40	8165	2147483647
1634	4	14	40	8170	2147483647
1635	3	1	10	8175	2147483647
1636	3	1	30	8180	2147483647
1637	0	12	20	8185	2147483647
1638	4	8	10	8190	2147483647
1639	4	14	30	8195	2147483647
1640	4	14	20	8200	2147483647
1641	4	8	40	8205	2147483647
1642	3	1	40	8210	2147483647
1643	3	1	10	8215	2147483647
1644	3	1	40	8220	2147483647
1645	4	8	30	8225	2147483647
1646	4	8	30	8230	2147483647
1647	4	8	30	8235	2147483647
1648	4	14	10	8240	2147483647
1649	3	1	40	8245	2147483647
1650	3	1	40	8250	2147483647
1651	4	14	40	8255	2147483647
1652	3	1	30	8260	2147483647
1653	3	1	10	8265	2147483647
1654	4	14	20	8270	2147483647
1655	4	14	40	8275	2147483647
1656	4	8	30	8280	2147483647
1657	3	1	30	8285	2147483647
1658	0	12	40	8290	2147483647
1659	4	14	40	8295	2147483647
1660	0	12	10	8300	2147483647
1661	3	1	30	8305	2147483647
1662	4	14	10	8310	2147483647
1663	4	14	30	8315	2147483647
1664	4	14	40	8320	2147483647
1665	4	14	40	8325	2147483647
1666	4	14	40	8330	2147483647
1667	4	14	40	8335	2147483647
1668	4	14	40	8340	2147483647
1669	4	8	30	8345	2147483647
1670	4	14	10	8350	2147483647
1671	0	12	30	8355	2147483647
1672	4	8	30	8360	2147483647
1673	4	14	40	8365	2147483647
1674	4	14	30	8370	2147483647
1675	4	14	10	8375	2147483647
1676	3	1	20	8380	2147483647
1677	4	14	10	8385	2147483647
1678	3	1	20	8390	2147483647
1679	4	8	30	8395	2147483647
1680	3	1	10	8400	2147483647
1681	0	12	30	8405	2147483647
1682	3	1	20	8410	2147483647
1683	3	1	20	8415	2147483647
1684	3	1	20	8420	2147483647
1685	3	1	10	8425	2147483647
1686	4	14	40	8430	2147483647
1687	3	1	30	8435	2147483647
1688	3	1	30	8440	2147483647
1689	0	12	40	8445	2147483647
1690	4	8	20	8450	2147483647
1691	4	8	40	8455	2147483647
1692	4	14	30	8460	2147483647
1693	4	14	20	8465	2147483647
1694	4	14	30	8470	2147483647
1695	3	1	30	8475	2147483647
1696	3	1	30	8480	2147483647
1697	3	1	10	8485	2147483647
1698	4	14	10	8490	2147483647
1699	4	14	10	8495	2147483647
1700	4	14	30	8500	2147483647
1701	4	8	30	8505	2147483647
1702	3	1	30	8510	2147483647
1703	4	14	20	8515	2147483647
1704	4	14	30	8520	2147483647
1705	3	1	10	8525	2147483647
1706	3	1	10	8530	2147483647
1707	4	14	40	8535	2147483647
1708	3	1	30	8540	2147483647
1709	4	14	20	8545	2147483647
1710	3	1	30	8550	2147483647
1711	3	1	20	8555	2147483647
1712	4	14	10	8560	2147483647
1713	4	14	10	8565	2147483647
1714	3	1	40	8570	2147483647
1715	0	12	30	8575	2147483647
1716	4	14	20	8580	2147483647
1717	3	1	40	8585	2147483647
1718	3	1	10	8590	2147483647
1719	4	8	30	8595	2147483647
1720	4	14	10	8600	2147483647
1721	4	8	20	8605	2147483647
1722	3	1	10	8610	2147483647
1723	3	1	10	8615	2147483647
1724	4	14	10	8620	2147483647
1725	3	1	10	8625	2147483647
1726	0	12	40	8630	2147483647
1727	4	14	20	8635	2147483647
1728	4	14	20	8640	2147483647
1729	3	1	40	8645	2147483647
1730	3	1	20	8650	2147483647
1731	0	12	20	8655	2147483647
1732	0	12	40	8660	2147483647
1733	4	14	20	8665	2147483647
1734	4	14	40	8670	2147483647
1735	0	12	20	8675	2147483647
1736	3	1	40	8680	2147483647
1737	4	14	40	8685	2147483647
1738	3	1	30	8690	2147483647
1739	4	14	10	8695	2147483647
1740	4	14	10	8700	2147483647
1741	4	14	10	8705	2147483647
1742	4	14	10	8710	2147483647
1743	4	14	20	8715	2147483647
1744	4	14	20	8720	2147483647
1745	4	14	10	8725	2147483647
1746	4	8	40	8730	2147483647
1747	0	12	20	8735	2147483647
1748	4	8	20	8740	2147483647
1749	4	14	40	8745	2147483647
1750	3	1	20	8750	2147483647
1751	4	8	40	8755	2147483647
1752	4	14	40	8760	2147483647
1753	3	1	30	8765	2147483647
1754	4	14	40	8770	2147483647
1755	3	1	20	8775	2147483647
1756	4	14	30	8780	2147483647
1757	4	14	30	8785	2147483647
1758	4	14	20	8790	2147483647
1759	3	1	20	8795	2147483647
1760	3	1	10	8800	2147483647
1761	4	14	30	8805	2147483647
1762	4	8	20	8810	2147483647
1763	4	14	40	8815	2147483647
1764	3	1	40	8820	2147483647
1765	3	1	10	8825	2147483647
1766	3	1	30	8830	2147483647
1767	4	8	40	8835	2147483647
1768	4	8	10	8840	2147483647
1769	4	8	30	8845	2147483647
1770	3	1	40	8850	2147483647
1771	0	12	20	8855	2147483647
1772	4	14	10	8860	2147483647
1773	4	14	40	8865	2147483647
1774	3	1	30	8870	2147483647
1775	4	14	10	8875	2147483647
1776	3	1	20	8880	2147483647
1777	3	1	40	8885	2147483647
1778	4	14	40	8890	2147483647
1779	4	14	10	8895	2147483647
1780	3	1	20	8900	2147483647
1781	4	14	30	8905	2147483647
1782	3	1	10	8910	2147483647
1783	4	14	20	8915	2147483647
1784	4	8	20	8920	2147483647
1785	4	8	30	8925	2147483647
1786	4	8	20	8930	2147483647
1787	3	1	20	8935	2147483647
1788	4	14	20	8940	2147483647
1789	4	8	30	8945	2147483647
1790	4	8	40	8950	2147483647
1791	3	1	20	8955	2147483647
1792	0	12	30	8960	2147483647
1793	0	12	10	8965	2147483647
1794	3	1	10	8970	2147483647
1795	4	14	20	8975	2147483647
1796	4	14	30	8980	2147483647
1797	4	14	10	8985	2147483647
1798	3	1	20	8990	2147483647
1799	4	8	10	8995	2147483647
1800	3	1	20	9000	2147483647
1801	4	14	40	9005	2147483647
1802	4	14	10	9010	2147483647
1803	0	12	40	9015	2147483647
1804	3	1	10	9020	2147483647
1805	4	8	10	9025	2147483647
1806	4	8	30	9030	2147483647
1807	0	12	10	9035	2147483647
1808	4	14	40	9040	2147483647
1809	4	14	40	9045	2147483647
1810	4	14	10	9050	2147483647
1811	3	1	30	9055	2147483647
1812	0	12	30	9060	2147483647
1813	4	14	10	9065	2147483647
1814	4	14	10	9070	2147483647
1815	3	1	30	9075	2147483647
1816	3	1	30	9080	2147483647
1817	4	8	10	9085	2147483647
1818	4	14	20	9090	2147483647
1819	4	8	20	9095	2147483647
1820	4	8	40	9100	2147483647
1821	4	14	10	9105	2147483647
1822	4	8	20	9110	2147483647
1823	4	14	30	9115	2147483647
1824	4	8	40	9120	2147483647
1825	4	14	20	9125	2147483647
1826	0	12	30	9130	2147483647
1827	4	14	40	9135	2147483647
1828	3	1	40	9140	2147483647
1829	3	1	10	9145	2147483647
1830	4	8	20	9150	2147483647
1831	3	1	10	9155	2147483647
1832	4	14	30	9160	2147483647
1833	4	14	40	9165	2147483647
1834	3	1	30	9170	2147483647
1835	3	1	20	9175	2147483647
1836	0	12	20	9180	2147483647
1837	3	1	20	9185	2147483647
1838	3	1	10	9190	2147483647
1839	4	14	20	9195	2147483647
1840	4	14	40	9200	2147483647
1841	4	8	20	9205	2147483647
1842	3	1	20	9210	2147483647
1843	4	8	30	9215	2147483647
1844	4	8	30	9220	2147483647
1845	4	14	10	9225	2147483647
1846	3	1	30	9230	2147483647
1847	4	8	30	9235	2147483647
1848	0	12	10	9240	2147483647
1849	4	14	20	9245	2147483647
1850	3	1	40	9250	2147483647
1851	3	1	20	9255	2147483647
1852	0	12	30	9260	2147483647
1853	3	1	10	9265	2147483647
1854	4	14	10	9270	2147483647
1855	4	14	20	9275	2147483647
1856	3	1	30	9280	2147483647
1857	4	14	30	9285	2147483647
1858	4	14	40	9290	2147483647
1859	3	1	40	9295	2147483647
1860	4	8	20	9300	2147483647
1861	4	8	30	9305	2147483647
1862	4	14	10	9310	2147483647
1863	3	1	40	9315	2147483647
1864	3	1	30	9320	2147483647
1865	3	1	40	9325	2147483647
1866	3	1	10	9330	2147483647
1867	4	8	40	9335	2147483647
1868	3	1	20	9340	2147483647
1869	3	1	30	9345	2147483647
1870	3	1	20	9350	2147483647
1871	4	8	20	9355	2147483647
1872	4	14	40	9360	2147483647
1873	4	14	10	9365	2147483647
1874	4	8	20	9370	2147483647
1875	4	8	30	9375	2147483647
1876	4	8	30	9380	2147483647
1877	0	12	40	9385	2147483647
1878	4	14	10	9390	2147483647
1879	3	1	30	9395	2147483647
1880	3	1	30	9400	2147483647
1881	4	14	10	9405	2147483647
1882	4	14	40	9410	2147483647
1883	3	1	30	9415	2147483647
1884	4	8	10	9420	2147483647
1885	4	14	40	9425	2147483647
1886	3	1	20	9430	2147483647
1887	3	1	20	9435	2147483647
1888	4	14	30	9440	2147483647
1889	3	1	20	9445	2147483647
1890	4	14	40	9450	2147483647
1891	0	12	40	9455	2147483647
1892	3	1	20	9460	2147483647
1893	4	14	20	9465	2147483647
1894	4	14	40	9470	2147483647
1895	4	14	10	9475	2147483647
1896	3	1	10	9480	2147483647
1897	4	8	30	9485	2147483647
1898	4	14	10	9490	2147483647
1899	4	14	30	9495	2147483647
1900	4	8	10	9500	2147483647
1901	4	8	40	9505	2147483647
1902	4	14	10	9510	2147483647
1903	4	14	30	9515	2147483647
1904	3	1	10	9520	2147483647
1905	4	8	30	9525	2147483647
1906	4	14	30	9530	2147483647
1907	4	8	30	9535	2147483647
1908	4	8	40	9540	2147483647
1909	4	14	20	9545	2147483647
1910	4	14	30	9550	2147483647
1911	3	1	30	9555	2147483647
1912	3	1	20	9560	2147483647
1913	3	1	20	9565	2147483647
1914	4	8	10	9570	2147483647
1915	3	1	20	9575	2147483647
1916	3	1	40	9580	2147483647
1917	4	8	20	9585	2147483647
1918	3	1	30	9590	2147483647
1919	4	14	30	9595	2147483647
1920	4	14	20	9600	2147483647
1921	4	14	30	9605	2147483647
1922	3	1	10	9610	2147483647
1923	4	14	10	9615	2147483647
1924	3	1	40	9620	2147483647
1925	3	1	30	9625	2147483647
1926	4	14	10	9630	2147483647
1927	0	12	30	9635	2147483647
1928	4	8	10	9640	2147483647
1929	3	1	10	9645	2147483647
1930	4	14	30	9650	2147483647
1931	0	12	10	9655	2147483647
1932	3	1	40	9660	2147483647
1933	4	14	20	9665	2147483647
1934	0	12	20	9670	2147483647
1935	0	12	30	9675	2147483647
1936	4	14	40	9680	2147483647
1937	4	8	10	9685	2147483647
1938	0	12	30	9690	2147483647
1939	4	14	30	9695	2147483647
1940	0	12	20	9700	2147483647
1941	3	1	40	9705	2147483647
1942	4	8	30	9710	2147483647
1943	4	8	20	9715	2147483647
1944	4	14	30	9720	2147483647
1945	3	1	10	9725	2147483647
1946	4	14	20	9730	2147483647
1947	4	14	40	9735	2147483647
1948	4	14	20	9740	2147483647
1949	4	8	30	9745	2147483647
1950	3	1	20	9750	2147483647
1951	4	8	30	9755	2147483647
1952	4	14	10	9760	2147483647
1953	4	14	20	9765	2147483647
1954	0	12	10	9770	2147483647
1955	4	8	20	9775	2147483647
1956	4	14	40	9780	2147483647
1957	0	12	10	9785	2147483647
1958	4	8	40	9790	2147483647
1959	4	8	30	9795	2147483647
1960	4	14	30	9800	2147483647
1961	3	1	10	9805	2147483647
1962	4	14	20	9810	2147483647
1963	4	14	30	9815	2147483647
1964	4	14	40	9820	2147483647
1965	4	14	30	9825	2147483647
1966	4	8	40	9830	2147483647
1967	3	1	10	9835	2147483647
1968	3	1	40	9840	2147483647
1969	4	8	20	9845	2147483647
1970	4	14	30	9850	2147483647
1971	0	12	30	9855	2147483647
1972	4	8	40	9860	2147483647
1973	3	1	10	9865	2147483647
1974	4	14	10	9870	2147483647
1975	3	1	30	9875	2147483647
1976	4	14	10	9880	2147483647
1977	4	8	30	9885	2147483647
1978	4	14	20	9890	2147483647
1979	4	8	30	9895	2147483647
1980	3	1	10	9900	2147483647
1981	4	14	10	9905	2147483647
1982	3	1	20	9910	2147483647
1983	4	8	20	9915	2147483647
1984	4	8	40	9920	2147483647
1985	3	1	40	9925	2147483647
1986	4	8	10	9930	2147483647
1987	4	14	20	9935	2147483647
1988	4	14	20	9940	2147483647
1989	4	14	10	9945	2147483647
1990	4	8	30	9950	2147483647
1991	4	14	30	9955	2147483647
1992	4	8	20	9960	2147483647
1993	4	14	10	9965	2147483647
1994	4	8	40	9970	2147483647
1995	3	1	20	9975	2147483647
1996	3	1	30	9980	2147483647
1997	3	1	10	9985	2147483647
1998	4	8	20	9990	2147483647
1999	4	8	10	9995	2147483647
