0	4	14	30	0	2147483647
1	4	8	40	5	2147483647
2	0	12	40	10	2147483647
3	3	1	30	15	2147483647
4	4	14	20	20	2147483647
5	4	14	20	25	2147483647
6	0	12	20	30	2147483647
7	4	14	10	35	2147483647
8	4	14	40	40	2147483647
9	0	12	10	45	2147483647
10	4	14	30	50	2147483647
11	4	8	30	55	2147483647
12	0	12	10	60	2147483647
13	0	12	30	65	2147483647
14	4	14	20	70	2147483647
15	3	1	40	75	2147483647
16	4	14	20	80	2147483647
17	4	14	20	85	2147483647
18	4	14	10	90	2147483647
19	4	8	10	95	2147483647
20	4	8	20	100	2147483647
21	4	14	40	105	2147483647
22	4	14	40	110	2147483647
23	4	14	30	115	2147483647
24	4	8	10	120	2147483647
25	4	14	30	125	2147483647
26	3	1	40	130	2147483647
27	0	12	20	135	2147483647
28	4	14	20	140	2147483647
29	4	14	30	145	2147483647
30	4	14	30	150	2147483647
31	4	8	20	155	2147483647
32	0	12	40	160	2147483647
33	3	1	20	165	2147483647
34	3	1	10	170	2147483647
35	3	1	20	175	2147483647
36	4	14	20	180	2147483647
37	4	14	30	185	2147483647
38	4	8	20	190	2147483647
39	4	8	10	195	2147483647
40	4	8	30	200	2147483647
41	4	8	40	205	2147483647
42	4	14	20	210	2147483647
43	0	12	10	215	2147483647
44	4	8	20	220	2147483647
45	0	12	40	225	2147483647
46	4	14	40	230	2147483647
47	4	8	40	235	2147483647
48	4	14	20	240	2147483647
49	4	14	20	245	2147483647
50	4	8	10	250	2147483647
51	3	1	30	255	2147483647
52	3	1	10	260	2147483647
53	4	8	40	265	2147483647
54	4	8	30	270	2147483647
55	0	12	30	275	2147483647
56	3	1	10	280	2147483647
57	4	8	10	285	2147483647
58	4	8	20	290	2147483647
59	4	8	30	295	2147483647
60	4	8	20	300	2147483647
61	0	12	10	305	2147483647
62	4	8	40	310	2147483647
63	4	14	20	315	2147483647
64	0	12	30	320	2147483647
65	3	1	10	325	2147483647
66	0	12	30	330	2147483647
67	3	1	40	335	2147483647
68	4	14	30	340	2147483647
69	0	12	40	345	2147483647
70	4	14	20	350	2147483647
71	4	8	30	355	2147483647
72	3	1	10	360	2147483647
73	4	14	10	365	2147483647
74	4	14	20	370	2147483647
75	4	14	30	375	2147483647
76	0	12	20	380	2147483647
77	4	14	40	385	2147483647
78	3	1	20	390	2147483647
79	0	12	10	395	2147483647
80	4	14	30	400	2147483647
81	4	8	10	405	2147483647
82	4	8	40	410	2147483647
83	4	14	40	415	2147483647
84	3	1	20	420	2147483647
85	3	1	40	425	2147483647
86	4	14	20	430	2147483647
87	4	14	10	435	2147483647
88	4	8	30	440	2147483647
89	4	8	20	445	2147483647
90	0	12	20	450	2147483647
91	3	1	20	455	2147483647
92	4	8	20	460	2147483647
93	4	14	30	465	2147483647
94	4	14	30	470	2147483647
95	4	8	30	475	2147483647
96	0	12	40	480	2147483647
97	4	14	10	485	2147483647
98	0	12	20	490	2147483647
99	4	14	10	495	2147483647
100	0	12	20	500	2147483647
101	4	8	10	505	2147483647
102	4	14	20	510	2147483647
103	3	1	30	515	2147483647
104	4	8	40	520	2147483647
105	0	12	20	525	2147483647
106	4	14	20	530	2147483647
107	4	14	10	535	2147483647
108	4	8	30	540	2147483647
109	3	1	10	545	2147483647
110	0	12	20	550	2147483647
111	4	14	20	555	2147483647
112	4	14	40	560	2147483647
113	0	12	10	565	2147483647
114	3	1	10	570	2147483647
115	0	12	20	575	2147483647
116	4	14	20	580	2147483647
117	3	1	40	585	2147483647
118	4	8	40	590	2147483647
119	4	14	30	595	2147483647
120	4	14	40	600	2147483647
121	4	8	20	605	2147483647
122	4	8	10	610	2147483647
123	3	1	10	615	2147483647
124	0	12	20	620	2147483647
125	0	12	10	625	2147483647
126	4	14	20	630	2147483647
127	4	14	20	635	2147483647
128	4	14	20	640	2147483647
129	4	14	40	645	2147483647
130	4	14	30	650	2147483647
131	4	8	10	655	2147483647
132	3	1	20	660	2147483647
133	4	14	10	665	2147483647
134	0	12	40	670	2147483647
135	4	14	30	675	2147483647
136	3	1	40	680	2147483647
137	4	14	10	685	2147483647
138	3	1	40	690	2147483647
139	3	1	40	695	2147483647
140	3	1	20	700	2147483647
141	4	14	20	705	2147483647
142	3	1	20	710	2147483647
143	4	14	30	715	2147483647
144	4	8	10	720	2147483647
145	4	8	10	725	2147483647
146	3	1	30	730	2147483647
147	4	8	10	735	2147483647
148	3	1	30	740	2147483647
149	4	14	10	745	2147483647
150	4	14	10	750	2147483647
151	3	1	10	755	2147483647
152	3	1	10	760	2147483647
153	3	1	40	765	2147483647
154	0	12	20	770	2147483647
155	4	14	40	775	2147483647
156	4	14	40	780	2147483647
157	4	8	10	785	2147483647
158	3	1	20	790	2147483647
159	0	12	40	795	2147483647
160	0	12	10	800	2147483647
161	4	8	10	805	2147483647
162	4	8	30	810	2147483647
163	4	14	40	815	2147483647
164	4	14	20	820	2147483647
165	4	14	10	825	2147483647
166	4	8	40	830	2147483647
167	4	8	30	835	2147483647
168	4	14	20	840	2147483647
169	4	14	20	845	2147483647
170	3	1	30	850	2147483647
171	4	14	20	855	2147483647
172	0	12	40	860	2147483647
173	4	14	10	865	2147483647
174	0	12	10	870	2147483647
175	4	14	30	875	2147483647
176	4	14	10	880	2147483647
177	3	1	30	885	2147483647
178	4	8	10	890	2147483647
179	4	14	10	895	2147483647
180	3	1	30	900	2147483647
181	3	1	20	905	2147483647
182	0	12	40	910	2147483647
183	4	14	20	915	2147483647
184	4	14	30	920	2147483647
185	4	8	30	925	2147483647
186	4	14	10	930	2147483647
187	0	12	20	935	2147483647
188	3	1	30	940	2147483647
189	4	8	10	945	2147483647
190	4	14	30	950	2147483647
191	4	8	30	955	2147483647
192	3	1	30	960	2147483647
193	3	1	10	965	2147483647
194	3	1	40	970	2147483647
195	0	12	20	975	2147483647
196	4	14	30	980	2147483647
197	4	14	20	985	2147483647
198	0	12	20	990	2147483647
199	3	1	40	995	2147483647
200	0	12	20	1000	2147483647
201	4	8	40	1005	2147483647
202	4	8	40	1010	2147483647
203	4	14	10	1015	2147483647
204	3	1	30	1020	2147483647
205	4	14	40	1025	2147483647
206	3	1	10	1030	2147483647
207	4	14	10	1035	2147483647
208	4	8	40	1040	2147483647
209	4	8	40	1045	2147483647
210	4	14	30	1050	2147483647
211	4	8	20	1055	2147483647
212	0	12	40	1060	2147483647
213	3	1	20	1065	2147483647
214	3	1	20	1070	2147483647
215	3	1	40	1075	2147483647
216	4	8	10	1080	2147483647
217	4	14	20	1085	2147483647
218	4	14	10	1090	2147483647
219	4	8	40	1095	2147483647
220	4	14	10	1100	2147483647
221	0	12	30	1105	2147483647
222	4	14	40	1110	2147483647
223	4	14	10	1115	2147483647
224	4	14	30	1120	2147483647
225	0	12	10	1125	2147483647
226	4	8	30	1130	2147483647
227	3	1	40	1135	2147483647
228	4	8	10	1140	2147483647
229	0	12	30	1145	2147483647
230	0	12	40	1150	2147483647
231	4	14	30	1155	2147483647
232	4	8	20	1160	2147483647
233	4	14	10	1165	2147483647
234	4	14	40	1170	2147483647
235	4	8	30	1175	2147483647
236	4	8	20	1180	2147483647
237	4	8	30	1185	2147483647
238	0	12	30	1190	2147483647
239	0	12	40	1195	2147483647
240	4	14	20	1200	2147483647
241	0	12	40	1205	2147483647
242	4	14	30	1210	2147483647
243	4	8	40	1215	2147483647
244	3	1	20	1220	2147483647
245	3	1	20	1225	2147483647
246	4	8	30	1230	2147483647
247	4	14	20	1235	2147483647
248	0	12	40	1240	2147483647
249	4	14	40	1245	2147483647
250	4	14	10	1250	2147483647
251	0	12	20	1255	2147483647
252	0	12	20	1260	2147483647
253	4	14	20	1265	2147483647
254	3	1	40	1270	2147483647
255	4	14	40	1275	2147483647
256	3	1	40	1280	2147483647
257	4	14	30	1285	2147483647
258	4	14	20	1290	2147483647
259	4	8	30	1295	2147483647
260	3	1	10	1300	2147483647
261	4	14	20	1305	2147483647
262	4	8	10	1310	2147483647
263	4	8	10	1315	2147483647
264	0	12	10	1320	2147483647
265	0	12	10	1325	2147483647
266	4	14	40	1330	2147483647
267	4	8	40	1335	2147483647
268	4	14	30	1340	2147483647
269	0	12	30	1345	2147483647
270	4	8	20	1350	2147483647
271	4	14	20	1355	2147483647
272	3	1	30	1360	2147483647
273	3	1	20	1365	2147483647
274	4	14	20	1370	2147483647
275	4	14	20	1375	2147483647
276	4	8	40	1380	2147483647
277	3	1	10	1385	2147483647
278	4	8	40	1390	2147483647
279	3	1	20	1395	2147483647
280	4	14	20	1400	2147483647
281	3	1	20	1405	2147483647
282	3	1	10	1410	2147483647
283	3	1	10	1415	2147483647
284	0	12	20	1420	2147483647
285	0	12	30	1425	2147483647
286	4	14	20	1430	2147483647
287	3	1	40	1435	2147483647
288	4	8	10	1440	2147483647
289	4	14	10	1445	2147483647
290	4	14	30	1450	2147483647
291	3	1	30	1455	2147483647
292	3	1	20	1460	2147483647
293	4	14	10	1465	2147483647
294	4	14	30	1470	2147483647
295	4	14	40	1475	2147483647
296	4	14	40	1480	2147483647
297	3	1	30	1485	2147483647
298	4	8	40	1490	2147483647
299	4	8	20	1495	2147483647
300	3	1	30	1500	2147483647
301	0	12	40	1505	2147483647
302	0	12	40	1510	2147483647
303	4	14	10	1515	2147483647
304	4	14	30	1520	2147483647
305	4	14	30	1525	2147483647
306	3	1	30	1530	2147483647
307	3	1	40	1535	2147483647
308	0	12	40	1540	2147483647
309	3	1	30	1545	2147483647
310	4	14	40	1550	2147483647
311	0	12	40	1555	2147483647
312	3	1	40	1560	2147483647
313	4	8	10	1565	2147483647
314	3	1	10	1570	2147483647
315	4	14	40	1575	2147483647
316	4	8	20	1580	2147483647
317	4	14	40	1585	2147483647
318	0	12	30	1590	2147483647
319	4	14	20	1595	2147483647
320	4	8	30	1600	2147483647
321	3	1	10	1605	2147483647
322	4	14	30	1610	2147483647
323	4	14	20	1615	2147483647
324	3	1	40	1620	2147483647
325	4	14	40	1625	2147483647
326	3	1	10	1630	2147483647
327	4	14	30	1635	2147483647
328	4	14	30	1640	2147483647
329	4	14	30	1645	2147483647
330	4	8	30	1650	2147483647
331	4	14	20	1655	2147483647
332	0	12	20	1660	2147483647
333	4	14	20	1665	2147483647
334	0	12	30	1670	2147483647
335	4	14	20	1675	2147483647
336	3	1	20	1680	2147483647
337	4	14	40	1685	2147483647
338	4	14	30	1690	2147483647
339	4	8	30	1695	2147483647
340	3	1	40	1700	2147483647
341	4	8	20	1705	2147483647
342	4	8	40	1710	2147483647
343	4	14	30	1715	2147483647
344	0	12	10	1720	2147483647
345	3	1	40	1725	2147483647
346	0	12	40	1730	2147483647
347	4	8	10	1735	2147483647
348	4	8	40	1740	2147483647
349	4	14	40	1745	2147483647
350	4	8	30	1750	2147483647
351	4	14	40	1755	2147483647
352	3	1	40	1760	2147483647
353	4	8	20	1765	2147483647
354	0	12	30	1770	2147483647
355	0	12	20	1775	2147483647
356	0	12	20	1780	2147483647
357	0	12	20	1785	2147483647
358	3	1	20	1790	2147483647
359	4	14	40	1795	2147483647
360	3	1	30	1800	2147483647
361	4	14	10	1805	2147483647
362	3	1	10	1810	2147483647
363	4	8	20	1815	2147483647
364	4	8	10	1820	2147483647
365	0	12	30	1825	2147483647
366	0	12	30	1830	2147483647
367	4	14	20	1835	2147483647
368	0	12	20	1840	2147483647
369	3	1	40	1845	2147483647
370	3	1	20	1850	2147483647
371	4	14	20	1855	2147483647
372	4	14	10	1860	2147483647
373	4	14	10	1865	2147483647
374	4	8	30	1870	2147483647
375	0	12	10	1875	2147483647
376	0	12	10	1880	2147483647
377	0	12	40	1885	2147483647
378	4	14	20	1890	2147483647
379	4	14	10	1895	2147483647
380	4	14	40	1900	2147483647
381	4	8	40	1905	2147483647
382	3	1	30	1910	2147483647
383	4	8	40	1915	2147483647
384	3	1	40	1920	2147483647
385	3	1	30	1925	2147483647
386	4	8	30	1930	2147483647
387	4	14	10	1935	2147483647
388	4	14	40	1940	2147483647
389	0	12	20	1945	2147483647
390	4	14	40	1950	2147483647
391	3	1	10	1955	2147483647
392	4	8	30	1960	2147483647
393	4	14	40	1965	2147483647
394	4	14	10	1970	2147483647
395	4	14	40	1975	2147483647
396	4	14	10	1980	2147483647
397	4	14	20	1985	2147483647
398	4	14	20	1990	2147483647
399	0	12	30	1995	2147483647
400	3	1	10	2000	2147483647
401	3	1	20	2005	2147483647
402	0	12	40	2010	2147483647
403	4	14	10	2015	2147483647
404	4	8	20	2020	2147483647
405	4	14	20	2025	2147483647
406	4	14	40	2030	2147483647
407	3	1	40	2035	2147483647
408	0	12	30	2040	2147483647
409	4	14	20	2045	2147483647
410	4	14	20	2050	2147483647
411	0	12	20	2055	2147483647
412	4	8	10	2060	2147483647
413	4	14	20	2065	2147483647
414	4	8	40	2070	2147483647
415	4	8	30	2075	2147483647
416	4	8	30	2080	2147483647
417	4	8	20	2085	2147483647
418	4	14	30	2090	2147483647
419	4	14	30	2095	2147483647
420	4	14	10	2100	2147483647
421	4	8	30	2105	2147483647
422	4	14	30	2110	2147483647
423	0	12	10	2115	2147483647
424	4	14	40	2120	2147483647
425	0	12	20	2125	2147483647
426	3	1	30	2130	2147483647
427	0	12	20	2135	2147483647
428	0	12	40	2140	2147483647
429	3	1	30	2145	2147483647
430	3	1	40	2150	2147483647
431	0	12	30	2155	2147483647
432	3	1	30	2160	2147483647
433	4	14	30	2165	2147483647
434	4	8	40	2170	2147483647
435	0	12	30	2175	2147483647
436	0	12	10	2180	2147483647
437	4	14	30	2185	2147483647
438	0	12	20	2190	2147483647
439	4	14	20	2195	2147483647
440	3	1	40	2200	2147483647
441	4	14	30	2205	2147483647
442	4	14	20	2210	2147483647
443	4	14	20	2215	2147483647
444	0	12	40	2220	2147483647
445	4	14	30	2225	2147483647
446	0	12	10	2230	2147483647
447	4	14	20	2235	2147483647
448	4	14	10	2240	2147483647
449	4	14	20	2245	2147483647
450	3	1	20	2250	2147483647
451	4	8	40	2255	2147483647
452	0	12	40	2260	2147483647
453	4	14	40	2265	2147483647
454	4	8	30	2270	2147483647
455	4	8	30	2275	2147483647
456	3	1	40	2280	2147483647
457	0	12	30	2285	2147483647
458	4	14	10	2290	2147483647
459	0	12	10	2295	2147483647
460	4	8	30	2300	2147483647
461	4	14	20	2305	2147483647
462	3	1	40	2310	2147483647
463	3	1	10	2315	2147483647
464	3	1	20	2320	2147483647
465	4	14	30	2325	2147483647
466	3	1	40	2330	2147483647
467	3	1	20	2335	2147483647
468	4	8	20	2340	2147483647
469	0	12	10	2345	2147483647
470	0	12	30	2350	2147483647
471	3	1	40	2355	2147483647
472	4	8	10	2360	2147483647
473	4	8	10	2365	2147483647
474	0	12	40	2370	2147483647
475	0	12	20	2375	2147483647
476	3	1	20	2380	2147483647
477	0	12	10	2385	2147483647
478	4	14	10	2390	2147483647
479	4	14	20	2395	2147483647
480	4	14	10	2400	2147483647
481	4	14	20	2405	2147483647
482	4	8	20	2410	2147483647
483	4	8	30	2415	2147483647
484	0	12	20	2420	2147483647
485	0	12	10	2425	2147483647
486	0	12	40	2430	2147483647
487	3	1	40	2435	2147483647
488	3	1	10	2440	2147483647
489	4	14	10	2445	2147483647
490	4	14	30	2450	2147483647
491	0	12	20	2455	2147483647
492	4	14	20	2460	2147483647
493	4	14	10	2465	2147483647
494	3	1	40	2470	2147483647
495	4	14	20	2475	2147483647
496	0	12	40	2480	2147483647
497	4	8	20	2485	2147483647
498	4	8	10	2490	2147483647
499	4	8	20	2495	2147483647
500	4	8	30	2500	2147483647
501	3	1	40	2505	2147483647
502	4	8	40	2510	2147483647
503	3	1	40	2515	2147483647
504	3	1	40	2520	2147483647
505	0	12	20	2525	2147483647
506	0	12	30	2530	2147483647
507	4	14	40	2535	2147483647
508	4	14	40	2540	2147483647
509	0	12	10	2545	2147483647
510	4	14	20	2550	2147483647
511	3	1	40	2555	2147483647
512	0	12	30	2560	2147483647
513	4	14	30	2565	2147483647
514	4	8	10	2570	2147483647
515	3	1	10	2575	2147483647
516	3	1	10	2580	2147483647
517	0	12	20	2585	2147483647
518	3	1	30	2590	2147483647
519	4	8	20	2595	2147483647
520	4	14	40	2600	2147483647
521	0	12	10	2605	2147483647
522	0	12	10	2610	2147483647
523	4	8	20	2615	2147483647
524	3	1	30	2620	2147483647
525	0	12	10	2625	2147483647
526	3	1	30	2630	2147483647
527	4	8	40	2635	2147483647
528	4	14	10	2640	2147483647
529	3	1	20	2645	2147483647
530	0	12	20	2650	2147483647
531	4	8	10	2655	2147483647
532	4	14	10	2660	2147483647
533	4	14	40	2665	2147483647
534	4	14	40	2670	2147483647
535	4	8	20	2675	2147483647
536	3	1	30	2680	2147483647
537	4	14	20	2685	2147483647
538	4	14	30	2690	2147483647
539	4	14	10	2695	2147483647
540	0	12	20	2700	2147483647
541	4	8	40	2705	2147483647
542	4	14	40	2710	2147483647
543	4	8	40	2715	2147483647
544	4	8	30	2720	2147483647
545	4	8	40	2725	2147483647
546	4	14	40	2730	2147483647
547	4	14	30	2735	2147483647
548	4	14	10	2740	2147483647
549	4	14	30	2745	2147483647
550	4	8	10	2750	2147483647
551	4	14	30	2755	2147483647
552	4	14	30	2760	2147483647
553	4	14	40	2765	2147483647
554	3	1	20	2770	2147483647
555	0	12	20	2775	2147483647
556	3	1	30	2780	2147483647
557	4	14	20	2785	2147483647
558	0	12	20	2790	2147483647
559	3	1	30	2795	2147483647
560	4	14	40	2800	2147483647
561	4	14	40	2805	2147483647
562	0	12	30	2810	2147483647
563	4	8	30	2815	2147483647
564	4	14	30	2820	2147483647
565	3	1	20	2825	2147483647
566	4	14	40	2830	2147483647
567	3	1	30	2835	2147483647
568	4	8	40	2840	2147483647
569	4	14	40	2845	2147483647
570	0	12	30	2850	2147483647
571	4	14	40	2855	2147483647
572	4	8	30	2860	2147483647
573	3	1	30	2865	2147483647
574	4	8	40	2870	2147483647
575	3	1	40	2875	2147483647
576	0	12	20	2880	2147483647
577	4	14	10	2885	2147483647
578	0	12	30	2890	2147483647
579	4	8	30	2895	2147483647
580	0	12	20	2900	2147483647
581	3	1	40	2905	2147483647
582	4	14	40	2910	2147483647
583	4	14	30	2915	2147483647
584	4	8	20	2920	2147483647
585	0	12	40	2925	2147483647
586	3	1	20	2930	2147483647
587	4	14	10	2935	2147483647
588	0	12	20	2940	2147483647
589	3	1	20	2945	2147483647
590	4	14	30	2950	2147483647
591	3	1	10	2955	2147483647
592	4	14	10	2960	2147483647
593	4	8	10	2965	2147483647
594	4	8	10	2970	2147483647
595	3	1	30	2975	2147483647
596	4	8	20	2980	2147483647
597	4	14	10	2985	2147483647
598	3	1	10	2990	2147483647
599	4	14	20	2995	2147483647
600	3	1	10	3000	2147483647
601	3	1	10	3005	2147483647
602	4	14	30	3010	2147483647
603	4	14	20	3015	2147483647
604	4	14	40	3020	2147483647
605	3	1	20	3025	2147483647
606	3	1	40	3030	2147483647
607	4	8	40	3035	2147483647
608	4	14	40	3040	2147483647
609	4	14	20	3045	2147483647
610	0	12	10	3050	2147483647
611	4	14	30	3055	2147483647
612	4	14	40	3060	2147483647
613	4	14	30	3065	2147483647
614	3	1	20	3070	2147483647
615	0	12	40	3075	2147483647
616	4	14	10	3080	2147483647
617	0	12	10	3085	2147483647
618	0	12	20	3090	2147483647
619	4	14	40	3095	2147483647
620	0	12	40	3100	2147483647
621	4	14	30	3105	2147483647
622	4	8	10	3110	2147483647
623	4	14	30	3115	2147483647
624	0	12	20	3120	2147483647
625	3	1	30	3125	2147483647
626	4	14	30	3130	2147483647
627	0	12	30	3135	2147483647
628	4	8	20	3140	2147483647
629	4	14	10	3145	2147483647
630	4	8	30	3150	2147483647
631	3	1	10	3155	2147483647
632	4	8	10	3160	2147483647
633	4	8	20	3165	2147483647
634	4	14	20	3170	2147483647
635	3	1	10	3175	2147483647
636	4	14	10	3180	2147483647
637	0	12	30	3185	2147483647
638	0	12	30	3190	2147483647
639	4	14	40	3195	2147483647
640	4	14	10	3200	2147483647
641	0	12	20	3205	2147483647
642	0	12	20	3210	2147483647
643	0	12	10	3215	2147483647
644	3	1	10	3220	2147483647
645	4	8	10	3225	2147483647
646	4	14	20	3230	2147483647
647	4	14	20	3235	2147483647
648	4	14	30	3240	2147483647
649	4	8	20	3245	2147483647
650	3	1	30	3250	2147483647
651	0	12	20	3255	2147483647
652	3	1	40	3260	2147483647
653	4	14	20	3265	2147483647
654	4	14	30	3270	2147483647
655	4	14	30	3275	2147483647
656	4	8	40	3280	2147483647
657	4	14	10	3285	2147483647
658	4	14	40	3290	2147483647
659	4	8	20	3295	2147483647
660	4	14	40	3300	2147483647
661	3	1	20	3305	2147483647
662	4	14	30	3310	2147483647
663	4	14	30	3315	2147483647
664	4	14	40	3320	2147483647
665	3	1	40	3325	2147483647
666	4	8	20	3330	2147483647
667	3	1	30	3335	2147483647
668	0	12	20	3340	2147483647
669	4	14	10	3345	2147483647
670	0	12	30	3350	2147483647
671	4	14	30	3355	2147483647
672	0	12	20	3360	2147483647
673	4	8	20	3365	2147483647
674	0	12	30	3370	2147483647
675	4	14	20	3375	2147483647
676	3	1	10	3380	2147483647
677	0	12	10	3385	2147483647
678	4	8	20	3390	2147483647
679	4	14	20	3395	2147483647
680	4	14	20	3400	2147483647
681	0	12	10	3405	2147483647
682	4	8	40	3410	2147483647
683	0	12	40	3415	2147483647
684	4	8	30	3420	2147483647
685	0	12	10	3425	2147483647
686	4	14	10	3430	2147483647
687	4	14	30	3435	2147483647
688	4	14	40	3440	2147483647
689	4	14	30	3445	2147483647
690	4	8	20	3450	2147483647
691	4	14	10	3455	2147483647
692	3	1	30	3460	2147483647
693	4	14	10	3465	2147483647
694	0	12	10	3470	2147483647
695	0	12	40	3475	2147483647
696	0	12	40	3480	2147483647
697	4	8	30	3485	2147483647
698	3	1	10	3490	2147483647
699	4	14	20	3495	2147483647
700	4	14	30	3500	2147483647
701	4	8	40	3505	2147483647
702	4	14	10	3510	2147483647
703	4	14	20	3515	2147483647
704	0	12	30	3520	2147483647
705	4	14	10	3525	2147483647
706	0	12	40	3530	2147483647
707	4	8	30	3535	2147483647
708	3	1	30	3540	2147483647
709	4	14	10	3545	2147483647
710	4	8	20	3550	2147483647
711	0	12	30	3555	2147483647
712	4	14	40	3560	2147483647
713	4	14	30	3565	2147483647
714	4	14	10	3570	2147483647
715	3	1	30	3575	2147483647
716	4	8	20	3580	2147483647
717	4	14	30	3585	2147483647
718	4	14	40	3590	2147483647
719	3	1	30	3595	2147483647
720	4	14	30	3600	2147483647
721	3	1	40	3605	2147483647
722	4	14	40	3610	2147483647
723	4	8	30	3615	2147483647
724	4	14	40	3620	2147483647
725	4	8	30	3625	2147483647
726	4	8	40	3630	2147483647
727	4	8	20	3635	2147483647
728	4	8	10	3640	2147483647
729	4	14	40	3645	2147483647
730	4	14	30	3650	2147483647
731	4	8	30	3655	2147483647
732	4	14	10	3660	2147483647
733	4	8	10	3665	2147483647
734	4	14	30	3670	2147483647
735	4	8	30	3675	2147483647
736	4	8	10	3680	2147483647
737	3	1	30	3685	2147483647
738	4	14	10	3690	2147483647
739	3	1	30	3695	2147483647
740	0	12	20	3700	2147483647
741	4	14	30	3705	2147483647
742	0	12	40	3710	2147483647
743	4	14	30	3715	2147483647
744	3	1	20	3720	2147483647
745	0	12	30	3725	2147483647
746	0	12	20	3730	2147483647
747	3	1	40	3735	2147483647
748	0	12	10	3740	2147483647
749	3	1	20	3745	2147483647
750	4	14	30	3750	2147483647
751	4	8	10	3755	2147483647
752	4	14	30	3760	2147483647
753	4	14	20	3765	2147483647
754	4	8	30	3770	2147483647
755	4	8	30	3775	2147483647
756	3	1	10	3780	2147483647
757	3	1	30	3785	2147483647
758	0	12	30	3790	2147483647
759	4	14	10	3795	2147483647
760	4	8	10	3800	2147483647
761	4	14	30	3805	2147483647
762	4	14	20	3810	2147483647
763	3	1	40	3815	2147483647
764	4	14	30	3820	2147483647
765	0	12	30	3825	2147483647
766	3	1	30	3830	2147483647
767	3	1	30	3835	2147483647
768	0	12	40	3840	2147483647
769	4	8	20	3845	2147483647
770	4	8	30	3850	2147483647
771	4	14	40	3855	2147483647
772	4	14	20	3860	2147483647
773	0	12	20	3865	2147483647
774	3	1	20	3870	2147483647
775	4	14	10	3875	2147483647
776	3	1	40	3880	2147483647
777	4	14	10	3885	2147483647
778	4	14	20	3890	2147483647
779	3	1	20	3895	2147483647
780	0	12	10	3900	2147483647
781	4	14	10	3905	2147483647
782	4	8	10	3910	2147483647
783	4	14	30	3915	2147483647
784	0	12	20	3920	2147483647
785	3	1	20	3925	2147483647
786	4	14	10	3930	2147483647
787	4	14	30	3935	2147483647
788	4	14	20	3940	2147483647
789	3	1	10	3945	2147483647
790	4	14	30	3950	2147483647
791	4	14	20	3955	2147483647
792	3	1	40	3960	2147483647
793	0	12	10	3965	2147483647
794	0	12	30	3970	2147483647
795	4	8	30	3975	2147483647
796	4	14	10	3980	2147483647
797	4	14	10	3985	2147483647
798	0	12	10	3990	2147483647
799	3	1	30	3995	2147483647
800	4	14	40	4000	2147483647
801	3	1	30	4005	2147483647
802	3	1	40	4010	2147483647
803	4	14	30	4015	2147483647
804	0	12	40	4020	2147483647
805	4	8	30	4025	2147483647
806	4	8	40	4030	2147483647
807	3	1	20	4035	2147483647
808	4	8	10	4040	2147483647
809	3	1	20	4045	2147483647
810	4	14	40	4050	2147483647
811	4	14	40	4055	2147483647
812	4	14	20	4060	2147483647
813	3	1	20	4065	2147483647
814	4	14	40	4070	2147483647
815	4	14	10	4075	2147483647
816	3	1	30	4080	2147483647
817	4	14	30	4085	2147483647
818	3	1	30	4090	2147483647
819	4	8	10	4095	2147483647
820	4	8	30	4100	2147483647
821	4	14	10	4105	2147483647
822	4	14	10	4110	2147483647
823	4	14	40	4115	2147483647
824	3	1	40	4120	2147483647
825	3	1	10	4125	2147483647
826	4	8	40	4130	2147483647
827	4	14	20	4135	2147483647
828	0	12	30	4140	2147483647
829	4	8	40	4145	2147483647
830	0	12	40	4150	2147483647
831	4	14	40	4155	2147483647
832	4	14	40	4160	2147483647
833	4	8	30	4165	2147483647
834	4	14	20	4170	2147483647
835	3	1	30	4175	2147483647
836	4	8	10	4180	2147483647
837	4	14	20	4185	2147483647
838	4	14	40	4190	2147483647
839	4	14	30	4195	2147483647
840	4	8	20	4200	2147483647
841	4	8	40	4205	2147483647
842	4	8	30	4210	2147483647
843	3	1	10	4215	2147483647
844	3	1	10	4220	2147483647
845	0	12	30	4225	2147483647
846	0	12	10	4230	2147483647
847	4	14	30	4235	2147483647
848	3	1	10	4240	2147483647
849	3	1	30	4245	2147483647
850	4	14	10	4250	2147483647
851	0	12	30	4255	2147483647
852	0	12	20	4260	2147483647
853	4	14	40	4265	2147483647
854	0	12	40	4270	2147483647
855	0	12	40	4275	2147483647
856	4	14	20	4280	2147483647
857	4	14	10	4285	2147483647
858	4	8	40	4290	2147483647
859	4	14	30	4295	2147483647
860	4	14	40	4300	2147483647
861	3	1	30	4305	2147483647
862	4	8	30	4310	2147483647
863	0	12	20	4315	2147483647
864	3	1	30	4320	2147483647
865	0	12	40	4325	2147483647
866	4	14	10	4330	2147483647
867	3	1	30	4335	2147483647
868	4	14	40	4340	2147483647
869	0	12	20	4345	2147483647
870	4	8	10	4350	2147483647
871	4	14	10	4355	2147483647
872	0	12	40	4360	2147483647
873	4	14	40	4365	2147483647
874	0	12	30	4370	2147483647
875	0	12	40	4375	2147483647
876	4	8	20	4380	2147483647
877	4	8	10	4385	2147483647
878	0	12	30	4390	2147483647
879	4	8	20	4395	2147483647
880	4	8	40	4400	2147483647
881	4	8	10	4405	2147483647
882	3	1	10	4410	2147483647
883	3	1	10	4415	2147483647
884	3	1	30	4420	2147483647
885	4	14	20	4425	2147483647
886	4	14	20	4430	2147483647
887	0	12	40	4435	2147483647
888	0	12	30	4440	2147483647
889	4	14	20	4445	2147483647
890	4	14	10	4450	2147483647
891	4	8	40	4455	2147483647
892	3	1	30	4460	2147483647
893	0	12	10	4465	2147483647
894	4	14	40	4470	2147483647
895	4	14	40	4475	2147483647
896	4	14	20	4480	2147483647
897	4	8	20	4485	2147483647
898	4	14	30	4490	2147483647
899	3	1	20	4495	2147483647
900	0	12	30	4500	2147483647
901	4	14	30	4505	2147483647
902	0	12	40	4510	2147483647
903	4	8	40	4515	2147483647
904	0	12	30	4520	2147483647
905	4	14	40	4525	2147483647
906	4	14	30	4530	2147483647
907	3	1	30	4535	2147483647
908	4	14	10	4540	2147483647
909	4	14	10	4545	2147483647
910	4	14	20	4550	2147483647
911	4	14	10	4555	2147483647
912	4	14	20	4560	2147483647
913	4	14	20	4565	2147483647
914	4	8	40	4570	2147483647
915	3	1	30	4575	2147483647
916	4	14	20	4580	2147483647
917	4	14	20	4585	2147483647
918	3	1	30	4590	2147483647
919	3	1	10	4595	2147483647
920	3	1	20	4600	2147483647
921	4	14	10	4605	2147483647
922	3	1	40	4610	2147483647
923	0	12	20	4615	2147483647
924	3	1	10	4620	2147483647
925	0	12	10	4625	2147483647
926	4	8	20	4630	2147483647
927	4	14	30	4635	2147483647
928	4	14	10	4640	2147483647
929	0	12	40	4645	2147483647
930	4	8	30	4650	2147483647
931	4	14	10	4655	2147483647
932	4	8	30	4660	2147483647
933	4	14	20	4665	2147483647
934	4	8	30	4670	2147483647
935	4	14	20	4675	2147483647
936	0	12	20	4680	2147483647
937	0	12	20	4685	2147483647
938	3	1	30	4690	2147483647
939	3	1	30	4695	2147483647
940	0	12	30	4700	2147483647
941	0	12	40	4705	2147483647
942	3	1	40	4710	2147483647
943	0	12	30	4715	2147483647
944	4	14	10	4720	2147483647
945	4	14	10	4725	2147483647
946	3	1	30	4730	2147483647
947	3	1	10	4735	2147483647
948	4	14	20	4740	2147483647
949	4	8	10	4745	2147483647
950	4	14	30	4750	2147483647
951	0	12	40	4755	2147483647
952	4	14	30	4760	2147483647
953	3	1	20	4765	2147483647
954	4	14	40	4770	2147483647
955	4	8	20	4775	2147483647
956	4	8	30	4780	2147483647
957	0	12	20	4785	2147483647
958	4	14	30	4790	2147483647
959	0	12	20	4795	2147483647
960	4	14	30	4800	2147483647
961	4	14	10	4805	2147483647
962	4	14	20	4810	2147483647
963	3	1	20	4815	2147483647
964	3	1	30	4820	2147483647
965	4	14	10	4825	2147483647
966	3	1	30	4830	2147483647
967	0	12	10	4835	2147483647
968	4	14	30	4840	2147483647
969	4	14	20	4845	2147483647
970	4	8	20	4850	2147483647
971	4	14	40	4855	2147483647
972	4	8	40	4860	2147483647
973	4	14	40	4865	2147483647
974	4	8	20	4870	2147483647
975	4	8	30	4875	2147483647
976	4	8	20	4880	2147483647
977	4	8	20	4885	2147483647
978	0	12	20	4890	2147483647
979	3	1	10	4895	2147483647
980	3	1	30	4900	2147483647
981	4	14	20	4905	2147483647
982	0	12	20	4910	2147483647
983	4	8	10	4915	2147483647
984	0	12	10	4920	2147483647
985	4	8	30	4925	2147483647
986	4	14	30	4930	2147483647
987	4	14	10	4935	2147483647
988	4	14	30	4940	2147483647
989	4	14	20	4945	2147483647
990	3	1	30	4950	2147483647
991	0	12	40	4955	2147483647
992	0	12	30	4960	2147483647
993	4	8	10	4965	2147483647
994	4	14	10	4970	2147483647
995	0	12	30	4975	2147483647
996	4	8	20	4980	2147483647
997	4	14	20	4985	2147483647
998	3	1	40	4990	2147483647
999	4	14	40	4995	2147483647
1000	3	1	20	5000	2147483647
1001	4	8	30	5005	2147483647
1002	4	14	20	5010	2147483647
1003	0	12	40	5015	2147483647
1004	0	12	30	5020	2147483647
1005	0	12	30	5025	2147483647
1006	4	14	40	5030	2147483647
1007	0	12	40	5035	2147483647
1008	0	12	40	5040	2147483647
1009	4	14	20	5045	2147483647
1010	4	14	10	5050	2147483647
1011	4	14	20	5055	2147483647
1012	4	14	40	5060	2147483647
1013	3	1	30	5065	2147483647
1014	3	1	40	5070	2147483647
1015	4	14	10	5075	2147483647
1016	4	14	30	5080	2147483647
1017	3	1	20	5085	2147483647
1018	4	8	10	5090	2147483647
1019	4	8	40	5095	2147483647
1020	4	14	30	5100	2147483647
1021	4	14	20	5105	2147483647
1022	3	1	20	5110	2147483647
1023	4	14	20	5115	2147483647
1024	0	12	40	5120	2147483647
1025	4	8	20	5125	2147483647
1026	4	14	10	5130	2147483647
1027	4	14	30	5135	2147483647
1028	4	14	40	5140	2147483647
1029	4	8	40	5145	2147483647
1030	4	14	10	5150	2147483647
1031	3	1	40	5155	2147483647
1032	4	14	30	5160	2147483647
1033	4	8	30	5165	2147483647
1034	4	14	30	5170	2147483647
1035	4	8	10	5175	2147483647
1036	4	14	40	5180	2147483647
1037	4	14	20	5185	2147483647
1038	4	8	20	5190	2147483647
1039	0	12	30	5195	2147483647
1040	4	14	40	5200	2147483647
1041	4	14	30	5205	2147483647
1042	3	1	10	5210	2147483647
1043	0	12	20	5215	2147483647
1044	4	14	10	5220	2147483647
1045	3	1	20	5225	2147483647
1046	0	12	10	5230	2147483647
1047	4	14	10	5235	2147483647
1048	4	14	20	5240	2147483647
1049	0	12	40	5245	2147483647
1050	4	8	40	5250	2147483647
1051	4	14	10	5255	2147483647
1052	3	1	10	5260	2147483647
1053	4	8	40	5265	2147483647
1054	0	12	10	5270	2147483647
1055	4	14	10	5275	2147483647
1056	4	14	10	5280	2147483647
1057	4	8	10	5285	2147483647
1058	4	14	10	5290	2147483647
1059	4	14	20	5295	2147483647
1060	4	8	20	5300	2147483647
1061	4	14	20	5305	2147483647
1062	0	12	40	5310	2147483647
1063	4	14	10	5315	2147483647
1064	4	14	10	5320	2147483647
1065	3	1	10	5325	2147483647
1066	0	12	40	5330	2147483647
1067	4	14	20	5335	2147483647
1068	3	1	40	5340	2147483647
1069	4	8	40	5345	2147483647
1070	4	14	20	5350	2147483647
1071	4	14	10	5355	2147483647
1072	4	8	10	5360	2147483647
1073	4	8	30	5365	2147483647
1074	4	14	10	5370	2147483647
1075	4	14	40	5375	2147483647
1076	0	12	10	5380	2147483647
1077	3	1	10	5385	2147483647
1078	4	14	20	5390	2147483647
1079	4	14	20	5395	2147483647
1080	0	12	20	5400	2147483647
1081	4	14	10	5405	2147483647
1082	0	12	10	5410	2147483647
1083	4	14	40	5415	2147483647
1084	0	12	40	5420	2147483647
1085	0	12	10	5425	2147483647
1086	4	14	40	5430	2147483647
1087	3	1	30	5435	2147483647
1088	0	12	20	5440	2147483647
1089	0	12	30	5445	2147483647
1090	4	8	10	5450	2147483647
1091	3	1	40	5455	2147483647
1092	4	14	20	5460	2147483647
1093	3	1	10	5465	2147483647
1094	4	14	10	5470	2147483647
1095	4	14	20	5475	2147483647
1096	4	14	40	5480	2147483647
1097	4	14	10	5485	2147483647
1098	4	8	10	5490	2147483647
1099	3	1	40	5495	2147483647
1100	3	1	30	5500	2147483647
1101	3	1	40	5505	2147483647
1102	4	8	10	5510	2147483647
1103	3	1	30	5515	2147483647
1104	0	12	30	5520	2147483647
1105	4	8	30	5525	2147483647
1106	3	1	40	5530	2147483647
1107	4	8	20	5535	2147483647
1108	3	1	30	5540	2147483647
1109	0	12	10	5545	2147483647
1110	4	14	40	5550	2147483647
1111	3	1	40	5555	2147483647
1112	3	1	30	5560	2147483647
1113	4	8	30	5565	2147483647
1114	4	14	40	5570	2147483647
1115	4	8	20	5575	2147483647
1116	4	14	10	5580	2147483647
1117	4	8	10	5585	2147483647
1118	4	14	20	5590	2147483647
1119	4	14	10	5595	2147483647
1120	3	1	20	5600	2147483647
1121	4	14	10	5605	2147483647
1122	4	14	40	5610	2147483647
1123	3	1	20	5615	2147483647
1124	4	14	30	5620	2147483647
1125	4	8	30	5625	2147483647
1126	4	14	40	5630	2147483647
1127	4	14	40	5635	2147483647
1128	4	8	30	5640	2147483647
1129	4	14	40	5645	2147483647
1130	0	12	10	5650	2147483647
1131	4	8	10	5655	2147483647
1132	0	12	10	5660	2147483647
1133	4	8	30	5665	2147483647
1134	4	8	40	5670	2147483647
1135	4	14	30	5675	2147483647
1136	4	14	10	5680	2147483647
1137	3	1	30	5685	2147483647
1138	3	1	20	5690	2147483647
1139	4	14	10	5695	2147483647
1140	3	1	10	5700	2147483647
1141	4	14	20	5705	2147483647
1142	4	14	40	5710	2147483647
1143	4	14	20	5715	2147483647
1144	4	8	30	5720	2147483647
1145	4	14	20	5725	2147483647
1146	0	12	10	5730	2147483647
1147	3	1	30	5735	2147483647
1148	4	14	10	5740	2147483647
1149	3	1	30	5745	2147483647
1150	0	12	20	5750	2147483647
1151	3	1	30	5755	2147483647
1152	0	12	30	5760	2147483647
1153	4	14	10	5765	2147483647
1154	4	14	20	5770	2147483647
1155	4	14	20	5775	2147483647
1156	4	14	40	5780	2147483647
1157	4	14	30	5785	2147483647
1158	4	14	40	5790	2147483647
1159	4	14	40	5795	2147483647
1160	3	1	40	5800	2147483647
1161	4	14	10	5805	2147483647
1162	4	14	40	5810	2147483647
1163	4	14	40	5815	2147483647
1164	0	12	40	5820	2147483647
1165	4	8	40	5825	2147483647
1166	4	8	30	5830	2147483647
1167	4	8	10	5835	2147483647
1168	0	12	40	5840	2147483647
1169	4	14	20	5845	2147483647
1170	3	1	20	5850	2147483647
1171	0	12	20	5855	2147483647
1172	4	14	40	5860	2147483647
1173	4	14	20	5865	2147483647
1174	4	8	40	5870	2147483647
1175	4	14	10	5875	2147483647
1176	4	14	20	5880	2147483647
1177	4	14	30	5885	2147483647
1178	0	12	30	5890	2147483647
1179	4	14	20	5895	2147483647
1180	4	8	20	5900	2147483647
1181	4	8	20	5905	2147483647
1182	4	14	40	5910	2147483647
1183	4	14	40	5915	2147483647
1184	4	14	20	5920	2147483647
1185	3	1	30	5925	2147483647
1186	4	8	30	5930	2147483647
1187	3	1	40	5935	2147483647
1188	4	8	10	5940	2147483647
1189	3	1	30	5945	2147483647
1190	4	14	30	5950	2147483647
1191	0	12	20	5955	2147483647
1192	4	14	30	5960	2147483647
1193	4	14	20	5965	2147483647
1194	4	8	20	5970	2147483647
1195	4	14	10	5975	2147483647
1196	4	14	20	5980	2147483647
1197	0	12	40	5985	2147483647
1198	4	14	20	5990	2147483647
1199	4	14	40	5995	2147483647
1200	3	1	30	6000	2147483647
1201	4	14	10	6005	2147483647
1202	3	1	30	6010	2147483647
1203	4	14	30	6015	2147483647
1204	0	12	20	6020	2147483647
1205	0	12	40	6025	2147483647
1206	4	14	40	6030	2147483647
1207	0	12	10	6035	2147483647
1208	3	1	20	6040	2147483647
1209	4	14	20	6045	2147483647
1210	0	12	40	6050	2147483647
1211	0	12	20	6055	2147483647
1212	3	1	40	6060	2147483647
1213	4	14	30	6065	2147483647
1214	3	1	30	6070	2147483647
1215	0	12	20	6075	2147483647
1216	4	14	10	6080	2147483647
1217	0	12	40	6085	2147483647
1218	0	12	30	6090	2147483647
1219	4	14	20	6095	2147483647
1220	4	14	20	6100	2147483647
1221	4	14	40	6105	2147483647
1222	4	14	10	6110	2147483647
1223	4	14	10	6115	2147483647
1224	0	12	40	6120	2147483647
1225	3	1	40	6125	2147483647
1226	4	8	40	6130	2147483647
1227	4	14	20	6135	2147483647
1228	4	14	10	6140	2147483647
1229	3	1	40	6145	2147483647
1230	4	8	30	6150	2147483647
1231	3	1	20	6155	2147483647
1232	4	14	10	6160	2147483647
1233	0	12	40	6165	2147483647
1234	3	1	40	6170	2147483647
1235	4	14	20	6175	2147483647
1236	4	14	40	6180	2147483647
1237	0	12	20	6185	2147483647
1238	4	14	20	6190	2147483647
1239	4	14	30	6195	2147483647
1240	4	14	30	6200	2147483647
1241	4	8	20	6205	2147483647
1242	0	12	30	6210	2147483647
1243	3	1	30	6215	2147483647
1244	4	8	30	6220	2147483647
1245	4	14	10	6225	2147483647
1246	3	1	20	6230	2147483647
1247	4	8	10	6235	2147483647
1248	4	8	40	6240	2147483647
1249	0	12	10	6245	2147483647
1250	4	14	10	6250	2147483647
1251	3	1	30	6255	2147483647
1252	4	14	20	6260	2147483647
1253	4	8	40	6265	2147483647
1254	0	12	20	6270	2147483647
1255	4	14	40	6275	2147483647
1256	4	14	40	6280	2147483647
1257	4	14	20	6285	2147483647
1258	4	14	30	6290	2147483647
1259	3	1	30	6295	2147483647
1260	4	14	10	6300	2147483647
1261	4	14	30	6305	2147483647
1262	4	8	10	6310	2147483647
1263	4	14	30	6315	2147483647
1264	3	1	40	6320	2147483647
1265	3	1	20	6325	2147483647
1266	3	1	20	6330	2147483647
1267	4	8	10	6335	2147483647
1268	4	8	30	6340	2147483647
1269	4	14	10	6345	2147483647
1270	4	8	30	6350	2147483647
1271	4	14	40	6355	2147483647
1272	3	1	20	6360	2147483647
1273	3	1	40	6365	2147483647
1274	0	12	40	6370	2147483647
1275	3	1	10	6375	2147483647
1276	4	14	10	6380	2147483647
1277	4	8	30	6385	2147483647
1278	3	1	30	6390	2147483647
1279	4	8	30	6395	2147483647
1280	4	14	30	6400	2147483647
1281	4	14	30	6405	2147483647
1282	4	14	20	6410	2147483647
1283	3	1	10	6415	2147483647
1284	4	14	30	6420	2147483647
1285	4	14	40	6425	2147483647
1286	3	1	10	6430	2147483647
1287	3	1	20	6435	2147483647
1288	0	12	20	6440	2147483647
1289	4	14	10	6445	2147483647
1290	4	14	20	6450	2147483647
1291	4	8	20	6455	2147483647
1292	0	12	30	6460	2147483647
1293	0	12	40	6465	2147483647
1294	4	14	30	6470	2147483647
1295	4	14	10	6475	2147483647
1296	0	12	10	6480	2147483647
1297	4	8	10	6485	2147483647
1298	0	12	30	6490	2147483647
1299	4	14	10	6495	2147483647
1300	4	8	40	6500	2147483647
1301	4	8	20	6505	2147483647
1302	0	12	30	6510	2147483647
1303	3	1	30	6515	2147483647
1304	4	14	20	6520	2147483647
1305	0	12	20	6525	2147483647
1306	0	12	10	6530	2147483647
1307	3	1	20	6535	2147483647
1308	0	12	10	6540	2147483647
1309	3	1	20	6545	2147483647
1310	0	12	40	6550	2147483647
1311	3	1	20	6555	2147483647
1312	0	12	40	6560	2147483647
1313	3	1	10	6565	2147483647
1314	4	14	40	6570	2147483647
1315	4	14	20	6575	2147483647
1316	4	8	10	6580	2147483647
1317	4	14	10	6585	2147483647
1318	4	8	40	6590	2147483647
1319	4	14	40	6595	2147483647
1320	0	12	20	6600	2147483647
1321	4	14	40	6605	2147483647
1322	4	8	30	6610	2147483647
1323	3	1	30	6615	2147483647
1324	0	12	30	6620	2147483647
1325	0	12	20	6625	2147483647
1326	3	1	10	6630	2147483647
1327	4	8	20	6635	2147483647
1328	4	14	20	6640	2147483647
1329	4	8	30	6645	2147483647
1330	3	1	40	6650	2147483647
1331	3	1	40	6655	2147483647
1332	4	8	40	6660	2147483647
1333	4	14	20	6665	2147483647
1334	0	12	40	6670	2147483647
1335	4	14	10	6675	2147483647
1336	4	14	10	6680	2147483647
1337	4	8	30	6685	2147483647
1338	4	14	30	6690	2147483647
1339	3	1	20	6695	2147483647
1340	4	14	40	6700	2147483647
1341	0	12	30	6705	2147483647
1342	4	8	10	6710	2147483647
1343	4	14	10	6715	2147483647
1344	4	14	20	6720	2147483647
1345	4	8	10	6725	2147483647
1346	0	12	20	6730	2147483647
1347	4	14	30	6735	2147483647
1348	3	1	40	6740	2147483647
1349	4	14	10	6745	2147483647
1350	3	1	10	6750	2147483647
1351	4	8	40	6755	2147483647
1352	4	14	20	6760	2147483647
1353	3	1	40	6765	2147483647
1354	4	14	40	6770	2147483647
1355	3	1	40	6775	2147483647
1356	4	14	40	6780	2147483647
1357	3	1	40	6785	2147483647
1358	4	8	10	6790	2147483647
1359	4	14	10	6795	2147483647
1360	3	1	10	6800	2147483647
1361	4	14	30	6805	2147483647
1362	4	14	10	6810	2147483647
1363	4	14	30	6815	2147483647
1364	4	14	20	6820	2147483647
1365	3	1	40	6825	2147483647
1366	0	12	30	6830	2147483647
1367	3	1	30	6835	2147483647
1368	3	1	10	6840	2147483647
1369	0	12	40	6845	2147483647
1370	4	14	10	6850	2147483647
1371	4	14	20	6855	2147483647
1372	0	12	30	6860	2147483647
1373	4	14	20	6865	2147483647
1374	4	14	10	6870	2147483647
1375	4	14	30	6875	2147483647
1376	3	1	40	6880	2147483647
1377	3	1	30	6885	2147483647
1378	4	14	20	6890	2147483647
1379	4	14	30	6895	2147483647
1380	0	12	40	6900	2147483647
1381	4	14	30	6905	2147483647
1382	4	14	30	6910	2147483647
1383	4	14	10	6915	2147483647
1384	4	14	20	6920	2147483647
1385	4	8	10	6925	2147483647
1386	3	1	20	6930	2147483647
1387	4	14	40	6935	2147483647
1388	0	12	30	6940	2147483647
1389	3	1	40	6945	2147483647
1390	4	14	20	6950	2147483647
1391	4	8	20	6955	2147483647
1392	4	14	30	6960	2147483647
1393	4	14	20	6965	2147483647
1394	0	12	20	6970	2147483647
1395	0	12	10	6975	2147483647
1396	3	1	30	6980	2147483647
1397	3	1	30	6985	2147483647
1398	4	14	30	6990	2147483647
1399	0	12	20	6995	2147483647
1400	0	12	20	7000	2147483647
1401	4	14	30	7005	2147483647
1402	0	12	20	7010	2147483647
1403	3	1	10	7015	2147483647
1404	0	12	10	7020	2147483647
1405	3	1	40	7025	2147483647
1406	4	8	20	7030	2147483647
1407	4	8	10	7035	2147483647
1408	4	14	40	7040	2147483647
1409	4	14	10	7045	2147483647
1410	4	14	10	7050	2147483647
1411	3	1	20	7055	2147483647
1412	3	1	30	7060	2147483647
1413	3	1	20	7065	2147483647
1414	4	14	10	7070	2147483647
1415	3	1	30	7075	2147483647
1416	4	14	10	7080	2147483647
1417	4	14	40	7085	2147483647
1418	0	12	10	7090	2147483647
1419	4	14	20	7095	2147483647
1420	4	14	20	7100	2147483647
1421	4	8	30	7105	2147483647
1422	4	8	10	7110	2147483647
1423	4	14	10	7115	2147483647
1424	4	8	20	7120	2147483647
1425	3	1	40	7125	2147483647
1426	0	12	30	7130	2147483647
1427	0	12	20	7135	2147483647
1428	3	1	10	7140	2147483647
1429	3	1	40	7145	2147483647
1430	3	1	40	7150	2147483647
1431	4	14	10	7155	2147483647
1432	4	14	40	7160	2147483647
1433	4	14	40	7165	2147483647
1434	4	14	10	7170	2147483647
1435	3	1	20	7175	2147483647
1436	4	14	10	7180	2147483647
1437	3	1	20	7185	2147483647
1438	4	14	10	7190	2147483647
1439	4	8	30	7195	2147483647
1440	4	14	30	7200	2147483647
1441	4	8	20	7205	2147483647
1442	4	8	10	7210	2147483647
1443	4	8	20	7215	2147483647
1444	3	1	40	7220	2147483647
1445	4	8	10	7225	2147483647
1446	4	14	30	7230	2147483647
1447	3	1	20	7235	2147483647
1448	4	8	10	7240	2147483647
1449	3	1	40	7245	2147483647
1450	4	8	10	7250	2147483647
1451	3	1	40	7255	2147483647
1452	3	1	30	7260	2147483647
1453	0	12	10	7265	2147483647
1454	4	8	40	7270	2147483647
1455	4	14	40	7275	2147483647
1456	4	8	30	7280	2147483647
1457	4	8	10	7285	2147483647
1458	0	12	40	7290	2147483647
1459	3	1	10	7295	2147483647
1460	3	1	20	7300	2147483647
1461	4	8	10	7305	2147483647
1462	4	14	40	7310	2147483647
1463	0	12	40	7315	2147483647
1464	4	8	10	7320	2147483647
1465	0	12	40	7325	2147483647
1466	4	14	20	7330	2147483647
1467	4	14	30	7335	2147483647
1468	4	14	10	7340	2147483647
1469	4	8	40	7345	2147483647
1470	4	14	20	7350	2147483647
1471	4	8	40	7355	2147483647
1472	4	8	40	7360	2147483647
1473	4	14	20	7365	2147483647
1474	4	14	30	7370	2147483647
1475	4	14	40	7375	2147483647
1476	0	12	20	7380	2147483647
1477	4	14	40	7385	2147483647
1478	4	8	20	7390	2147483647
1479	0	12	20	7395	2147483647
1480	4	14	10	7400	2147483647
1481	3	1	10	7405	2147483647
1482	4	14	10	7410	2147483647
1483	4	14	20	7415	2147483647
1484	4	8	40	7420	2147483647
1485	4	14	10	7425	2147483647
1486	3	1	30	7430	2147483647
1487	4	14	30	7435	2147483647
1488	3	1	40	7440	2147483647
1489	4	14	20	7445	2147483647
1490	0	12	40	7450	2147483647
1491	3	1	40	7455	2147483647
1492	4	8	30	7460	2147483647
1493	4	8	40	7465	2147483647
1494	4	14	20	7470	2147483647
1495	4	14	30	7475	2147483647
1496	4	8	20	7480	2147483647
1497	0	12	10	7485	2147483647
1498	0	12	10	7490	2147483647
1499	3	1	40	7495	2147483647
1500	3	1	30	7500	2147483647
1501	4	14	10	7505	2147483647
1502	4	14	20	7510	2147483647
1503	4	14	20	7515	2147483647
1504	4	14	20	7520	2147483647
1505	4	14	10	7525	2147483647
1506	4	8	10	7530	2147483647
1507	3	1	10	7535	2147483647
1508	4	8	20	7540	2147483647
1509	4	14	10	7545	2147483647
1510	4	14	20	7550	2147483647
1511	3	1	30	7555	2147483647
1512	4	14	40	7560	2147483647
1513	0	12	20	7565	2147483647
1514	4	14	40	7570	2147483647
1515	4	14	10	7575	2147483647
1516	4	8	40	7580	2147483647
1517	4	14	30	7585	2147483647
1518	4	14	10	7590	2147483647
1519	3	1	10	7595	2147483647
1520	4	14	20	7600	2147483647
1521	0	12	30	7605	2147483647
1522	3	1	30	7610	2147483647
1523	4	14	30	7615	2147483647
1524	0	12	10	7620	2147483647
1525	4	8	20	7625	2147483647
1526	0	12	20	7630	2147483647
1527	4	14	40	7635	2147483647
1528	0	12	10	7640	2147483647
1529	0	12	10	7645	2147483647
1530	4	8	20	7650	2147483647
1531	4	14	20	7655	2147483647
1532	4	14	30	7660	2147483647
1533	4	14	20	7665	2147483647
1534	3	1	30	7670	2147483647
1535	4	14	40	7675	2147483647
1536	4	14	40	7680	2147483647
1537	4	14	40	7685	2147483647
1538	0	12	40	7690	2147483647
1539	4	8	30	7695	2147483647
1540	3	1	10	7700	2147483647
1541	4	14	20	7705	2147483647
1542	4	8	20	7710	2147483647
1543	4	14	40	7715	2147483647
1544	0	12	10	7720	2147483647
1545	4	14	10	7725	2147483647
1546	3	1	10	7730	2147483647
1547	4	8	10	7735	2147483647
1548	3	1	40	7740	2147483647
1549	4	14	10	7745	2147483647
1550	4	8	40	7750	2147483647
1551	3	1	40	7755	2147483647
1552	0	12	10	7760	2147483647
1553	4	14	40	7765	2147483647
1554	4	14	30	7770	2147483647
1555	3	1	10	7775	2147483647
1556	3	1	30	7780	2147483647
1557	4	14	30	7785	2147483647
1558	4	14	10	7790	2147483647
1559	3	1	40	7795	2147483647
1560	4	14	40	7800	2147483647
1561	4	8	20	7805	2147483647
1562	4	8	10	7810	2147483647
1563	4	8	20	7815	2147483647
1564	4	8	30	7820	2147483647
1565	4	14	10	7825	2147483647
1566	3	1	10	7830	2147483647
1567	0	12	20	7835	2147483647
1568	4	14	40	7840	2147483647
1569	4	14	10	7845	2147483647
1570	0	12	20	7850	2147483647
1571	3	1	10	7855	2147483647
1572	4	14	40	7860	2147483647
1573	4	14	30	7865	2147483647
1574	4	14	10	7870	2147483647
1575	4	14	40	7875	2147483647
1576	4	14	20	7880	2147483647
1577	4	14	30	7885	2147483647
1578	4	14	30	7890	2147483647
1579	3	1	40	7895	2147483647
1580	4	14	20	7900	2147483647
1581	4	14	10	7905	2147483647
1582	3	1	40	7910	2147483647
1583	3	1	40	7915	2147483647
1584	4	14	10	7920	2147483647
1585	4	14	30	7925	2147483647
1586	4	14	10	7930	2147483647
1587	4	8	30	7935	2147483647
1588	4	14	40	7940	2147483647
1589	4	14	30	7945	2147483647
1590	3	1	20	7950	2147483647
1591	4	14	10	7955	2147483647
1592	0	12	30	7960	2147483647
1593	4	14	10	7965	2147483647
1594	4	8	30	7970	2147483647
1595	4	8	40	7975	2147483647
1596	3	1	20	7980	2147483647
1597	4	14	40	7985	2147483647
1598	3	1	20	7990	2147483647
1599	4	8	10	7995	2147483647
1600	0	12	10	8000	2147483647
1601	4	8	40	8005	2147483647
1602	4	14	10	8010	2147483647
1603	4	14	40	8015	2147483647
1604	4	14	40	8020	2147483647
1605	4	14	40	8025	2147483647
1606	4	14	10	8030	2147483647
1607	3	1	30	8035	2147483647
1608	4	14	40	8040	2147483647
1609	0	12	30	8045	2147483647
1610	4	14	30	8050	2147483647
1611	4	14	40	8055	2147483647
1612	0	12	10	8060	2147483647
1613	3	1	20	8065	2147483647
1614	4	14	30	8070	2147483647
1615	0	12	40	8075	2147483647
1616	4	14	20	8080	2147483647
1617	4	14	10	8085	2147483647
1618	4	14	20	8090	2147483647
1619	3	1	40	8095	2147483647
1620	0	12	40	8100	2147483647
1621	4	8	20	8105	2147483647
1622	4	8	20	8110	2147483647
1623	4	14	20	8115	2147483647
1624	4	8	30	8120	2147483647
1625	0	12	10	8125	2147483647
1626	3	1	20	8130	2147483647
1627	0	12	30	8135	2147483647
1628	4	8	40	8140	2147483647
1629	4	14	20	8145	2147483647
1630	0	12	20	8150	2147483647
1631	0	12	30	8155	2147483647
1632	4	8	20	8160	2147483647
1633	4	8	20	8165	2147483647
1634	4	8	40	8170	2147483647
1635	3	1	30	8175	2147483647
1636	0	12	10	8180	2147483647
1637	4	14	40	8185	2147483647
1638	4	14	40	8190	2147483647
1639	4	14	20	8195	2147483647
1640	0	12	30	8200	2147483647
1641	4	8	30	8205	2147483647
1642	3	1	40	8210	2147483647
1643	4	14	10	8215	2147483647
1644	4	8	40	8220	2147483647
1645	4	14	20	8225	2147483647
1646	4	14	10	8230	2147483647
1647	3	1	20	8235	2147483647
1648	0	12	20	8240	2147483647
1649	0	12	40	8245	2147483647
1650	4	8	20	8250	2147483647
1651	4	14	20	8255	2147483647
1652	0	12	20	8260	2147483647
1653	4	14	20	8265	2147483647
1654	4	8	20	8270	2147483647
1655	4	14	30	8275	2147483647
1656	0	12	20	8280	2147483647
1657	0	12	40	8285	2147483647
1658	3	1	20	8290	2147483647
1659	3	1	40	8295	2147483647
1660	4	8	20	8300	2147483647
1661	3	1	20	8305	2147483647
1662	0	12	30	8310	2147483647
1663	0	12	20	8315	2147483647
1664	0	12	10	8320	2147483647
1665	4	14	10	8325	2147483647
1666	3	1	30	8330	2147483647
1667	4	14	40	8335	2147483647
1668	4	8	20	8340	2147483647
1669	0	12	10	8345	2147483647
1670	0	12	30	8350	2147483647
1671	4	8	30	8355	2147483647
1672	4	14	10	8360	2147483647
1673	4	14	40	8365	2147483647
1674	3	1	10	8370	2147483647
1675	4	14	10	8375	2147483647
1676	4	14	20	8380	2147483647
1677	3	1	20	8385	2147483647
1678	4	8	20	8390	2147483647
1679	4	14	10	8395	2147483647
1680	4	8	40	8400	2147483647
1681	4	14	10	8405	2147483647
1682	0	12	20	8410	2147483647
1683	0	12	10	8415	2147483647
1684	4	8	10	8420	2147483647
1685	3	1	10	8425	2147483647
1686	4	14	10	8430	2147483647
1687	3	1	40	8435	2147483647
1688	0	12	10	8440	2147483647
1689	4	8	10	8445	2147483647
1690	3	1	10	8450	2147483647
1691	0	12	10	8455	2147483647
1692	4	8	30	8460	2147483647
1693	3	1	10	8465	2147483647
1694	3	1	40	8470	2147483647
1695	4	14	20	8475	2147483647
1696	0	12	10	8480	2147483647
1697	4	8	30	8485	2147483647
1698	4	14	40	8490	2147483647
1699	4	14	40	8495	2147483647
1700	0	12	40	8500	2147483647
1701	4	14	20	8505	2147483647
1702	4	8	40	8510	2147483647
1703	4	14	20	8515	2147483647
1704	0	12	10	8520	2147483647
1705	0	12	40	8525	2147483647
1706	4	14	10	8530	2147483647
1707	4	8	30	8535	2147483647
1708	4	8	20	8540	2147483647
1709	3	1	10	8545	2147483647
1710	4	14	10	8550	2147483647
1711	3	1	10	8555	2147483647
1712	4	14	30	8560	2147483647
1713	4	14	10	8565	2147483647
1714	0	12	40	8570	2147483647
1715	3	1	20	8575	2147483647
1716	4	8	10	8580	2147483647
1717	4	14	20	8585	2147483647
1718	4	14	20	8590	2147483647
1719	3	1	10	8595	2147483647
1720	4	14	40	8600	2147483647
1721	0	12	40	8605	2147483647
1722	4	14	30	8610	2147483647
1723	4	14	10	8615	2147483647
1724	3	1	40	8620	2147483647
1725	0	12	30	8625	2147483647
1726	4	14	10	8630	2147483647
1727	3	1	10	8635	2147483647
1728	4	8	40	8640	2147483647
1729	4	14	40	8645	2147483647
1730	3	1	40	8650	2147483647
1731	3	1	40	8655	2147483647
1732	4	14	20	8660	2147483647
1733	3	1	20	8665	2147483647
1734	4	14	20	8670	2147483647
1735	4	8	30	8675	2147483647
1736	3	1	10	8680	2147483647
1737	0	12	40	8685	2147483647
1738	0	12	10	8690	2147483647
1739	0	12	20	8695	2147483647
1740	4	14	10	8700	2147483647
1741	3	1	30	8705	2147483647
1742	0	12	30	8710	2147483647
1743	3	1	40	8715	2147483647
1744	4	8	40	8720	2147483647
1745	0	12	10	8725	2147483647
1746	4	8	30	8730	2147483647
1747	3	1	20	8735	2147483647
1748	4	8	10	8740	2147483647
1749	0	12	30	8745	2147483647
1750	4	8	20	8750	2147483647
1751	0	12	30	8755	2147483647
1752	3	1	10	8760	2147483647
1753	4	8	40	8765	2147483647
1754	0	12	10	8770	2147483647
1755	4	14	10	8775	2147483647
1756	4	8	30	8780	2147483647
1757	3	1	30	8785	2147483647
1758	3	1	30	8790	2147483647
1759	4	14	20	8795	2147483647
1760	0	12	40	8800	2147483647
1761	0	12	40	8805	2147483647
1762	0	12	30	8810	2147483647
1763	3	1	20	8815	2147483647
1764	0	12	10	8820	2147483647
1765	3	1	20	8825	2147483647
1766	3	1	30	8830	2147483647
1767	4	8	10	8835	2147483647
1768	0	12	40	8840	2147483647
1769	4	14	20	8845	2147483647
1770	4	14	20	8850	2147483647
1771	4	8	10	8855	2147483647
1772	4	14	20	8860	2147483647
1773	4	14	10	8865	2147483647
1774	3	1	40	8870	2147483647
1775	4	8	20	8875	2147483647
1776	0	12	10	8880	2147483647
1777	0	12	40	8885	2147483647
1778	3	1	10	8890	2147483647
1779	3	1	30	8895	2147483647
1780	4	14	40	8900	2147483647
1781	4	8	30	8905	2147483647
1782	4	8	10	8910	2147483647
1783	0	12	20	8915	2147483647
1784	4	14	20	8920	2147483647
1785	3	1	20	8925	2147483647
1786	4	14	30	8930	2147483647
1787	4	14	30	8935	2147483647
1788	3	1	20	8940	2147483647
1789	4	14	10	8945	2147483647
1790	0	12	10	8950	2147483647
1791	4	14	20	8955	2147483647
1792	4	14	10	8960	2147483647
1793	4	8	30	8965	2147483647
1794	0	12	20	8970	2147483647
1795	4	14	10	8975	2147483647
1796	4	8	40	8980	2147483647
1797	3	1	10	8985	2147483647
1798	3	1	30	8990	2147483647
1799	4	14	30	8995	2147483647
1800	3	1	30	9000	2147483647
1801	4	14	30	9005	2147483647
1802	3	1	20	9010	2147483647
1803	3	1	40	9015	2147483647
1804	4	8	10	9020	2147483647
1805	0	12	10	9025	2147483647
1806	4	8	20	9030	2147483647
1807	4	14	10	9035	2147483647
1808	4	14	40	9040	2147483647
1809	4	14	30	9045	2147483647
1810	4	14	40	9050	2147483647
1811	0	12	30	9055	2147483647
1812	0	12	30	9060	2147483647
1813	4	14	10	9065	2147483647
1814	0	12	30	9070	2147483647
1815	4	14	10	9075	2147483647
1816	4	14	40	9080	2147483647
1817	0	12	20	9085	2147483647
1818	4	14	10	9090	2147483647
1819	3	1	40	9095	2147483647
1820	3	1	30	9100	2147483647
1821	4	14	10	9105	2147483647
1822	4	14	30	9110	2147483647
1823	4	8	30	9115	2147483647
1824	4	14	10	9120	2147483647
1825	4	14	40	9125	2147483647
1826	3	1	10	9130	2147483647
1827	4	14	30	9135	2147483647
1828	4	14	30	9140	2147483647
1829	4	14	40	9145	2147483647
1830	4	14	20	9150	2147483647
1831	3	1	10	9155	2147483647
1832	3	1	20	9160	2147483647
1833	3	1	30	9165	2147483647
1834	4	14	40	9170	2147483647
1835	4	14	20	9175	2147483647
1836	4	14	10	9180	2147483647
1837	4	14	20	9185	2147483647
1838	4	14	10	9190	2147483647
1839	4	14	20	9195	2147483647
1840	0	12	40	9200	2147483647
1841	0	12	30	9205	2147483647
1842	0	12	30	9210	2147483647
1843	4	14	30	9215	2147483647
1844	4	14	20	9220	2147483647
1845	4	14	20	9225	2147483647
1846	4	14	40	9230	2147483647
1847	4	14	40	9235	2147483647
1848	0	12	10	9240	2147483647
1849	4	8	20	9245	2147483647
1850	0	12	10	9250	2147483647
1851	4	8	30	9255	2147483647
1852	4	14	40	9260	2147483647
1853	4	14	30	9265	2147483647
1854	4	8	10	9270	2147483647
1855	4	14	30	9275	2147483647
1856	4	8	40	9280	2147483647
1857	4	8	40	9285	2147483647
1858	4	14	30	9290	2147483647
1859	4	8	10	9295	2147483647
1860	3	1	10	9300	2147483647
1861	4	14	30	9305	2147483647
1862	4	8	30	9310	2147483647
1863	4	14	10	9315	2147483647
1864	4	14	20	9320	2147483647
1865	4	8	30	9325	2147483647
1866	3	1	20	9330	2147483647
1867	3	1	40	9335	2147483647
1868	4	14	10	9340	2147483647
1869	0	12	20	9345	2147483647
1870	4	14	40	9350	2147483647
1871	0	12	30	9355	2147483647
1872	4	8	10	9360	2147483647
1873	4	8	40	9365	2147483647
1874	3	1	10	9370	2147483647
1875	3	1	40	9375	2147483647
1876	4	14	20	9380	2147483647
1877	0	12	10	9385	2147483647
1878	4	8	20	9390	2147483647
1879	4	14	40	9395	2147483647
1880	4	14	10	9400	2147483647
1881	4	14	10	9405	2147483647
1882	3	1	30	9410	2147483647
1883	3	1	10	9415	2147483647
1884	4	14	30	9420	2147483647
1885	4	14	40	9425	2147483647
1886	4	14	10	9430	2147483647
1887	4	14	30	9435	2147483647
1888	4	8	30	9440	2147483647
1889	4	8	20	9445	2147483647
1890	4	14	20	9450	2147483647
1891	3	1	20	9455	2147483647
1892	4	14	30	9460	2147483647
1893	3	1	10	9465	2147483647
1894	0	12	20	9470	2147483647
1895	3	1	20	9475	2147483647
1896	4	14	10	9480	2147483647
1897	0	12	30	9485	2147483647
1898	4	14	20	9490	2147483647
1899	4	14	30	9495	2147483647
1900	4	8	10	9500	2147483647
1901	4	8	40	9505	2147483647
1902	4	14	40	9510	2147483647
1903	4	14	40	9515	2147483647
1904	4	8	30	9520	2147483647
1905	0	12	30	9525	2147483647
1906	4	14	30	9530	2147483647
1907	4	8	10	9535	2147483647
1908	3	1	30	9540	2147483647
1909	4	14	10	9545	2147483647
1910	4	14	10	9550	2147483647
1911	0	12	40	9555	2147483647
1912	0	12	30	9560	2147483647
1913	0	12	40	9565	2147483647
1914	4	8	10	9570	2147483647
1915	4	14	40	9575	2147483647
1916	0	12	40	9580	2147483647
1917	4	14	20	9585	2147483647
1918	4	8	20	9590	2147483647
1919	4	8	20	9595	2147483647
1920	3	1	30	9600	2147483647
1921	4	14	30	9605	2147483647
1922	4	8	20	9610	2147483647
1923	4	14	40	9615	2147483647
1924	3	1	40	9620	2147483647
1925	3	1	20	9625	2147483647
1926	0	12	40	9630	2147483647
1927	4	14	10	9635	2147483647
1928	4	8	30	9640	2147483647
1929	4	14	40	9645	2147483647
1930	4	14	40	9650	2147483647
1931	4	14	40	9655	2147483647
1932	4	8	30	9660	2147483647
1933	4	14	30	9665	2147483647
1934	3	1	30	9670	2147483647
1935	4	14	20	9675	2147483647
1936	4	14	20	9680	2147483647
1937	3	1	40	9685	2147483647
1938	0	12	30	9690	2147483647
1939	3	1	40	9695	2147483647
1940	4	14	20	9700	2147483647
1941	3	1	40	9705	2147483647
1942	0	12	10	9710	2147483647
1943	4	8	20	9715	2147483647
1944	4	8	20	9720	2147483647
1945	3	1	30	9725	2147483647
1946	3	1	40	9730	2147483647
1947	4	14	40	9735	2147483647
1948	0	12	40	9740	2147483647
1949	4	8	20	9745	2147483647
1950	4	8	20	9750	2147483647
1951	4	14	30	9755	2147483647
1952	4	14	10	9760	2147483647
1953	3	1	40	9765	2147483647
1954	0	12	10	9770	2147483647
1955	4	8	30	9775	2147483647
1956	0	12	20	9780	2147483647
1957	0	12	40	9785	2147483647
1958	3	1	40	9790	2147483647
1959	4	14	10	9795	2147483647
1960	4	14	30	9800	2147483647
1961	0	12	20	9805	2147483647
1962	0	12	30	9810	2147483647
1963	4	14	40	9815	2147483647
1964	4	8	10	9820	2147483647
1965	0	12	10	9825	2147483647
1966	4	14	10	9830	2147483647
1967	3	1	40	9835	2147483647
1968	3	1	10	9840	2147483647
1969	4	14	30	9845	2147483647
1970	0	12	20	9850	2147483647
1971	3	1	40	9855	2147483647
1972	4	14	40	9860	2147483647
1973	4	14	30	9865	2147483647
1974	4	14	40	9870	2147483647
1975	4	14	30	9875	2147483647
1976	4	14	30	9880	2147483647
1977	4	14	40	9885	2147483647
1978	4	8	30	9890	2147483647
1979	4	14	10	9895	2147483647
1980	4	14	30	9900	2147483647
1981	4	8	10	9905	2147483647
1982	4	14	10	9910	2147483647
1983	4	14	10	9915	2147483647
1984	3	1	20	9920	2147483647
1985	4	14	10	9925	2147483647
1986	4	14	40	9930	2147483647
1987	4	14	30	9935	2147483647
1988	3	1	30	9940	2147483647
1989	0	12	10	9945	2147483647
1990	3	1	40	9950	2147483647
1991	4	14	20	9955	2147483647
1992	0	12	10	9960	2147483647
1993	4	8	20	9965	2147483647
1994	3	1	20	9970	2147483647
1995	3	1	40	9975	2147483647
1996	4	8	20	9980	2147483647
1997	4	8	10	9985	2147483647
1998	0	12	20	9990	2147483647
1999	4	8	10	9995	2147483647
