0	4	14	20	0	2147483647
1	3	1	20	5	2147483647
2	4	14	20	10	2147483647
3	0	12	5	15	2147483647
4	4	8	15	20	2147483647
5	4	8	5	25	2147483647
6	3	1	10	30	2147483647
7	4	14	15	35	2147483647
8	4	14	10	40	2147483647
9	0	12	20	45	2147483647
10	4	14	10	50	2147483647
11	4	14	20	55	2147483647
12	4	14	5	60	2147483647
13	4	14	20	65	2147483647
14	3	1	20	70	2147483647
15	4	14	5	75	2147483647
16	4	8	5	80	2147483647
17	3	1	10	85	2147483647
18	4	14	20	90	2147483647
19	0	12	5	95	2147483647
20	0	12	20	100	2147483647
21	0	12	5	105	2147483647
22	4	14	20	110	2147483647
23	3	1	20	115	2147483647
24	4	14	20	120	2147483647
25	4	14	5	125	2147483647
26	0	12	10	130	2147483647
27	4	14	5	135	2147483647
28	3	1	20	140	2147483647
29	0	12	10	145	2147483647
30	4	14	5	150	2147483647
31	3	1	15	155	2147483647
32	3	1	10	160	2147483647
33	4	14	5	165	2147483647
34	4	14	20	170	2147483647
35	0	12	10	175	2147483647
36	4	14	20	180	2147483647
37	0	12	20	185	2147483647
38	3	1	20	190	2147483647
39	0	12	10	195	2147483647
40	0	12	20	200	2147483647
41	4	8	10	205	2147483647
42	4	8	20	210	2147483647
43	3	1	10	215	2147483647
44	4	14	5	220	2147483647
45	4	14	15	225	2147483647
46	0	12	10	230	2147483647
47	3	1	20	235	2147483647
48	4	8	5	240	2147483647
49	4	14	5	245	2147483647
50	4	14	20	250	2147483647
51	4	14	20	255	2147483647
52	4	14	15	260	2147483647
53	4	14	20	265	2147483647
54	4	14	20	270	2147483647
55	3	1	15	275	2147483647
56	4	14	5	280	2147483647
57	4	8	20	285	2147483647
58	0	12	10	290	2147483647
59	3	1	15	295	2147483647
60	0	12	15	300	2147483647
61	3	1	10	305	2147483647
62	0	12	15	310	2147483647
63	3	1	20	315	2147483647
64	0	12	15	320	2147483647
65	0	12	20	325	2147483647
66	4	8	15	330	2147483647
67	4	14	5	335	2147483647
68	4	8	5	340	2147483647
69	3	1	15	345	2147483647
70	0	12	5	350	2147483647
71	4	8	10	355	2147483647
72	4	14	10	360	2147483647
73	4	14	15	365	2147483647
74	4	14	10	370	2147483647
75	4	14	15	375	2147483647
76	4	14	5	380	2147483647
77	4	8	10	385	2147483647
78	3	1	20	390	2147483647
79	4	14	5	395	2147483647
80	3	1	15	400	2147483647
81	4	14	15	405	2147483647
82	4	14	20	410	2147483647
83	4	14	20	415	2147483647
84	4	8	15	420	2147483647
85	0	12	5	425	2147483647
86	3	1	20	430	2147483647
87	3	1	15	435	2147483647
88	4	8	5	440	2147483647
89	0	12	10	445	2147483647
90	3	1	10	450	2147483647
91	3	1	5	455	2147483647
92	4	14	15	460	2147483647
93	0	12	10	465	2147483647
94	4	14	20	470	2147483647
95	4	14	10	475	2147483647
96	4	8	15	480	2147483647
97	4	14	5	485	2147483647
98	4	8	15	490	2147483647
99	4	14	10	495	2147483647
100	4	14	5	500	2147483647
101	3	1	10	505	2147483647
102	4	8	20	510	2147483647
103	4	14	15	515	2147483647
104	4	14	5	520	2147483647
105	3	1	15	525	2147483647
106	4	14	15	530	2147483647
107	0	12	5	535	2147483647
108	0	12	15	540	2147483647
109	4	14	10	545	2147483647
110	4	14	10	550	2147483647
111	4	8	15	555	2147483647
112	4	14	5	560	2147483647
113	0	12	5	565	2147483647
114	0	12	5	570	2147483647
115	3	1	20	575	2147483647
116	4	14	15	580	2147483647
117	3	1	20	585	2147483647
118	0	12	5	590	2147483647
119	0	12	10	595	2147483647
120	4	14	20	600	2147483647
121	4	14	5	605	2147483647
122	4	8	5	610	2147483647
123	0	12	15	615	2147483647
124	0	12	10	620	2147483647
125	3	1	5	625	2147483647
126	4	8	15	630	2147483647
127	4	14	5	635	2147483647
128	4	14	20	640	2147483647
129	4	8	20	645	2147483647
130	3	1	20	650	2147483647
131	0	12	5	655	2147483647
132	4	14	15	660	2147483647
133	4	14	10	665	2147483647
134	4	8	5	670	2147483647
135	0	12	10	675	2147483647
136	4	8	15	680	2147483647
137	4	14	5	685	2147483647
138	4	14	15	690	2147483647
139	4	14	20	695	2147483647
140	4	8	15	700	2147483647
141	3	1	20	705	2147483647
142	3	1	20	710	2147483647
143	3	1	20	715	2147483647
144	4	8	5	720	2147483647
145	0	12	15	725	2147483647
146	4	14	20	730	2147483647
147	4	14	15	735	2147483647
148	4	14	5	740	2147483647
149	4	8	20	745	2147483647
150	4	14	20	750	2147483647
151	4	14	20	755	2147483647
152	3	1	20	760	2147483647
153	4	8	5	765	2147483647
154	0	12	10	770	2147483647
155	4	14	5	775	2147483647
156	0	12	10	780	2147483647
157	0	12	5	785	2147483647
158	4	14	10	790	2147483647
159	4	8	20	795	2147483647
160	0	12	5	800	2147483647
161	4	14	15	805	2147483647
162	0	12	10	810	2147483647
163	4	14	15	815	2147483647
164	4	8	10	820	2147483647
165	4	14	10	825	2147483647
166	3	1	20	830	2147483647
167	0	12	15	835	2147483647
168	4	14	20	840	2147483647
169	4	14	20	845	2147483647
170	4	8	10	850	2147483647
171	4	14	10	855	2147483647
172	4	14	5	860	2147483647
173	4	8	10	865	2147483647
174	4	14	20	870	2147483647
175	0	12	20	875	2147483647
176	4	8	5	880	2147483647
177	4	14	5	885	2147483647
178	4	14	15	890	2147483647
179	0	12	15	895	2147483647
180	4	14	5	900	2147483647
181	3	1	20	905	2147483647
182	4	14	20	910	2147483647
183	4	14	20	915	2147483647
184	4	8	5	920	2147483647
185	3	1	5	925	2147483647
186	3	1	5	930	2147483647
187	3	1	10	935	2147483647
188	3	1	5	940	2147483647
189	3	1	5	945	2147483647
190	4	14	20	950	2147483647
191	0	12	10	955	2147483647
192	0	12	20	960	2147483647
193	4	8	15	965	2147483647
194	4	14	20	970	2147483647
195	3	1	5	975	2147483647
196	4	8	15	980	2147483647
197	4	14	10	985	2147483647
198	0	12	15	990	2147483647
199	4	14	15	995	2147483647
200	3	1	20	1000	2147483647
201	4	14	10	1005	2147483647
202	4	14	15	1010	2147483647
203	0	12	10	1015	2147483647
204	0	12	15	1020	2147483647
205	0	12	10	1025	2147483647
206	0	12	15	1030	2147483647
207	4	8	15	1035	2147483647
208	3	1	10	1040	2147483647
209	4	14	15	1045	2147483647
210	3	1	5	1050	2147483647
211	3	1	5	1055	2147483647
212	4	8	15	1060	2147483647
213	4	14	20	1065	2147483647
214	3	1	20	1070	2147483647
215	3	1	5	1075	2147483647
216	4	14	15	1080	2147483647
217	3	1	10	1085	2147483647
218	3	1	10	1090	2147483647
219	4	14	5	1095	2147483647
220	0	12	5	1100	2147483647
221	4	14	10	1105	2147483647
222	3	1	15	1110	2147483647
223	4	8	20	1115	2147483647
224	0	12	20	1120	2147483647
225	0	12	20	1125	2147483647
226	4	14	10	1130	2147483647
227	3	1	10	1135	2147483647
228	3	1	10	1140	2147483647
229	4	8	20	1145	2147483647
230	4	14	5	1150	2147483647
231	3	1	15	1155	2147483647
232	4	14	15	1160	2147483647
233	0	12	20	1165	2147483647
234	3	1	15	1170	2147483647
235	0	12	20	1175	2147483647
236	4	14	5	1180	2147483647
237	4	14	15	1185	2147483647
238	3	1	10	1190	2147483647
239	0	12	15	1195	2147483647
240	3	1	10	1200	2147483647
241	4	8	15	1205	2147483647
242	4	14	5	1210	2147483647
243	3	1	10	1215	2147483647
244	4	14	5	1220	2147483647
245	3	1	20	1225	2147483647
246	4	14	20	1230	2147483647
247	3	1	5	1235	2147483647
248	4	14	20	1240	2147483647
249	4	8	15	1245	2147483647
250	3	1	10	1250	2147483647
251	4	14	10	1255	2147483647
252	0	12	20	1260	2147483647
253	4	8	10	1265	2147483647
254	4	14	15	1270	2147483647
255	3	1	15	1275	2147483647
256	0	12	20	1280	2147483647
257	4	14	20	1285	2147483647
258	4	14	10	1290	2147483647
259	4	14	15	1295	2147483647
260	3	1	5	1300	2147483647
261	4	14	5	1305	2147483647
262	4	14	5	1310	2147483647
263	4	8	10	1315	2147483647
264	0	12	10	1320	2147483647
265	4	14	10	1325	2147483647
266	4	14	10	1330	2147483647
267	4	8	15	1335	2147483647
268	0	12	5	1340	2147483647
269	4	8	5	1345	2147483647
270	4	14	5	1350	2147483647
271	0	12	20	1355	2147483647
272	4	14	20	1360	2147483647
273	3	1	15	1365	2147483647
274	4	8	20	1370	2147483647
275	4	14	15	1375	2147483647
276	0	12	5	1380	2147483647
277	4	14	5	1385	2147483647
278	3	1	20	1390	2147483647
279	4	14	5	1395	2147483647
280	4	8	20	1400	2147483647
281	4	8	10	1405	2147483647
282	4	14	15	1410	2147483647
283	0	12	20	1415	2147483647
284	4	14	10	1420	2147483647
285	4	14	20	1425	2147483647
286	3	1	15	1430	2147483647
287	4	8	10	1435	2147483647
288	3	1	10	1440	2147483647
289	0	12	5	1445	2147483647
290	0	12	20	1450	2147483647
291	4	14	10	1455	2147483647
292	4	14	10	1460	2147483647
293	3	1	15	1465	2147483647
294	4	14	15	1470	2147483647
295	4	14	5	1475	2147483647
296	4	8	10	1480	2147483647
297	4	14	15	1485	2147483647
298	4	8	5	1490	2147483647
299	4	14	15	1495	2147483647
300	3	1	10	1500	2147483647
301	3	1	10	1505	2147483647
302	4	8	20	1510	2147483647
303	3	1	20	1515	2147483647
304	3	1	15	1520	2147483647
305	3	1	10	1525	2147483647
306	4	14	10	1530	2147483647
307	4	14	10	1535	2147483647
308	0	12	15	1540	2147483647
309	4	14	5	1545	2147483647
310	3	1	10	1550	2147483647
311	0	12	15	1555	2147483647
312	0	12	20	1560	2147483647
313	4	8	10	1565	2147483647
314	4	14	20	1570	2147483647
315	0	12	15	1575	2147483647
316	4	14	15	1580	2147483647
317	4	14	5	1585	2147483647
318	3	1	20	1590	2147483647
319	0	12	10	1595	2147483647
320	3	1	15	1600	2147483647
321	3	1	5	1605	2147483647
322	4	14	10	1610	2147483647
323	0	12	5	1615	2147483647
324	4	8	5	1620	2147483647
325	4	14	15	1625	2147483647
326	0	12	15	1630	2147483647
327	4	8	5	1635	2147483647
328	4	14	5	1640	2147483647
329	3	1	15	1645	2147483647
330	3	1	5	1650	2147483647
331	3	1	15	1655	2147483647
332	3	1	20	1660	2147483647
333	3	1	5	1665	2147483647
334	0	12	15	1670	2147483647
335	4	14	15	1675	2147483647
336	0	12	10	1680	2147483647
337	0	12	20	1685	2147483647
338	3	1	10	1690	2147483647
339	4	8	20	1695	2147483647
340	4	14	10	1700	2147483647
341	4	14	10	1705	2147483647
342	4	8	20	1710	2147483647
343	4	14	10	1715	2147483647
344	3	1	20	1720	2147483647
345	4	14	5	1725	2147483647
346	4	14	15	1730	2147483647
347	3	1	20	1735	2147483647
348	4	14	20	1740	2147483647
349	3	1	20	1745	2147483647
350	4	14	15	1750	2147483647
351	3	1	5	1755	2147483647
352	0	12	15	1760	2147483647
353	4	8	15	1765	2147483647
354	4	8	5	1770	2147483647
355	4	14	10	1775	2147483647
356	4	14	20	1780	2147483647
357	0	12	20	1785	2147483647
358	4	8	15	1790	2147483647
359	4	14	20	1795	2147483647
360	3	1	20	1800	2147483647
361	4	14	5	1805	2147483647
362	4	14	5	1810	2147483647
363	3	1	20	1815	2147483647
364	0	12	20	1820	2147483647
365	0	12	20	1825	2147483647
366	3	1	20	1830	2147483647
367	4	14	15	1835	2147483647
368	4	8	15	1840	2147483647
369	4	14	5	1845	2147483647
370	0	12	5	1850	2147483647
371	4	14	20	1855	2147483647
372	4	8	20	1860	2147483647
373	4	8	20	1865	2147483647
374	0	12	20	1870	2147483647
375	4	14	5	1875	2147483647
376	4	8	5	1880	2147483647
377	0	12	5	1885	2147483647
378	4	14	5	1890	2147483647
379	4	8	20	1895	2147483647
380	0	12	5	1900	2147483647
381	3	1	15	1905	2147483647
382	4	8	10	1910	2147483647
383	0	12	5	1915	2147483647
384	4	14	5	1920	2147483647
385	0	12	5	1925	2147483647
386	4	8	20	1930	2147483647
387	4	8	5	1935	2147483647
388	0	12	5	1940	2147483647
389	0	12	10	1945	2147483647
390	0	12	15	1950	2147483647
391	4	14	15	1955	2147483647
392	4	14	5	1960	2147483647
393	4	14	15	1965	2147483647
394	4	14	5	1970	2147483647
395	4	8	10	1975	2147483647
396	4	14	10	1980	2147483647
397	4	14	20	1985	2147483647
398	3	1	10	1990	2147483647
399	3	1	5	1995	2147483647
400	4	8	10	2000	2147483647
401	0	12	5	2005	2147483647
402	4	8	10	2010	2147483647
403	0	12	15	2015	2147483647
404	3	1	15	2020	2147483647
405	0	12	15	2025	2147483647
406	0	12	10	2030	2147483647
407	4	14	15	2035	2147483647
408	0	12	15	2040	2147483647
409	4	14	5	2045	2147483647
410	4	14	5	2050	2147483647
411	3	1	20	2055	2147483647
412	3	1	15	2060	2147483647
413	4	14	15	2065	2147483647
414	3	1	20	2070	2147483647
415	4	14	5	2075	2147483647
416	4	8	20	2080	2147483647
417	4	14	5	2085	2147483647
418	4	14	20	2090	2147483647
419	4	14	15	2095	2147483647
420	4	14	5	2100	2147483647
421	4	8	15	2105	2147483647
422	3	1	10	2110	2147483647
423	4	8	10	2115	2147483647
424	4	14	15	2120	2147483647
425	0	12	15	2125	2147483647
426	4	14	15	2130	2147483647
427	4	8	10	2135	2147483647
428	4	8	20	2140	2147483647
429	4	14	15	2145	2147483647
430	4	14	20	2150	2147483647
431	4	14	10	2155	2147483647
432	4	14	15	2160	2147483647
433	0	12	5	2165	2147483647
434	0	12	10	2170	2147483647
435	4	14	20	2175	2147483647
436	4	8	10	2180	2147483647
437	4	8	15	2185	2147483647
438	4	14	10	2190	2147483647
439	4	14	10	2195	2147483647
440	0	12	15	2200	2147483647
441	3	1	5	2205	2147483647
442	4	8	10	2210	2147483647
443	3	1	5	2215	2147483647
444	3	1	10	2220	2147483647
445	4	14	15	2225	2147483647
446	3	1	20	2230	2147483647
447	4	14	10	2235	2147483647
448	3	1	15	2240	2147483647
449	0	12	20	2245	2147483647
450	0	12	10	2250	2147483647
451	0	12	5	2255	2147483647
452	4	14	5	2260	2147483647
453	3	1	15	2265	2147483647
454	4	14	5	2270	2147483647
455	0	12	20	2275	2147483647
456	4	14	15	2280	2147483647
457	0	12	20	2285	2147483647
458	3	1	5	2290	2147483647
459	4	8	5	2295	2147483647
460	0	12	5	2300	2147483647
461	4	14	5	2305	2147483647
462	3	1	20	2310	2147483647
463	4	8	20	2315	2147483647
464	0	12	5	2320	2147483647
465	0	12	20	2325	2147483647
466	4	14	10	2330	2147483647
467	3	1	10	2335	2147483647
468	4	14	10	2340	2147483647
469	4	14	20	2345	2147483647
470	3	1	20	2350	2147483647
471	0	12	10	2355	2147483647
472	0	12	15	2360	2147483647
473	4	8	10	2365	2147483647
474	4	14	20	2370	2147483647
475	0	12	5	2375	2147483647
476	4	14	5	2380	2147483647
477	0	12	10	2385	2147483647
478	4	14	5	2390	2147483647
479	4	14	5	2395	2147483647
480	3	1	15	2400	2147483647
481	4	14	5	2405	2147483647
482	4	14	15	2410	2147483647
483	4	8	20	2415	2147483647
484	4	14	10	2420	2147483647
485	3	1	15	2425	2147483647
486	4	14	5	2430	2147483647
487	0	12	20	2435	2147483647
488	0	12	5	2440	2147483647
489	0	12	15	2445	2147483647
490	0	12	10	2450	2147483647
491	4	8	10	2455	2147483647
492	4	14	15	2460	2147483647
493	4	8	10	2465	2147483647
494	4	14	10	2470	2147483647
495	3	1	15	2475	2147483647
496	0	12	5	2480	2147483647
497	0	12	10	2485	2147483647
498	3	1	20	2490	2147483647
499	3	1	10	2495	2147483647
500	4	14	10	2500	2147483647
501	0	12	15	2505	2147483647
502	4	8	5	2510	2147483647
503	4	14	20	2515	2147483647
504	3	1	5	2520	2147483647
505	0	12	5	2525	2147483647
506	0	12	15	2530	2147483647
507	3	1	20	2535	2147483647
508	4	14	15	2540	2147483647
509	4	14	5	2545	2147483647
510	0	12	15	2550	2147483647
511	4	14	5	2555	2147483647
512	4	8	20	2560	2147483647
513	4	14	20	2565	2147483647
514	4	14	10	2570	2147483647
515	0	12	20	2575	2147483647
516	4	14	10	2580	2147483647
517	0	12	5	2585	2147483647
518	3	1	15	2590	2147483647
519	3	1	15	2595	2147483647
520	4	8	20	2600	2147483647
521	4	14	10	2605	2147483647
522	4	8	10	2610	2147483647
523	4	14	15	2615	2147483647
524	3	1	10	2620	2147483647
525	4	8	10	2625	2147483647
526	4	8	15	2630	2147483647
527	4	14	10	2635	2147483647
528	4	14	20	2640	2147483647
529	3	1	10	2645	2147483647
530	0	12	20	2650	2147483647
531	4	14	15	2655	2147483647
532	3	1	15	2660	2147483647
533	4	8	15	2665	2147483647
534	4	14	15	2670	2147483647
535	3	1	5	2675	2147483647
536	4	14	20	2680	2147483647
537	0	12	15	2685	2147483647
538	4	14	15	2690	2147483647
539	4	14	10	2695	2147483647
540	3	1	20	2700	2147483647
541	4	8	5	2705	2147483647
542	3	1	5	2710	2147483647
543	3	1	5	2715	2147483647
544	0	12	20	2720	2147483647
545	3	1	5	2725	2147483647
546	0	12	10	2730	2147483647
547	0	12	15	2735	2147483647
548	3	1	20	2740	2147483647
549	3	1	10	2745	2147483647
550	4	14	5	2750	2147483647
551	4	14	20	2755	2147483647
552	4	14	20	2760	2147483647
553	4	14	5	2765	2147483647
554	0	12	15	2770	2147483647
555	4	8	20	2775	2147483647
556	4	14	5	2780	2147483647
557	4	14	15	2785	2147483647
558	4	8	10	2790	2147483647
559	0	12	20	2795	2147483647
560	4	14	10	2800	2147483647
561	4	8	10	2805	2147483647
562	4	14	20	2810	2147483647
563	0	12	10	2815	2147483647
564	3	1	5	2820	2147483647
565	4	8	5	2825	2147483647
566	0	12	15	2830	2147483647
567	4	14	10	2835	2147483647
568	4	14	10	2840	2147483647
569	4	8	10	2845	2147483647
570	4	8	20	2850	2147483647
571	3	1	15	2855	2147483647
572	0	12	10	2860	2147483647
573	4	14	5	2865	2147483647
574	4	14	15	2870	2147483647
575	4	14	15	2875	2147483647
576	0	12	10	2880	2147483647
577	4	14	5	2885	2147483647
578	3	1	15	2890	2147483647
579	4	14	10	2895	2147483647
580	4	8	20	2900	2147483647
581	0	12	5	2905	2147483647
582	4	8	10	2910	2147483647
583	0	12	15	2915	2147483647
584	4	14	5	2920	2147483647
585	4	8	20	2925	2147483647
586	4	8	20	2930	2147483647
587	4	14	10	2935	2147483647
588	4	8	20	2940	2147483647
589	4	14	20	2945	2147483647
590	4	14	20	2950	2147483647
591	0	12	10	2955	2147483647
592	4	14	10	2960	2147483647
593	4	14	20	2965	2147483647
594	4	14	5	2970	2147483647
595	4	8	15	2975	2147483647
596	4	8	5	2980	2147483647
597	4	8	15	2985	2147483647
598	4	14	20	2990	2147483647
599	4	14	20	2995	2147483647
600	4	8	15	3000	2147483647
601	0	12	5	3005	2147483647
602	4	8	10	3010	2147483647
603	0	12	15	3015	2147483647
604	4	8	15	3020	2147483647
605	0	12	10	3025	2147483647
606	4	14	15	3030	2147483647
607	4	14	15	3035	2147483647
608	4	14	10	3040	2147483647
609	0	12	5	3045	2147483647
610	0	12	15	3050	2147483647
611	4	14	20	3055	2147483647
612	0	12	20	3060	2147483647
613	4	8	5	3065	2147483647
614	4	14	20	3070	2147483647
615	4	14	5	3075	2147483647
616	4	14	20	3080	2147483647
617	4	14	10	3085	2147483647
618	4	8	10	3090	2147483647
619	4	8	5	3095	2147483647
620	4	14	5	3100	2147483647
621	3	1	5	3105	2147483647
622	4	14	15	3110	2147483647
623	0	12	15	3115	2147483647
624	4	14	10	3120	2147483647
625	0	12	10	3125	2147483647
626	4	14	10	3130	2147483647
627	3	1	15	3135	2147483647
628	4	14	5	3140	2147483647
629	4	14	20	3145	2147483647
630	4	14	10	3150	2147483647
631	4	14	15	3155	2147483647
632	0	12	10	3160	2147483647
633	4	14	15	3165	2147483647
634	4	14	15	3170	2147483647
635	0	12	20	3175	2147483647
636	4	14	20	3180	2147483647
637	0	12	20	3185	2147483647
638	4	14	5	3190	2147483647
639	4	14	15	3195	2147483647
640	3	1	10	3200	2147483647
641	4	8	5	3205	2147483647
642	4	14	20	3210	2147483647
643	0	12	15	3215	2147483647
644	3	1	10	3220	2147483647
645	4	14	5	3225	2147483647
646	0	12	15	3230	2147483647
647	3	1	5	3235	2147483647
648	4	14	5	3240	2147483647
649	4	8	20	3245	2147483647
650	4	8	20	3250	2147483647
651	3	1	20	3255	2147483647
652	4	14	10	3260	2147483647
653	3	1	20	3265	2147483647
654	4	14	15	3270	2147483647
655	4	14	10	3275	2147483647
656	3	1	10	3280	2147483647
657	4	8	20	3285	2147483647
658	3	1	5	3290	2147483647
659	0	12	5	3295	2147483647
660	3	1	5	3300	2147483647
661	4	8	20	3305	2147483647
662	0	12	15	3310	2147483647
663	0	12	10	3315	2147483647
664	3	1	15	3320	2147483647
665	4	8	20	3325	2147483647
666	4	14	15	3330	2147483647
667	4	8	5	3335	2147483647
668	4	14	10	3340	2147483647
669	4	14	20	3345	2147483647
670	4	14	10	3350	2147483647
671	4	14	5	3355	2147483647
672	0	12	10	3360	2147483647
673	4	14	20	3365	2147483647
674	4	14	20	3370	2147483647
675	3	1	5	3375	2147483647
676	4	14	10	3380	2147483647
677	3	1	20	3385	2147483647
678	4	14	10	3390	2147483647
679	4	14	10	3395	2147483647
680	0	12	15	3400	2147483647
681	4	8	5	3405	2147483647
682	4	14	15	3410	2147483647
683	3	1	5	3415	2147483647
684	3	1	5	3420	2147483647
685	0	12	15	3425	2147483647
686	0	12	10	3430	2147483647
687	3	1	10	3435	2147483647
688	4	14	5	3440	2147483647
689	4	14	10	3445	2147483647
690	3	1	15	3450	2147483647
691	3	1	5	3455	2147483647
692	4	14	15	3460	2147483647
693	3	1	20	3465	2147483647
694	0	12	10	3470	2147483647
695	0	12	10	3475	2147483647
696	4	8	15	3480	2147483647
697	3	1	10	3485	2147483647
698	3	1	5	3490	2147483647
699	4	8	10	3495	2147483647
700	4	14	10	3500	2147483647
701	4	14	15	3505	2147483647
702	4	14	20	3510	2147483647
703	4	14	10	3515	2147483647
704	3	1	15	3520	2147483647
705	3	1	20	3525	2147483647
706	3	1	10	3530	2147483647
707	0	12	15	3535	2147483647
708	3	1	20	3540	2147483647
709	4	8	15	3545	2147483647
710	0	12	5	3550	2147483647
711	4	14	10	3555	2147483647
712	4	14	10	3560	2147483647
713	4	14	20	3565	2147483647
714	0	12	10	3570	2147483647
715	0	12	20	3575	2147483647
716	4	14	10	3580	2147483647
717	3	1	10	3585	2147483647
718	4	14	10	3590	2147483647
719	3	1	20	3595	2147483647
720	4	8	15	3600	2147483647
721	3	1	5	3605	2147483647
722	4	8	5	3610	2147483647
723	4	14	20	3615	2147483647
724	4	8	5	3620	2147483647
725	4	8	5	3625	2147483647
726	0	12	10	3630	2147483647
727	3	1	15	3635	2147483647
728	3	1	10	3640	2147483647
729	4	14	10	3645	2147483647
730	4	8	15	3650	2147483647
731	4	8	20	3655	2147483647
732	0	12	20	3660	2147483647
733	4	8	20	3665	2147483647
734	0	12	20	3670	2147483647
735	4	8	5	3675	2147483647
736	3	1	10	3680	2147483647
737	4	14	10	3685	2147483647
738	0	12	10	3690	2147483647
739	4	14	10	3695	2147483647
740	4	14	10	3700	2147483647
741	4	14	20	3705	2147483647
742	4	14	15	3710	2147483647
743	4	14	10	3715	2147483647
744	4	14	10	3720	2147483647
745	3	1	5	3725	2147483647
746	4	14	15	3730	2147483647
747	4	14	20	3735	2147483647
748	3	1	15	3740	2147483647
749	0	12	15	3745	2147483647
750	4	8	5	3750	2147483647
751	4	14	5	3755	2147483647
752	4	14	5	3760	2147483647
753	0	12	5	3765	2147483647
754	0	12	15	3770	2147483647
755	4	8	5	3775	2147483647
756	3	1	15	3780	2147483647
757	4	14	20	3785	2147483647
758	3	1	5	3790	2147483647
759	0	12	15	3795	2147483647
760	3	1	10	3800	2147483647
761	0	12	20	3805	2147483647
762	3	1	5	3810	2147483647
763	4	14	15	3815	2147483647
764	0	12	5	3820	2147483647
765	4	14	10	3825	2147483647
766	4	14	15	3830	2147483647
767	4	8	15	3835	2147483647
768	4	14	20	3840	2147483647
769	4	14	10	3845	2147483647
770	4	14	15	3850	2147483647
771	0	12	5	3855	2147483647
772	4	8	20	3860	2147483647
773	4	14	20	3865	2147483647
774	4	14	15	3870	2147483647
775	4	8	20	3875	2147483647
776	3	1	15	3880	2147483647
777	4	14	15	3885	2147483647
778	4	8	15	3890	2147483647
779	4	14	20	3895	2147483647
780	3	1	15	3900	2147483647
781	0	12	15	3905	2147483647
782	4	14	20	3910	2147483647
783	3	1	20	3915	2147483647
784	3	1	5	3920	2147483647
785	4	8	10	3925	2147483647
786	3	1	15	3930	2147483647
787	4	14	15	3935	2147483647
788	4	8	5	3940	2147483647
789	4	14	20	3945	2147483647
790	4	14	10	3950	2147483647
791	4	14	10	3955	2147483647
792	0	12	5	3960	2147483647
793	0	12	20	3965	2147483647
794	3	1	5	3970	2147483647
795	4	14	15	3975	2147483647
796	4	8	15	3980	2147483647
797	4	8	5	3985	2147483647
798	4	14	10	3990	2147483647
799	4	14	5	3995	2147483647
800	3	1	15	4000	2147483647
801	3	1	5	4005	2147483647
802	4	8	20	4010	2147483647
803	4	14	10	4015	2147483647
804	3	1	20	4020	2147483647
805	4	8	5	4025	2147483647
806	3	1	5	4030	2147483647
807	0	12	5	4035	2147483647
808	4	8	15	4040	2147483647
809	4	14	20	4045	2147483647
810	4	14	15	4050	2147483647
811	4	14	20	4055	2147483647
812	3	1	5	4060	2147483647
813	4	14	5	4065	2147483647
814	3	1	5	4070	2147483647
815	4	8	15	4075	2147483647
816	0	12	20	4080	2147483647
817	0	12	10	4085	2147483647
818	0	12	10	4090	2147483647
819	4	14	15	4095	2147483647
820	0	12	15	4100	2147483647
821	4	14	20	4105	2147483647
822	0	12	10	4110	2147483647
823	0	12	5	4115	2147483647
824	4	14	20	4120	2147483647
825	4	14	5	4125	2147483647
826	0	12	20	4130	2147483647
827	4	8	5	4135	2147483647
828	4	8	20	4140	2147483647
829	4	8	5	4145	2147483647
830	0	12	5	4150	2147483647
831	4	8	15	4155	2147483647
832	0	12	5	4160	2147483647
833	4	8	15	4165	2147483647
834	4	8	10	4170	2147483647
835	0	12	10	4175	2147483647
836	4	14	20	4180	2147483647
837	0	12	15	4185	2147483647
838	0	12	20	4190	2147483647
839	4	8	5	4195	2147483647
840	4	14	10	4200	2147483647
841	3	1	10	4205	2147483647
842	4	14	5	4210	2147483647
843	3	1	5	4215	2147483647
844	4	14	5	4220	2147483647
845	0	12	15	4225	2147483647
846	4	8	5	4230	2147483647
847	4	8	5	4235	2147483647
848	3	1	20	4240	2147483647
849	4	8	10	4245	2147483647
850	3	1	15	4250	2147483647
851	4	8	5	4255	2147483647
852	0	12	15	4260	2147483647
853	4	14	20	4265	2147483647
854	4	14	10	4270	2147483647
855	3	1	15	4275	2147483647
856	4	8	15	4280	2147483647
857	4	8	15	4285	2147483647
858	4	14	15	4290	2147483647
859	4	14	15	4295	2147483647
860	0	12	5	4300	2147483647
861	4	8	5	4305	2147483647
862	4	14	10	4310	2147483647
863	0	12	15	4315	2147483647
864	4	14	20	4320	2147483647
865	4	14	20	4325	2147483647
866	4	14	20	4330	2147483647
867	4	8	10	4335	2147483647
868	3	1	15	4340	2147483647
869	3	1	15	4345	2147483647
870	4	8	20	4350	2147483647
871	4	14	5	4355	2147483647
872	4	14	10	4360	2147483647
873	4	14	5	4365	2147483647
874	0	12	5	4370	2147483647
875	4	14	5	4375	2147483647
876	4	8	15	4380	2147483647
877	4	14	5	4385	2147483647
878	4	8	20	4390	2147483647
879	4	14	10	4395	2147483647
880	3	1	5	4400	2147483647
881	4	14	20	4405	2147483647
882	4	14	5	4410	2147483647
883	0	12	15	4415	2147483647
884	4	14	10	4420	2147483647
885	4	14	20	4425	2147483647
886	0	12	20	4430	2147483647
887	4	8	10	4435	2147483647
888	3	1	10	4440	2147483647
889	4	14	15	4445	2147483647
890	4	14	15	4450	2147483647
891	4	14	5	4455	2147483647
892	0	12	5	4460	2147483647
893	3	1	10	4465	2147483647
894	0	12	20	4470	2147483647
895	3	1	10	4475	2147483647
896	4	14	5	4480	2147483647
897	4	14	15	4485	2147483647
898	4	14	10	4490	2147483647
899	0	12	10	4495	2147483647
900	3	1	15	4500	2147483647
901	0	12	20	4505	2147483647
902	4	14	10	4510	2147483647
903	0	12	10	4515	2147483647
904	4	14	10	4520	2147483647
905	3	1	10	4525	2147483647
906	4	8	15	4530	2147483647
907	3	1	10	4535	2147483647
908	4	14	15	4540	2147483647
909	0	12	5	4545	2147483647
910	4	8	20	4550	2147483647
911	4	14	15	4555	2147483647
912	4	14	20	4560	2147483647
913	4	8	10	4565	2147483647
914	0	12	15	4570	2147483647
915	3	1	10	4575	2147483647
916	3	1	20	4580	2147483647
917	4	14	20	4585	2147483647
918	4	8	5	4590	2147483647
919	4	14	20	4595	2147483647
920	4	14	20	4600	2147483647
921	3	1	10	4605	2147483647
922	4	14	5	4610	2147483647
923	4	14	5	4615	2147483647
924	4	14	20	4620	2147483647
925	4	14	20	4625	2147483647
926	4	14	5	4630	2147483647
927	3	1	5	4635	2147483647
928	3	1	10	4640	2147483647
929	3	1	20	4645	2147483647
930	4	14	5	4650	2147483647
931	3	1	5	4655	2147483647
932	4	14	15	4660	2147483647
933	4	8	15	4665	2147483647
934	0	12	15	4670	2147483647
935	4	8	10	4675	2147483647
936	4	14	10	4680	2147483647
937	3	1	20	4685	2147483647
938	0	12	5	4690	2147483647
939	0	12	20	4695	2147483647
940	3	1	5	4700	2147483647
941	4	14	15	4705	2147483647
942	3	1	15	4710	2147483647
943	4	8	5	4715	2147483647
944	4	8	15	4720	2147483647
945	4	14	5	4725	2147483647
946	4	14	5	4730	2147483647
947	4	14	20	4735	2147483647
948	4	8	15	4740	2147483647
949	4	14	10	4745	2147483647
950	4	14	10	4750	2147483647
951	4	14	5	4755	2147483647
952	3	1	10	4760	2147483647
953	4	14	15	4765	2147483647
954	3	1	10	4770	2147483647
955	0	12	10	4775	2147483647
956	3	1	15	4780	2147483647
957	0	12	10	4785	2147483647
958	3	1	10	4790	2147483647
959	4	8	10	4795	2147483647
960	4	14	10	4800	2147483647
961	4	14	15	4805	2147483647
962	4	14	5	4810	2147483647
963	4	8	20	4815	2147483647
964	0	12	5	4820	2147483647
965	4	14	20	4825	2147483647
966	4	14	20	4830	2147483647
967	4	14	5	4835	2147483647
968	4	8	15	4840	2147483647
969	4	14	10	4845	2147483647
970	3	1	5	4850	2147483647
971	4	14	5	4855	2147483647
972	4	14	15	4860	2147483647
973	0	12	5	4865	2147483647
974	3	1	15	4870	2147483647
975	4	14	10	4875	2147483647
976	0	12	15	4880	2147483647
977	4	8	5	4885	2147483647
978	3	1	10	4890	2147483647
979	4	14	15	4895	2147483647
980	4	14	15	4900	2147483647
981	0	12	5	4905	2147483647
982	0	12	15	4910	2147483647
983	4	14	20	4915	2147483647
984	3	1	10	4920	2147483647
985	4	14	20	4925	2147483647
986	0	12	20	4930	2147483647
987	0	12	20	4935	2147483647
988	4	14	10	4940	2147483647
989	0	12	5	4945	2147483647
990	4	14	15	4950	2147483647
991	4	14	5	4955	2147483647
992	0	12	10	4960	2147483647
993	4	14	15	4965	2147483647
994	3	1	15	4970	2147483647
995	3	1	15	4975	2147483647
996	4	14	10	4980	2147483647
997	0	12	20	4985	2147483647
998	0	12	20	4990	2147483647
999	3	1	20	4995	2147483647
1000	0	12	5	5000	2147483647
1001	4	14	5	5005	2147483647
1002	3	1	5	5010	2147483647
1003	3	1	10	5015	2147483647
1004	0	12	10	5020	2147483647
1005	4	14	10	5025	2147483647
1006	4	8	10	5030	2147483647
1007	4	8	5	5035	2147483647
1008	4	8	5	5040	2147483647
1009	3	1	20	5045	2147483647
1010	0	12	15	5050	2147483647
1011	0	12	10	5055	2147483647
1012	4	14	20	5060	2147483647
1013	4	14	20	5065	2147483647
1014	4	8	20	5070	2147483647
1015	3	1	5	5075	2147483647
1016	4	14	5	5080	2147483647
1017	0	12	5	5085	2147483647
1018	4	14	10	5090	2147483647
1019	4	8	5	5095	2147483647
1020	4	14	20	5100	2147483647
1021	4	14	20	5105	2147483647
1022	4	14	20	5110	2147483647
1023	0	12	15	5115	2147483647
1024	4	14	15	5120	2147483647
1025	4	14	20	5125	2147483647
1026	4	14	20	5130	2147483647
1027	4	14	20	5135	2147483647
1028	3	1	15	5140	2147483647
1029	0	12	20	5145	2147483647
1030	4	8	20	5150	2147483647
1031	4	14	20	5155	2147483647
1032	0	12	5	5160	2147483647
1033	4	14	15	5165	2147483647
1034	3	1	15	5170	2147483647
1035	4	14	15	5175	2147483647
1036	3	1	5	5180	2147483647
1037	4	14	5	5185	2147483647
1038	4	14	15	5190	2147483647
1039	4	14	5	5195	2147483647
1040	4	14	15	5200	2147483647
1041	4	14	15	5205	2147483647
1042	4	14	20	5210	2147483647
1043	3	1	10	5215	2147483647
1044	4	14	15	5220	2147483647
1045	4	14	5	5225	2147483647
1046	4	8	10	5230	2147483647
1047	4	8	15	5235	2147483647
1048	4	8	20	5240	2147483647
1049	0	12	10	5245	2147483647
1050	4	14	15	5250	2147483647
1051	4	14	10	5255	2147483647
1052	3	1	10	5260	2147483647
1053	4	14	20	5265	2147483647
1054	4	14	20	5270	2147483647
1055	4	8	5	5275	2147483647
1056	0	12	5	5280	2147483647
1057	4	8	15	5285	2147483647
1058	3	1	15	5290	2147483647
1059	3	1	15	5295	2147483647
1060	0	12	10	5300	2147483647
1061	4	8	10	5305	2147483647
1062	4	14	10	5310	2147483647
1063	4	8	5	5315	2147483647
1064	0	12	20	5320	2147483647
1065	4	8	15	5325	2147483647
1066	4	14	10	5330	2147483647
1067	4	14	10	5335	2147483647
1068	0	12	5	5340	2147483647
1069	3	1	5	5345	2147483647
1070	4	14	5	5350	2147483647
1071	0	12	20	5355	2147483647
1072	3	1	15	5360	2147483647
1073	0	12	5	5365	2147483647
1074	3	1	15	5370	2147483647
1075	4	14	5	5375	2147483647
1076	0	12	5	5380	2147483647
1077	3	1	15	5385	2147483647
1078	4	8	20	5390	2147483647
1079	4	8	10	5395	2147483647
1080	3	1	15	5400	2147483647
1081	3	1	10	5405	2147483647
1082	3	1	5	5410	2147483647
1083	3	1	5	5415	2147483647
1084	4	8	5	5420	2147483647
1085	3	1	15	5425	2147483647
1086	3	1	10	5430	2147483647
1087	0	12	5	5435	2147483647
1088	4	14	15	5440	2147483647
1089	4	8	10	5445	2147483647
1090	4	14	15	5450	2147483647
1091	4	8	10	5455	2147483647
1092	4	8	15	5460	2147483647
1093	0	12	5	5465	2147483647
1094	3	1	15	5470	2147483647
1095	4	8	5	5475	2147483647
1096	0	12	10	5480	2147483647
1097	3	1	15	5485	2147483647
1098	4	8	10	5490	2147483647
1099	4	14	20	5495	2147483647
1100	4	14	20	5500	2147483647
1101	3	1	20	5505	2147483647
1102	0	12	10	5510	2147483647
1103	4	14	15	5515	2147483647
1104	0	12	10	5520	2147483647
1105	3	1	20	5525	2147483647
1106	4	8	20	5530	2147483647
1107	4	8	5	5535	2147483647
1108	3	1	10	5540	2147483647
1109	0	12	15	5545	2147483647
1110	4	8	5	5550	2147483647
1111	3	1	10	5555	2147483647
1112	0	12	15	5560	2147483647
1113	4	8	5	5565	2147483647
1114	0	12	20	5570	2147483647
1115	4	14	5	5575	2147483647
1116	4	14	10	5580	2147483647
1117	4	8	5	5585	2147483647
1118	4	14	5	5590	2147483647
1119	4	14	10	5595	2147483647
1120	4	14	5	5600	2147483647
1121	4	14	5	5605	2147483647
1122	4	14	15	5610	2147483647
1123	4	14	20	5615	2147483647
1124	3	1	15	5620	2147483647
1125	4	14	15	5625	2147483647
1126	4	14	10	5630	2147483647
1127	4	8	15	5635	2147483647
1128	4	14	15	5640	2147483647
1129	4	8	15	5645	2147483647
1130	4	14	20	5650	2147483647
1131	4	14	15	5655	2147483647
1132	4	8	5	5660	2147483647
1133	3	1	20	5665	2147483647
1134	4	8	15	5670	2147483647
1135	4	14	15	5675	2147483647
1136	4	8	20	5680	2147483647
1137	4	14	10	5685	2147483647
1138	4	8	20	5690	2147483647
1139	4	14	10	5695	2147483647
1140	4	8	15	5700	2147483647
1141	0	12	5	5705	2147483647
1142	4	14	20	5710	2147483647
1143	4	14	20	5715	2147483647
1144	4	14	10	5720	2147483647
1145	4	8	5	5725	2147483647
1146	0	12	15	5730	2147483647
1147	4	14	10	5735	2147483647
1148	0	12	5	5740	2147483647
1149	4	14	10	5745	2147483647
1150	4	14	15	5750	2147483647
1151	4	14	5	5755	2147483647
1152	3	1	15	5760	2147483647
1153	3	1	20	5765	2147483647
1154	0	12	20	5770	2147483647
1155	0	12	15	5775	2147483647
1156	4	14	10	5780	2147483647
1157	4	8	15	5785	2147483647
1158	3	1	5	5790	2147483647
1159	3	1	15	5795	2147483647
1160	4	14	10	5800	2147483647
1161	0	12	10	5805	2147483647
1162	4	14	15	5810	2147483647
1163	4	8	20	5815	2147483647
1164	3	1	15	5820	2147483647
1165	4	14	15	5825	2147483647
1166	4	8	5	5830	2147483647
1167	4	14	20	5835	2147483647
1168	4	14	10	5840	2147483647
1169	0	12	10	5845	2147483647
1170	3	1	10	5850	2147483647
1171	0	12	5	5855	2147483647
1172	4	14	10	5860	2147483647
1173	0	12	15	5865	2147483647
1174	4	8	15	5870	2147483647
1175	3	1	20	5875	2147483647
1176	4	14	10	5880	2147483647
1177	0	12	15	5885	2147483647
1178	4	14	10	5890	2147483647
1179	4	8	10	5895	2147483647
1180	4	14	20	5900	2147483647
1181	4	14	20	5905	2147483647
1182	0	12	15	5910	2147483647
1183	4	14	5	5915	2147483647
1184	3	1	20	5920	2147483647
1185	4	14	20	5925	2147483647
1186	0	12	20	5930	2147483647
1187	4	14	5	5935	2147483647
1188	3	1	5	5940	2147483647
1189	4	8	5	5945	2147483647
1190	4	8	10	5950	2147483647
1191	0	12	10	5955	2147483647
1192	4	8	5	5960	2147483647
1193	4	14	5	5965	2147483647
1194	0	12	20	5970	2147483647
1195	0	12	10	5975	2147483647
1196	3	1	15	5980	2147483647
1197	3	1	5	5985	2147483647
1198	4	8	5	5990	2147483647
1199	4	8	20	5995	2147483647
1200	0	12	20	6000	2147483647
1201	3	1	20	6005	2147483647
1202	0	12	20	6010	2147483647
1203	0	12	15	6015	2147483647
1204	4	8	5	6020	2147483647
1205	3	1	10	6025	2147483647
1206	4	14	15	6030	2147483647
1207	4	8	20	6035	2147483647
1208	0	12	10	6040	2147483647
1209	3	1	20	6045	2147483647
1210	0	12	10	6050	2147483647
1211	4	14	15	6055	2147483647
1212	4	8	5	6060	2147483647
1213	4	8	15	6065	2147483647
1214	4	14	20	6070	2147483647
1215	4	14	15	6075	2147483647
1216	4	14	20	6080	2147483647
1217	4	14	15	6085	2147483647
1218	4	14	20	6090	2147483647
1219	4	14	20	6095	2147483647
1220	3	1	15	6100	2147483647
1221	3	1	5	6105	2147483647
1222	0	12	15	6110	2147483647
1223	4	14	10	6115	2147483647
1224	4	14	20	6120	2147483647
1225	4	8	20	6125	2147483647
1226	4	14	20	6130	2147483647
1227	4	14	5	6135	2147483647
1228	0	12	15	6140	2147483647
1229	4	8	10	6145	2147483647
1230	0	12	10	6150	2147483647
1231	3	1	5	6155	2147483647
1232	4	14	10	6160	2147483647
1233	3	1	15	6165	2147483647
1234	0	12	15	6170	2147483647
1235	4	8	20	6175	2147483647
1236	4	14	20	6180	2147483647
1237	4	14	20	6185	2147483647
1238	3	1	20	6190	2147483647
1239	0	12	10	6195	2147483647
1240	4	14	5	6200	2147483647
1241	4	14	20	6205	2147483647
1242	3	1	20	6210	2147483647
1243	0	12	10	6215	2147483647
1244	0	12	20	6220	2147483647
1245	4	14	20	6225	2147483647
1246	4	14	5	6230	2147483647
1247	0	12	15	6235	2147483647
1248	0	12	10	6240	2147483647
1249	3	1	10	6245	2147483647
1250	0	12	15	6250	2147483647
1251	4	14	20	6255	2147483647
1252	4	14	10	6260	2147483647
1253	4	14	10	6265	2147483647
1254	4	14	5	6270	2147483647
1255	3	1	20	6275	2147483647
1256	4	8	10	6280	2147483647
1257	3	1	15	6285	2147483647
1258	3	1	15	6290	2147483647
1259	4	14	5	6295	2147483647
1260	4	14	15	6300	2147483647
1261	0	12	15	6305	2147483647
1262	4	8	10	6310	2147483647
1263	4	14	20	6315	2147483647
1264	3	1	10	6320	2147483647
1265	4	14	5	6325	2147483647
1266	4	14	5	6330	2147483647
1267	4	14	15	6335	2147483647
1268	0	12	5	6340	2147483647
1269	3	1	20	6345	2147483647
1270	4	14	15	6350	2147483647
1271	0	12	20	6355	2147483647
1272	0	12	20	6360	2147483647
1273	3	1	10	6365	2147483647
1274	4	14	15	6370	2147483647
1275	3	1	15	6375	2147483647
1276	4	14	5	6380	2147483647
1277	0	12	10	6385	2147483647
1278	3	1	15	6390	2147483647
1279	0	12	5	6395	2147483647
1280	3	1	20	6400	2147483647
1281	4	14	10	6405	2147483647
1282	4	14	15	6410	2147483647
1283	3	1	10	6415	2147483647
1284	0	12	15	6420	2147483647
1285	4	8	15	6425	2147483647
1286	3	1	20	6430	2147483647
1287	4	14	5	6435	2147483647
1288	4	14	10	6440	2147483647
1289	4	14	15	6445	2147483647
1290	4	14	15	6450	2147483647
1291	3	1	10	6455	2147483647
1292	3	1	5	6460	2147483647
1293	4	14	15	6465	2147483647
1294	3	1	20	6470	2147483647
1295	4	14	15	6475	2147483647
1296	3	1	15	6480	2147483647
1297	3	1	5	6485	2147483647
1298	3	1	20	6490	2147483647
1299	3	1	20	6495	2147483647
1300	4	14	20	6500	2147483647
1301	0	12	15	6505	2147483647
1302	4	14	10	6510	2147483647
1303	3	1	15	6515	2147483647
1304	3	1	15	6520	2147483647
1305	0	12	15	6525	2147483647
1306	4	14	20	6530	2147483647
1307	3	1	20	6535	2147483647
1308	4	14	20	6540	2147483647
1309	4	8	15	6545	2147483647
1310	3	1	20	6550	2147483647
1311	0	12	5	6555	2147483647
1312	4	14	5	6560	2147483647
1313	3	1	15	6565	2147483647
1314	4	8	10	6570	2147483647
1315	4	14	5	6575	2147483647
1316	0	12	20	6580	2147483647
1317	4	14	20	6585	2147483647
1318	4	14	5	6590	2147483647
1319	4	8	20	6595	2147483647
1320	0	12	5	6600	2147483647
1321	0	12	20	6605	2147483647
1322	0	12	5	6610	2147483647
1323	4	8	10	6615	2147483647
1324	4	14	10	6620	2147483647
1325	3	1	10	6625	2147483647
1326	4	14	20	6630	2147483647
1327	3	1	10	6635	2147483647
1328	0	12	10	6640	2147483647
1329	4	14	20	6645	2147483647
1330	0	12	20	6650	2147483647
1331	3	1	5	6655	2147483647
1332	4	14	15	6660	2147483647
1333	0	12	15	6665	2147483647
1334	4	8	10	6670	2147483647
1335	3	1	10	6675	2147483647
1336	4	14	20	6680	2147483647
1337	4	8	5	6685	2147483647
1338	0	12	15	6690	2147483647
1339	4	14	5	6695	2147483647
1340	4	14	15	6700	2147483647
1341	0	12	5	6705	2147483647
1342	4	14	5	6710	2147483647
1343	4	8	20	6715	2147483647
1344	0	12	20	6720	2147483647
1345	4	14	15	6725	2147483647
1346	3	1	10	6730	2147483647
1347	0	12	10	6735	2147483647
1348	4	8	10	6740	2147483647
1349	4	14	20	6745	2147483647
1350	4	14	15	6750	2147483647
1351	4	14	20	6755	2147483647
1352	4	14	20	6760	2147483647
1353	4	8	20	6765	2147483647
1354	4	8	20	6770	2147483647
1355	4	14	20	6775	2147483647
1356	0	12	10	6780	2147483647
1357	3	1	5	6785	2147483647
1358	4	14	10	6790	2147483647
1359	0	12	10	6795	2147483647
1360	3	1	20	6800	2147483647
1361	0	12	15	6805	2147483647
1362	4	8	15	6810	2147483647
1363	4	14	20	6815	2147483647
1364	4	8	15	6820	2147483647
1365	0	12	20	6825	2147483647
1366	3	1	10	6830	2147483647
1367	4	14	10	6835	2147483647
1368	0	12	10	6840	2147483647
1369	4	14	20	6845	2147483647
1370	4	14	5	6850	2147483647
1371	4	14	20	6855	2147483647
1372	4	14	10	6860	2147483647
1373	0	12	5	6865	2147483647
1374	3	1	5	6870	2147483647
1375	0	12	20	6875	2147483647
1376	0	12	20	6880	2147483647
1377	4	14	10	6885	2147483647
1378	4	8	10	6890	2147483647
1379	4	14	20	6895	2147483647
1380	4	14	20	6900	2147483647
1381	3	1	10	6905	2147483647
1382	4	8	20	6910	2147483647
1383	3	1	15	6915	2147483647
1384	4	8	5	6920	2147483647
1385	0	12	5	6925	2147483647
1386	4	14	5	6930	2147483647
1387	4	8	15	6935	2147483647
1388	4	14	20	6940	2147483647
1389	3	1	10	6945	2147483647
1390	4	8	5	6950	2147483647
1391	4	8	20	6955	2147483647
1392	4	8	15	6960	2147483647
1393	4	14	5	6965	2147483647
1394	4	8	5	6970	2147483647
1395	3	1	5	6975	2147483647
1396	4	14	10	6980	2147483647
1397	0	12	10	6985	2147483647
1398	4	14	10	6990	2147483647
1399	0	12	5	6995	2147483647
1400	4	8	5	7000	2147483647
1401	4	14	20	7005	2147483647
1402	4	14	5	7010	2147483647
1403	4	8	10	7015	2147483647
1404	4	14	15	7020	2147483647
1405	4	14	20	7025	2147483647
1406	4	8	10	7030	2147483647
1407	3	1	15	7035	2147483647
1408	4	14	15	7040	2147483647
1409	0	12	20	7045	2147483647
1410	3	1	5	7050	2147483647
1411	3	1	5	7055	2147483647
1412	4	8	15	7060	2147483647
1413	0	12	15	7065	2147483647
1414	0	12	15	7070	2147483647
1415	4	14	10	7075	2147483647
1416	4	14	15	7080	2147483647
1417	4	14	20	7085	2147483647
1418	4	14	15	7090	2147483647
1419	4	8	10	7095	2147483647
1420	4	8	15	7100	2147483647
1421	0	12	20	7105	2147483647
1422	4	14	10	7110	2147483647
1423	3	1	20	7115	2147483647
1424	4	14	20	7120	2147483647
1425	3	1	10	7125	2147483647
1426	3	1	5	7130	2147483647
1427	4	14	5	7135	2147483647
1428	4	14	5	7140	2147483647
1429	0	12	5	7145	2147483647
1430	3	1	15	7150	2147483647
1431	0	12	10	7155	2147483647
1432	4	14	5	7160	2147483647
1433	4	8	10	7165	2147483647
1434	3	1	15	7170	2147483647
1435	0	12	20	7175	2147483647
1436	4	14	5	7180	2147483647
1437	0	12	15	7185	2147483647
1438	3	1	5	7190	2147483647
1439	3	1	10	7195	2147483647
1440	4	14	15	7200	2147483647
1441	4	8	15	7205	2147483647
1442	4	14	5	7210	2147483647
1443	4	14	5	7215	2147483647
1444	4	14	5	7220	2147483647
1445	4	14	5	7225	2147483647
1446	0	12	5	7230	2147483647
1447	0	12	5	7235	2147483647
1448	4	14	15	7240	2147483647
1449	3	1	20	7245	2147483647
1450	4	14	10	7250	2147483647
1451	4	14	15	7255	2147483647
1452	4	8	15	7260	2147483647
1453	4	14	20	7265	2147483647
1454	4	14	15	7270	2147483647
1455	0	12	10	7275	2147483647
1456	4	14	15	7280	2147483647
1457	4	8	5	7285	2147483647
1458	3	1	15	7290	2147483647
1459	4	8	5	7295	2147483647
1460	4	8	20	7300	2147483647
1461	3	1	10	7305	2147483647
1462	4	14	15	7310	2147483647
1463	4	14	10	7315	2147483647
1464	4	14	5	7320	2147483647
1465	3	1	15	7325	2147483647
1466	4	14	20	7330	2147483647
1467	0	12	10	7335	2147483647
1468	4	14	20	7340	2147483647
1469	4	14	15	7345	2147483647
1470	4	8	5	7350	2147483647
1471	4	14	5	7355	2147483647
1472	4	8	20	7360	2147483647
1473	0	12	10	7365	2147483647
1474	3	1	15	7370	2147483647
1475	0	12	20	7375	2147483647
1476	3	1	20	7380	2147483647
1477	4	8	5	7385	2147483647
1478	3	1	15	7390	2147483647
1479	4	14	20	7395	2147483647
1480	4	8	5	7400	2147483647
1481	4	8	20	7405	2147483647
1482	4	14	15	7410	2147483647
1483	4	8	10	7415	2147483647
1484	4	8	20	7420	2147483647
1485	4	14	5	7425	2147483647
1486	4	14	20	7430	2147483647
1487	4	14	5	7435	2147483647
1488	3	1	15	7440	2147483647
1489	4	8	10	7445	2147483647
1490	3	1	10	7450	2147483647
1491	4	8	5	7455	2147483647
1492	3	1	5	7460	2147483647
1493	4	8	20	7465	2147483647
1494	0	12	10	7470	2147483647
1495	4	8	10	7475	2147483647
1496	3	1	5	7480	2147483647
1497	4	14	15	7485	2147483647
1498	4	14	20	7490	2147483647
1499	3	1	15	7495	2147483647
1500	0	12	5	7500	2147483647
1501	4	14	20	7505	2147483647
1502	3	1	10	7510	2147483647
1503	4	14	5	7515	2147483647
1504	0	12	15	7520	2147483647
1505	0	12	10	7525	2147483647
1506	3	1	15	7530	2147483647
1507	4	8	5	7535	2147483647
1508	4	8	5	7540	2147483647
1509	4	14	15	7545	2147483647
1510	3	1	10	7550	2147483647
1511	3	1	10	7555	2147483647
1512	4	14	10	7560	2147483647
1513	4	14	15	7565	2147483647
1514	4	14	5	7570	2147483647
1515	0	12	20	7575	2147483647
1516	4	14	15	7580	2147483647
1517	3	1	5	7585	2147483647
1518	3	1	15	7590	2147483647
1519	0	12	5	7595	2147483647
1520	4	14	15	7600	2147483647
1521	4	14	20	7605	2147483647
1522	4	14	15	7610	2147483647
1523	4	8	10	7615	2147483647
1524	3	1	10	7620	2147483647
1525	4	14	5	7625	2147483647
1526	4	8	20	7630	2147483647
1527	0	12	5	7635	2147483647
1528	4	14	20	7640	2147483647
1529	0	12	5	7645	2147483647
1530	4	14	15	7650	2147483647
1531	4	14	5	7655	2147483647
1532	4	8	5	7660	2147483647
1533	0	12	5	7665	2147483647
1534	4	14	15	7670	2147483647
1535	4	8	5	7675	2147483647
1536	4	14	15	7680	2147483647
1537	4	8	15	7685	2147483647
1538	0	12	15	7690	2147483647
1539	0	12	15	7695	2147483647
1540	0	12	10	7700	2147483647
1541	3	1	15	7705	2147483647
1542	4	14	20	7710	2147483647
1543	4	14	20	7715	2147483647
1544	4	14	20	7720	2147483647
1545	4	14	20	7725	2147483647
1546	4	14	15	7730	2147483647
1547	4	14	10	7735	2147483647
1548	4	8	15	7740	2147483647
1549	0	12	15	7745	2147483647
1550	4	14	20	7750	2147483647
1551	4	14	20	7755	2147483647
1552	3	1	5	7760	2147483647
1553	4	14	20	7765	2147483647
1554	4	14	20	7770	2147483647
1555	3	1	10	7775	2147483647
1556	4	8	10	7780	2147483647
1557	0	12	20	7785	2147483647
1558	0	12	20	7790	2147483647
1559	4	8	10	7795	2147483647
1560	4	14	10	7800	2147483647
1561	4	8	10	7805	2147483647
1562	4	8	10	7810	2147483647
1563	0	12	20	7815	2147483647
1564	0	12	5	7820	2147483647
1565	4	14	10	7825	2147483647
1566	0	12	10	7830	2147483647
1567	4	14	10	7835	2147483647
1568	4	14	20	7840	2147483647
1569	3	1	20	7845	2147483647
1570	4	8	10	7850	2147483647
1571	3	1	5	7855	2147483647
1572	4	8	15	7860	2147483647
1573	4	8	5	7865	2147483647
1574	4	14	20	7870	2147483647
1575	4	8	5	7875	2147483647
1576	0	12	20	7880	2147483647
1577	4	14	15	7885	2147483647
1578	3	1	15	7890	2147483647
1579	3	1	10	7895	2147483647
1580	4	8	10	7900	2147483647
1581	4	8	10	7905	2147483647
1582	4	14	10	7910	2147483647
1583	4	14	10	7915	2147483647
1584	3	1	10	7920	2147483647
1585	4	14	15	7925	2147483647
1586	0	12	5	7930	2147483647
1587	3	1	10	7935	2147483647
1588	3	1	10	7940	2147483647
1589	4	8	10	7945	2147483647
1590	0	12	15	7950	2147483647
1591	4	14	15	7955	2147483647
1592	0	12	20	7960	2147483647
1593	4	14	5	7965	2147483647
1594	4	8	5	7970	2147483647
1595	4	14	20	7975	2147483647
1596	0	12	10	7980	2147483647
1597	3	1	20	7985	2147483647
1598	4	14	20	7990	2147483647
1599	4	14	15	7995	2147483647
1600	4	14	10	8000	2147483647
1601	0	12	10	8005	2147483647
1602	4	14	10	8010	2147483647
1603	4	14	20	8015	2147483647
1604	4	14	5	8020	2147483647
1605	4	8	15	8025	2147483647
1606	3	1	10	8030	2147483647
1607	0	12	20	8035	2147483647
1608	4	14	20	8040	2147483647
1609	4	8	20	8045	2147483647
1610	3	1	10	8050	2147483647
1611	3	1	20	8055	2147483647
1612	3	1	10	8060	2147483647
1613	4	14	10	8065	2147483647
1614	4	14	5	8070	2147483647
1615	3	1	5	8075	2147483647
1616	3	1	5	8080	2147483647
1617	3	1	20	8085	2147483647
1618	4	14	15	8090	2147483647
1619	4	8	10	8095	2147483647
1620	4	14	5	8100	2147483647
1621	4	14	20	8105	2147483647
1622	0	12	20	8110	2147483647
1623	4	14	10	8115	2147483647
1624	3	1	5	8120	2147483647
1625	3	1	15	8125	2147483647
1626	3	1	10	8130	2147483647
1627	4	8	10	8135	2147483647
1628	0	12	5	8140	2147483647
1629	0	12	20	8145	2147483647
1630	0	12	15	8150	2147483647
1631	3	1	20	8155	2147483647
1632	0	12	15	8160	2147483647
1633	4	14	20	8165	2147483647
1634	4	14	20	8170	2147483647
1635	4	8	20	8175	2147483647
1636	3	1	20	8180	2147483647
1637	4	8	15	8185	2147483647
1638	4	14	5	8190	2147483647
1639	4	8	15	8195	2147483647
1640	0	12	10	8200	2147483647
1641	0	12	5	8205	2147483647
1642	3	1	10	8210	2147483647
1643	0	12	10	8215	2147483647
1644	4	14	5	8220	2147483647
1645	3	1	20	8225	2147483647
1646	0	12	10	8230	2147483647
1647	4	8	10	8235	2147483647
1648	0	12	5	8240	2147483647
1649	4	14	5	8245	2147483647
1650	3	1	20	8250	2147483647
1651	4	14	10	8255	2147483647
1652	4	14	10	8260	2147483647
1653	3	1	15	8265	2147483647
1654	0	12	10	8270	2147483647
1655	0	12	15	8275	2147483647
1656	4	14	10	8280	2147483647
1657	4	8	5	8285	2147483647
1658	0	12	15	8290	2147483647
1659	4	8	15	8295	2147483647
1660	4	14	10	8300	2147483647
1661	0	12	5	8305	2147483647
1662	4	14	20	8310	2147483647
1663	4	14	5	8315	2147483647
1664	0	12	10	8320	2147483647
1665	4	14	15	8325	2147483647
1666	3	1	10	8330	2147483647
1667	4	14	15	8335	2147483647
1668	4	14	10	8340	2147483647
1669	4	14	5	8345	2147483647
1670	4	14	5	8350	2147483647
1671	0	12	15	8355	2147483647
1672	3	1	20	8360	2147483647
1673	4	8	20	8365	2147483647
1674	0	12	5	8370	2147483647
1675	4	14	20	8375	2147483647
1676	0	12	15	8380	2147483647
1677	0	12	15	8385	2147483647
1678	4	14	10	8390	2147483647
1679	0	12	10	8395	2147483647
1680	3	1	10	8400	2147483647
1681	0	12	20	8405	2147483647
1682	4	8	5	8410	2147483647
1683	3	1	20	8415	2147483647
1684	4	14	5	8420	2147483647
1685	3	1	5	8425	2147483647
1686	4	14	10	8430	2147483647
1687	4	14	5	8435	2147483647
1688	4	14	10	8440	2147483647
1689	3	1	10	8445	2147483647
1690	3	1	10	8450	2147483647
1691	4	8	20	8455	2147483647
1692	4	8	20	8460	2147483647
1693	3	1	15	8465	2147483647
1694	3	1	10	8470	2147483647
1695	4	14	5	8475	2147483647
1696	0	12	5	8480	2147483647
1697	4	14	10	8485	2147483647
1698	4	14	5	8490	2147483647
1699	0	12	10	8495	2147483647
1700	0	12	15	8500	2147483647
1701	4	8	15	8505	2147483647
1702	3	1	5	8510	2147483647
1703	4	8	20	8515	2147483647
1704	4	14	20	8520	2147483647
1705	4	8	5	8525	2147483647
1706	0	12	15	8530	2147483647
1707	3	1	10	8535	2147483647
1708	4	8	10	8540	2147483647
1709	4	8	15	8545	2147483647
1710	4	14	5	8550	2147483647
1711	4	14	20	8555	2147483647
1712	3	1	15	8560	2147483647
1713	4	14	5	8565	2147483647
1714	4	14	5	8570	2147483647
1715	4	14	15	8575	2147483647
1716	4	14	20	8580	2147483647
1717	3	1	20	8585	2147483647
1718	0	12	5	8590	2147483647
1719	4	14	5	8595	2147483647
1720	4	8	5	8600	2147483647
1721	4	14	5	8605	2147483647
1722	0	12	5	8610	2147483647
1723	4	8	20	8615	2147483647
1724	4	8	15	8620	2147483647
1725	4	14	5	8625	2147483647
1726	4	14	15	8630	2147483647
1727	4	14	10	8635	2147483647
1728	4	14	15	8640	2147483647
1729	4	8	20	8645	2147483647
1730	3	1	15	8650	2147483647
1731	3	1	5	8655	2147483647
1732	0	12	10	8660	2147483647
1733	4	14	20	8665	2147483647
1734	4	14	20	8670	2147483647
1735	0	12	15	8675	2147483647
1736	3	1	15	8680	2147483647
1737	4	14	5	8685	2147483647
1738	4	14	5	8690	2147483647
1739	3	1	20	8695	2147483647
1740	4	8	10	8700	2147483647
1741	0	12	20	8705	2147483647
1742	3	1	15	8710	2147483647
1743	4	8	20	8715	2147483647
1744	3	1	10	8720	2147483647
1745	4	14	15	8725	2147483647
1746	4	14	10	8730	2147483647
1747	4	8	15	8735	2147483647
1748	4	14	10	8740	2147483647
1749	4	14	15	8745	2147483647
1750	0	12	5	8750	2147483647
1751	4	14	10	8755	2147483647
1752	3	1	5	8760	2147483647
1753	4	8	20	8765	2147483647
1754	4	14	10	8770	2147483647
1755	4	8	10	8775	2147483647
1756	0	12	15	8780	2147483647
1757	0	12	5	8785	2147483647
1758	0	12	10	8790	2147483647
1759	0	12	20	8795	2147483647
1760	4	8	10	8800	2147483647
1761	4	8	10	8805	2147483647
1762	3	1	20	8810	2147483647
1763	0	12	10	8815	2147483647
1764	4	14	20	8820	2147483647
1765	4	8	20	8825	2147483647
1766	4	14	10	8830	2147483647
1767	4	14	20	8835	2147483647
1768	0	12	10	8840	2147483647
1769	4	14	10	8845	2147483647
1770	4	8	20	8850	2147483647
1771	4	14	20	8855	2147483647
1772	4	14	20	8860	2147483647
1773	4	14	5	8865	2147483647
1774	3	1	15	8870	2147483647
1775	0	12	5	8875	2147483647
1776	4	8	10	8880	2147483647
1777	4	14	5	8885	2147483647
1778	4	14	15	8890	2147483647
1779	3	1	5	8895	2147483647
1780	4	14	20	8900	2147483647
1781	4	14	5	8905	2147483647
1782	4	8	20	8910	2147483647
1783	4	8	20	8915	2147483647
1784	0	12	20	8920	2147483647
1785	4	14	10	8925	2147483647
1786	0	12	5	8930	2147483647
1787	4	14	15	8935	2147483647
1788	4	14	15	8940	2147483647
1789	4	14	10	8945	2147483647
1790	0	12	5	8950	2147483647
1791	4	8	15	8955	2147483647
1792	4	14	20	8960	2147483647
1793	3	1	10	8965	2147483647
1794	0	12	10	8970	2147483647
1795	0	12	5	8975	2147483647
1796	4	14	5	8980	2147483647
1797	3	1	10	8985	2147483647
1798	3	1	5	8990	2147483647
1799	0	12	15	8995	2147483647
1800	4	14	5	9000	2147483647
1801	4	8	15	9005	2147483647
1802	4	8	5	9010	2147483647
1803	4	14	5	9015	2147483647
1804	4	8	20	9020	2147483647
1805	0	12	10	9025	2147483647
1806	4	14	10	9030	2147483647
1807	4	14	5	9035	2147483647
1808	4	14	5	9040	2147483647
1809	4	14	5	9045	2147483647
1810	0	12	5	9050	2147483647
1811	4	8	10	9055	2147483647
1812	4	8	15	9060	2147483647
1813	3	1	5	9065	2147483647
1814	3	1	20	9070	2147483647
1815	4	14	10	9075	2147483647
1816	4	14	10	9080	2147483647
1817	0	12	20	9085	2147483647
1818	4	14	15	9090	2147483647
1819	4	14	10	9095	2147483647
1820	4	8	15	9100	2147483647
1821	4	14	20	9105	2147483647
1822	4	14	5	9110	2147483647
1823	4	8	5	9115	2147483647
1824	4	14	10	9120	2147483647
1825	4	14	10	9125	2147483647
1826	0	12	20	9130	2147483647
1827	4	8	15	9135	2147483647
1828	4	14	15	9140	2147483647
1829	4	8	15	9145	2147483647
1830	4	8	20	9150	2147483647
1831	4	14	5	9155	2147483647
1832	4	8	5	9160	2147483647
1833	4	14	20	9165	2147483647
1834	4	14	20	9170	2147483647
1835	3	1	10	9175	2147483647
1836	3	1	20	9180	2147483647
1837	3	1	20	9185	2147483647
1838	0	12	5	9190	2147483647
1839	4	14	10	9195	2147483647
1840	0	12	5	9200	2147483647
1841	3	1	5	9205	2147483647
1842	4	14	10	9210	2147483647
1843	4	8	10	9215	2147483647
1844	3	1	10	9220	2147483647
1845	4	14	15	9225	2147483647
1846	0	12	20	9230	2147483647
1847	0	12	15	9235	2147483647
1848	0	12	10	9240	2147483647
1849	4	8	5	9245	2147483647
1850	4	8	20	9250	2147483647
1851	3	1	10	9255	2147483647
1852	3	1	15	9260	2147483647
1853	4	14	20	9265	2147483647
1854	4	14	20	9270	2147483647
1855	0	12	10	9275	2147483647
1856	3	1	10	9280	2147483647
1857	4	14	5	9285	2147483647
1858	4	8	20	9290	2147483647
1859	4	8	10	9295	2147483647
1860	4	14	15	9300	2147483647
1861	3	1	20	9305	2147483647
1862	4	14	10	9310	2147483647
1863	3	1	15	9315	2147483647
1864	4	8	10	9320	2147483647
1865	4	8	20	9325	2147483647
1866	4	14	10	9330	2147483647
1867	4	14	15	9335	2147483647
1868	4	14	5	9340	2147483647
1869	4	14	10	9345	2147483647
1870	4	8	15	9350	2147483647
1871	3	1	15	9355	2147483647
1872	0	12	15	9360	2147483647
1873	4	14	10	9365	2147483647
1874	4	14	10	9370	2147483647
1875	4	14	15	9375	2147483647
1876	4	14	10	9380	2147483647
1877	4	8	20	9385	2147483647
1878	4	14	20	9390	2147483647
1879	4	14	15	9395	2147483647
1880	4	14	10	9400	2147483647
1881	4	14	5	9405	2147483647
1882	4	8	5	9410	2147483647
1883	4	8	15	9415	2147483647
1884	0	12	15	9420	2147483647
1885	4	14	15	9425	2147483647
1886	4	8	15	9430	2147483647
1887	4	14	10	9435	2147483647
1888	4	14	20	9440	2147483647
1889	4	14	15	9445	2147483647
1890	4	14	5	9450	2147483647
1891	4	14	20	9455	2147483647
1892	0	12	20	9460	2147483647
1893	4	14	15	9465	2147483647
1894	4	14	15	9470	2147483647
1895	4	14	10	9475	2147483647
1896	4	14	15	9480	2147483647
1897	3	1	20	9485	2147483647
1898	4	14	5	9490	2147483647
1899	4	8	10	9495	2147483647
1900	4	14	10	9500	2147483647
1901	4	8	10	9505	2147483647
1902	4	8	10	9510	2147483647
1903	0	12	5	9515	2147483647
1904	0	12	10	9520	2147483647
1905	4	14	5	9525	2147483647
1906	4	8	15	9530	2147483647
1907	4	14	5	9535	2147483647
1908	4	14	15	9540	2147483647
1909	4	8	5	9545	2147483647
1910	0	12	20	9550	2147483647
1911	0	12	10	9555	2147483647
1912	4	14	5	9560	2147483647
1913	3	1	5	9565	2147483647
1914	4	8	5	9570	2147483647
1915	4	14	10	9575	2147483647
1916	0	12	15	9580	2147483647
1917	3	1	15	9585	2147483647
1918	4	8	20	9590	2147483647
1919	3	1	15	9595	2147483647
1920	4	14	10	9600	2147483647
1921	4	8	5	9605	2147483647
1922	0	12	15	9610	2147483647
1923	4	8	15	9615	2147483647
1924	4	14	10	9620	2147483647
1925	3	1	15	9625	2147483647
1926	4	8	15	9630	2147483647
1927	4	8	20	9635	2147483647
1928	4	14	15	9640	2147483647
1929	0	12	20	9645	2147483647
1930	0	12	5	9650	2147483647
1931	3	1	10	9655	2147483647
1932	3	1	20	9660	2147483647
1933	3	1	15	9665	2147483647
1934	4	14	10	9670	2147483647
1935	4	14	20	9675	2147483647
1936	4	14	20	9680	2147483647
1937	0	12	5	9685	2147483647
1938	4	8	5	9690	2147483647
1939	4	8	10	9695	2147483647
1940	3	1	20	9700	2147483647
1941	4	14	10	9705	2147483647
1942	4	14	15	9710	2147483647
1943	3	1	15	9715	2147483647
1944	3	1	20	9720	2147483647
1945	4	14	15	9725	2147483647
1946	4	14	15	9730	2147483647
1947	3	1	20	9735	2147483647
1948	4	8	15	9740	2147483647
1949	4	14	10	9745	2147483647
1950	3	1	15	9750	2147483647
1951	0	12	20	9755	2147483647
1952	0	12	20	9760	2147483647
1953	3	1	10	9765	2147483647
1954	4	8	20	9770	2147483647
1955	3	1	5	9775	2147483647
1956	0	12	15	9780	2147483647
1957	4	14	20	9785	2147483647
1958	4	8	15	9790	2147483647
1959	3	1	20	9795	2147483647
1960	3	1	15	9800	2147483647
1961	4	14	20	9805	2147483647
1962	4	14	15	9810	2147483647
1963	4	14	15	9815	2147483647
1964	0	12	5	9820	2147483647
1965	3	1	10	9825	2147483647
1966	4	14	15	9830	2147483647
1967	3	1	15	9835	2147483647
1968	4	14	15	9840	2147483647
1969	4	14	5	9845	2147483647
1970	4	8	15	9850	2147483647
1971	0	12	10	9855	2147483647
1972	4	8	15	9860	2147483647
1973	4	14	10	9865	2147483647
1974	4	14	15	9870	2147483647
1975	4	8	5	9875	2147483647
1976	3	1	10	9880	2147483647
1977	4	14	5	9885	2147483647
1978	4	14	20	9890	2147483647
1979	0	12	15	9895	2147483647
1980	4	14	5	9900	2147483647
1981	4	14	20	9905	2147483647
1982	0	12	10	9910	2147483647
1983	4	14	10	9915	2147483647
1984	4	14	5	9920	2147483647
1985	4	14	5	9925	2147483647
1986	3	1	15	9930	2147483647
1987	4	14	10	9935	2147483647
1988	0	12	15	9940	2147483647
1989	3	1	5	9945	2147483647
1990	3	1	10	9950	2147483647
1991	4	14	20	9955	2147483647
1992	4	14	10	9960	2147483647
1993	4	14	10	9965	2147483647
1994	4	14	20	9970	2147483647
1995	3	1	5	9975	2147483647
1996	0	12	20	9980	2147483647
1997	4	8	5	9985	2147483647
1998	4	8	15	9990	2147483647
1999	0	12	10	9995	2147483647
