0	3	16	80	0	2147483647
1	4	7	160	5	2147483647
2	5	13	160	10	2147483647
3	5	13	120	15	2147483647
4	19	8	200	20	2147483647
5	5	13	120	25	2147483647
6	5	13	120	30	2147483647
7	5	13	80	35	2147483647
8	1	11	120	40	2147483647
9	4	7	160	45	2147483647
10	1	11	120	50	2147483647
11	19	8	80	55	2147483647
12	3	16	200	60	2147483647
13	6	19	120	65	2147483647
14	4	7	160	70	2147483647
15	19	8	120	75	2147483647
16	0	18	200	80	2147483647
17	1	11	160	85	2147483647
18	1	11	160	90	2147483647
19	19	8	120	95	2147483647
20	4	7	80	100	2147483647
21	5	13	200	105	2147483647
22	4	7	80	110	2147483647
23	3	16	160	115	2147483647
24	4	7	200	120	2147483647
25	4	7	80	125	2147483647
26	3	16	120	130	2147483647
27	5	13	120	135	2147483647
28	4	7	160	140	2147483647
29	6	19	160	145	2147483647
30	6	19	80	150	2147483647
31	19	8	80	155	2147483647
32	6	19	80	160	2147483647
33	5	13	160	165	2147483647
34	19	8	120	170	2147483647
35	4	7	200	175	2147483647
36	5	13	200	180	2147483647
37	5	13	80	185	2147483647
38	4	7	200	190	2147483647
39	3	16	160	195	2147483647
40	19	8	120	200	2147483647
41	4	7	120	205	2147483647
42	19	8	160	210	2147483647
43	3	16	120	215	2147483647
44	19	8	200	220	2147483647
45	6	19	80	225	2147483647
46	6	19	80	230	2147483647
47	3	16	120	235	2147483647
48	6	19	120	240	2147483647
49	19	8	120	245	2147483647
50	6	19	80	250	2147483647
51	15	0	80	255	2147483647
52	6	19	200	260	2147483647
53	19	8	160	265	2147483647
54	4	7	80	270	2147483647
55	19	8	120	275	2147483647
56	0	18	160	280	2147483647
57	4	7	200	285	2147483647
58	3	16	160	290	2147483647
59	15	0	200	295	2147483647
60	5	13	80	300	2147483647
61	19	8	200	305	2147483647
62	3	16	120	310	2147483647
63	6	19	200	315	2147483647
64	15	0	120	320	2147483647
65	4	7	80	325	2147483647
66	5	13	80	330	2147483647
67	19	8	80	335	2147483647
68	15	0	200	340	2147483647
69	19	8	200	345	2147483647
70	5	13	160	350	2147483647
71	15	0	160	355	2147483647
72	19	8	160	360	2147483647
73	19	8	200	365	2147483647
74	1	11	200	370	2147483647
75	1	11	200	375	2147483647
76	6	19	80	380	2147483647
77	0	18	200	385	2147483647
78	4	7	160	390	2147483647
79	15	0	160	395	2147483647
80	15	0	80	400	2147483647
81	19	8	200	405	2147483647
82	19	8	200	410	2147483647
83	5	13	120	415	2147483647
84	19	8	160	420	2147483647
85	15	0	80	425	2147483647
86	4	7	80	430	2147483647
87	6	19	160	435	2147483647
88	3	16	160	440	2147483647
89	0	18	200	445	2147483647
90	4	7	120	450	2147483647
91	3	16	200	455	2147483647
92	3	16	160	460	2147483647
93	6	19	80	465	2147483647
94	19	8	120	470	2147483647
95	19	8	160	475	2147483647
96	1	11	200	480	2147483647
97	4	7	200	485	2147483647
98	6	19	200	490	2147483647
99	6	19	160	495	2147483647
100	3	16	200	500	2147483647
101	15	0	200	505	2147483647
102	5	13	120	510	2147483647
103	6	19	160	515	2147483647
104	6	19	200	520	2147483647
105	19	8	160	525	2147483647
106	19	8	120	530	2147483647
107	15	0	80	535	2147483647
108	19	8	160	540	2147483647
109	3	16	80	545	2147483647
110	4	7	120	550	2147483647
111	19	8	160	555	2147483647
112	19	8	80	560	2147483647
113	5	13	200	565	2147483647
114	0	18	160	570	2147483647
115	5	13	120	575	2147483647
116	19	8	80	580	2147483647
117	19	8	200	585	2147483647
118	15	0	120	590	2147483647
119	19	8	80	595	2147483647
120	0	18	80	600	2147483647
121	15	0	160	605	2147483647
122	15	0	160	610	2147483647
123	15	0	80	615	2147483647
124	15	0	160	620	2147483647
125	4	7	160	625	2147483647
126	6	19	200	630	2147483647
127	4	7	120	635	2147483647
128	1	11	120	640	2147483647
129	3	16	120	645	2147483647
130	19	8	200	650	2147483647
131	5	13	120	655	2147483647
132	6	19	200	660	2147483647
133	15	0	200	665	2147483647
134	6	19	200	670	2147483647
135	19	8	80	675	2147483647
136	6	19	160	680	2147483647
137	5	13	80	685	2147483647
138	19	8	160	690	2147483647
139	0	18	200	695	2147483647
140	15	0	160	700	2147483647
141	6	19	80	705	2147483647
142	15	0	200	710	2147483647
143	19	8	160	715	2147483647
144	15	0	160	720	2147483647
145	5	13	160	725	2147483647
146	4	7	160	730	2147483647
147	15	0	200	735	2147483647
148	6	19	120	740	2147483647
149	6	19	80	745	2147483647
150	19	8	160	750	2147483647
151	4	7	200	755	2147483647
152	6	19	120	760	2147483647
153	15	0	200	765	2147483647
154	6	19	160	770	2147483647
155	5	13	120	775	2147483647
156	19	8	120	780	2147483647
157	15	0	80	785	2147483647
158	19	8	80	790	2147483647
159	4	7	80	795	2147483647
160	6	19	200	800	2147483647
161	15	0	80	805	2147483647
162	6	19	160	810	2147483647
163	15	0	120	815	2147483647
164	3	16	80	820	2147483647
165	19	8	200	825	2147483647
166	5	13	200	830	2147483647
167	4	7	80	835	2147483647
168	19	8	80	840	2147483647
169	1	11	160	845	2147483647
170	19	8	160	850	2147483647
171	15	0	200	855	2147483647
172	19	8	120	860	2147483647
173	15	0	120	865	2147483647
174	1	11	120	870	2147483647
175	5	13	200	875	2147483647
176	1	11	160	880	2147483647
177	19	8	80	885	2147483647
178	0	18	120	890	2147483647
179	4	7	200	895	2147483647
180	0	18	80	900	2147483647
181	15	0	200	905	2147483647
182	15	0	200	910	2147483647
183	15	0	80	915	2147483647
184	3	16	200	920	2147483647
185	15	0	200	925	2147483647
186	15	0	200	930	2147483647
187	19	8	200	935	2147483647
188	3	16	80	940	2147483647
189	3	16	120	945	2147483647
190	19	8	160	950	2147483647
191	15	0	160	955	2147483647
192	5	13	200	960	2147483647
193	6	19	120	965	2147483647
194	6	19	80	970	2147483647
195	1	11	160	975	2147483647
196	0	18	160	980	2147483647
197	19	8	160	985	2147483647
198	15	0	120	990	2147483647
199	15	0	160	995	2147483647
200	19	8	160	1000	2147483647
201	19	8	120	1005	2147483647
202	19	8	200	1010	2147483647
203	6	19	200	1015	2147483647
204	6	19	160	1020	2147483647
205	5	13	160	1025	2147483647
206	4	7	160	1030	2147483647
207	19	8	80	1035	2147483647
208	6	19	120	1040	2147483647
209	3	16	200	1045	2147483647
210	4	7	160	1050	2147483647
211	3	16	120	1055	2147483647
212	15	0	160	1060	2147483647
213	15	0	80	1065	2147483647
214	4	7	80	1070	2147483647
215	15	0	200	1075	2147483647
216	19	8	120	1080	2147483647
217	19	8	120	1085	2147483647
218	6	19	160	1090	2147483647
219	6	19	80	1095	2147483647
220	4	7	80	1100	2147483647
221	6	19	200	1105	2147483647
222	3	16	80	1110	2147483647
223	15	0	160	1115	2147483647
224	1	11	200	1120	2147483647
225	1	11	80	1125	2147483647
226	3	16	200	1130	2147483647
227	6	19	80	1135	2147483647
228	3	16	80	1140	2147483647
229	19	8	200	1145	2147483647
230	5	13	120	1150	2147483647
231	1	11	80	1155	2147483647
232	1	11	160	1160	2147483647
233	4	7	200	1165	2147483647
234	5	13	120	1170	2147483647
235	1	11	160	1175	2147483647
236	15	0	200	1180	2147483647
237	4	7	80	1185	2147483647
238	0	18	160	1190	2147483647
239	19	8	80	1195	2147483647
240	6	19	120	1200	2147483647
241	19	8	160	1205	2147483647
242	5	13	120	1210	2147483647
243	19	8	120	1215	2147483647
244	19	8	160	1220	2147483647
245	19	8	120	1225	2147483647
246	3	16	200	1230	2147483647
247	15	0	160	1235	2147483647
248	4	7	120	1240	2147483647
249	15	0	80	1245	2147483647
250	3	16	120	1250	2147483647
251	3	16	80	1255	2147483647
252	5	13	80	1260	2147483647
253	4	7	80	1265	2147483647
254	6	19	120	1270	2147483647
255	5	13	160	1275	2147483647
256	15	0	120	1280	2147483647
257	4	7	80	1285	2147483647
258	5	13	200	1290	2147483647
259	6	19	160	1295	2147483647
260	3	16	160	1300	2147483647
261	15	0	160	1305	2147483647
262	15	0	200	1310	2147483647
263	6	19	160	1315	2147483647
264	15	0	160	1320	2147483647
265	4	7	160	1325	2147483647
266	3	16	160	1330	2147483647
267	5	13	200	1335	2147483647
268	4	7	200	1340	2147483647
269	4	7	120	1345	2147483647
270	0	18	200	1350	2147483647
271	15	0	80	1355	2147483647
272	19	8	200	1360	2147483647
273	15	0	120	1365	2147483647
274	19	8	200	1370	2147483647
275	5	13	120	1375	2147483647
276	3	16	160	1380	2147483647
277	4	7	160	1385	2147483647
278	15	0	80	1390	2147483647
279	4	7	160	1395	2147483647
280	19	8	80	1400	2147483647
281	5	13	80	1405	2147483647
282	4	7	160	1410	2147483647
283	5	13	80	1415	2147483647
284	19	8	120	1420	2147483647
285	4	7	80	1425	2147483647
286	15	0	200	1430	2147483647
287	15	0	160	1435	2147483647
288	15	0	120	1440	2147483647
289	19	8	200	1445	2147483647
290	4	7	120	1450	2147483647
291	6	19	200	1455	2147483647
292	19	8	80	1460	2147483647
293	6	19	200	1465	2147483647
294	15	0	120	1470	2147483647
295	15	0	200	1475	2147483647
296	3	16	200	1480	2147483647
297	19	8	200	1485	2147483647
298	4	7	200	1490	2147483647
299	15	0	200	1495	2147483647
300	15	0	160	1500	2147483647
301	15	0	200	1505	2147483647
302	6	19	200	1510	2147483647
303	0	18	80	1515	2147483647
304	15	0	80	1520	2147483647
305	6	19	80	1525	2147483647
306	4	7	120	1530	2147483647
307	15	0	160	1535	2147483647
308	5	13	120	1540	2147483647
309	3	16	80	1545	2147483647
310	4	7	80	1550	2147483647
311	6	19	200	1555	2147483647
312	6	19	80	1560	2147483647
313	1	11	80	1565	2147483647
314	6	19	120	1570	2147483647
315	15	0	160	1575	2147483647
316	6	19	200	1580	2147483647
317	5	13	200	1585	2147483647
318	15	0	80	1590	2147483647
319	6	19	120	1595	2147483647
320	6	19	200	1600	2147483647
321	5	13	200	1605	2147483647
322	15	0	120	1610	2147483647
323	5	13	80	1615	2147483647
324	19	8	80	1620	2147483647
325	6	19	80	1625	2147483647
326	15	0	80	1630	2147483647
327	5	13	80	1635	2147483647
328	1	11	200	1640	2147483647
329	4	7	200	1645	2147483647
330	4	7	160	1650	2147483647
331	5	13	200	1655	2147483647
332	19	8	200	1660	2147483647
333	1	11	80	1665	2147483647
334	6	19	200	1670	2147483647
335	4	7	120	1675	2147483647
336	19	8	80	1680	2147483647
337	4	7	160	1685	2147483647
338	6	19	200	1690	2147483647
339	5	13	120	1695	2147483647
340	1	11	200	1700	2147483647
341	19	8	80	1705	2147483647
342	6	19	120	1710	2147483647
343	15	0	120	1715	2147483647
344	15	0	160	1720	2147483647
345	15	0	160	1725	2147483647
346	19	8	160	1730	2147483647
347	19	8	200	1735	2147483647
348	19	8	120	1740	2147483647
349	19	8	200	1745	2147483647
350	3	16	200	1750	2147483647
351	15	0	80	1755	2147483647
352	3	16	160	1760	2147483647
353	15	0	120	1765	2147483647
354	3	16	80	1770	2147483647
355	5	13	160	1775	2147483647
356	0	18	120	1780	2147483647
357	3	16	200	1785	2147483647
358	1	11	80	1790	2147483647
359	4	7	200	1795	2147483647
360	15	0	80	1800	2147483647
361	19	8	120	1805	2147483647
362	15	0	160	1810	2147483647
363	0	18	120	1815	2147483647
364	19	8	160	1820	2147483647
365	19	8	120	1825	2147483647
366	6	19	80	1830	2147483647
367	5	13	80	1835	2147483647
368	6	19	120	1840	2147483647
369	4	7	80	1845	2147483647
370	15	0	120	1850	2147483647
371	5	13	120	1855	2147483647
372	19	8	200	1860	2147483647
373	4	7	200	1865	2147483647
374	5	13	160	1870	2147483647
375	15	0	160	1875	2147483647
376	19	8	160	1880	2147483647
377	1	11	80	1885	2147483647
378	15	0	120	1890	2147483647
379	3	16	120	1895	2147483647
380	6	19	160	1900	2147483647
381	19	8	80	1905	2147483647
382	5	13	160	1910	2147483647
383	3	16	80	1915	2147483647
384	3	16	200	1920	2147483647
385	6	19	120	1925	2147483647
386	3	16	80	1930	2147483647
387	4	7	120	1935	2147483647
388	19	8	200	1940	2147483647
389	3	16	120	1945	2147483647
390	4	7	200	1950	2147483647
391	15	0	120	1955	2147483647
392	3	16	120	1960	2147483647
393	5	13	200	1965	2147483647
394	15	0	120	1970	2147483647
395	3	16	160	1975	2147483647
396	4	7	120	1980	2147483647
397	6	19	200	1985	2147483647
398	15	0	160	1990	2147483647
399	15	0	120	1995	2147483647
400	3	16	160	2000	2147483647
401	6	19	160	2005	2147483647
402	5	13	160	2010	2147483647
403	15	0	120	2015	2147483647
404	3	16	160	2020	2147483647
405	15	0	160	2025	2147483647
406	19	8	80	2030	2147483647
407	19	8	200	2035	2147483647
408	5	13	200	2040	2147483647
409	6	19	160	2045	2147483647
410	6	19	80	2050	2147483647
411	19	8	120	2055	2147483647
412	6	19	120	2060	2147483647
413	19	8	160	2065	2147483647
414	15	0	120	2070	2147483647
415	19	8	200	2075	2147483647
416	5	13	160	2080	2147483647
417	6	19	160	2085	2147483647
418	19	8	160	2090	2147483647
419	5	13	80	2095	2147483647
420	15	0	80	2100	2147483647
421	5	13	160	2105	2147483647
422	6	19	80	2110	2147483647
423	5	13	200	2115	2147483647
424	0	18	120	2120	2147483647
425	19	8	200	2125	2147483647
426	4	7	80	2130	2147483647
427	6	19	80	2135	2147483647
428	6	19	120	2140	2147483647
429	4	7	200	2145	2147483647
430	5	13	80	2150	2147483647
431	5	13	160	2155	2147483647
432	5	13	120	2160	2147483647
433	19	8	80	2165	2147483647
434	0	18	200	2170	2147483647
435	0	18	80	2175	2147483647
436	6	19	160	2180	2147483647
437	15	0	120	2185	2147483647
438	19	8	160	2190	2147483647
439	5	13	120	2195	2147483647
440	15	0	120	2200	2147483647
441	5	13	120	2205	2147483647
442	19	8	120	2210	2147483647
443	6	19	120	2215	2147483647
444	15	0	120	2220	2147483647
445	4	7	120	2225	2147483647
446	4	7	200	2230	2147483647
447	3	16	200	2235	2147483647
448	6	19	160	2240	2147483647
449	19	8	160	2245	2147483647
450	15	0	200	2250	2147483647
451	15	0	200	2255	2147483647
452	6	19	120	2260	2147483647
453	4	7	160	2265	2147483647
454	0	18	80	2270	2147483647
455	19	8	200	2275	2147483647
456	1	11	120	2280	2147483647
457	19	8	160	2285	2147483647
458	15	0	200	2290	2147483647
459	3	16	160	2295	2147483647
460	6	19	160	2300	2147483647
461	5	13	80	2305	2147483647
462	4	7	120	2310	2147483647
463	3	16	200	2315	2147483647
464	1	11	120	2320	2147483647
465	3	16	120	2325	2147483647
466	15	0	200	2330	2147483647
467	15	0	120	2335	2147483647
468	19	8	160	2340	2147483647
469	15	0	120	2345	2147483647
470	4	7	80	2350	2147483647
471	15	0	120	2355	2147483647
472	15	0	80	2360	2147483647
473	6	19	120	2365	2147483647
474	15	0	200	2370	2147483647
475	5	13	160	2375	2147483647
476	5	13	120	2380	2147483647
477	19	8	160	2385	2147483647
478	15	0	160	2390	2147483647
479	15	0	200	2395	2147483647
480	15	0	80	2400	2147483647
481	1	11	80	2405	2147483647
482	19	8	160	2410	2147483647
483	15	0	200	2415	2147483647
484	6	19	80	2420	2147483647
485	15	0	80	2425	2147483647
486	19	8	120	2430	2147483647
487	1	11	200	2435	2147483647
488	19	8	200	2440	2147483647
489	3	16	80	2445	2147483647
490	19	8	160	2450	2147483647
491	6	19	200	2455	2147483647
492	1	11	120	2460	2147483647
493	15	0	80	2465	2147483647
494	19	8	160	2470	2147483647
495	5	13	120	2475	2147483647
496	1	11	80	2480	2147483647
497	15	0	120	2485	2147483647
498	5	13	200	2490	2147483647
499	5	13	200	2495	2147483647
500	15	0	160	2500	2147483647
501	15	0	120	2505	2147483647
502	4	7	80	2510	2147483647
503	19	8	120	2515	2147483647
504	6	19	120	2520	2147483647
505	0	18	160	2525	2147483647
506	1	11	200	2530	2147483647
507	19	8	80	2535	2147483647
508	6	19	200	2540	2147483647
509	6	19	120	2545	2147483647
510	6	19	160	2550	2147483647
511	1	11	200	2555	2147483647
512	4	7	80	2560	2147483647
513	19	8	80	2565	2147483647
514	5	13	120	2570	2147483647
515	6	19	120	2575	2147483647
516	5	13	160	2580	2147483647
517	6	19	120	2585	2147483647
518	15	0	200	2590	2147483647
519	5	13	120	2595	2147483647
520	5	13	200	2600	2147483647
521	6	19	200	2605	2147483647
522	15	0	160	2610	2147483647
523	15	0	160	2615	2147483647
524	15	0	160	2620	2147483647
525	15	0	120	2625	2147483647
526	15	0	200	2630	2147483647
527	19	8	80	2635	2147483647
528	15	0	160	2640	2147483647
529	5	13	120	2645	2147483647
530	5	13	160	2650	2147483647
531	15	0	200	2655	2147483647
532	6	19	160	2660	2147483647
533	4	7	160	2665	2147483647
534	3	16	80	2670	2147483647
535	3	16	160	2675	2147483647
536	15	0	200	2680	2147483647
537	1	11	80	2685	2147483647
538	4	7	160	2690	2147483647
539	5	13	120	2695	2147483647
540	15	0	120	2700	2147483647
541	19	8	120	2705	2147483647
542	6	19	80	2710	2147483647
543	4	7	120	2715	2147483647
544	15	0	160	2720	2147483647
545	19	8	200	2725	2147483647
546	4	7	200	2730	2147483647
547	4	7	120	2735	2147483647
548	5	13	160	2740	2147483647
549	5	13	120	2745	2147483647
550	19	8	200	2750	2147483647
551	6	19	200	2755	2147483647
552	1	11	160	2760	2147483647
553	0	18	160	2765	2147483647
554	1	11	80	2770	2147483647
555	3	16	160	2775	2147483647
556	19	8	200	2780	2147483647
557	6	19	160	2785	2147483647
558	3	16	160	2790	2147483647
559	19	8	200	2795	2147483647
560	5	13	200	2800	2147483647
561	4	7	160	2805	2147483647
562	4	7	120	2810	2147483647
563	3	16	120	2815	2147483647
564	4	7	200	2820	2147483647
565	19	8	160	2825	2147483647
566	6	19	80	2830	2147483647
567	0	18	120	2835	2147483647
568	15	0	200	2840	2147483647
569	5	13	200	2845	2147483647
570	15	0	120	2850	2147483647
571	5	13	120	2855	2147483647
572	4	7	200	2860	2147483647
573	4	7	120	2865	2147483647
574	15	0	200	2870	2147483647
575	6	19	160	2875	2147483647
576	0	18	200	2880	2147483647
577	5	13	80	2885	2147483647
578	1	11	200	2890	2147483647
579	19	8	200	2895	2147483647
580	5	13	160	2900	2147483647
581	5	13	120	2905	2147483647
582	6	19	160	2910	2147483647
583	5	13	80	2915	2147483647
584	6	19	160	2920	2147483647
585	15	0	200	2925	2147483647
586	6	19	80	2930	2147483647
587	6	19	80	2935	2147483647
588	3	16	160	2940	2147483647
589	0	18	160	2945	2147483647
590	4	7	160	2950	2147483647
591	4	7	120	2955	2147483647
592	19	8	160	2960	2147483647
593	5	13	160	2965	2147483647
594	0	18	160	2970	2147483647
595	5	13	160	2975	2147483647
596	6	19	200	2980	2147483647
597	5	13	160	2985	2147483647
598	0	18	160	2990	2147483647
599	19	8	200	2995	2147483647
600	5	13	160	3000	2147483647
601	4	7	120	3005	2147483647
602	6	19	120	3010	2147483647
603	0	18	160	3015	2147483647
604	6	19	200	3020	2147483647
605	15	0	120	3025	2147483647
606	4	7	80	3030	2147483647
607	19	8	80	3035	2147483647
608	4	7	200	3040	2147483647
609	6	19	120	3045	2147483647
610	3	16	160	3050	2147483647
611	5	13	200	3055	2147483647
612	5	13	160	3060	2147483647
613	4	7	200	3065	2147483647
614	5	13	120	3070	2147483647
615	19	8	120	3075	2147483647
616	15	0	80	3080	2147483647
617	19	8	120	3085	2147483647
618	15	0	160	3090	2147483647
619	6	19	80	3095	2147483647
620	4	7	120	3100	2147483647
621	19	8	80	3105	2147483647
622	19	8	160	3110	2147483647
623	15	0	120	3115	2147483647
624	3	16	80	3120	2147483647
625	6	19	80	3125	2147483647
626	5	13	160	3130	2147483647
627	19	8	80	3135	2147483647
628	4	7	200	3140	2147483647
629	5	13	80	3145	2147483647
630	19	8	160	3150	2147483647
631	15	0	120	3155	2147483647
632	5	13	160	3160	2147483647
633	4	7	80	3165	2147483647
634	6	19	80	3170	2147483647
635	3	16	80	3175	2147483647
636	19	8	200	3180	2147483647
637	5	13	200	3185	2147483647
638	19	8	120	3190	2147483647
639	19	8	80	3195	2147483647
640	6	19	200	3200	2147483647
641	15	0	80	3205	2147483647
642	5	13	120	3210	2147483647
643	15	0	120	3215	2147483647
644	19	8	200	3220	2147483647
645	15	0	200	3225	2147483647
646	19	8	160	3230	2147483647
647	15	0	160	3235	2147483647
648	19	8	120	3240	2147483647
649	1	11	80	3245	2147483647
650	6	19	120	3250	2147483647
651	15	0	160	3255	2147483647
652	15	0	200	3260	2147483647
653	6	19	120	3265	2147483647
654	15	0	120	3270	2147483647
655	6	19	160	3275	2147483647
656	5	13	200	3280	2147483647
657	15	0	80	3285	2147483647
658	19	8	120	3290	2147483647
659	3	16	200	3295	2147483647
660	4	7	200	3300	2147483647
661	5	13	200	3305	2147483647
662	15	0	80	3310	2147483647
663	19	8	160	3315	2147483647
664	15	0	160	3320	2147483647
665	6	19	120	3325	2147483647
666	0	18	120	3330	2147483647
667	4	7	160	3335	2147483647
668	15	0	200	3340	2147483647
669	4	7	120	3345	2147483647
670	19	8	120	3350	2147483647
671	5	13	120	3355	2147483647
672	19	8	80	3360	2147483647
673	19	8	160	3365	2147483647
674	0	18	120	3370	2147483647
675	6	19	120	3375	2147483647
676	6	19	200	3380	2147483647
677	4	7	120	3385	2147483647
678	19	8	120	3390	2147483647
679	5	13	120	3395	2147483647
680	15	0	120	3400	2147483647
681	15	0	200	3405	2147483647
682	19	8	160	3410	2147483647
683	3	16	200	3415	2147483647
684	19	8	200	3420	2147483647
685	3	16	80	3425	2147483647
686	19	8	120	3430	2147483647
687	19	8	80	3435	2147483647
688	6	19	160	3440	2147483647
689	19	8	120	3445	2147483647
690	15	0	120	3450	2147483647
691	4	7	200	3455	2147483647
692	6	19	120	3460	2147483647
693	15	0	120	3465	2147483647
694	15	0	120	3470	2147483647
695	1	11	200	3475	2147483647
696	3	16	80	3480	2147483647
697	6	19	160	3485	2147483647
698	0	18	160	3490	2147483647
699	5	13	160	3495	2147483647
700	15	0	160	3500	2147483647
701	15	0	80	3505	2147483647
702	19	8	200	3510	2147483647
703	15	0	80	3515	2147483647
704	1	11	160	3520	2147483647
705	4	7	200	3525	2147483647
706	15	0	160	3530	2147483647
707	19	8	120	3535	2147483647
708	6	19	80	3540	2147483647
709	1	11	80	3545	2147483647
710	19	8	200	3550	2147483647
711	3	16	120	3555	2147483647
712	19	8	160	3560	2147483647
713	6	19	80	3565	2147483647
714	6	19	120	3570	2147483647
715	6	19	200	3575	2147483647
716	5	13	80	3580	2147483647
717	5	13	120	3585	2147483647
718	0	18	200	3590	2147483647
719	5	13	160	3595	2147483647
720	6	19	200	3600	2147483647
721	3	16	80	3605	2147483647
722	15	0	80	3610	2147483647
723	19	8	120	3615	2147483647
724	5	13	200	3620	2147483647
725	15	0	160	3625	2147483647
726	19	8	80	3630	2147483647
727	4	7	160	3635	2147483647
728	3	16	80	3640	2147483647
729	19	8	120	3645	2147483647
730	5	13	120	3650	2147483647
731	1	11	80	3655	2147483647
732	4	7	200	3660	2147483647
733	6	19	200	3665	2147483647
734	15	0	200	3670	2147483647
735	1	11	120	3675	2147483647
736	19	8	80	3680	2147483647
737	4	7	160	3685	2147483647
738	1	11	80	3690	2147483647
739	15	0	200	3695	2147483647
740	5	13	160	3700	2147483647
741	0	18	80	3705	2147483647
742	5	13	200	3710	2147483647
743	6	19	120	3715	2147483647
744	19	8	160	3720	2147483647
745	15	0	200	3725	2147483647
746	5	13	80	3730	2147483647
747	19	8	80	3735	2147483647
748	4	7	200	3740	2147483647
749	3	16	160	3745	2147483647
750	15	0	160	3750	2147483647
751	15	0	160	3755	2147483647
752	6	19	200	3760	2147483647
753	15	0	200	3765	2147483647
754	19	8	160	3770	2147483647
755	15	0	120	3775	2147483647
756	19	8	200	3780	2147483647
757	1	11	160	3785	2147483647
758	4	7	80	3790	2147483647
759	5	13	80	3795	2147483647
760	5	13	200	3800	2147483647
761	6	19	200	3805	2147483647
762	15	0	120	3810	2147483647
763	6	19	160	3815	2147483647
764	15	0	200	3820	2147483647
765	19	8	160	3825	2147483647
766	19	8	160	3830	2147483647
767	5	13	200	3835	2147483647
768	19	8	120	3840	2147483647
769	5	13	80	3845	2147483647
770	15	0	200	3850	2147483647
771	3	16	160	3855	2147483647
772	5	13	80	3860	2147483647
773	5	13	200	3865	2147483647
774	0	18	80	3870	2147483647
775	6	19	200	3875	2147483647
776	15	0	80	3880	2147483647
777	3	16	160	3885	2147483647
778	19	8	200	3890	2147483647
779	15	0	80	3895	2147483647
780	4	7	160	3900	2147483647
781	19	8	200	3905	2147483647
782	19	8	160	3910	2147483647
783	0	18	120	3915	2147483647
784	4	7	200	3920	2147483647
785	15	0	160	3925	2147483647
786	15	0	80	3930	2147483647
787	6	19	200	3935	2147483647
788	15	0	80	3940	2147483647
789	0	18	160	3945	2147483647
790	1	11	120	3950	2147483647
791	15	0	120	3955	2147483647
792	19	8	160	3960	2147483647
793	15	0	80	3965	2147483647
794	4	7	200	3970	2147483647
795	19	8	160	3975	2147483647
796	5	13	200	3980	2147483647
797	19	8	120	3985	2147483647
798	19	8	160	3990	2147483647
799	3	16	200	3995	2147483647
800	15	0	120	4000	2147483647
801	1	11	80	4005	2147483647
802	0	18	200	4010	2147483647
803	19	8	200	4015	2147483647
804	6	19	200	4020	2147483647
805	6	19	80	4025	2147483647
806	4	7	160	4030	2147483647
807	1	11	200	4035	2147483647
808	6	19	200	4040	2147483647
809	4	7	200	4045	2147483647
810	19	8	80	4050	2147483647
811	19	8	120	4055	2147483647
812	4	7	200	4060	2147483647
813	6	19	80	4065	2147483647
814	3	16	160	4070	2147483647
815	6	19	200	4075	2147483647
816	6	19	80	4080	2147483647
817	15	0	200	4085	2147483647
818	5	13	200	4090	2147483647
819	19	8	120	4095	2147483647
820	4	7	120	4100	2147483647
821	5	13	160	4105	2147483647
822	15	0	160	4110	2147483647
823	19	8	200	4115	2147483647
824	5	13	160	4120	2147483647
825	19	8	120	4125	2147483647
826	3	16	200	4130	2147483647
827	15	0	80	4135	2147483647
828	3	16	80	4140	2147483647
829	3	16	120	4145	2147483647
830	3	16	80	4150	2147483647
831	19	8	200	4155	2147483647
832	5	13	80	4160	2147483647
833	15	0	200	4165	2147483647
834	3	16	200	4170	2147483647
835	3	16	120	4175	2147483647
836	19	8	200	4180	2147483647
837	3	16	200	4185	2147483647
838	6	19	120	4190	2147483647
839	15	0	200	4195	2147483647
840	5	13	200	4200	2147483647
841	6	19	120	4205	2147483647
842	0	18	80	4210	2147483647
843	5	13	120	4215	2147483647
844	1	11	120	4220	2147483647
845	3	16	200	4225	2147483647
846	6	19	160	4230	2147483647
847	6	19	160	4235	2147483647
848	6	19	160	4240	2147483647
849	15	0	200	4245	2147483647
850	4	7	120	4250	2147483647
851	15	0	200	4255	2147483647
852	6	19	160	4260	2147483647
853	19	8	80	4265	2147483647
854	19	8	120	4270	2147483647
855	5	13	160	4275	2147483647
856	4	7	160	4280	2147483647
857	1	11	80	4285	2147483647
858	6	19	120	4290	2147483647
859	15	0	160	4295	2147483647
860	5	13	80	4300	2147483647
861	15	0	160	4305	2147483647
862	19	8	200	4310	2147483647
863	5	13	120	4315	2147483647
864	1	11	200	4320	2147483647
865	3	16	120	4325	2147483647
866	6	19	120	4330	2147483647
867	6	19	200	4335	2147483647
868	5	13	80	4340	2147483647
869	19	8	120	4345	2147483647
870	15	0	200	4350	2147483647
871	5	13	120	4355	2147483647
872	4	7	120	4360	2147483647
873	15	0	200	4365	2147483647
874	6	19	120	4370	2147483647
875	15	0	80	4375	2147483647
876	5	13	160	4380	2147483647
877	5	13	120	4385	2147483647
878	19	8	120	4390	2147483647
879	3	16	160	4395	2147483647
880	4	7	200	4400	2147483647
881	15	0	120	4405	2147483647
882	3	16	160	4410	2147483647
883	6	19	80	4415	2147483647
884	19	8	200	4420	2147483647
885	6	19	80	4425	2147483647
886	4	7	120	4430	2147483647
887	5	13	200	4435	2147483647
888	19	8	120	4440	2147483647
889	19	8	80	4445	2147483647
890	19	8	200	4450	2147483647
891	15	0	200	4455	2147483647
892	15	0	160	4460	2147483647
893	15	0	200	4465	2147483647
894	5	13	160	4470	2147483647
895	19	8	120	4475	2147483647
896	15	0	160	4480	2147483647
897	6	19	200	4485	2147483647
898	4	7	120	4490	2147483647
899	19	8	200	4495	2147483647
900	15	0	160	4500	2147483647
901	1	11	160	4505	2147483647
902	1	11	120	4510	2147483647
903	15	0	80	4515	2147483647
904	19	8	200	4520	2147483647
905	19	8	80	4525	2147483647
906	5	13	120	4530	2147483647
907	19	8	160	4535	2147483647
908	5	13	160	4540	2147483647
909	1	11	120	4545	2147483647
910	19	8	80	4550	2147483647
911	19	8	80	4555	2147483647
912	4	7	160	4560	2147483647
913	5	13	160	4565	2147483647
914	5	13	200	4570	2147483647
915	15	0	160	4575	2147483647
916	6	19	200	4580	2147483647
917	5	13	160	4585	2147483647
918	6	19	120	4590	2147483647
919	6	19	160	4595	2147483647
920	19	8	80	4600	2147483647
921	3	16	160	4605	2147483647
922	6	19	160	4610	2147483647
923	6	19	200	4615	2147483647
924	0	18	120	4620	2147483647
925	19	8	80	4625	2147483647
926	15	0	160	4630	2147483647
927	6	19	160	4635	2147483647
928	4	7	120	4640	2147483647
929	15	0	80	4645	2147483647
930	1	11	160	4650	2147483647
931	15	0	160	4655	2147483647
932	4	7	200	4660	2147483647
933	19	8	120	4665	2147483647
934	6	19	80	4670	2147483647
935	4	7	80	4675	2147483647
936	15	0	200	4680	2147483647
937	6	19	120	4685	2147483647
938	15	0	80	4690	2147483647
939	1	11	160	4695	2147483647
940	3	16	200	4700	2147483647
941	4	7	160	4705	2147483647
942	1	11	80	4710	2147483647
943	19	8	80	4715	2147483647
944	19	8	80	4720	2147483647
945	1	11	160	4725	2147483647
946	6	19	80	4730	2147483647
947	4	7	200	4735	2147483647
948	5	13	80	4740	2147483647
949	15	0	200	4745	2147483647
950	5	13	120	4750	2147483647
951	5	13	200	4755	2147483647
952	1	11	120	4760	2147483647
953	15	0	200	4765	2147483647
954	1	11	200	4770	2147483647
955	6	19	80	4775	2147483647
956	6	19	200	4780	2147483647
957	6	19	120	4785	2147483647
958	15	0	200	4790	2147483647
959	19	8	200	4795	2147483647
960	1	11	120	4800	2147483647
961	19	8	200	4805	2147483647
962	15	0	120	4810	2147483647
963	15	0	160	4815	2147483647
964	0	18	160	4820	2147483647
965	4	7	120	4825	2147483647
966	15	0	80	4830	2147483647
967	5	13	120	4835	2147483647
968	19	8	160	4840	2147483647
969	4	7	160	4845	2147483647
970	19	8	200	4850	2147483647
971	0	18	160	4855	2147483647
972	15	0	120	4860	2147483647
973	6	19	160	4865	2147483647
974	5	13	200	4870	2147483647
975	15	0	120	4875	2147483647
976	0	18	120	4880	2147483647
977	15	0	120	4885	2147483647
978	15	0	200	4890	2147483647
979	19	8	200	4895	2147483647
980	6	19	80	4900	2147483647
981	6	19	200	4905	2147483647
982	3	16	120	4910	2147483647
983	6	19	120	4915	2147483647
984	5	13	160	4920	2147483647
985	15	0	160	4925	2147483647
986	15	0	120	4930	2147483647
987	6	19	80	4935	2147483647
988	15	0	160	4940	2147483647
989	19	8	200	4945	2147483647
990	15	0	120	4950	2147483647
991	3	16	120	4955	2147483647
992	19	8	160	4960	2147483647
993	15	0	120	4965	2147483647
994	19	8	120	4970	2147483647
995	4	7	200	4975	2147483647
996	6	19	120	4980	2147483647
997	5	13	160	4985	2147483647
998	19	8	120	4990	2147483647
999	15	0	200	4995	2147483647
