0	15	0	160	0	10355
1	3	16	160	7	1140
2	5	13	80	14	1414
3	19	8	160	21	54
4	6	19	160	28	12860
5	15	0	200	35	11865
6	6	19	120	42	375
7	5	13	160	49	1716
8	1	11	200	56	7816
9	3	16	160	63	6847
10	4	7	160	70	319
11	5	13	80	77	476
12	6	19	120	84	4475
13	5	13	80	91	3278
14	15	0	80	98	3406
15	4	7	120	105	1085
16	19	8	160	112	3786
17	3	16	120	119	1584
18	5	13	160	126	2404
19	5	13	120	133	7386
20	19	8	200	140	3722
21	5	13	120	147	3562
22	19	8	80	154	1940
23	4	7	120	161	7309
24	19	8	200	168	3334
25	3	16	80	175	8571
26	4	7	200	182	1679
27	6	19	200	189	5118
28	15	0	200	196	9071
29	5	13	200	203	1665
30	19	8	120	210	927
31	5	13	120	217	3946
32	4	7	160	224	10722
33	19	8	120	231	2628
34	15	0	120	238	2761
35	15	0	160	245	634
36	6	19	160	252	426
37	15	0	160	259	3239
38	15	0	80	266	12936
39	19	8	120	273	1485
40	4	7	120	280	5586
41	0	18	160	287	1891
42	19	8	200	294	1603
43	3	16	120	301	2160
44	19	8	120	308	5517
45	0	18	200	315	1117
46	4	7	160	322	6096
47	6	19	200	329	2577
48	5	13	120	336	6146
49	15	0	80	343	1663
50	19	8	80	350	6008
51	19	8	120	400	1107
52	5	13	200	410	3073
53	6	19	160	420	4884
54	15	0	80	430	13082
55	5	13	120	440	1633
56	4	7	120	450	7973
57	1	11	200	460	2455
58	19	8	200	470	2376
59	5	13	160	480	321
60	5	13	200	490	3721
61	0	18	120	500	1833
62	15	0	200	510	2409
63	15	0	200	520	2916
64	4	7	120	530	3792
65	19	8	120	540	2388
66	3	16	160	550	797
67	15	0	200	560	851
68	15	0	160	570	251
69	19	8	120	580	2224
70	15	0	160	590	587
71	4	7	200	600	234
72	6	19	120	610	1825
73	6	19	120	620	611
74	3	16	80	630	375
75	15	0	120	640	1040
76	6	19	120	650	1201
77	19	8	200	660	13649
78	5	13	200	670	381
79	19	8	80	680	1552
80	19	8	160	690	423
81	15	0	200	700	8096
82	3	16	160	710	11057
83	19	8	160	720	3249
84	6	19	200	730	3313
85	19	8	200	740	13413
86	19	8	120	750	381
87	15	0	80	760	1026
88	4	7	80	770	2933
89	4	7	80	780	713
90	6	19	120	800	1330
91	5	13	160	809	4112
92	15	0	200	818	453
93	5	13	120	827	8597
94	6	19	120	836	4877
95	4	7	200	845	1943
96	5	13	200	854	10323
97	3	16	200	863	6696
98	19	8	200	872	6534
99	19	8	80	881	1419
100	19	8	120	890	260
101	15	0	160	899	3571
102	19	8	80	908	2139
103	5	13	200	917	1774
104	1	11	120	926	910
105	6	19	80	935	5098
106	5	13	80	944	8333
107	15	0	160	953	2007
108	5	13	120	962	3822
109	19	8	200	971	5282
110	19	8	200	980	315
111	5	13	120	989	9081
112	15	0	200	998	1833
113	1	11	160	1007	540
114	6	19	80	1016	15032
115	15	0	200	1025	5352
116	19	8	200	1034	2253
117	15	0	80	1043	9061
118	1	11	80	1052	12351
119	5	13	120	1061	4170
120	0	18	80	1070	1777
121	5	13	120	1079	12351
122	5	13	160	1088	4458
123	5	13	160	1097	9113
124	6	19	200	1106	620
125	4	7	200	1115	2727
126	6	19	200	1124	11963
127	3	16	200	1133	2638
128	1	11	200	1142	2298
129	19	8	80	1151	4880
130	5	13	160	1160	1453
131	5	13	120	1169	2368
132	0	18	80	1200	708
133	6	19	200	1207	6286
134	0	18	200	1214	1197
135	4	7	200	1221	2853
136	15	0	160	1228	2418
137	15	0	160	1235	3457
138	19	8	80	1242	1739
139	0	18	160	1249	7400
140	6	19	200	1256	375
141	3	16	160	1263	4766
142	5	13	160	1270	3776
143	5	13	120	1277	6179
144	5	13	80	1284	365
145	1	11	80	1291	1952
146	15	0	160	1298	1283
147	15	0	80	1305	15814
148	15	0	120	1312	9490
149	15	0	160	1319	13634
150	5	13	200	1326	12326
151	6	19	160	1333	113
152	1	11	200	1340	7811
153	6	19	120	1347	684
154	19	8	80	1354	11251
155	5	13	200	1361	459
156	4	7	80	1368	10030
157	6	19	160	1375	2908
158	19	8	80	1382	966
159	15	0	120	1389	4941
160	1	11	120	1396	5891
161	4	7	80	1403	1993
162	15	0	200	1410	12631
163	6	19	80	1417	9661
164	6	19	120	1424	2237
165	6	19	160	1431	3966
166	5	13	80	1438	5303
167	3	16	80	1445	3427
168	1	11	200	1452	8089
169	4	7	120	1459	2514
170	19	8	80	1466	1336
171	1	11	120	1473	7643
172	19	8	200	1480	3137
173	0	18	160	1487	473
174	15	0	160	1494	3265
175	19	8	120	1501	4343
176	1	11	160	1508	1683
177	19	8	120	1515	8662
178	19	8	120	1522	6646
179	5	13	200	1529	5665
180	6	19	120	1536	992
181	15	0	160	1543	13886
182	5	13	160	1550	3434
183	5	13	120	1600	2540
184	5	13	120	1613	5555
185	19	8	200	1626	1295
186	4	7	160	1639	3554
187	6	19	160	1652	19
188	15	0	160	1665	7650
189	6	19	200	1678	650
190	19	8	200	1691	3580
191	3	16	80	1704	11059
192	19	8	120	1717	1810
193	1	11	160	1730	4124
194	19	8	120	1743	299
195	4	7	200	1756	4776
196	5	13	160	1769	5369
197	19	8	120	1782	4819
198	19	8	200	1795	1774
199	15	0	160	1808	2452
200	15	0	200	1821	4219
201	15	0	160	1834	4803
202	15	0	120	1847	480
203	6	19	200	1860	2319
204	19	8	120	1873	4594
205	5	13	120	1886	430
206	15	0	160	1899	2650
207	0	18	80	1912	5489
208	15	0	200	1925	3658
209	19	8	160	1938	1300
210	5	13	120	1951	5795
211	5	13	160	1964	135
212	15	0	80	2000	4903
213	6	19	120	2009	2444
214	3	16	80	2018	2689
215	5	13	160	2027	6473
216	19	8	160	2036	6777
217	5	13	160	2045	2672
218	1	11	200	2054	697
219	15	0	120	2063	658
220	5	13	200	2072	164
221	19	8	160	2081	5229
222	5	13	120	2090	5137
223	6	19	80	2099	5058
224	4	7	120	2108	8325
225	15	0	200	2117	1704
226	4	7	80	2126	2677
227	19	8	80	2135	9217
228	1	11	80	2144	161
229	6	19	200	2153	7890
230	5	13	160	2162	10289
231	4	7	80	2171	4122
232	0	18	120	2180	2994
233	3	16	200	2189	1734
234	15	0	200	2198	446
235	19	8	160	2207	2941
236	1	11	120	2216	7745
237	19	8	160	2225	585
238	5	13	200	2234	6190
239	3	16	200	2243	4183
240	4	7	120	2252	6282
241	4	7	120	2261	7386
242	19	8	200	2270	2081
243	15	0	200	2279	3420
244	4	7	160	2288	1943
245	15	0	80	2297	3268
246	6	19	80	2306	1048
247	4	7	80	2315	9493
248	19	8	160	2324	668
249	15	0	200	2333	1260
250	5	13	120	2342	8505
251	0	18	80	2351	1158
252	15	0	160	2360	3108
253	4	7	160	2369	925
254	5	13	160	2400	2165
255	19	8	120	2409	10219
256	4	7	80	2418	14900
257	3	16	120	2427	2013
258	4	7	160	2436	3328
259	3	16	120	2445	1637
260	1	11	120	2454	3808
261	15	0	120	2463	3511
262	19	8	200	2472	4910
263	3	16	80	2481	5363
264	6	19	200	2490	1747
265	1	11	80	2499	520
266	4	7	80	2508	2822
267	5	13	80	2517	1751
268	19	8	120	2526	1732
269	4	7	160	2535	13879
270	4	7	80	2544	11676
271	0	18	200	2553	4559
272	19	8	160	2562	4816
273	19	8	80	2571	2864
274	5	13	80	2580	1783
275	3	16	120	2589	882
276	0	18	160	2598	1565
277	6	19	160	2607	642
278	4	7	120	2616	1618
279	15	0	120	2625	1524
280	3	16	200	2634	495
281	0	18	200	2643	3481
282	0	18	160	2652	5486
283	6	19	120	2661	5866
284	3	16	160	2670	15684
285	5	13	160	2679	4460
286	6	19	160	2688	434
287	15	0	200	2697	1545
288	15	0	80	2706	10861
289	15	0	120	2715	810
290	15	0	160	2724	3147
291	19	8	80	2733	2467
292	15	0	80	2742	3388
293	4	7	120	2751	2400
294	0	18	120	2760	140
295	6	19	200	2800	931
296	4	7	160	2811	581
297	15	0	200	2822	4401
298	4	7	200	2833	998
299	3	16	120	2844	1220
300	5	13	200	2855	213
301	3	16	200	2866	8346
302	4	7	160	2877	3241
303	15	0	200	2888	818
304	5	13	160	2899	1567
305	5	13	120	2910	895
306	1	11	120	2921	3206
307	19	8	120	2932	117
308	19	8	160	2943	7505
309	4	7	120	2954	993
310	19	8	160	2965	3650
311	15	0	160	2976	7028
312	19	8	200	2987	258
313	6	19	80	2998	1139
314	19	8	120	3009	991
315	0	18	120	3020	133
316	15	0	160	3031	7280
317	6	19	120	3042	11103
318	1	11	120	3053	5678
319	3	16	120	3064	4579
320	15	0	160	3075	76
321	6	19	120	3086	821
322	15	0	80	3097	2184
323	3	16	80	3108	736
324	6	19	200	3119	2207
325	5	13	80	3130	2659
326	5	13	200	3141	460
327	15	0	120	3152	1143
328	19	8	160	3163	2591
329	19	8	80	3174	659
330	19	8	200	3200	259
331	5	13	200	3210	4274
332	4	7	160	3220	10499
333	1	11	80	3230	290
334	4	7	120	3240	1231
335	0	18	80	3250	1100
336	15	0	120	3260	104
337	5	13	160	3270	3296
338	0	18	200	3280	2355
339	15	0	80	3290	6048
340	5	13	80	3300	514
341	15	0	80	3310	307
342	19	8	120	3320	2567
343	6	19	200	3330	5004
344	19	8	200	3340	3516
345	0	18	80	3350	5053
346	19	8	80	3360	2027
347	1	11	200	3370	1563
348	5	13	200	3380	1054
349	19	8	200	3390	6
350	19	8	80	3400	1846
351	15	0	80	3410	880
352	6	19	120	3420	9590
353	3	16	160	3430	3098
354	6	19	200	3440	1118
355	19	8	160	3450	8052
356	6	19	200	3460	2428
357	3	16	160	3470	1958
358	1	11	200	3480	5722
359	1	11	120	3490	7293
360	19	8	160	3500	384
361	5	13	80	3510	1442
362	19	8	160	3520	3212
363	19	8	120	3530	4748
364	5	13	120	3540	683
365	6	19	200	3550	11386
366	5	13	80	3560	9206
367	19	8	200	3570	19691
368	5	13	200	3600	16282
369	19	8	120	3610	15443
370	5	13	80	3620	28
371	4	7	200	3630	1295
372	5	13	160	3640	2714
373	5	13	120	3650	15382
374	19	8	120	3660	3293
375	0	18	120	3670	11600
376	15	0	80	3680	4978
377	3	16	80	3690	4910
378	3	16	80	3700	3501
379	6	19	200	3710	4907
380	5	13	80	3720	368
381	5	13	200	3730	6155
382	5	13	120	3740	68
383	19	8	200	3750	2578
384	0	18	200	3760	6095
385	3	16	200	3770	8018
386	15	0	160	3780	5504
387	3	16	80	3790	1966
388	6	19	120	3800	6996
389	5	13	200	3810	2033
390	6	19	120	3820	6157
391	6	19	200	3830	4072
392	5	13	160	3840	6448
393	19	8	160	3850	3730
394	15	0	160	3860	4656
395	19	8	80	3870	6814
396	15	0	120	3880	2952
397	19	8	200	3890	6033
398	0	18	120	3900	3253
399	5	13	200	3910	4119
400	15	0	80	3920	6801
401	19	8	120	3930	2076
402	15	0	200	3940	1665
403	5	13	160	3950	1166
404	15	0	200	3960	20918
405	6	19	80	3970	391
406	5	13	160	3980	4881
407	4	7	80	4000	10662
408	5	13	80	4011	15293
409	6	19	120	4022	1420
410	3	16	120	4033	671
411	4	7	160	4044	5514
412	19	8	120	4055	6516
413	6	19	80	4066	222
414	15	0	80	4077	5552
415	15	0	160	4088	1463
416	19	8	160	4099	1346
417	0	18	200	4110	320
418	19	8	120	4121	9757
419	5	13	160	4132	1380
420	15	0	120	4143	865
421	4	7	80	4154	2865
422	5	13	120	4165	729
423	19	8	80	4176	3512
424	5	13	80	4187	860
425	15	0	80	4198	1837
426	19	8	80	4209	2585
427	6	19	80	4220	8692
428	6	19	160	4231	1374
429	19	8	120	4242	5435
430	5	13	80	4253	2199
431	19	8	120	4264	10827
432	3	16	160	4275	651
433	15	0	120	4286	11276
434	19	8	200	4297	8807
435	5	13	200	4308	4597
436	15	0	80	4319	2354
437	0	18	200	4330	5776
438	4	7	200	4341	2619
439	6	19	160	4352	4671
440	15	0	80	4363	699
441	6	19	120	4400	6793
442	15	0	200	4408	2112
443	19	8	80	4416	2996
444	3	16	120	4424	1118
445	4	7	160	4432	152
446	6	19	160	4440	7202
447	15	0	160	4448	5488
448	4	7	120	4456	7752
449	1	11	80	4464	1921
450	19	8	120	4472	3038
451	15	0	120	4480	2355
452	19	8	120	4488	8037
453	15	0	200	4496	1230
454	15	0	160	4504	2379
455	5	13	200	4512	1460
456	6	19	200	4520	1088
457	15	0	200	4528	5643
458	19	8	120	4536	244
459	19	8	200	4544	3937
460	6	19	200	4552	3839
461	19	8	120	4560	6830
462	15	0	120	4568	4082
463	6	19	200	4576	1072
464	4	7	80	4584	8345
465	5	13	80	4592	999
466	3	16	200	4600	3643
467	4	7	200	4608	7966
468	15	0	80	4616	719
469	4	7	120	4624	278
470	0	18	120	4632	7907
471	19	8	200	4640	2951
472	19	8	80	4648	3629
473	5	13	160	4656	1013
474	6	19	120	4664	563
475	5	13	200	4672	1895
476	6	19	80	4680	427
477	5	13	120	4688	4079
478	15	0	160	4696	1664
479	3	16	120	4704	679
480	3	16	160	4712	3050
481	4	7	160	4720	5232
482	4	7	160	4728	122
483	6	19	120	4736	9601
484	19	8	200	4744	947
485	15	0	160	4752	15253
486	19	8	200	4760	278
487	5	13	200	4768	8669
488	1	11	160	4800	2708
489	5	13	200	4808	3503
490	19	8	200	4816	2354
491	19	8	80	4824	4669
492	0	18	120	4832	4878
493	4	7	80	4840	7701
494	19	8	200	4848	298
495	19	8	200	4856	1672
496	15	0	80	4864	781
497	5	13	200	4872	770
498	15	0	200	4880	4215
499	19	8	120	4888	92
500	3	16	160	4896	2316
501	5	13	160	4904	14200
502	0	18	160	4912	3487
503	19	8	200	4920	6217
504	1	11	160	4928	2935
505	0	18	160	4936	41
506	19	8	120	4944	7552
507	6	19	160	4952	4110
508	4	7	120	4960	572
509	5	13	200	4968	294
510	19	8	160	4976	915
511	3	16	120	4984	3654
512	19	8	80	4992	2148
513	19	8	80	5000	9342
514	15	0	120	5008	389
515	5	13	120	5016	8735
516	6	19	200	5024	6215
517	3	16	80	5032	5242
518	6	19	200	5040	97
519	6	19	160	5048	9128
520	6	19	80	5056	668
521	15	0	80	5064	4982
522	3	16	120	5072	1858
523	4	7	80	5080	3480
524	5	13	120	5088	3896
525	3	16	80	5096	758
526	19	8	120	5104	6796
527	6	19	80	5112	5422
528	6	19	200	5120	658
529	6	19	160	5128	6237
530	6	19	200	5136	893
531	3	16	120	5144	10422
532	15	0	160	5152	17691
533	19	8	120	5160	1528
534	0	18	160	5168	5043
535	19	8	200	5176	3304
536	4	7	200	5200	639
537	4	7	200	5210	1105
538	5	13	200	5220	1972
539	19	8	120	5230	895
540	19	8	120	5240	553
541	5	13	80	5250	2214
542	4	7	160	5260	5580
543	15	0	200	5270	2185
544	6	19	80	5280	1905
545	15	0	160	5290	7481
546	19	8	80	5300	1276
547	4	7	120	5310	6465
548	6	19	160	5320	5731
549	6	19	120	5330	816
550	5	13	200	5340	3222
551	6	19	80	5350	2369
552	15	0	200	5360	654
553	4	7	120	5370	5600
554	5	13	80	5380	8128
555	5	13	160	5390	5197
556	3	16	120	5400	3661
557	15	0	120	5410	2
558	6	19	120	5420	727
559	19	8	120	5430	1706
560	3	16	80	5440	858
561	5	13	80	5450	450
562	19	8	160	5460	2695
563	15	0	160	5470	1683
564	19	8	80	5480	8187
565	19	8	120	5490	1305
566	6	19	200	5500	3775
567	19	8	200	5510	412
568	19	8	120	5520	826
569	19	8	120	5530	3024
570	3	16	120	5540	5381
571	4	7	200	5550	3168
572	15	0	120	5560	1668
573	15	0	160	5570	6939
574	15	0	120	5580	5855
575	1	11	200	5590	5218
576	6	19	120	5600	12880
577	6	19	120	5609	12036
578	19	8	200	5618	903
579	15	0	200	5627	5994
580	3	16	80	5636	9192
581	15	0	80	5645	63
582	1	11	120	5654	15820
583	19	8	160	5663	13679
584	3	16	160	5672	1079
585	19	8	160	5681	5594
586	5	13	160	5690	5970
587	5	13	120	5699	1069
588	15	0	80	5708	2381
589	15	0	80	5717	18135
590	15	0	160	5726	13141
591	6	19	160	5735	636
592	15	0	120	5744	312
593	6	19	120	5753	172
594	15	0	120	5762	29
595	6	19	80	5771	92
596	6	19	160	5780	10925
597	6	19	200	5789	2101
598	19	8	200	5798	3194
599	15	0	200	5807	423
600	4	7	200	5816	1071
601	0	18	80	5825	770
602	5	13	200	5834	3814
603	6	19	120	5843	1049
604	6	19	200	5852	2355
605	3	16	80	5861	24
606	19	8	200	5870	448
607	0	18	120	5879	1586
608	6	19	80	5888	16747
609	4	7	80	5897	604
610	19	8	80	5906	5831
611	15	0	80	5915	4187
612	19	8	120	5924	6408
613	19	8	160	5933	1974
614	19	8	120	5942	2374
615	5	13	80	5951	780
616	4	7	200	5960	536
617	0	18	80	5969	2961
618	5	13	200	5978	452
619	19	8	120	6000	501
620	5	13	200	6009	2798
621	0	18	120	6018	1888
622	4	7	200	6027	4192
623	3	16	120	6036	879
624	5	13	200	6045	3357
625	15	0	200	6054	3589
626	6	19	120	6063	2553
627	5	13	200	6072	1420
628	19	8	120	6081	6774
629	3	16	80	6090	5478
630	15	0	120	6099	6316
631	19	8	160	6108	3206
632	15	0	120	6117	2047
633	4	7	80	6126	428
634	5	13	80	6135	3119
635	1	11	80	6144	5155
636	5	13	80	6153	2050
637	6	19	200	6162	5545
638	6	19	160	6171	2954
639	1	11	160	6180	1047
640	3	16	200	6189	4164
641	5	13	120	6198	2375
642	19	8	120	6207	1149
643	6	19	200	6216	1475
644	15	0	200	6225	1004
645	19	8	160	6234	1505
646	15	0	80	6243	1714
647	19	8	200	6252	4628
648	15	0	80	6261	3609
649	5	13	80	6270	7089
650	4	7	120	6279	9103
651	5	13	120	6288	2123
652	3	16	200	6297	1436
653	19	8	160	6306	2264
654	4	7	80	6315	3638
655	4	7	120	6324	7826
656	15	0	120	6333	2984
657	4	7	160	6342	2160
658	3	16	160	6351	4348
659	19	8	80	6360	7659
660	15	0	160	6369	3056
661	6	19	200	6400	6584
662	3	16	200	6414	2863
663	5	13	200	6428	1092
664	6	19	160	6442	1701
665	19	8	160	6456	972
666	3	16	160	6470	1142
667	15	0	120	6484	4774
668	5	13	120	6498	7538
669	15	0	80	6512	5139
670	1	11	200	6526	5989
671	15	0	200	6540	1883
672	6	19	120	6554	2
673	5	13	120	6568	8366
674	15	0	120	6582	2545
675	0	18	160	6596	227
676	3	16	80	6610	541
677	15	0	200	6624	1667
678	5	13	160	6638	14823
679	5	13	120	6652	1174
680	19	8	160	6666	1117
681	6	19	160	6680	6172
682	15	0	200	6694	4876
683	6	19	80	6708	17097
684	19	8	200	6722	7548
685	4	7	80	6736	1924
686	15	0	160	6750	1149
687	15	0	200	6764	13803
688	19	8	80	6778	2807
689	4	7	200	6800	4594
690	5	13	200	6808	885
691	3	16	160	6816	16494
692	5	13	120	6824	364
693	6	19	160	6832	4430
694	6	19	80	6840	4766
695	15	0	80	6848	7325
696	4	7	120	6856	11037
697	6	19	120	6864	43
698	19	8	120	6872	13082
699	19	8	80	6880	24
700	19	8	80	6888	269
701	19	8	200	6896	4219
702	6	19	160	6904	7268
703	19	8	200	6912	8194
704	4	7	120	6920	221
705	15	0	120	6928	2950
706	19	8	200	6936	2118
707	19	8	160	6944	2214
708	3	16	80	6952	13023
709	4	7	160	6960	3122
710	0	18	80	6968	5267
711	19	8	120	6976	817
712	19	8	80	6984	2332
713	15	0	120	6992	2099
714	19	8	120	7000	3754
715	1	11	200	7008	5512
716	19	8	200	7016	433
717	6	19	200	7024	2978
718	6	19	80	7032	1980
719	5	13	160	7040	13343
720	4	7	80	7048	13532
721	6	19	160	7056	1314
722	15	0	120	7064	855
723	3	16	160	7072	722
724	5	13	120	7080	2974
725	19	8	120	7088	6290
726	4	7	120	7096	1360
727	19	8	200	7104	1608
728	19	8	80	7112	795
729	3	16	80	7120	3988
730	15	0	80	7128	505
731	15	0	200	7136	492
732	19	8	160	7144	1905
733	6	19	120	7152	13927
734	6	19	120	7160	839
735	0	18	200	7200	3585
736	19	8	80	7210	11885
737	15	0	80	7220	7168
738	4	7	200	7230	10770
739	4	7	120	7240	1582
740	5	13	80	7250	14142
741	19	8	200	7260	6964
742	6	19	200	7270	27
743	15	0	120	7280	13132
744	3	16	160	7290	12053
745	5	13	120	7300	55
746	4	7	160	7310	3123
747	15	0	80	7320	4541
748	15	0	80	7330	250
749	5	13	80	7340	11850
750	19	8	120	7350	5344
751	15	0	160	7360	2121
752	19	8	120	7370	3872
753	6	19	160	7380	24125
754	15	0	80	7390	163
755	5	13	120	7400	6148
756	5	13	120	7410	2459
757	5	13	200	7420	4462
758	6	19	120	7430	1701
759	5	13	200	7440	1211
760	5	13	80	7450	1062
761	19	8	80	7460	333
762	19	8	120	7470	1123
763	0	18	200	7480	1604
764	6	19	120	7490	2200
765	5	13	120	7500	3829
766	1	11	200	7510	6556
767	4	7	160	7520	2559
768	3	16	200	7530	989
769	19	8	160	7540	68
770	3	16	200	7550	6421
771	3	16	200	7560	1254
772	4	7	200	7570	3594
773	4	7	160	7580	263
774	0	18	160	7600	20180
775	5	13	80	7610	609
776	19	8	200	7620	1277
777	19	8	200	7630	1045
778	0	18	80	7640	964
779	1	11	80	7650	2859
780	15	0	200	7660	1153
781	6	19	80	7670	3763
782	4	7	200	7680	1260
783	6	19	80	7690	1055
784	5	13	200	7700	8974
785	19	8	160	7710	4912
786	15	0	120	7720	2738
787	5	13	200	7730	1920
788	19	8	80	7740	10588
789	4	7	200	7750	2071
790	15	0	120	7760	569
791	6	19	80	7770	1294
792	3	16	160	7780	2669
793	19	8	200	7790	4446
794	19	8	120	7800	392
795	5	13	200	7810	8859
796	19	8	120	7820	3468
797	6	19	200	7830	4513
798	4	7	80	7840	3100
799	19	8	120	7850	1630
800	4	7	160	7860	932
801	1	11	200	7870	287
802	6	19	80	7880	2461
803	19	8	120	7890	179
804	4	7	80	7900	645
805	15	0	160	7910	2523
806	6	19	160	7920	6830
807	15	0	200	7930	3251
808	6	19	80	7940	16
809	4	7	80	7950	9159
810	5	13	160	7960	2867
811	5	13	160	7970	1042
812	5	13	200	8000	2449
813	6	19	120	8008	7222
814	15	0	80	8016	43
815	19	8	200	8024	3908
816	15	0	80	8032	6636
817	6	19	120	8040	52
818	15	0	80	8048	2294
819	6	19	160	8056	5035
820	6	19	200	8064	513
821	15	0	200	8072	2210
822	4	7	160	8080	3136
823	19	8	80	8088	6748
824	3	16	120	8096	8626
825	6	19	160	8104	2958
826	19	8	80	8112	6098
827	4	7	80	8120	10196
828	5	13	80	8128	14071
829	15	0	160	8136	433
830	5	13	160	8144	3298
831	6	19	200	8152	3634
832	6	19	200	8160	4693
833	3	16	160	8168	8466
834	19	8	160	8176	1442
835	15	0	200	8184	799
836	19	8	200	8192	650
837	6	19	160	8200	1027
838	3	16	200	8208	345
839	15	0	120	8216	2221
840	6	19	80	8224	8773
841	1	11	160	8232	11208
842	19	8	200	8240	1894
843	15	0	80	8248	123
844	15	0	80	8256	8923
845	4	7	160	8264	9343
846	3	16	120	8272	6826
847	15	0	120	8280	4214
848	5	13	160	8288	4317
849	19	8	160	8296	2537
850	15	0	200	8304	338
851	5	13	80	8312	3346
852	15	0	200	8320	1097
853	15	0	120	8328	6933
854	4	7	120	8336	965
855	6	19	200	8344	6120
856	19	8	120	8352	2985
857	15	0	80	8360	4137
858	15	0	200	8368	695
859	15	0	120	8400	3938
860	15	0	120	8410	4627
861	4	7	120	8420	9087
862	4	7	200	8430	3528
863	19	8	160	8440	9263
864	19	8	120	8450	1644
865	19	8	160	8460	9849
866	19	8	200	8470	3094
867	4	7	80	8480	3454
868	15	0	200	8490	3044
869	19	8	80	8500	7079
870	0	18	200	8510	2566
871	3	16	160	8520	3500
872	5	13	160	8530	10643
873	0	18	160	8540	41
874	19	8	120	8550	7030
875	6	19	120	8560	798
876	19	8	200	8570	193
877	6	19	120	8580	2878
878	3	16	200	8590	10223
879	19	8	160	8600	15854
880	5	13	120	8610	4872
881	4	7	160	8620	561
882	19	8	120	8630	1213
883	6	19	120	8640	2777
884	19	8	160	8650	87
885	19	8	160	8660	20971
886	15	0	80	8670	1766
887	15	0	120	8680	8080
888	19	8	120	8690	4376
889	5	13	200	8700	2930
890	19	8	160	8710	4259
891	4	7	200	8720	2817
892	19	8	160	8730	277
893	5	13	120	8740	2438
894	19	8	200	8750	5396
895	5	13	200	8760	19105
896	19	8	200	8800	1743
897	0	18	120	8809	2584
898	15	0	200	8818	4727
899	19	8	120	8827	15232
900	5	13	200	8836	1813
901	19	8	120	8845	1098
902	0	18	160	8854	504
903	5	13	120	8863	7100
904	19	8	200	8872	22372
905	15	0	80	8881	2756
906	1	11	160	8890	4050
907	15	0	80	8899	1042
908	15	0	80	8908	21825
909	15	0	80	8917	135
910	15	0	200	8926	5331
911	4	7	200	8935	51
912	6	19	80	8944	5123
913	15	0	120	8953	786
914	5	13	80	8962	10214
915	6	19	200	8971	3234
916	4	7	200	8980	4033
917	15	0	120	8989	357
918	0	18	200	8998	8473
919	19	8	200	9007	1676
920	4	7	160	9016	3263
921	0	18	160	9025	4450
922	5	13	200	9034	9776
923	5	13	80	9043	54
924	3	16	160	9052	766
925	15	0	200	9061	13761
926	5	13	80	9070	2904
927	19	8	80	9079	2567
928	3	16	160	9088	1258
929	15	0	160	9097	7231
930	15	0	160	9106	7036
931	19	8	120	9115	3387
932	15	0	160	9124	6853
933	4	7	160	9133	11569
934	6	19	200	9142	3832
935	6	19	200	9151	2494
936	4	7	80	9160	50
937	6	19	80	9169	2256
938	15	0	160	9178	2807
939	4	7	160	9187	2965
940	19	8	200	9200	1772
941	19	8	200	9211	545
942	19	8	80	9222	8211
943	3	16	80	9233	3996
944	15	0	200	9244	6112
945	6	19	200	9255	4112
946	15	0	200	9266	6117
947	3	16	120	9277	8771
948	1	11	80	9288	3055
949	5	13	80	9299	823
950	0	18	200	9310	1762
951	3	16	120	9321	1246
952	19	8	160	9332	3627
953	19	8	200	9343	1728
954	15	0	200	9354	2179
955	5	13	120	9365	4727
956	15	0	120	9376	1583
957	15	0	160	9387	443
958	4	7	200	9398	4269
959	3	16	200	9409	114
960	5	13	80	9420	16015
961	4	7	120	9431	711
962	15	0	160	9442	12837
963	3	16	120	9453	696
964	1	11	120	9464	920
965	15	0	120	9475	721
966	6	19	120	9486	858
967	4	7	160	9497	6014
968	3	16	120	9508	3303
969	19	8	80	9519	2451
970	3	16	200	9530	3123
971	15	0	200	9541	913
972	19	8	160	9552	3481
973	15	0	120	9563	1761
974	1	11	200	9600	16655
975	4	7	160	9609	2249
976	0	18	120	9618	6431
977	3	16	160	9627	1321
978	15	0	80	9636	1047
979	15	0	200	9645	3038
980	0	18	80	9654	816
981	3	16	160	9663	3953
982	19	8	200	9672	11221
983	15	0	120	9681	350
984	15	0	200	9690	2612
985	6	19	80	9699	3284
986	19	8	200	9708	14758
987	19	8	160	9717	2530
988	15	0	200	9726	2973
989	3	16	160	9735	10262
990	19	8	120	9744	589
991	15	0	120	9753	9524
992	5	13	80	9762	5967
993	6	19	160	9771	2584
994	19	8	120	9780	3121
995	15	0	120	9789	867
996	5	13	120	9798	735
997	19	8	200	9807	4977
998	3	16	200	9816	2222
999	19	8	160	9825	3849
1000	1	11	120	9834	2385
1001	6	19	120	9843	22
1002	1	11	200	9852	1579
1003	3	16	80	9861	316
1004	4	7	120	9870	4131
1005	4	7	200	9879	660
1006	3	16	200	9888	4640
1007	4	7	120	9897	1097
1008	15	0	200	9906	1825
1009	5	13	80	9915	18366
1010	5	13	200	9924	8962
1011	6	19	200	9933	186
1012	0	18	120	9942	8302
1013	15	0	80	9951	529
1014	3	16	200	9960	7424
1015	3	16	120	9969	1747
1016	5	13	160	9978	1012
1017	19	8	80	10000	8342
1018	5	13	160	10010	4559
1019	6	19	120	10020	4148
1020	19	8	160	10030	842
1021	6	19	160	10040	5154
1022	6	19	160	10050	1167
1023	19	8	200	10060	4075
1024	1	11	160	10070	1548
1025	6	19	120	10080	4025
1026	5	13	160	10090	2241
1027	5	13	200	10100	444
1028	19	8	200	10110	6736
1029	5	13	160	10120	6234
1030	19	8	120	10130	1216
1031	3	16	160	10140	367
1032	0	18	200	10150	7727
1033	15	0	160	10160	3791
1034	6	19	120	10170	346
1035	6	19	200	10180	788
1036	1	11	200	10190	1435
1037	15	0	200	10200	7964
1038	6	19	200	10210	2318
1039	5	13	200	10220	1586
1040	5	13	120	10230	8271
1041	15	0	120	10240	5312
1042	3	16	200	10250	432
1043	4	7	160	10260	3059
1044	19	8	160	10270	119
1045	5	13	160	10280	384
1046	6	19	200	10290	134
1047	15	0	80	10300	4211
1048	6	19	200	10310	4001
1049	15	0	200	10320	832
1050	4	7	200	10330	14212
1051	5	13	80	10340	1382
1052	5	13	120	10350	129
1053	6	19	120	10360	6070
1054	0	18	200	10400	2234
1055	6	19	160	10412	5161
1056	19	8	160	10424	5585
1057	3	16	200	10436	4649
1058	3	16	120	10448	5626
1059	15	0	80	10460	38
1060	19	8	120	10472	5138
1061	15	0	200	10484	3481
1062	5	13	120	10496	2217
1063	5	13	120	10508	3440
1064	5	13	200	10520	5201
1065	3	16	120	10532	6555
1066	6	19	80	10544	844
1067	5	13	200	10556	1215
1068	1	11	160	10568	167
1069	15	0	200	10580	4372
1070	3	16	160	10592	214
1071	15	0	160	10604	1785
1072	5	13	120	10616	2290
1073	0	18	160	10628	1740
1074	3	16	200	10640	5913
1075	4	7	80	10652	2427
1076	6	19	200	10664	3890
1077	5	13	80	10676	5071
1078	1	11	120	10688	3760
1079	15	0	80	10700	1042
1080	19	8	120	10712	3679
1081	15	0	160	10724	6020
1082	19	8	200	10736	2562
1083	3	16	80	10748	3939
1084	3	16	160	10760	6819
1085	6	19	120	10772	14048
1086	15	0	120	10784	230
1087	5	13	120	10800	309
1088	15	0	160	10809	815
1089	1	11	160	10818	1773
1090	6	19	80	10827	2223
1091	19	8	200	10836	3811
1092	6	19	160	10845	459
1093	19	8	200	10854	2250
1094	6	19	160	10863	3706
1095	15	0	160	10872	1382
1096	5	13	80	10881	1480
1097	15	0	120	10890	2981
1098	19	8	200	10899	6581
1099	15	0	80	10908	1012
1100	19	8	120	10917	9256
1101	4	7	80	10926	5894
1102	15	0	120	10935	3766
1103	19	8	80	10944	13695
1104	15	0	80	10953	582
1105	6	19	80	10962	3779
1106	0	18	200	10971	7757
1107	5	13	160	10980	4545
1108	5	13	120	10989	35
1109	15	0	200	10998	14452
1110	0	18	160	11007	434
1111	15	0	120	11016	138
1112	0	18	120	11025	323
1113	5	13	80	11034	2982
1114	15	0	160	11043	2097
1115	3	16	160	11052	11616
1116	15	0	200	11061	458
1117	3	16	120	11070	6419
1118	3	16	160	11079	5686
1119	19	8	120	11088	5665
1120	6	19	80	11097	5542
1121	1	11	160	11106	493
1122	15	0	120	11115	323
1123	0	18	80	11124	4594
1124	1	11	160	11133	1089
1125	3	16	160	11142	2304
1126	4	7	80	11151	1159
1127	6	19	120	11160	22
1128	6	19	80	11169	5522
1129	6	19	120	11178	2613
1130	19	8	80	11187	629
1131	15	0	160	11200	405
1132	5	13	80	11209	9698
1133	5	13	120	11218	1949
1134	19	8	160	11227	1591
1135	15	0	120	11236	7099
1136	0	18	80	11245	735
1137	3	16	200	11254	2817
1138	6	19	200	11263	2700
1139	15	0	160	11272	927
1140	6	19	160	11281	483
1141	5	13	160	11290	1892
1142	0	18	200	11299	271
1143	19	8	160	11308	949
1144	0	18	80	11317	1178
1145	19	8	200	11326	1993
1146	19	8	120	11335	3076
1147	3	16	120	11344	3497
1148	3	16	80	11353	89
1149	5	13	200	11362	4302
1150	19	8	160	11371	813
1151	3	16	160	11380	2856
1152	6	19	160	11389	5823
1153	0	18	120	11398	203
1154	4	7	200	11407	2568
1155	15	0	200	11416	6150
1156	6	19	160	11425	4725
1157	15	0	120	11434	10470
1158	15	0	120	11443	5222
1159	5	13	120	11452	4783
1160	3	16	200	11461	1783
1161	6	19	120	11470	7603
1162	19	8	160	11479	10664
1163	19	8	200	11488	3012
1164	19	8	200	11497	7028
1165	5	13	80	11506	25
1166	3	16	120	11515	522
1167	15	0	80	11524	4711
1168	6	19	120	11533	878
1169	19	8	120	11542	3447
1170	3	16	160	11551	6005
1171	15	0	200	11560	3690
1172	15	0	160	11569	1473
1173	6	19	80	11600	3210
1174	5	13	200	11611	4125
1175	3	16	160	11622	1866
1176	1	11	200	11633	207
1177	15	0	160	11644	8051
1178	19	8	80	11655	2232
1179	3	16	200	11666	7482
1180	5	13	120	11677	9268
1181	3	16	200	11688	4419
1182	5	13	120	11699	16403
1183	3	16	80	11710	375
1184	15	0	200	11721	1401
1185	19	8	120	11732	4034
1186	3	16	200	11743	1599
1187	5	13	200	11754	7916
1188	3	16	120	11765	9715
1189	3	16	200	11776	3134
1190	3	16	160	11787	590
1191	5	13	200	11798	1102
1192	5	13	160	11809	5995
1193	3	16	120	11820	6307
1194	6	19	160	11831	7515
1195	0	18	120	11842	1222
1196	5	13	80	11853	2365
1197	3	16	200	11864	3075
1198	1	11	200	11875	1937
1199	15	0	200	11886	1144
1200	15	0	120	11897	1258
1201	4	7	80	11908	7445
1202	15	0	200	11919	1948
1203	4	7	200	11930	2352
1204	4	7	120	11941	8540
1205	3	16	160	11952	3484
1206	6	19	80	11963	903
1207	3	16	160	11974	968
1208	15	0	160	12000	2084
1209	3	16	120	12008	425
1210	15	0	200	12016	5306
1211	15	0	80	12024	7012
1212	15	0	120	12032	2767
1213	6	19	120	12040	8583
1214	1	11	80	12048	6360
1215	0	18	80	12056	4697
1216	3	16	200	12064	8073
1217	15	0	120	12072	7351
1218	3	16	80	12080	1063
1219	19	8	120	12088	853
1220	3	16	120	12096	4517
1221	15	0	120	12104	1208
1222	6	19	200	12112	6059
1223	4	7	160	12120	4245
1224	15	0	160	12128	2321
1225	15	0	160	12136	3073
1226	4	7	120	12144	6993
1227	6	19	80	12152	2892
1228	19	8	120	12160	4877
1229	5	13	160	12168	1912
1230	15	0	160	12176	10437
1231	19	8	200	12184	2885
1232	15	0	160	12192	2635
1233	4	7	80	12200	788
1234	5	13	120	12208	3432
1235	3	16	80	12216	234
1236	6	19	200	12224	1331
1237	1	11	160	12232	3096
1238	19	8	200	12240	932
1239	6	19	80	12248	5007
1240	5	13	120	12256	2269
1241	0	18	80	12264	487
1242	15	0	80	12272	2432
1243	0	18	80	12280	6660
1244	6	19	200	12288	6612
1245	5	13	120	12296	1487
1246	15	0	160	12304	5414
1247	19	8	120	12312	8961
1248	0	18	80	12320	23590
1249	6	19	160	12328	679
1250	19	8	120	12336	2018
1251	15	0	160	12344	3721
1252	0	18	200	12352	1443
1253	1	11	120	12400	851
1254	6	19	160	12409	3395
1255	19	8	200	12418	37
1256	15	0	120	12427	266
1257	5	13	120	12436	5261
1258	6	19	80	12445	17
1259	6	19	160	12454	1695
1260	19	8	120	12463	5635
1261	19	8	200	12472	4651
1262	3	16	120	12481	2856
1263	4	7	200	12490	106
1264	5	13	200	12499	767
1265	15	0	80	12508	997
1266	1	11	120	12517	1687
1267	6	19	80	12526	1544
1268	3	16	200	12535	1466
1269	19	8	80	12544	5376
1270	6	19	120	12553	2096
1271	0	18	120	12562	1591
1272	19	8	160	12571	4009
1273	6	19	200	12580	2931
1274	15	0	80	12589	5694
1275	3	16	80	12598	3302
1276	19	8	120	12607	6540
1277	6	19	200	12616	13935
1278	15	0	160	12625	7469
1279	5	13	120	12634	555
1280	1	11	80	12643	6329
1281	5	13	200	12652	10773
1282	6	19	200	12661	2915
1283	6	19	200	12670	3179
1284	6	19	120	12679	16492
1285	3	16	200	12688	1547
1286	19	8	80	12697	947
1287	15	0	120	12706	1374
1288	15	0	160	12715	3734
1289	5	13	120	12724	3346
1290	5	13	160	12733	19604
1291	0	18	120	12742	3207
1292	6	19	160	12751	3058
1293	5	13	80	12760	7931
1294	15	0	160	12769	12720
1295	5	13	120	12800	5475
1296	19	8	200	12808	3708
1297	6	19	80	12816	2244
1298	15	0	80	12824	4045
1299	19	8	200	12832	3545
1300	4	7	80	12840	13560
1301	3	16	120	12848	2187
1302	15	0	120	12856	3533
1303	1	11	200	12864	1193
1304	19	8	80	12872	5519
1305	19	8	200	12880	281
1306	15	0	200	12888	14398
1307	6	19	200	12896	6120
1308	5	13	80	12904	2265
1309	5	13	120	12912	40
1310	0	18	160	12920	913
1311	3	16	160	12928	399
1312	15	0	200	12936	8690
1313	3	16	200	12944	8305
1314	5	13	160	12952	3203
1315	6	19	120	12960	6932
1316	6	19	80	12968	744
1317	15	0	160	12976	13088
1318	15	0	160	12984	173
1319	4	7	200	12992	7691
1320	15	0	80	13000	39
1321	6	19	80	13008	219
1322	19	8	160	13016	5000
1323	15	0	120	13024	5390
1324	6	19	160	13032	5491
1325	6	19	80	13040	7763
1326	5	13	200	13048	6314
1327	15	0	160	13056	5889
1328	19	8	80	13064	3293
1329	4	7	200	13072	54
1330	4	7	120	13080	12657
1331	5	13	80	13088	1883
1332	19	8	160	13096	1620
1333	19	8	160	13104	1191
1334	1	11	80	13112	713
1335	19	8	160	13120	1868
1336	15	0	120	13128	1696
1337	5	13	200	13136	1201
1338	6	19	160	13144	6436
1339	6	19	120	13152	9899
1340	6	19	80	13200	1711
1341	6	19	80	13210	2230
1342	3	16	80	13220	7818
1343	4	7	120	13230	3633
1344	5	13	200	13240	1801
1345	5	13	200	13250	9112
1346	5	13	120	13260	4378
1347	5	13	160	13270	4314
1348	19	8	160	13280	1491
1349	1	11	80	13290	580
1350	19	8	120	13300	3429
1351	3	16	120	13310	4111
1352	15	0	160	13320	1958
1353	5	13	120	13330	6101
1354	1	11	200	13340	3452
1355	19	8	200	13350	9762
1356	5	13	200	13360	4920
1357	0	18	80	13370	7495
1358	6	19	120	13380	2864
1359	5	13	80	13390	8901
1360	6	19	80	13400	1282
1361	1	11	120	13410	902
1362	6	19	160	13420	1006
1363	4	7	120	13430	2171
1364	3	16	200	13440	214
1365	6	19	160	13450	7054
1366	4	7	80	13460	5741
1367	19	8	80	13470	3961
1368	3	16	160	13480	4968
1369	6	19	200	13490	783
1370	19	8	80	13500	2596
1371	0	18	80	13510	9651
1372	3	16	200	13520	707
1373	4	7	80	13530	541
1374	15	0	200	13540	2818
1375	5	13	200	13550	3491
1376	5	13	200	13560	867
1377	6	19	120	13570	496
1378	4	7	160	13580	1896
1379	4	7	160	13600	7565
1380	4	7	160	13612	848
1381	1	11	80	13624	574
1382	15	0	200	13636	2459
1383	19	8	200	13648	2219
1384	4	7	120	13660	2303
1385	3	16	80	13672	1516
1386	15	0	120	13684	17862
1387	5	13	80	13696	3199
1388	15	0	200	13708	4551
1389	4	7	120	13720	1153
1390	6	19	200	13732	4380
1391	15	0	120	13744	2766
1392	19	8	160	13756	5514
1393	3	16	160	13768	9541
1394	3	16	120	13780	4103
1395	5	13	160	13792	631
1396	19	8	120	13804	917
1397	19	8	160	13816	2315
1398	3	16	120	13828	3146
1399	19	8	80	13840	3054
1400	0	18	200	13852	582
1401	5	13	80	13864	150
1402	4	7	80	13876	11882
1403	5	13	160	13888	573
1404	3	16	80	13900	4287
1405	19	8	120	13912	4377
1406	0	18	120	13924	2616
1407	6	19	120	13936	1207
1408	15	0	160	13948	1296
1409	15	0	200	13960	21917
1410	6	19	80	13972	5061
1411	15	0	160	13984	3576
1412	15	0	160	14000	2531
1413	4	7	160	14010	4342
1414	3	16	120	14020	4828
1415	5	13	200	14030	605
1416	5	13	120	14040	5429
1417	15	0	160	14050	6369
1418	19	8	200	14060	15876
1419	0	18	200	14070	5338
1420	19	8	80	14080	7332
1421	19	8	200	14090	949
1422	1	11	120	14100	11907
1423	19	8	120	14110	2469
1424	19	8	200	14120	2872
1425	4	7	160	14130	15316
1426	3	16	120	14140	708
1427	19	8	120	14150	1173
1428	3	16	160	14160	2654
1429	5	13	80	14170	1782
1430	5	13	120	14180	1894
1431	5	13	80	14190	5635
1432	6	19	200	14200	3396
1433	5	13	120	14210	7418
1434	4	7	200	14220	5001
1435	15	0	160	14230	670
1436	19	8	200	14240	818
1437	4	7	80	14250	1577
1438	15	0	200	14260	5848
1439	5	13	80	14270	5923
1440	1	11	160	14280	7218
1441	3	16	200	14290	5206
1442	15	0	160	14300	1279
1443	1	11	80	14310	4603
1444	15	0	80	14320	3042
1445	19	8	120	14330	309
1446	19	8	200	14340	123
1447	15	0	200	14350	358
1448	0	18	80	14360	927
1449	15	0	160	14370	2781
1450	0	18	80	14400	2066
1451	4	7	200	14410	2099
1452	0	18	200	14420	2452
1453	1	11	120	14430	6597
1454	19	8	200	14440	4736
1455	3	16	200	14450	10315
1456	5	13	200	14460	367
1457	5	13	200	14470	2678
1458	6	19	200	14480	3883
1459	19	8	120	14490	4549
1460	15	0	200	14500	2795
1461	1	11	80	14510	1024
1462	5	13	200	14520	5977
1463	5	13	120	14530	9964
1464	5	13	120	14540	3854
1465	3	16	200	14550	13111
1466	4	7	160	14560	76
1467	5	13	80	14570	3928
1468	1	11	200	14580	11879
1469	5	13	200	14590	3164
1470	6	19	200	14600	12442
1471	3	16	80	14610	2157
1472	19	8	200	14620	114
1473	6	19	200	14630	935
1474	19	8	80	14640	9260
1475	15	0	80	14650	475
1476	4	7	120	14660	11095
1477	0	18	80	14670	1233
1478	3	16	80	14680	10527
1479	1	11	160	14690	2303
1480	5	13	200	14700	11821
1481	6	19	160	14710	318
1482	19	8	80	14720	193
1483	5	13	80	14730	16511
1484	4	7	200	14740	12508
1485	3	16	160	14750	13879
1486	5	13	120	14760	1410
1487	5	13	160	14770	5781
1488	5	13	120	14800	647
1489	3	16	200	14807	6232
1490	5	13	160	14814	275
1491	6	19	80	14821	4776
1492	15	0	120	14828	4877
1493	15	0	120	14835	372
1494	6	19	80	14842	1256
1495	19	8	120	14849	3762
1496	15	0	80	14856	12172
1497	5	13	80	14863	1764
1498	15	0	200	14870	269
1499	6	19	120	14877	3379
1500	6	19	160	14884	229
1501	6	19	160	14891	2076
1502	6	19	200	14898	589
1503	15	0	120	14905	4319
1504	3	16	160	14912	3155
1505	19	8	200	14919	17243
1506	4	7	200	14926	1913
1507	5	13	80	14933	1149
1508	3	16	80	14940	9483
1509	4	7	200	14947	3487
1510	19	8	160	14954	17237
1511	5	13	160	14961	6912
1512	4	7	200	14968	3283
1513	5	13	80	14975	810
1514	6	19	160	14982	5258
1515	4	7	120	14989	2222
1516	3	16	80	14996	787
1517	1	11	160	15003	6275
1518	1	11	160	15010	12979
1519	4	7	160	15017	4195
1520	19	8	120	15024	4375
1521	19	8	80	15031	1174
1522	19	8	200	15038	2584
1523	19	8	80	15045	693
1524	19	8	80	15052	2617
1525	1	11	200	15059	1195
1526	5	13	200	15066	4982
1527	4	7	160	15073	11212
1528	0	18	160	15080	11183
1529	19	8	200	15087	1379
1530	19	8	80	15094	696
1531	19	8	80	15101	3479
1532	5	13	120	15108	893
1533	6	19	160	15115	1770
1534	6	19	200	15122	1925
1535	19	8	120	15129	3132
1536	19	8	160	15136	11221
1537	4	7	160	15143	1956
1538	3	16	120	15150	2306
1539	5	13	200	15200	13970
1540	19	8	160	15209	3554
1541	19	8	120	15218	194
1542	4	7	120	15227	7799
1543	3	16	160	15236	3354
1544	4	7	80	15245	6496
1545	3	16	200	15254	1119
1546	4	7	120	15263	589
1547	5	13	80	15272	2945
1548	4	7	200	15281	1769
1549	5	13	200	15290	7414
1550	19	8	120	15299	2254
1551	15	0	160	15308	700
1552	4	7	160	15317	2014
1553	6	19	80	15326	2147
1554	15	0	80	15335	9428
1555	15	0	160	15344	6460
1556	6	19	160	15353	10578
1557	6	19	160	15362	15238
1558	15	0	80	15371	794
1559	3	16	200	15380	1354
1560	6	19	80	15389	1282
1561	0	18	120	15398	2324
1562	5	13	160	15407	1489
1563	3	16	120	15416	3817
1564	4	7	160	15425	2192
1565	0	18	160	15434	2080
1566	19	8	120	15443	3892
1567	15	0	80	15452	904
1568	19	8	120	15461	6464
1569	6	19	80	15470	834
1570	4	7	160	15479	2668
1571	19	8	120	15488	6280
1572	19	8	120	15497	1744
1573	15	0	160	15506	19047
1574	5	13	80	15515	251
1575	19	8	200	15524	3844
1576	6	19	200	15533	2022
1577	15	0	80	15542	9553
1578	15	0	80	15551	1762
1579	19	8	120	15560	1077
1580	15	0	120	15569	517
1581	1	11	160	15578	848
1582	19	8	200	15600	3487
1583	15	0	160	15609	401
1584	3	16	120	15618	7888
1585	5	13	160	15627	28693
1586	15	0	120	15636	820
1587	19	8	120	15645	6144
1588	19	8	160	15654	2408
1589	19	8	120	15663	3479
1590	5	13	160	15672	3808
1591	5	13	200	15681	13045
1592	6	19	160	15690	925
1593	0	18	120	15699	654
1594	19	8	200	15708	4753
1595	19	8	120	15717	640
1596	6	19	200	15726	5337
1597	3	16	200	15735	1112
1598	19	8	200	15744	629
1599	3	16	120	15753	2025
1600	3	16	160	15762	3891
1601	15	0	80	15771	10916
1602	6	19	200	15780	5089
1603	15	0	160	15789	741
1604	3	16	80	15798	1763
1605	19	8	200	15807	4074
1606	15	0	80	15816	6582
1607	6	19	80	15825	2071
1608	0	18	80	15834	1751
1609	19	8	80	15843	1357
1610	3	16	200	15852	2072
1611	15	0	160	15861	83
1612	19	8	160	15870	3886
1613	19	8	200	15879	11534
1614	5	13	160	15888	725
1615	5	13	160	15897	347
1616	0	18	160	15906	7832
1617	15	0	200	15915	969
1618	19	8	80	15924	5611
1619	19	8	80	15933	2197
1620	5	13	80	15942	995
1621	3	16	80	15951	7264
1622	15	0	120	15960	5543
1623	0	18	200	15969	995
1624	4	7	120	16000	3416
1625	19	8	200	16009	2978
1626	6	19	200	16018	3521
1627	19	8	200	16027	905
1628	15	0	160	16036	1405
1629	15	0	160	16045	9764
1630	5	13	80	16054	8511
1631	5	13	200	16063	668
1632	19	8	120	16072	5750
1633	6	19	200	16081	12782
1634	15	0	160	16090	3808
1635	3	16	80	16099	826
1636	15	0	160	16108	2549
1637	5	13	80	16117	2129
1638	6	19	120	16126	5373
1639	4	7	120	16135	1003
1640	6	19	120	16144	853
1641	1	11	120	16153	6078
1642	19	8	80	16162	2249
1643	19	8	160	16171	719
1644	15	0	160	16180	777
1645	6	19	80	16189	3598
1646	6	19	120	16198	1663
1647	6	19	200	16207	1218
1648	15	0	200	16216	16832
1649	6	19	120	16225	3787
1650	15	0	160	16234	1364
1651	15	0	80	16243	2947
1652	3	16	200	16252	2683
1653	19	8	160	16261	5134
1654	19	8	80	16270	779
1655	0	18	160	16279	6142
1656	19	8	200	16288	817
1657	5	13	200	16297	2768
1658	5	13	80	16306	3613
1659	4	7	120	16315	7121
1660	5	13	80	16324	220
1661	19	8	120	16333	3710
1662	19	8	120	16342	456
1663	5	13	120	16351	2331
1664	6	19	200	16360	2088
1665	15	0	200	16369	1152
1666	19	8	80	16378	1194
1667	4	7	200	16400	4343
1668	4	7	80	16409	1601
1669	3	16	120	16418	15485
1670	15	0	200	16427	3786
1671	15	0	160	16436	2363
1672	4	7	120	16445	2586
1673	15	0	160	16454	3038
1674	5	13	200	16463	1048
1675	4	7	200	16472	2312
1676	4	7	200	16481	2091
1677	15	0	200	16490	3519
1678	4	7	120	16499	178
1679	15	0	120	16508	15849
1680	4	7	120	16517	818
1681	19	8	200	16526	1559
1682	3	16	80	16535	980
1683	3	16	120	16544	4610
1684	19	8	80	16553	3911
1685	15	0	80	16562	1782
1686	4	7	80	16571	4378
1687	19	8	160	16580	161
1688	15	0	160	16589	6093
1689	15	0	80	16598	7075
1690	4	7	120	16607	7
1691	3	16	160	16616	14276
1692	19	8	200	16625	6814
1693	4	7	80	16634	9528
1694	19	8	120	16643	737
1695	6	19	200	16652	3542
1696	4	7	200	16661	4474
1697	5	13	200	16670	17862
1698	6	19	160	16679	5673
1699	1	11	200	16688	10436
1700	15	0	200	16697	1632
1701	5	13	160	16706	4529
1702	5	13	160	16715	10787
1703	6	19	160	16724	23
1704	15	0	120	16733	0
1705	1	11	80	16742	7404
1706	6	19	160	16751	185
1707	5	13	120	16760	12547
1708	6	19	160	16800	2711
1709	6	19	120	16809	5357
1710	15	0	160	16818	1895
1711	1	11	200	16827	3661
1712	3	16	160	16836	2434
1713	19	8	200	16845	3805
1714	0	18	80	16854	4158
1715	6	19	80	16863	5247
1716	19	8	120	16872	1958
1717	15	0	200	16881	2205
1718	6	19	120	16890	6810
1719	19	8	200	16899	193
1720	5	13	160	16908	3517
1721	0	18	160	16917	986
1722	6	19	120	16926	8494
1723	6	19	200	16935	2776
1724	19	8	200	16944	15146
1725	6	19	80	16953	4087
1726	19	8	160	16962	3957
1727	19	8	120	16971	3362
1728	19	8	80	16980	1808
1729	19	8	200	16989	4120
1730	0	18	200	16998	5805
1731	19	8	80	17007	2169
1732	4	7	80	17016	7025
1733	4	7	160	17025	498
1734	19	8	120	17034	4152
1735	19	8	200	17043	2830
1736	6	19	120	17052	1978
1737	6	19	120	17061	950
1738	5	13	80	17070	4608
1739	15	0	200	17079	6073
1740	3	16	120	17088	1509
1741	19	8	200	17097	4933
1742	5	13	200	17106	3169
1743	3	16	80	17115	180
1744	19	8	120	17124	2405
1745	4	7	120	17133	2058
1746	0	18	80	17142	2902
1747	1	11	200	17151	913
1748	4	7	80	17160	1210
1749	4	7	80	17169	2302
1750	15	0	160	17178	894
1751	6	19	80	17200	1147
1752	19	8	120	17210	748
1753	15	0	160	17220	4959
1754	15	0	80	17230	1670
1755	15	0	120	17240	495
1756	15	0	120	17250	6384
1757	19	8	160	17260	2263
1758	15	0	160	17270	116
1759	3	16	80	17280	1785
1760	4	7	160	17290	967
1761	6	19	120	17300	2590
1762	6	19	80	17310	3594
1763	15	0	200	17320	7569
1764	6	19	160	17330	14334
1765	19	8	160	17340	12760
1766	19	8	200	17350	5918
1767	19	8	200	17360	1653
1768	19	8	160	17370	13763
1769	1	11	80	17380	599
1770	19	8	200	17390	1664
1771	4	7	200	17400	772
1772	5	13	200	17410	5384
1773	19	8	120	17420	150
1774	15	0	160	17430	5282
1775	6	19	160	17440	8359
1776	15	0	160	17450	4450
1777	5	13	80	17460	7240
1778	6	19	160	17470	199
1779	15	0	120	17480	3423
1780	6	19	200	17490	530
1781	15	0	160	17500	2206
1782	15	0	80	17510	1468
1783	6	19	80	17520	10414
1784	3	16	80	17530	2337
1785	6	19	200	17540	2905
1786	1	11	160	17550	1139
1787	6	19	120	17560	496
1788	6	19	160	17600	5981
1789	4	7	200	17612	3014
1790	3	16	120	17624	4950
1791	15	0	160	17636	12695
1792	19	8	200	17648	807
1793	3	16	200	17660	1566
1794	6	19	120	17672	3340
1795	6	19	80	17684	7269
1796	4	7	200	17696	492
1797	15	0	80	17708	4789
1798	15	0	160	17720	298
1799	3	16	200	17732	2718
1800	5	13	160	17744	3976
1801	3	16	120	17756	780
1802	4	7	120	17768	1077
1803	3	16	200	17780	520
1804	5	13	120	17792	409
1805	5	13	200	17804	100
1806	3	16	120	17816	2851
1807	19	8	80	17828	574
1808	0	18	80	17840	15187
1809	1	11	120	17852	2502
1810	0	18	200	17864	2356
1811	5	13	80	17876	12971
1812	5	13	80	17888	1935
1813	19	8	80	17900	2416
1814	15	0	120	17912	1076
1815	6	19	200	17924	6256
1816	19	8	80	17936	742
1817	19	8	200	17948	4396
1818	5	13	160	17960	2088
1819	0	18	200	17972	2434
1820	15	0	80	18000	4963
1821	5	13	120	18008	4263
1822	4	7	120	18016	3309
1823	6	19	160	18024	2309
1824	19	8	200	18032	2243
1825	3	16	80	18040	1927
1826	5	13	80	18048	19768
1827	4	7	200	18056	2149
1828	4	7	80	18064	2545
1829	3	16	120	18072	9032
1830	5	13	200	18080	5715
1831	19	8	120	18088	14497
1832	15	0	160	18096	5785
1833	5	13	200	18104	3242
1834	4	7	200	18112	11616
1835	5	13	160	18120	11736
1836	6	19	80	18128	832
1837	15	0	120	18136	819
1838	4	7	200	18144	7058
1839	15	0	120	18152	2163
1840	5	13	160	18160	26
1841	1	11	120	18168	484
1842	6	19	80	18176	599
1843	6	19	80	18184	1488
1844	4	7	80	18192	351
1845	15	0	80	18200	5528
1846	6	19	120	18208	3419
1847	19	8	160	18216	5227
1848	6	19	160	18224	368
1849	0	18	120	18232	5974
1850	15	0	200	18240	4412
1851	5	13	200	18248	2383
1852	4	7	160	18256	1377
1853	15	0	160	18264	3826
1854	5	13	160	18272	6098
1855	1	11	120	18280	14656
1856	19	8	80	18288	3812
1857	15	0	160	18296	6389
1858	4	7	80	18304	4719
1859	3	16	80	18312	5019
1860	1	11	200	18320	129
1861	19	8	120	18328	394
1862	15	0	200	18336	4351
1863	19	8	200	18344	342
1864	15	0	160	18352	4878
1865	3	16	120	18400	2553
1866	15	0	160	18410	874
1867	19	8	120	18420	7044
1868	15	0	120	18430	2839
1869	3	16	200	18440	1364
1870	19	8	160	18450	3693
1871	3	16	200	18460	16554
1872	15	0	80	18470	7283
1873	15	0	80	18480	18005
1874	15	0	120	18490	2386
1875	15	0	160	18500	3632
1876	19	8	80	18510	2905
1877	15	0	80	18520	1162
1878	5	13	160	18530	1750
1879	3	16	160	18540	4562
1880	15	0	160	18550	6594
1881	5	13	160	18560	1223
1882	15	0	120	18570	1587
1883	4	7	160	18580	4754
1884	5	13	160	18590	1031
1885	19	8	200	18600	1492
1886	6	19	200	18610	4583
1887	19	8	200	18620	644
1888	1	11	80	18630	5933
1889	3	16	120	18640	14138
1890	6	19	160	18650	1615
1891	19	8	120	18660	1979
1892	5	13	80	18670	2714
1893	0	18	160	18680	483
1894	15	0	160	18690	1950
1895	5	13	80	18700	9746
1896	5	13	120	18710	2399
1897	6	19	120	18720	235
1898	15	0	160	18730	3725
1899	1	11	160	18740	3789
1900	19	8	160	18750	3216
1901	6	19	80	18760	5489
1902	4	7	80	18770	999
1903	5	13	200	18800	6418
1904	1	11	160	18810	757
1905	6	19	200	18820	4609
1906	15	0	200	18830	3775
1907	15	0	120	18840	1440
1908	0	18	120	18850	728
1909	15	0	80	18860	821
1910	4	7	80	18870	2450
1911	1	11	200	18880	1799
1912	5	13	80	18890	2341
1913	1	11	120	18900	49
1914	6	19	120	18910	9509
1915	15	0	80	18920	5850
1916	4	7	200	18930	5816
1917	6	19	120	18940	13731
1918	6	19	80	18950	7719
1919	15	0	160	18960	1998
1920	6	19	160	18970	6238
1921	15	0	160	18980	195
1922	19	8	120	18990	226
1923	6	19	80	19000	3084
1924	6	19	120	19010	12561
1925	3	16	120	19020	955
1926	19	8	160	19030	2704
1927	15	0	160	19040	5153
1928	19	8	160	19050	3695
1929	4	7	80	19060	3078
1930	5	13	80	19070	629
1931	4	7	160	19080	2459
1932	19	8	160	19090	4155
1933	4	7	80	19100	5422
1934	3	16	200	19110	547
1935	3	16	160	19120	252
1936	3	16	160	19130	173
1937	5	13	160	19140	3007
1938	3	16	80	19150	2959
1939	19	8	200	19160	3133
1940	5	13	80	19170	4824
1941	19	8	120	19180	1910
1942	19	8	120	19190	16125
1943	6	19	200	19200	3542
1944	19	8	120	19209	2876
1945	6	19	160	19218	14020
1946	6	19	120	19227	11766
1947	5	13	200	19236	2618
1948	6	19	80	19245	925
1949	1	11	120	19254	3844
1950	1	11	80	19263	632
1951	19	8	80	19272	2642
1952	1	11	120	19281	903
1953	0	18	200	19290	957
1954	6	19	200	19299	6915
1955	4	7	200	19308	2812
1956	15	0	200	19317	4703
1957	15	0	200	19326	4602
1958	15	0	160	19335	7388
1959	19	8	120	19344	12873
1960	15	0	80	19353	856
1961	19	8	120	19362	8706
1962	15	0	200	19371	4807
1963	15	0	120	19380	3973
1964	4	7	80	19389	163
1965	0	18	120	19398	26837
1966	3	16	80	19407	5038
1967	3	16	200	19416	4827
1968	19	8	120	19425	8632
1969	5	13	200	19434	7482
1970	6	19	160	19443	5176
1971	19	8	120	19452	1086
1972	5	13	120	19461	2354
1973	15	0	120	19470	1493
1974	5	13	160	19479	4718
1975	15	0	80	19488	2111
1976	15	0	120	19497	270
1977	5	13	120	19506	2520
1978	6	19	200	19515	99
1979	1	11	160	19524	17303
1980	15	0	200	19533	1233
1981	6	19	200	19542	44
1982	3	16	120	19551	2916
1983	19	8	80	19560	16919
1984	4	7	200	19569	1981
1985	6	19	200	19600	4340
1986	3	16	120	19626	1188
1987	19	8	160	19652	2271
1988	15	0	120	19678	10087
1989	19	8	80	19704	3900
1990	5	13	200	19730	1846
1991	5	13	160	19756	1778
1992	6	19	80	19782	4636
1993	4	7	160	19808	3309
1994	0	18	160	19834	1725
1995	6	19	200	19860	6729
1996	4	7	120	19886	4561
1997	4	7	80	19912	1739
1998	4	7	200	19938	3171
1999	19	8	200	19964	2886
