0	4	7	200	0	500
1	3	16	130	12	25158
2	0	18	130	24	2936
3	15	0	160	36	12495
4	0	18	200	48	2054
5	3	16	200	60	4058
6	6	19	160	72	9342
7	5	13	200	84	222
8	15	0	160	96	17850
9	3	16	100	108	13948
10	5	13	100	120	10729
11	3	16	200	132	3988
12	5	13	200	144	2617
13	19	8	160	156	18277
14	15	0	200	168	16828
15	15	0	200	180	1200
16	15	0	100	192	12442
17	3	16	130	204	6548
18	1	11	130	216	5073
19	5	13	160	228	2474
20	6	19	200	240	6807
21	4	7	130	252	13330
22	0	18	130	264	3328
23	19	8	100	276	6034
24	4	7	130	288	20534
25	5	13	130	300	6931
26	15	0	130	312	16370
27	15	0	200	324	910
28	4	7	160	336	8261
29	3	16	160	348	16415
30	3	16	100	360	3634
31	19	8	200	372	4890
32	3	16	160	384	390
33	3	16	130	400	3002
34	6	19	200	409	7379
35	1	11	160	418	9132
36	19	8	200	427	7708
37	19	8	100	436	8274
38	19	8	160	445	8405
39	4	7	160	454	24373
40	15	0	100	463	127
41	1	11	160	472	1363
42	19	8	100	481	5640
43	0	18	200	490	3266
44	4	7	160	499	10647
45	5	13	130	508	49637
46	15	0	100	517	24
47	6	19	160	526	3084
48	6	19	130	535	2002
49	1	11	130	544	22499
50	15	0	130	553	5801
51	6	19	200	562	752
52	6	19	200	571	2500
53	1	11	130	580	9900
54	0	18	160	589	1564
55	0	18	160	598	2297
56	3	16	200	607	7668
57	1	11	130	616	12026
58	6	19	130	625	16141
59	6	19	130	634	8329
60	6	19	130	643	5990
61	19	8	200	652	6967
62	1	11	130	661	3868
63	15	0	200	670	170
64	19	8	100	679	4929
65	6	19	130	688	2640
66	19	8	100	697	3384
67	4	7	160	706	27074
68	5	13	160	715	2804
69	15	0	130	724	1758
70	15	0	200	733	5885
71	15	0	100	742	1247
72	5	13	160	751	19142
73	19	8	160	760	5824
74	15	0	160	769	2304
75	5	13	100	778	4306
76	5	13	100	800	2912
77	0	18	160	812	40
78	15	0	160	824	12634
79	19	8	200	836	20748
80	19	8	130	848	6872
81	3	16	200	860	6402
82	3	16	130	872	17376
83	3	16	130	884	9739
84	6	19	130	896	3517
85	15	0	100	908	2577
86	5	13	200	920	1674
87	3	16	100	932	3296
88	3	16	200	944	1163
89	6	19	100	956	3481
90	19	8	200	968	529
91	19	8	160	980	14703
92	5	13	200	992	12023
93	4	7	100	1004	26
94	15	0	130	1016	4432
95	15	0	100	1028	4557
96	19	8	130	1040	11872
97	4	7	130	1052	5305
98	0	18	200	1064	16653
99	19	8	130	1076	4850
100	6	19	100	1088	8468
101	5	13	130	1100	301
102	1	11	200	1112	196
103	19	8	100	1124	195
104	5	13	130	1136	4345
105	19	8	100	1148	3714
106	3	16	130	1160	1598
107	15	0	100	1172	11130
108	5	13	200	1184	4923
109	15	0	130	1200	11460
110	15	0	130	1211	23124
111	3	16	130	1222	7563
112	5	13	160	1233	32938
113	15	0	130	1244	22750
114	15	0	100	1255	585
115	5	13	160	1266	29926
116	19	8	160	1277	9509
117	19	8	100	1288	9100
118	3	16	160	1299	8756
119	5	13	200	1310	1632
120	1	11	130	1321	774
121	19	8	100	1332	57
122	1	11	200	1343	14210
123	19	8	130	1354	22896
124	15	0	160	1365	1143
125	19	8	130	1376	9115
126	5	13	130	1387	3656
127	3	16	130	1398	18854
128	1	11	130	1409	769
129	1	11	130	1420	13541
130	5	13	160	1431	8240
131	0	18	200	1442	13732
132	19	8	160	1453	1112
133	19	8	100	1464	3315
134	5	13	200	1475	2541
135	6	19	200	1486	6201
136	1	11	200	1497	5981
137	4	7	130	1508	15839
138	19	8	200	1519	2682
139	15	0	100	1530	33262
140	6	19	200	1541	792
141	15	0	200	1552	4604
142	19	8	100	1563	16838
143	6	19	130	1574	3747
144	15	0	160	1600	4199
145	19	8	160	1609	4820
146	5	13	200	1618	15567
147	19	8	130	1627	14449
148	6	19	100	1636	21601
149	5	13	200	1645	4770
150	19	8	160	1654	10743
151	0	18	130	1663	788
152	3	16	160	1672	13695
153	15	0	200	1681	9387
154	15	0	100	1690	3600
155	15	0	100	1699	8304
156	4	7	160	1708	1848
157	3	16	160	1717	679
158	3	16	160	1726	17725
159	5	13	100	1735	10749
160	6	19	200	1744	36
161	0	18	200	1753	2581
162	6	19	200	1762	8618
163	4	7	160	1771	8254
164	4	7	200	1780	1007
165	15	0	160	1789	1060
166	3	16	160	1798	5256
167	6	19	160	1807	8272
168	4	7	160	1816	8859
169	5	13	100	1825	6059
170	4	7	160	1834	4778
171	6	19	130	1843	14340
172	3	16	100	1852	4013
173	6	19	130	1861	9139
174	19	8	100	1870	756
175	4	7	160	1879	8504
176	19	8	100	1888	1105
177	6	19	160	1897	4880
178	4	7	160	1906	6115
179	19	8	100	1915	9130
180	6	19	130	1924	13845
181	6	19	200	1933	6059
182	15	0	130	1942	28740
183	15	0	160	1951	8231
184	4	7	160	1960	641
185	5	13	130	1969	6372
186	19	8	100	1978	6
187	4	7	200	2000	4625
188	1	11	100	2009	30120
189	15	0	200	2018	7875
190	3	16	130	2027	3241
191	19	8	130	2036	4712
192	3	16	160	2045	28321
193	5	13	200	2054	6313
194	3	16	100	2063	31207
195	6	19	200	2072	13650
196	3	16	100	2081	12045
197	15	0	130	2090	2137
198	4	7	160	2099	2362
199	0	18	100	2108	2675
200	15	0	200	2117	28316
201	19	8	130	2126	1912
202	15	0	200	2135	1453
203	3	16	200	2144	4108
204	1	11	100	2153	60005
205	4	7	130	2162	18869
206	19	8	130	2171	9616
207	15	0	130	2180	1192
208	19	8	200	2189	7339
209	6	19	160	2198	9843
210	15	0	200	2207	5818
211	15	0	200	2216	11076
212	19	8	200	2225	6334
213	5	13	130	2234	1889
214	19	8	200	2243	19842
215	0	18	200	2252	5131
216	5	13	160	2261	2891
217	19	8	100	2270	136
218	19	8	100	2279	6688
219	19	8	160	2288	6737
220	19	8	130	2297	1052
221	19	8	200	2306	347
222	6	19	160	2315	8811
223	6	19	160	2324	353
224	3	16	160	2333	1765
225	5	13	100	2342	36
226	6	19	160	2351	15871
227	15	0	130	2360	15106
228	5	13	100	2369	9663
229	5	13	100	2378	2537
230	3	16	160	2400	16730
231	5	13	160	2409	17997
232	4	7	100	2418	1795
233	4	7	130	2427	2303
234	3	16	100	2436	9892
235	15	0	100	2445	7536
236	19	8	100	2454	3633
237	5	13	130	2463	6766
238	15	0	130	2472	8243
239	0	18	100	2481	1505
240	5	13	200	2490	15159
241	4	7	200	2499	15861
242	6	19	200	2508	14594
243	15	0	160	2517	2506
244	1	11	200	2526	928
245	5	13	160	2535	7008
246	1	11	160	2544	18279
247	19	8	130	2553	11439
248	6	19	100	2562	7943
249	3	16	100	2571	5646
250	0	18	130	2580	5790
251	5	13	200	2589	11457
252	15	0	130	2598	8818
253	5	13	100	2607	9279
254	3	16	200	2616	1403
255	19	8	100	2625	21098
256	5	13	200	2634	6300
257	3	16	100	2643	1048
258	0	18	130	2652	1821
259	15	0	200	2661	42273
260	15	0	200	2670	351
261	4	7	200	2679	15216
262	5	13	100	2688	4600
263	5	13	200	2697	3187
264	5	13	200	2706	14239
265	4	7	130	2715	7787
266	6	19	200	2724	6362
267	15	0	130	2733	2817
268	3	16	130	2742	5556
269	3	16	160	2751	2923
270	3	16	200	2760	918
271	19	8	130	2769	10550
272	4	7	160	2778	3743
273	19	8	200	2800	4020
274	5	13	160	2807	10170
275	15	0	130	2814	2419
276	5	13	200	2821	1823
277	19	8	200	2828	4068
278	5	13	200	2835	21710
279	15	0	100	2842	7624
280	4	7	160	2849	899
281	15	0	130	2856	858
282	1	11	130	2863	1979
283	4	7	200	2870	1734
284	5	13	160	2877	11307
285	15	0	160	2884	979
286	15	0	100	2891	2056
287	19	8	200	2898	5780
288	0	18	160	2905	747
289	4	7	200	2912	12155
290	4	7	100	2919	538
291	15	0	200	2926	2218
292	5	13	200	2933	3660
293	19	8	160	2940	8358
294	4	7	130	2947	1101
295	4	7	100	2954	54739
296	19	8	200	2961	4426
297	0	18	200	2968	5707
298	4	7	160	2975	4605
299	15	0	130	2982	5344
300	19	8	160	2989	284
301	5	13	100	2996	7358
302	15	0	200	3003	2408
303	5	13	130	3010	3125
304	19	8	130	3017	4057
305	0	18	100	3024	12207
306	1	11	100	3031	3921
307	15	0	160	3038	2549
308	19	8	130	3045	27284
309	6	19	130	3052	18415
310	6	19	130	3059	10316
311	6	19	200	3066	1266
312	15	0	100	3073	1677
313	5	13	130	3080	7117
314	6	19	130	3087	17558
315	3	16	160	3094	22665
316	3	16	160	3101	7988
317	1	11	100	3108	2221
318	1	11	130	3115	6788
319	6	19	130	3122	10073
320	6	19	130	3129	4027
321	15	0	200	3136	277
322	15	0	160	3143	1861
323	19	8	160	3150	10170
324	19	8	160	3157	2206
325	5	13	200	3200	16098
326	15	0	130	3210	3637
327	5	13	100	3220	10342
328	15	0	160	3230	2478
329	4	7	160	3240	10200
330	15	0	130	3250	14464
331	5	13	100	3260	9468
332	6	19	130	3270	25945
333	15	0	160	3280	4730
334	19	8	130	3290	6929
335	19	8	130	3300	5624
336	19	8	130	3310	14753
337	15	0	100	3320	18088
338	4	7	160	3330	12758
339	5	13	160	3340	29231
340	15	0	130	3350	10408
341	1	11	160	3360	24589
342	19	8	160	3370	6343
343	6	19	100	3380	1678
344	19	8	160	3390	465
345	15	0	130	3400	20073
346	1	11	160	3410	435
347	1	11	160	3420	12039
348	5	13	100	3430	11403
349	3	16	160	3440	1660
350	0	18	130	3450	3662
351	19	8	200	3460	1612
352	19	8	160	3470	22252
353	15	0	100	3480	10227
354	4	7	100	3490	769
355	4	7	160	3500	7
356	15	0	160	3510	4004
357	19	8	100	3520	6219
358	6	19	160	3530	687
359	15	0	130	3540	6065
360	5	13	160	3550	4319
361	15	0	100	3560	8677
362	19	8	100	3570	52
363	15	0	200	3580	2262
364	15	0	100	3590	528
365	3	16	100	3600	250
366	19	8	130	3609	1641
367	3	16	160	3618	10861
368	6	19	200	3627	78
369	15	0	200	3636	3872
370	3	16	100	3645	836
371	6	19	130	3654	10649
372	19	8	130	3663	4715
373	15	0	160	3672	7287
374	19	8	200	3681	35633
375	6	19	160	3690	4664
376	15	0	130	3699	5333
377	3	16	160	3708	148
378	0	18	100	3717	8700
379	3	16	100	3726	3112
380	4	7	100	3735	13427
381	6	19	160	3744	7082
382	0	18	100	3753	27024
383	15	0	200	3762	658
384	3	16	100	3771	3486
385	19	8	160	3780	8478
386	5	13	160	3789	11276
387	19	8	100	3798	2189
388	5	13	130	3807	3503
389	15	0	200	3816	6912
390	3	16	200	3825	942
391	3	16	100	3834	2869
392	1	11	130	3843	13429
393	15	0	100	3852	2468
394	19	8	200	3861	6512
395	19	8	130	3870	544
396	3	16	160	3879	23536
397	3	16	160	3888	2866
398	15	0	100	3897	1071
399	15	0	130	3906	209
400	15	0	200	3915	10569
401	19	8	100	3924	2971
402	15	0	200	3933	11695
403	15	0	100	3942	3771
404	19	8	160	3951	737
405	6	19	200	3960	7987
406	0	18	130	3969	10690
407	4	7	200	4000	3326
408	19	8	130	4008	10569
409	15	0	130	4016	8396
410	5	13	130	4024	5777
411	6	19	200	4032	3765
412	15	0	100	4040	16796
413	5	13	130	4048	11418
414	5	13	100	4056	10132
415	19	8	100	4064	14163
416	15	0	100	4072	9528
417	5	13	100	4080	20997
418	6	19	200	4088	17888
419	19	8	160	4096	4227
420	15	0	160	4104	2572
421	3	16	130	4112	23358
422	15	0	130	4120	3929
423	19	8	200	4128	4513
424	6	19	100	4136	2546
425	19	8	200	4144	12793
426	6	19	100	4152	20454
427	4	7	100	4160	1585
428	19	8	200	4168	334
429	19	8	160	4176	20472
430	5	13	100	4184	5459
431	15	0	200	4192	1641
432	5	13	130	4200	17878
433	5	13	160	4208	8110
434	5	13	130	4216	7116
435	5	13	100	4224	5594
436	19	8	200	4232	13683
437	5	13	200	4240	7132
438	15	0	130	4248	37574
439	15	0	100	4256	10233
440	19	8	100	4264	19840
441	3	16	160	4272	4296
442	0	18	200	4280	5645
443	6	19	200	4288	9759
444	3	16	160	4296	531
445	15	0	200	4304	10644
446	5	13	100	4312	4411
447	15	0	200	4320	438
448	4	7	100	4328	6341
449	19	8	200	4336	10391
450	5	13	130	4344	3691
451	15	0	130	4352	159
452	15	0	200	4360	4194
453	19	8	160	4368	10040
454	19	8	200	4400	11115
455	15	0	160	4410	12376
456	4	7	200	4420	20429
457	15	0	200	4430	3288
458	4	7	100	4440	872
459	0	18	160	4450	2741
460	1	11	200	4460	9877
461	19	8	130	4470	6520
462	5	13	100	4480	2845
463	19	8	160	4490	13308
464	5	13	130	4500	1350
465	15	0	130	4510	3189
466	3	16	160	4520	5269
467	5	13	130	4530	2199
468	0	18	100	4540	1499
469	19	8	200	4550	1937
470	0	18	130	4560	84
471	5	13	100	4570	897
472	15	0	200	4580	22074
473	19	8	160	4590	1504
474	19	8	130	4600	5452
475	6	19	200	4610	15697
476	1	11	130	4620	4635
477	3	16	130	4630	9198
478	15	0	130	4640	3657
479	19	8	100	4650	6158
480	6	19	200	4660	3747
481	19	8	100	4670	16268
482	19	8	100	4680	8007
483	19	8	100	4690	3011
484	6	19	130	4700	6441
485	6	19	200	4710	5153
486	0	18	200	4720	12021
487	5	13	200	4730	1568
488	5	13	200	4740	17397
489	15	0	200	4750	12956
490	3	16	130	4760	6956
491	3	16	200	4770	5264
492	3	16	200	4780	5335
493	6	19	160	4800	9650
494	15	0	130	4808	101
495	3	16	200	4816	3556
496	15	0	160	4824	988
497	1	11	100	4832	9518
498	3	16	160	4840	6378
499	5	13	100	4848	10637
500	5	13	130	4856	2336
501	0	18	160	4864	1622
502	6	19	200	4872	17125
503	4	7	100	4880	3230
504	19	8	160	4888	10088
505	0	18	100	4896	2446
506	0	18	130	4904	693
507	15	0	100	4912	2159
508	0	18	100	4920	1995
509	5	13	200	4928	17756
510	6	19	100	4936	3413
511	0	18	130	4944	2183
512	1	11	160	4952	28092
513	5	13	200	4960	6684
514	6	19	160	4968	19829
515	4	7	160	4976	14658
516	19	8	100	4984	20712
517	15	0	200	4992	33892
518	5	13	130	5000	2382
519	19	8	160	5008	9126
520	15	0	160	5016	6412
521	15	0	160	5024	2903
522	1	11	160	5032	3495
523	4	7	130	5040	3682
524	19	8	130	5048	8047
525	19	8	130	5056	6012
526	3	16	130	5064	7728
527	3	16	100	5072	2152
528	4	7	100	5080	1382
529	15	0	160	5088	1162
530	19	8	130	5096	10874
531	19	8	100	5104	10903
532	1	11	160	5112	1149
533	4	7	130	5120	7985
534	5	13	160	5128	2668
535	6	19	100	5136	1690
536	4	7	130	5144	34560
537	15	0	200	5152	2856
538	19	8	160	5160	7272
539	6	19	100	5168	2734
540	6	19	130	5200	3978
541	4	7	160	5212	6227
542	5	13	160	5224	25232
543	19	8	100	5236	42413
544	4	7	160	5248	4851
545	3	16	100	5260	3347
546	3	16	130	5272	5739
547	15	0	200	5284	20240
548	0	18	100	5296	12280
549	5	13	200	5308	1516
550	4	7	160	5320	4552
551	1	11	160	5332	1120
552	15	0	160	5344	4612
553	4	7	100	5356	16261
554	15	0	160	5368	1627
555	15	0	160	5380	23784
556	19	8	100	5392	14155
557	5	13	160	5404	5764
558	5	13	160	5416	9577
559	3	16	100	5428	1668
560	19	8	160	5440	8264
561	19	8	100	5452	15022
562	6	19	100	5464	648
563	4	7	160	5476	714
564	6	19	130	5488	1282
565	6	19	200	5500	7395
566	19	8	200	5512	887
567	15	0	100	5524	3308
568	19	8	100	5536	2658
569	0	18	130	5548	10348
570	19	8	100	5560	15352
571	4	7	130	5572	7839
572	15	0	130	5584	3934
573	19	8	130	5600	27552
574	4	7	100	5612	2723
575	6	19	200	5624	84
576	5	13	100	5636	3410
577	1	11	130	5648	3557
578	19	8	160	5660	19645
579	15	0	130	5672	2766
580	15	0	100	5684	132
581	5	13	160	5696	9606
582	3	16	100	5708	4802
583	19	8	130	5720	34175
584	6	19	100	5732	9667
585	19	8	160	5744	7583
586	4	7	130	5756	2921
587	15	0	160	5768	2461
588	15	0	200	5780	4745
589	15	0	200	5792	3261
590	6	19	100	5804	3581
591	19	8	200	5816	5126
592	4	7	100	5828	7376
593	15	0	160	5840	4205
594	15	0	130	5852	8293
595	15	0	100	5864	6295
596	15	0	160	5876	4973
597	3	16	100	5888	16438
598	6	19	160	5900	15010
599	15	0	200	5912	15253
600	3	16	100	5924	2162
601	5	13	100	5936	1522
602	19	8	160	5948	8121
603	19	8	160	5960	485
604	6	19	160	6000	3078
605	0	18	130	6012	13256
606	4	7	130	6024	10847
607	19	8	130	6036	5080
608	0	18	100	6048	6948
609	0	18	200	6060	1524
610	4	7	160	6072	7366
611	19	8	160	6084	5088
612	5	13	200	6096	7317
613	15	0	100	6108	4161
614	6	19	200	6120	1508
615	6	19	100	6132	23209
616	15	0	100	6144	4029
617	15	0	160	6156	770
618	15	0	130	6168	3877
619	15	0	200	6180	6138
620	4	7	130	6192	2822
621	4	7	130	6204	14671
622	1	11	130	6216	17749
623	3	16	100	6228	23632
624	6	19	130	6240	3630
625	19	8	100	6252	3825
626	0	18	100	6264	180
627	3	16	200	6276	31142
628	1	11	200	6288	3116
629	6	19	200	6300	10894
630	19	8	100	6312	6344
631	4	7	200	6324	5157
632	6	19	200	6336	5741
633	4	7	160	6348	518
634	6	19	130	6360	456
635	5	13	100	6372	14815
636	6	19	100	6400	507
637	3	16	160	6410	3987
638	5	13	160	6420	8787
639	6	19	160	6430	17806
640	15	0	100	6440	16330
641	5	13	100	6450	14455
642	15	0	160	6460	9226
643	15	0	200	6470	2560
644	6	19	130	6480	10564
645	15	0	160	6490	17677
646	15	0	200	6500	16559
647	6	19	100	6510	1751
648	4	7	160	6520	2163
649	4	7	130	6530	9640
650	0	18	100	6540	1291
651	19	8	100	6550	3711
652	5	13	160	6560	5351
653	19	8	200	6570	2981
654	6	19	130	6580	6461
655	19	8	200	6590	4042
656	4	7	200	6600	2651
657	15	0	130	6610	9363
658	6	19	100	6620	9474
659	6	19	160	6630	22422
660	0	18	130	6640	12369
661	3	16	160	6650	11506
662	19	8	160	6660	1275
663	6	19	100	6670	14492
664	3	16	200	6680	7867
665	1	11	200	6690	1082
666	4	7	200	6700	25454
667	0	18	130	6710	6153
668	1	11	200	6720	3448
669	3	16	200	6730	3189
670	19	8	200	6740	17208
671	6	19	130	6750	25
672	5	13	200	6760	4430
673	4	7	200	6770	5419
674	0	18	160	6800	8762
675	19	8	130	6807	4951
676	6	19	160	6814	1354
677	5	13	130	6821	7685
678	15	0	200	6828	1934
679	19	8	160	6835	5148
680	4	7	100	6842	5646
681	6	19	100	6849	13975
682	19	8	100	6856	10858
683	19	8	130	6863	7790
684	6	19	200	6870	7226
685	19	8	200	6877	1552
686	19	8	100	6884	35003
687	15	0	200	6891	1795
688	15	0	130	6898	5684
689	15	0	130	6905	8600
690	1	11	100	6912	6585
691	19	8	200	6919	3717
692	15	0	130	6926	9590
693	19	8	100	6933	10393
694	6	19	130	6940	888
695	6	19	160	6947	909
696	6	19	130	6954	9329
697	4	7	130	6961	15061
698	6	19	100	6968	8351
699	5	13	130	6975	7459
700	5	13	200	6982	21479
701	15	0	160	6989	3290
702	6	19	100	6996	14991
703	3	16	200	7003	19100
704	5	13	130	7010	13573
705	6	19	160	7017	1261
706	15	0	100	7024	23340
707	3	16	200	7031	43543
708	19	8	100	7038	8297
709	6	19	100	7045	777
710	6	19	100	7052	2204
711	19	8	130	7059	8742
712	19	8	130	7066	5153
713	15	0	160	7073	1982
714	5	13	130	7080	4540
715	6	19	130	7087	26005
716	4	7	130	7094	161
717	0	18	100	7101	5956
718	19	8	130	7108	2215
719	3	16	200	7115	4776
720	4	7	160	7122	1199
721	15	0	200	7129	11333
722	4	7	200	7136	226
723	6	19	160	7143	9406
724	0	18	160	7150	11682
725	19	8	100	7157	5739
726	19	8	100	7200	2907
727	6	19	200	7211	9578
728	15	0	130	7222	3915
729	6	19	200	7233	6533
730	5	13	200	7244	11863
731	3	16	130	7255	2945
732	19	8	100	7266	27903
733	5	13	160	7277	7500
734	5	13	200	7288	6260
735	15	0	130	7299	1481
736	19	8	200	7310	30983
737	15	0	130	7321	14390
738	5	13	200	7332	13105
739	0	18	100	7343	4766
740	4	7	200	7354	2095
741	15	0	130	7365	38375
742	15	0	160	7376	6485
743	4	7	100	7387	4302
744	3	16	100	7398	4328
745	3	16	200	7409	18127
746	19	8	130	7420	18161
747	0	18	200	7431	5215
748	6	19	200	7442	2786
749	19	8	100	7453	1242
750	4	7	130	7464	732
751	6	19	130	7475	1427
752	5	13	100	7486	7450
753	5	13	130	7497	1768
754	3	16	200	7508	5037
755	15	0	100	7519	1532
756	5	13	200	7530	2960
757	19	8	130	7541	1347
758	1	11	100	7552	1209
759	5	13	130	7563	2907
760	15	0	160	7574	14717
761	4	7	100	7585	2279
762	5	13	130	7600	7505
763	5	13	130	7609	731
764	4	7	100	7618	3080
765	5	13	200	7627	21614
766	0	18	100	7636	9506
767	15	0	200	7645	16110
768	4	7	200	7654	9033
769	15	0	200	7663	2452
770	6	19	130	7672	32160
771	5	13	200	7681	1641
772	6	19	130	7690	10166
773	19	8	100	7699	12599
774	19	8	200	7708	1979
775	6	19	130	7717	1276
776	19	8	100	7726	1805
777	0	18	200	7735	7573
778	5	13	160	7744	2557
779	19	8	200	7753	16418
780	0	18	200	7762	7642
781	19	8	130	7771	13979
782	19	8	100	7780	4137
783	15	0	130	7789	2229
784	4	7	160	7798	5089
785	19	8	160	7807	7525
786	19	8	100	7816	9685
787	6	19	200	7825	11796
788	3	16	160	7834	1217
789	15	0	200	7843	3677
790	4	7	160	7852	15717
791	19	8	160	7861	13905
792	15	0	130	7870	9478
793	0	18	160	7879	5560
794	5	13	160	7888	7486
795	1	11	160	7897	32368
796	4	7	200	7906	3864
797	5	13	130	7915	5049
798	19	8	200	7924	810
799	19	8	100	7933	5307
800	3	16	200	7942	1795
801	5	13	160	7951	245
802	15	0	100	7960	12965
803	19	8	200	8000	245
804	5	13	200	8009	1411
805	19	8	130	8018	18576
806	19	8	200	8027	4695
807	6	19	100	8036	13412
808	6	19	160	8045	30968
809	6	19	130	8054	3082
810	19	8	200	8063	28680
811	5	13	200	8072	9560
812	15	0	200	8081	17059
813	3	16	130	8090	2504
814	5	13	160	8099	9354
815	19	8	130	8108	123
816	4	7	100	8117	14868
817	15	0	200	8126	3638
818	1	11	160	8135	7672
819	5	13	160	8144	9902
820	6	19	200	8153	2100
821	6	19	130	8162	20633
822	6	19	100	8171	10337
823	15	0	100	8180	2947
824	6	19	130	8189	4142
825	6	19	160	8198	1374
826	15	0	160	8207	5407
827	6	19	160	8216	1971
828	6	19	160	8225	1638
829	19	8	100	8234	2160
830	5	13	130	8243	11563
831	5	13	160	8252	10593
832	1	11	200	8261	5798
833	6	19	160	8270	12434
834	15	0	200	8279	8883
835	15	0	100	8288	7037
836	3	16	130	8297	190
837	3	16	100	8306	3743
838	5	13	160	8315	679
839	6	19	100	8324	6728
840	19	8	160	8333	1448
841	5	13	100	8342	17588
842	0	18	100	8351	12559
843	15	0	130	8360	13779
844	15	0	200	8400	4036
845	19	8	160	8409	1418
846	5	13	200	8418	22876
847	6	19	200	8427	4433
848	15	0	100	8436	13350
849	6	19	130	8445	7179
850	15	0	160	8454	1191
851	6	19	100	8463	142
852	5	13	160	8472	15245
853	6	19	130	8481	3907
854	5	13	100	8490	2344
855	6	19	130	8499	2592
856	19	8	160	8508	2909
857	1	11	200	8517	5450
858	5	13	160	8526	7867
859	19	8	100	8535	31
860	1	11	200	8544	4229
861	5	13	130	8553	2044
862	19	8	130	8562	7905
863	15	0	130	8571	10854
864	4	7	100	8580	6485
865	6	19	130	8589	2177
866	4	7	100	8598	1604
867	3	16	130	8607	778
868	5	13	130	8616	7294
869	15	0	130	8625	881
870	15	0	100	8634	38425
871	3	16	200	8643	5085
872	4	7	130	8652	2673
873	6	19	160	8661	393
874	6	19	100	8670	6287
875	3	16	200	8679	3346
876	6	19	100	8688	1134
877	19	8	200	8697	18744
878	19	8	100	8706	19442
879	6	19	160	8715	2213
880	4	7	200	8724	1938
881	3	16	160	8733	545
882	19	8	160	8742	4179
883	19	8	130	8751	7188
884	1	11	160	8760	827
885	15	0	130	8769	10986
886	0	18	200	8778	17144
887	6	19	160	8787	1106
888	3	16	130	8800	6119
889	3	16	160	8808	4003
890	15	0	160	8816	2630
891	0	18	130	8824	6032
892	15	0	160	8832	11017
893	6	19	130	8840	645
894	5	13	130	8848	1377
895	6	19	130	8856	22519
896	5	13	160	8864	2422
897	5	13	200	8872	405
898	5	13	100	8880	2473
899	3	16	160	8888	1375
900	15	0	160	8896	31617
901	3	16	130	8904	15173
902	1	11	160	8912	14047
903	19	8	160	8920	9826
904	19	8	100	8928	7342
905	6	19	160	8936	8820
906	5	13	160	8944	10581
907	19	8	100	8952	13007
908	1	11	130	8960	14765
909	3	16	130	8968	19460
910	0	18	130	8976	1249
911	0	18	160	8984	4098
912	3	16	160	8992	6978
913	15	0	100	9000	3879
914	6	19	100	9008	12435
915	19	8	100	9016	3381
916	5	13	200	9024	13658
917	0	18	100	9032	284
918	6	19	160	9040	8268
919	5	13	200	9048	13232
920	6	19	130	9056	3515
921	15	0	160	9064	431
922	0	18	200	9072	6534
923	4	7	200	9080	1829
924	19	8	160	9088	13902
925	15	0	160	9096	4963
926	5	13	130	9104	10262
927	15	0	200	9112	1850
928	3	16	100	9120	17648
929	19	8	160	9128	7415
930	15	0	100	9136	671
931	3	16	130	9144	691
932	6	19	160	9152	8130
933	15	0	160	9160	11220
934	19	8	200	9200	2418
935	3	16	130	9210	3636
936	3	16	100	9220	2181
937	1	11	200	9230	9623
938	0	18	100	9240	38852
939	6	19	100	9250	4500
940	5	13	160	9260	105
941	4	7	200	9270	662
942	5	13	100	9280	2707
943	0	18	200	9290	7792
944	3	16	100	9300	2292
945	15	0	200	9310	16918
946	19	8	160	9320	23574
947	19	8	160	9330	3613
948	0	18	130	9340	2726
949	6	19	100	9350	13431
950	3	16	130	9360	1035
951	5	13	160	9370	2053
952	19	8	100	9380	4155
953	19	8	130	9390	4887
954	15	0	130	9400	12970
955	19	8	100	9410	21078
956	3	16	160	9420	2759
957	15	0	160	9430	7800
958	19	8	100	9440	17172
959	4	7	160	9450	1191
960	3	16	100	9460	23240
961	15	0	160	9470	5990
962	15	0	200	9480	19571
963	1	11	160	9490	2173
964	5	13	100	9500	14253
965	19	8	100	9510	510
966	6	19	200	9520	11511
967	5	13	100	9530	14081
968	19	8	100	9540	1053
969	5	13	200	9550	4405
970	15	0	100	9560	897
971	5	13	200	9570	1013
972	0	18	200	9580	349
973	0	18	160	9590	1926
974	0	18	100	9600	12700
975	4	7	130	9608	2585
976	5	13	130	9616	11599
977	0	18	100	9624	21956
978	3	16	160	9632	24866
979	3	16	160	9640	23165
980	19	8	100	9648	5785
981	6	19	200	9656	3561
982	15	0	160	9664	19978
983	15	0	100	9672	636
984	19	8	130	9680	5274
985	5	13	160	9688	15403
986	5	13	100	9696	9055
987	6	19	130	9704	1596
988	0	18	130	9712	24238
989	3	16	200	9720	3235
990	0	18	200	9728	610
991	5	13	130	9736	7652
992	3	16	200	9744	13567
993	15	0	160	9752	15386
994	5	13	200	9760	5308
995	15	0	200	9768	5325
996	6	19	200	9776	1452
997	5	13	160	9784	403
998	6	19	200	9792	12515
999	4	7	100	9800	1658
1000	4	7	100	9808	991
1001	5	13	160	9816	1018
1002	3	16	130	9824	2196
1003	6	19	130	9832	16042
1004	15	0	100	9840	9829
1005	15	0	160	9848	19
1006	5	13	160	9856	1623
1007	15	0	130	9864	1696
1008	19	8	100	9872	8668
1009	6	19	200	9880	5976
1010	6	19	200	9888	1422
1011	3	16	130	9896	3520
1012	6	19	100	9904	8808
1013	15	0	130	9912	22293
1014	5	13	130	9920	7816
1015	15	0	130	9928	7054
1016	3	16	100	9936	7519
1017	1	11	200	9944	14509
1018	4	7	130	9952	11255
1019	1	11	160	10000	30334
1020	6	19	200	10008	3879
1021	1	11	130	10016	6977
1022	5	13	160	10024	16719
1023	15	0	130	10032	12512
1024	5	13	200	10040	3445
1025	5	13	200	10048	5391
1026	4	7	100	10056	2880
1027	4	7	130	10064	1674
1028	15	0	160	10072	10445
1029	5	13	100	10080	2962
1030	15	0	130	10088	933
1031	19	8	160	10096	10075
1032	5	13	130	10104	1252
1033	19	8	160	10112	11689
1034	19	8	160	10120	14092
1035	5	13	160	10128	4023
1036	5	13	130	10136	1015
1037	0	18	100	10144	429
1038	19	8	200	10152	3684
1039	1	11	160	10160	5235
1040	0	18	100	10168	8882
1041	6	19	200	10176	5331
1042	6	19	130	10184	5859
1043	6	19	160	10192	4433
1044	15	0	100	10200	1488
1045	19	8	130	10208	10111
1046	15	0	100	10216	23699
1047	5	13	130	10224	16843
1048	5	13	100	10232	2094
1049	15	0	160	10240	18344
1050	6	19	200	10248	16745
1051	6	19	100	10256	3192
1052	3	16	130	10264	2786
1053	6	19	100	10272	13428
1054	15	0	130	10280	12997
1055	3	16	160	10288	6117
1056	0	18	200	10296	2229
1057	5	13	100	10304	4772
1058	3	16	160	10312	5795
1059	5	13	100	10320	1957
1060	6	19	130	10328	9634
1061	3	16	100	10336	42148
1062	3	16	160	10344	4960
1063	15	0	200	10352	3472
1064	19	8	130	10400	4304
1065	6	19	100	10408	4734
1066	15	0	100	10416	1897
1067	15	0	160	10424	18376
1068	15	0	160	10432	933
1069	1	11	200	10440	2073
1070	5	13	200	10448	5029
1071	1	11	200	10456	6514
1072	4	7	200	10464	5046
1073	3	16	160	10472	2570
1074	0	18	130	10480	2932
1075	0	18	100	10488	18243
1076	6	19	100	10496	518
1077	19	8	100	10504	4795
1078	1	11	130	10512	7760
1079	6	19	160	10520	8008
1080	15	0	160	10528	6246
1081	19	8	200	10536	4415
1082	19	8	130	10544	25455
1083	0	18	100	10552	14174
1084	15	0	130	10560	4536
1085	3	16	130	10568	12149
1086	19	8	130	10576	4386
1087	19	8	100	10584	3222
1088	4	7	130	10592	26821
1089	19	8	100	10600	2781
1090	5	13	160	10608	1319
1091	19	8	130	10616	8867
1092	19	8	160	10624	6158
1093	6	19	160	10632	1319
1094	6	19	130	10640	12120
1095	19	8	100	10648	9008
1096	5	13	100	10656	197
1097	19	8	130	10664	1463
1098	15	0	100	10672	74
1099	3	16	200	10680	10273
1100	4	7	130	10688	5647
1101	3	16	160	10696	400
1102	6	19	160	10704	11690
1103	5	13	130	10712	16
1104	5	13	200	10720	4529
1105	6	19	200	10728	3081
1106	5	13	100	10736	15799
1107	0	18	160	10744	156
1108	6	19	200	10752	5648
1109	15	0	100	10800	18854
1110	15	0	130	10810	5106
1111	3	16	200	10820	12574
1112	5	13	160	10830	14100
1113	15	0	100	10840	17158
1114	15	0	160	10850	8993
1115	15	0	160	10860	2582
1116	4	7	200	10870	296
1117	3	16	160	10880	8000
1118	19	8	160	10890	20134
1119	15	0	200	10900	8065
1120	15	0	160	10910	199
1121	15	0	100	10920	16930
1122	5	13	130	10930	21798
1123	19	8	160	10940	13562
1124	15	0	100	10950	634
1125	6	19	130	10960	12748
1126	3	16	130	10970	163
1127	15	0	100	10980	3036
1128	15	0	100	10990	5459
1129	3	16	130	11000	7980
1130	15	0	100	11010	16533
1131	15	0	160	11020	18070
1132	4	7	100	11030	4660
1133	19	8	130	11040	18249
1134	4	7	100	11050	1079
1135	6	19	200	11060	5435
1136	4	7	100	11070	8539
1137	6	19	100	11080	25073
1138	15	0	130	11090	4055
1139	3	16	130	11100	960
1140	19	8	130	11110	20183
1141	15	0	160	11120	4123
1142	5	13	100	11130	13950
1143	15	0	100	11140	492
1144	3	16	160	11150	13800
1145	4	7	200	11160	3567
1146	6	19	160	11170	14737
1147	4	7	160	11180	8490
1148	19	8	100	11200	5184
1149	15	0	200	11208	5613
1150	6	19	100	11216	8158
1151	5	13	130	11224	3983
1152	19	8	160	11232	2278
1153	19	8	100	11240	3749
1154	6	19	100	11248	9591
1155	6	19	100	11256	7885
1156	15	0	130	11264	972
1157	15	0	100	11272	24224
1158	15	0	100	11280	20808
1159	19	8	130	11288	8074
1160	5	13	160	11296	2847
1161	6	19	200	11304	6307
1162	5	13	160	11312	5950
1163	4	7	160	11320	16647
1164	1	11	100	11328	259
1165	19	8	160	11336	6869
1166	19	8	160	11344	3456
1167	6	19	130	11352	21337
1168	5	13	200	11360	11308
1169	3	16	160	11368	1606
1170	6	19	130	11376	7736
1171	15	0	200	11384	666
1172	5	13	130	11392	2137
1173	15	0	130	11400	13124
1174	19	8	160	11408	10051
1175	19	8	100	11416	7780
1176	5	13	200	11424	447
1177	15	0	100	11432	16616
1178	15	0	200	11440	41799
1179	6	19	130	11448	10083
1180	19	8	160	11456	24860
1181	19	8	160	11464	3648
1182	19	8	100	11472	14603
1183	19	8	130	11480	37120
1184	6	19	100	11488	38544
1185	4	7	160	11496	5249
1186	15	0	200	11504	8344
1187	5	13	200	11512	557
1188	6	19	100	11520	1778
1189	15	0	200	11528	5535
1190	15	0	160	11536	3807
1191	15	0	100	11544	9753
1192	19	8	200	11552	249
1193	15	0	200	11560	11488
1194	19	8	160	11568	13442
1195	4	7	160	11600	3751
1196	5	13	100	11609	16830
1197	3	16	160	11618	23958
1198	6	19	100	11627	226
1199	4	7	200	11636	2254
1200	5	13	100	11645	71
1201	0	18	130	11654	19349
1202	19	8	200	11663	18203
1203	15	0	130	11672	2796
1204	5	13	130	11681	17264
1205	19	8	130	11690	6557
1206	19	8	100	11699	1373
1207	3	16	130	11708	4663
1208	19	8	160	11717	8603
1209	6	19	100	11726	637
1210	3	16	130	11735	6796
1211	3	16	100	11744	2192
1212	19	8	100	11753	25166
1213	3	16	160	11762	1878
1214	19	8	160	11771	9121
1215	5	13	100	11780	21658
1216	15	0	160	11789	9809
1217	6	19	130	11798	6115
1218	15	0	130	11807	17183
1219	15	0	130	11816	6401
1220	4	7	160	11825	21122
1221	5	13	200	11834	2666
1222	0	18	100	11843	10510
1223	6	19	200	11852	2380
1224	5	13	200	11861	13007
1225	19	8	130	11870	19747
1226	15	0	200	11879	403
1227	15	0	130	11888	5114
1228	19	8	160	11897	39085
1229	15	0	100	11906	3336
1230	6	19	100	11915	10896
1231	4	7	100	11924	882
1232	3	16	100	11933	15010
1233	6	19	100	11942	11060
1234	0	18	100	11951	9835
1235	19	8	130	11960	362
1236	1	11	200	11969	5063
1237	4	7	160	12000	6279
1238	6	19	200	12008	895
1239	15	0	160	12016	4531
1240	5	13	160	12024	3125
1241	15	0	160	12032	1844
1242	6	19	130	12040	4200
1243	19	8	100	12048	1047
1244	15	0	160	12056	20934
1245	15	0	160	12064	1197
1246	15	0	200	12072	11012
1247	19	8	100	12080	13778
1248	19	8	130	12088	683
1249	5	13	160	12096	16989
1250	6	19	200	12104	8815
1251	19	8	200	12112	3368
1252	5	13	100	12120	552
1253	19	8	200	12128	5187
1254	19	8	100	12136	3048
1255	19	8	130	12144	10341
1256	0	18	100	12152	1585
1257	4	7	100	12160	8171
1258	5	13	130	12168	5413
1259	6	19	100	12176	27833
1260	1	11	160	12184	5710
1261	4	7	200	12192	9253
1262	3	16	200	12200	4772
1263	4	7	130	12208	3060
1264	1	11	100	12216	3236
1265	19	8	100	12224	5048
1266	19	8	100	12232	3992
1267	5	13	100	12240	1864
1268	3	16	160	12248	5573
1269	0	18	130	12256	8082
1270	5	13	100	12264	4994
1271	5	13	200	12272	1420
1272	0	18	130	12280	4475
1273	0	18	160	12288	4794
1274	5	13	160	12296	2063
1275	15	0	100	12304	10263
1276	19	8	130	12312	16636
1277	3	16	100	12320	7502
1278	19	8	100	12328	3208
1279	15	0	130	12336	8732
1280	0	18	130	12344	1468
1281	19	8	160	12352	2068
1282	19	8	200	12360	3959
1283	6	19	200	12400	950
1284	3	16	100	12409	8947
1285	15	0	100	12418	4090
1286	19	8	200	12427	307
1287	4	7	130	12436	3692
1288	6	19	200	12445	4527
1289	1	11	160	12454	32179
1290	19	8	100	12463	15994
1291	15	0	200	12472	14130
1292	19	8	130	12481	428
1293	0	18	160	12490	1176
1294	15	0	100	12499	20437
1295	4	7	200	12508	8126
1296	5	13	160	12517	11303
1297	4	7	200	12526	759
1298	15	0	100	12535	12484
1299	15	0	130	12544	4914
1300	15	0	160	12553	10966
1301	6	19	200	12562	6206
1302	15	0	160	12571	3080
1303	15	0	200	12580	4724
1304	1	11	130	12589	4303
1305	4	7	200	12598	5626
1306	19	8	130	12607	19732
1307	5	13	160	12616	7654
1308	6	19	100	12625	2299
1309	5	13	100	12634	7213
1310	0	18	100	12643	15200
1311	19	8	200	12652	6774
1312	5	13	200	12661	2962
1313	6	19	100	12670	14055
1314	6	19	200	12679	12933
1315	3	16	200	12688	2653
1316	5	13	200	12697	2797
1317	15	0	200	12706	3291
1318	1	11	130	12715	8276
1319	6	19	200	12724	21562
1320	1	11	100	12733	4500
1321	15	0	200	12742	187
1322	15	0	130	12751	11958
1323	0	18	200	12760	5866
1324	3	16	130	12769	11803
1325	6	19	130	12778	8069
1326	6	19	160	12800	937
1327	19	8	160	12810	2759
1328	5	13	130	12820	6014
1329	3	16	200	12830	7121
1330	3	16	130	12840	27100
1331	15	0	130	12850	12274
1332	5	13	100	12860	13653
1333	3	16	200	12870	16408
1334	1	11	200	12880	20028
1335	6	19	130	12890	7912
1336	4	7	100	12900	19115
1337	0	18	100	12910	23115
1338	6	19	130	12920	9525
1339	19	8	100	12930	1473
1340	15	0	200	12940	5310
1341	5	13	130	12950	4383
1342	19	8	100	12960	1022
1343	3	16	160	12970	14565
1344	1	11	160	12980	1129
1345	19	8	100	12990	2777
1346	5	13	100	13000	5863
1347	5	13	130	13010	2035
1348	6	19	200	13020	3267
1349	6	19	130	13030	8172
1350	19	8	200	13040	3358
1351	19	8	160	13050	4348
1352	3	16	160	13060	4724
1353	4	7	100	13070	15587
1354	15	0	130	13080	233
1355	19	8	160	13090	10268
1356	15	0	160	13100	11550
1357	15	0	160	13110	12871
1358	15	0	160	13120	8983
1359	6	19	200	13130	12140
1360	15	0	130	13140	4012
1361	19	8	160	13150	7811
1362	0	18	100	13160	731
1363	5	13	130	13170	8638
1364	4	7	160	13200	7908
1365	4	7	160	13210	546
1366	6	19	200	13220	11177
1367	4	7	200	13230	4611
1368	6	19	100	13240	19195
1369	19	8	130	13250	1523
1370	19	8	200	13260	3747
1371	5	13	160	13270	3454
1372	3	16	160	13280	8201
1373	3	16	100	13290	5176
1374	15	0	200	13300	4744
1375	15	0	200	13310	67
1376	19	8	160	13320	18681
1377	6	19	160	13330	22194
1378	19	8	130	13340	3928
1379	4	7	100	13350	5200
1380	3	16	130	13360	984
1381	1	11	130	13370	17369
1382	5	13	200	13380	25077
1383	19	8	100	13390	17552
1384	4	7	200	13400	2265
1385	5	13	200	13410	6333
1386	6	19	200	13420	3304
1387	1	11	200	13430	25961
1388	5	13	160	13440	14795
1389	3	16	100	13450	1737
1390	19	8	160	13460	15966
1391	15	0	130	13470	918
1392	5	13	160	13480	2514
1393	19	8	130	13490	19741
1394	3	16	200	13500	11889
1395	19	8	100	13510	15830
1396	5	13	130	13520	3257
1397	6	19	200	13530	4923
1398	19	8	100	13540	1887
1399	15	0	200	13550	542
1400	5	13	130	13560	6223
1401	3	16	100	13600	679
1402	19	8	100	13608	3031
1403	15	0	160	13616	1412
1404	15	0	160	13624	2473
1405	6	19	130	13632	38808
1406	15	0	100	13640	12040
1407	19	8	130	13648	27929
1408	6	19	130	13656	4223
1409	0	18	160	13664	164
1410	1	11	100	13672	13706
1411	3	16	100	13680	14006
1412	15	0	100	13688	4246
1413	5	13	160	13696	1752
1414	5	13	160	13704	8748
1415	15	0	100	13712	5681
1416	6	19	200	13720	8793
1417	3	16	200	13728	1773
1418	1	11	130	13736	4271
1419	19	8	200	13744	675
1420	15	0	200	13752	10404
1421	6	19	200	13760	12548
1422	19	8	130	13768	7239
1423	5	13	200	13776	10013
1424	3	16	160	13784	2960
1425	4	7	130	13792	2469
1426	19	8	100	13800	675
1427	3	16	100	13808	10359
1428	0	18	130	13816	9703
1429	19	8	160	13824	7046
1430	4	7	130	13832	8964
1431	5	13	200	13840	4690
1432	15	0	130	13848	10398
1433	3	16	160	13856	3114
1434	19	8	160	13864	22160
1435	0	18	130	13872	279
1436	4	7	100	13880	6761
1437	19	8	100	13888	12662
1438	3	16	160	13896	7795
1439	15	0	160	13904	2348
1440	15	0	160	13912	11719
1441	6	19	130	13920	3682
1442	6	19	160	13928	6403
1443	5	13	100	13936	13822
1444	0	18	100	13944	3766
1445	15	0	160	13952	307
1446	19	8	130	13960	9541
1447	1	11	100	14000	606
1448	15	0	200	14015	2304
1449	6	19	160	14030	2466
1450	5	13	130	14045	1734
1451	4	7	130	14060	1166
1452	5	13	130	14075	375
1453	1	11	130	14090	1106
1454	1	11	200	14105	3299
1455	19	8	160	14120	11057
1456	4	7	160	14135	5323
1457	6	19	130	14150	7359
1458	6	19	100	14165	15317
1459	6	19	100	14180	3
1460	15	0	100	14195	19372
1461	6	19	100	14210	426
1462	19	8	200	14225	2483
1463	15	0	160	14240	13924
1464	15	0	100	14255	3402
1465	15	0	100	14270	3774
1466	6	19	160	14285	833
1467	6	19	160	14300	749
1468	6	19	200	14315	2401
1469	5	13	100	14330	7966
1470	5	13	200	14345	22238
1471	15	0	160	14360	16463
1472	19	8	130	14375	6869
1473	5	13	200	14400	1388
1474	4	7	100	14410	2992
1475	3	16	130	14420	3554
1476	19	8	100	14430	2203
1477	5	13	130	14440	11866
1478	5	13	160	14450	3305
1479	6	19	200	14460	2534
1480	4	7	200	14470	6733
1481	19	8	100	14480	63
1482	6	19	100	14490	5167
1483	6	19	160	14500	4600
1484	6	19	130	14510	3963
1485	0	18	100	14520	6182
1486	0	18	130	14530	4056
1487	6	19	100	14540	7294
1488	3	16	160	14550	33330
1489	19	8	100	14560	1669
1490	15	0	200	14570	6360
1491	15	0	200	14580	27798
1492	5	13	100	14590	22776
1493	15	0	130	14600	7786
1494	3	16	130	14610	3362
1495	1	11	130	14620	10097
1496	15	0	130	14630	860
1497	15	0	100	14640	10365
1498	15	0	200	14650	5168
1499	5	13	200	14660	59049
1500	1	11	200	14670	22347
1501	6	19	160	14680	7475
1502	6	19	100	14690	13441
1503	4	7	200	14700	7733
1504	1	11	200	14710	3172
1505	15	0	160	14720	3116
1506	5	13	200	14730	6556
1507	1	11	160	14740	17410
1508	19	8	100	14750	13592
1509	19	8	130	14760	30986
1510	19	8	130	14770	5677
1511	19	8	100	14780	9981
1512	3	16	160	14790	2441
1513	0	18	100	14800	6960
1514	4	7	100	14811	4516
1515	19	8	100	14822	18686
1516	19	8	100	14833	6865
1517	6	19	100	14844	14153
1518	4	7	100	14855	4551
1519	15	0	200	14866	13208
1520	15	0	200	14877	30690
1521	19	8	160	14888	5557
1522	5	13	100	14899	886
1523	6	19	200	14910	589
1524	6	19	100	14921	685
1525	15	0	100	14932	27768
1526	5	13	160	14943	21307
1527	4	7	200	14954	24644
1528	3	16	130	14965	13548
1529	3	16	200	14976	7232
1530	6	19	100	14987	2373
1531	4	7	100	14998	5780
1532	15	0	130	15009	2821
1533	19	8	200	15020	3312
1534	5	13	100	15031	3236
1535	19	8	130	15042	26121
1536	4	7	200	15053	1728
1537	4	7	130	15064	15513
1538	5	13	200	15075	931
1539	15	0	200	15086	563
1540	15	0	100	15097	30872
1541	19	8	160	15108	5725
1542	15	0	200	15119	12151
1543	4	7	100	15130	42
1544	1	11	160	15141	9119
1545	19	8	200	15152	14443
1546	6	19	130	15163	9793
1547	5	13	100	15174	3581
1548	6	19	100	15185	1693
1549	4	7	130	15200	4637
1550	1	11	130	15211	1214
1551	3	16	100	15222	2544
1552	6	19	100	15233	2766
1553	19	8	100	15244	8814
1554	15	0	100	15255	169
1555	1	11	130	15266	4610
1556	3	16	160	15277	5581
1557	1	11	130	15288	10859
1558	15	0	160	15299	6169
1559	5	13	160	15310	3551
1560	5	13	200	15321	3984
1561	1	11	200	15332	7437
1562	19	8	130	15343	584
1563	15	0	130	15354	2008
1564	5	13	130	15365	10254
1565	15	0	130	15376	40573
1566	1	11	160	15387	4297
1567	4	7	200	15398	20611
1568	15	0	200	15409	2283
1569	5	13	200	15420	5072
1570	15	0	100	15431	9875
1571	15	0	160	15442	10181
1572	1	11	100	15453	10171
1573	6	19	100	15464	3643
1574	0	18	160	15475	14140
1575	15	0	130	15486	5037
1576	4	7	160	15497	10175
1577	3	16	200	15508	839
1578	5	13	100	15519	3965
1579	15	0	130	15530	2264
1580	4	7	200	15541	2440
1581	0	18	130	15552	6739
1582	15	0	200	15563	11526
1583	19	8	200	15574	3775
1584	1	11	130	15585	4844
1585	5	13	200	15600	33212
1586	15	0	200	15611	2009
1587	19	8	130	15622	7942
1588	4	7	200	15633	3063
1589	5	13	200	15644	18010
1590	15	0	160	15655	4922
1591	3	16	160	15666	4806
1592	6	19	160	15677	3069
1593	1	11	130	15688	11138
1594	5	13	200	15699	9009
1595	15	0	130	15710	3742
1596	0	18	130	15721	4649
1597	3	16	160	15732	6550
1598	19	8	160	15743	2659
1599	5	13	100	15754	9277
1600	19	8	100	15765	4357
1601	4	7	160	15776	12187
1602	15	0	100	15787	956
1603	3	16	100	15798	10218
1604	15	0	130	15809	10502
1605	5	13	160	15820	4371
1606	1	11	200	15831	6439
1607	1	11	200	15842	20888
1608	19	8	130	15853	14585
1609	19	8	160	15864	6453
1610	19	8	160	15875	10136
1611	19	8	200	15886	4122
1612	15	0	100	15897	3468
1613	0	18	100	15908	2750
1614	3	16	200	15919	803
1615	5	13	160	15930	13850
1616	5	13	100	15941	14762
1617	0	18	130	15952	9478
1618	6	19	200	15963	11681
1619	19	8	160	15974	10721
1620	0	18	160	16000	11814
1621	4	7	130	16011	12338
1622	0	18	200	16022	7447
1623	4	7	100	16033	3490
1624	15	0	130	16044	80
1625	6	19	160	16055	2380
1626	3	16	100	16066	4103
1627	19	8	200	16077	27553
1628	1	11	130	16088	9372
1629	5	13	130	16099	4865
1630	15	0	100	16110	214
1631	3	16	100	16121	1401
1632	4	7	130	16132	13578
1633	1	11	100	16143	9750
1634	19	8	130	16154	14015
1635	19	8	100	16165	5244
1636	5	13	130	16176	4880
1637	6	19	160	16187	343
1638	4	7	160	16198	8291
1639	15	0	200	16209	270
1640	5	13	200	16220	4516
1641	6	19	100	16231	2802
1642	19	8	200	16242	12523
1643	4	7	100	16253	11565
1644	6	19	130	16264	1552
1645	15	0	200	16275	468
1646	6	19	130	16286	840
1647	6	19	130	16297	224
1648	19	8	130	16308	8535
1649	1	11	130	16319	15326
1650	4	7	100	16330	6067
1651	0	18	200	16341	10981
1652	6	19	200	16352	12531
1653	19	8	200	16363	6292
1654	5	13	160	16400	19700
1655	6	19	200	16409	8038
1656	4	7	160	16418	1550
1657	5	13	100	16427	11387
1658	5	13	200	16436	9934
1659	3	16	160	16445	5132
1660	3	16	160	16454	159
1661	1	11	100	16463	7032
1662	0	18	160	16472	2158
1663	6	19	100	16481	3861
1664	4	7	160	16490	5992
1665	15	0	130	16499	6525
1666	15	0	130	16508	7051
1667	6	19	100	16517	8339
1668	3	16	200	16526	4995
1669	4	7	160	16535	7629
1670	19	8	130	16544	3648
1671	19	8	130	16553	12874
1672	15	0	200	16562	401
1673	19	8	200	16571	10610
1674	15	0	200	16580	2932
1675	6	19	130	16589	5171
1676	5	13	130	16598	42588
1677	19	8	200	16607	14731
1678	19	8	200	16616	1559
1679	19	8	160	16625	24490
1680	0	18	130	16634	1372
1681	15	0	160	16643	3741
1682	1	11	160	16652	2993
1683	19	8	200	16661	14528
1684	3	16	100	16670	20622
1685	15	0	100	16679	2627
1686	6	19	100	16688	3689
1687	5	13	130	16697	2542
1688	15	0	130	16706	12471
1689	5	13	160	16715	1712
1690	15	0	160	16724	2906
1691	19	8	100	16733	9568
1692	3	16	200	16742	3214
1693	1	11	200	16751	1507
1694	6	19	100	16760	109
1695	4	7	200	16769	14993
1696	6	19	160	16778	487
1697	5	13	160	16800	4195
1698	19	8	130	16808	2166
1699	15	0	200	16816	7714
1700	0	18	130	16824	5094
1701	19	8	100	16832	4817
1702	5	13	160	16840	6627
1703	15	0	160	16848	337
1704	3	16	100	16856	5332
1705	5	13	160	16864	10522
1706	4	7	100	16872	9569
1707	15	0	200	16880	466
1708	4	7	100	16888	2171
1709	19	8	100	16896	4619
1710	3	16	130	16904	8145
1711	5	13	160	16912	3261
1712	6	19	100	16920	6977
1713	6	19	100	16928	11349
1714	3	16	130	16936	3037
1715	6	19	100	16944	8311
1716	0	18	130	16952	2547
1717	0	18	160	16960	4074
1718	5	13	200	16968	4911
1719	6	19	130	16976	2272
1720	3	16	130	16984	1667
1721	4	7	100	16992	3010
1722	19	8	200	17000	15602
1723	19	8	130	17008	2536
1724	6	19	100	17016	2968
1725	1	11	100	17024	8836
1726	15	0	160	17032	5064
1727	15	0	200	17040	16773
1728	5	13	160	17048	10212
1729	5	13	100	17056	4934
1730	19	8	200	17064	4316
1731	3	16	160	17072	7074
1732	19	8	130	17080	7414
1733	1	11	100	17088	6537
1734	19	8	100	17096	5264
1735	1	11	130	17104	9773
1736	5	13	200	17112	13296
1737	5	13	100	17120	2526
1738	19	8	200	17128	3455
1739	15	0	130	17136	1710
1740	6	19	100	17144	6983
1741	19	8	130	17152	3001
1742	4	7	130	17160	280
1743	19	8	100	17168	3458
1744	4	7	100	17200	6458
1745	4	7	200	17208	28010
1746	5	13	100	17216	983
1747	15	0	160	17224	6806
1748	19	8	160	17232	15494
1749	0	18	100	17240	3663
1750	4	7	130	17248	6822
1751	6	19	200	17256	8630
1752	19	8	200	17264	23859
1753	5	13	200	17272	36807
1754	6	19	160	17280	4505
1755	19	8	130	17288	1370
1756	1	11	100	17296	7222
1757	6	19	130	17304	2757
1758	4	7	160	17312	10511
1759	1	11	100	17320	13625
1760	15	0	100	17328	2436
1761	6	19	130	17336	13742
1762	5	13	100	17344	3271
1763	19	8	200	17352	12018
1764	19	8	130	17360	175
1765	19	8	160	17368	425
1766	6	19	100	17376	10493
1767	6	19	100	17384	191
1768	6	19	200	17392	2582
1769	1	11	100	17400	7546
1770	4	7	100	17408	14458
1771	15	0	130	17416	15
1772	3	16	200	17424	396
1773	6	19	130	17432	2477
1774	3	16	130	17440	8749
1775	5	13	200	17448	16656
1776	0	18	200	17456	2617
1777	19	8	200	17464	5654
1778	6	19	100	17472	10120
1779	3	16	100	17480	3326
1780	15	0	100	17488	6441
1781	19	8	100	17496	18117
1782	19	8	100	17504	172
1783	4	7	130	17512	3491
1784	3	16	160	17520	17409
1785	5	13	200	17528	11318
1786	3	16	200	17536	8121
1787	6	19	160	17544	7619
1788	6	19	160	17552	1093
1789	3	16	200	17600	3140
1790	0	18	100	17616	938
1791	15	0	130	17632	5850
1792	3	16	130	17648	6205
1793	15	0	200	17664	6089
1794	1	11	130	17680	21264
1795	19	8	200	17696	11474
1796	5	13	100	17712	30239
1797	5	13	130	17728	2377
1798	19	8	160	17744	3195
1799	4	7	130	17760	5580
1800	15	0	200	17776	2187
1801	15	0	200	17792	772
1802	3	16	160	17808	2820
1803	19	8	160	17824	2250
1804	19	8	100	17840	6065
1805	15	0	100	17856	6787
1806	5	13	100	17872	7566
1807	5	13	130	17888	9190
1808	4	7	160	17904	3143
1809	4	7	160	17920	6482
1810	15	0	130	17936	16854
1811	3	16	130	17952	734
1812	19	8	130	17968	6822
1813	0	18	160	17984	3968
1814	5	13	200	18000	2461
1815	15	0	200	18011	3650
1816	15	0	100	18022	12845
1817	3	16	160	18033	32149
1818	15	0	130	18044	17722
1819	6	19	130	18055	2459
1820	19	8	200	18066	4276
1821	0	18	160	18077	990
1822	0	18	160	18088	18098
1823	5	13	100	18099	24159
1824	1	11	200	18110	5544
1825	6	19	160	18121	3052
1826	6	19	200	18132	4963
1827	5	13	200	18143	5795
1828	6	19	200	18154	3281
1829	3	16	160	18165	18688
1830	19	8	200	18176	18274
1831	15	0	130	18187	177
1832	0	18	100	18198	1563
1833	5	13	160	18209	1942
1834	5	13	100	18220	851
1835	19	8	100	18231	4944
1836	15	0	160	18242	7311
1837	19	8	160	18253	11972
1838	6	19	130	18264	13814
1839	6	19	160	18275	3021
1840	1	11	200	18286	1256
1841	15	0	160	18297	24751
1842	4	7	100	18308	2731
1843	4	7	100	18319	6797
1844	5	13	130	18330	4728
1845	19	8	200	18341	185
1846	15	0	100	18352	23193
1847	3	16	200	18363	1286
1848	6	19	200	18374	2495
1849	4	7	160	18385	6631
1850	4	7	160	18400	26264
1851	5	13	130	18410	42634
1852	15	0	200	18420	3648
1853	5	13	130	18430	534
1854	5	13	160	18440	737
1855	15	0	100	18450	1048
1856	15	0	130	18460	1746
1857	15	0	160	18470	3395
1858	15	0	160	18480	10938
1859	5	13	130	18490	1929
1860	3	16	100	18500	929
1861	19	8	100	18510	809
1862	19	8	130	18520	3403
1863	1	11	200	18530	4380
1864	5	13	160	18540	8563
1865	3	16	200	18550	15525
1866	3	16	130	18560	19286
1867	15	0	160	18570	3547
1868	6	19	130	18580	2740
1869	5	13	200	18590	13032
1870	19	8	130	18600	11665
1871	15	0	160	18610	187
1872	15	0	130	18620	1393
1873	1	11	200	18630	6869
1874	5	13	160	18640	1015
1875	3	16	130	18650	4920
1876	15	0	160	18660	14042
1877	15	0	160	18670	3125
1878	0	18	160	18680	5624
1879	3	16	100	18690	5186
1880	15	0	160	18700	3725
1881	5	13	100	18710	3012
1882	19	8	100	18720	2273
1883	4	7	130	18730	11860
1884	19	8	200	18740	22614
1885	6	19	130	18750	18664
1886	19	8	160	18760	8531
1887	6	19	160	18770	957
1888	19	8	100	18780	1091
1889	15	0	100	18800	30602
1890	3	16	200	18815	2461
1891	0	18	200	18830	2335
1892	3	16	100	18845	251
1893	3	16	200	18860	7489
1894	5	13	130	18875	1834
1895	3	16	160	18890	403
1896	15	0	100	18905	7494
1897	4	7	100	18920	16176
1898	19	8	130	18935	19751
1899	3	16	130	18950	7130
1900	15	0	130	18965	956
1901	1	11	160	18980	7070
1902	6	19	160	18995	15641
1903	3	16	100	19010	4990
1904	5	13	100	19025	12723
1905	6	19	100	19040	22422
1906	15	0	100	19055	14428
1907	15	0	100	19070	12483
1908	0	18	160	19085	23264
1909	3	16	130	19100	7925
1910	0	18	160	19115	2803
1911	19	8	160	19130	16489
1912	15	0	100	19145	14708
1913	15	0	130	19160	2497
1914	15	0	200	19175	14760
1915	19	8	100	19200	12712
1916	0	18	100	19211	15113
1917	15	0	200	19222	6819
1918	3	16	200	19233	5244
1919	15	0	100	19244	11223
1920	5	13	130	19255	1791
1921	6	19	160	19266	12773
1922	15	0	130	19277	2097
1923	19	8	130	19288	2990
1924	3	16	200	19299	6194
1925	19	8	130	19310	5775
1926	6	19	130	19321	38866
1927	6	19	130	19332	6423
1928	15	0	130	19343	3713
1929	4	7	200	19354	581
1930	5	13	100	19365	15245
1931	6	19	130	19376	25653
1932	19	8	130	19387	4195
1933	19	8	100	19398	19723
1934	5	13	160	19409	3625
1935	15	0	200	19420	12315
1936	15	0	130	19431	4859
1937	15	0	100	19442	12233
1938	19	8	100	19453	30101
1939	5	13	200	19464	11
1940	19	8	100	19475	561
1941	3	16	130	19486	16066
1942	6	19	100	19497	1465
1943	15	0	200	19508	5527
1944	15	0	130	19519	9178
1945	4	7	130	19530	3983
1946	4	7	200	19541	4251
1947	6	19	160	19552	11508
1948	6	19	100	19563	11616
1949	15	0	100	19600	4208
1950	3	16	160	19611	1788
1951	0	18	100	19622	281
1952	0	18	130	19633	3912
1953	3	16	100	19644	1406
1954	19	8	100	19655	3944
1955	4	7	200	19666	3029
1956	5	13	100	19677	3522
1957	15	0	100	19688	6327
1958	19	8	100	19699	20736
1959	5	13	160	19710	2650
1960	19	8	160	19721	23518
1961	3	16	200	19732	2664
1962	1	11	200	19743	4339
1963	15	0	200	19754	16655
1964	15	0	100	19765	12018
1965	6	19	130	19776	3277
1966	1	11	130	19787	4997
1967	19	8	100	19798	20821
1968	4	7	160	19809	18727
1969	19	8	200	19820	465
1970	0	18	160	19831	3331
1971	4	7	100	19842	542
1972	19	8	200	19853	7267
1973	19	8	100	19864	5222
1974	19	8	100	19875	9277
1975	4	7	100	19886	3262
1976	0	18	160	19897	7954
1977	19	8	160	19908	10526
1978	4	7	200	19919	7939
1979	19	8	160	19930	1270
1980	15	0	160	19941	860
1981	0	18	200	19952	2085
1982	1	11	100	19963	12337
1983	0	18	100	19974	26216
1984	3	16	130	20000	16307
1985	5	13	200	20025	13575
1986	6	19	100	20050	6802
1987	15	0	100	20075	2268
1988	1	11	100	20100	5968
1989	3	16	200	20125	403
1990	5	13	200	20150	4487
1991	1	11	130	20175	19147
1992	15	0	200	20200	15624
1993	6	19	130	20225	9493
1994	5	13	100	20250	446
1995	19	8	130	20275	12275
1996	0	18	160	20300	4741
1997	15	0	100	20325	2763
1998	19	8	160	20350	10226
1999	3	16	200	20375	3401
