0	3	1	9	0	2147483647
1	4	14	10	5	2147483647
2	4	14	5	10	2147483647
3	3	1	7	15	2147483647
4	4	8	5	20	2147483647
5	4	14	5	25	2147483647
6	4	14	5	30	2147483647
7	4	14	7	35	2147483647
8	4	14	5	40	2147483647
9	4	14	9	45	2147483647
10	4	8	10	50	2147483647
11	4	8	10	55	2147483647
12	4	8	9	60	2147483647
13	3	1	7	65	2147483647
14	3	1	9	70	2147483647
15	3	1	10	75	2147483647
16	4	8	9	80	2147483647
17	4	8	9	85	2147483647
18	4	14	7	90	2147483647
19	4	14	10	95	2147483647
20	3	1	7	100	2147483647
21	3	1	9	105	2147483647
22	4	8	5	110	2147483647
23	0	12	5	115	2147483647
24	4	8	5	120	2147483647
25	4	14	7	125	2147483647
26	4	14	5	130	2147483647
27	0	12	7	135	2147483647
28	4	8	10	140	2147483647
29	4	8	7	145	2147483647
30	4	14	10	150	2147483647
31	4	14	9	155	2147483647
32	4	8	7	160	2147483647
33	4	14	10	165	2147483647
34	4	14	10	170	2147483647
35	3	1	5	175	2147483647
36	0	12	5	180	2147483647
37	4	8	5	185	2147483647
38	4	8	5	190	2147483647
39	3	1	7	195	2147483647
40	3	1	10	200	2147483647
41	3	1	10	205	2147483647
42	3	1	5	210	2147483647
43	4	14	7	215	2147483647
44	4	14	5	220	2147483647
45	4	8	10	225	2147483647
46	3	1	7	230	2147483647
47	3	1	10	235	2147483647
48	3	1	7	240	2147483647
49	3	1	10	245	2147483647
50	4	14	9	250	2147483647
51	3	1	10	255	2147483647
52	4	14	7	260	2147483647
53	3	1	10	265	2147483647
54	3	1	7	270	2147483647
55	4	8	5	275	2147483647
56	3	1	9	280	2147483647
57	4	14	5	285	2147483647
58	3	1	7	290	2147483647
59	3	1	10	295	2147483647
60	0	12	5	300	2147483647
61	4	14	10	305	2147483647
62	3	1	9	310	2147483647
63	3	1	10	315	2147483647
64	3	1	9	320	2147483647
65	4	8	5	325	2147483647
66	4	14	7	330	2147483647
67	3	1	9	335	2147483647
68	3	1	7	340	2147483647
69	0	12	9	345	2147483647
70	3	1	10	350	2147483647
71	4	8	7	355	2147483647
72	0	12	9	360	2147483647
73	3	1	10	365	2147483647
74	3	1	5	370	2147483647
75	0	12	7	375	2147483647
76	4	14	7	380	2147483647
77	4	14	10	385	2147483647
78	4	8	10	390	2147483647
79	0	12	7	395	2147483647
80	3	1	5	400	2147483647
81	3	1	5	405	2147483647
82	3	1	10	410	2147483647
83	4	14	10	415	2147483647
84	4	8	9	420	2147483647
85	0	12	10	425	2147483647
86	4	8	7	430	2147483647
87	4	14	9	435	2147483647
88	3	1	9	440	2147483647
89	4	14	10	445	2147483647
90	0	12	7	450	2147483647
91	4	8	5	455	2147483647
92	4	14	10	460	2147483647
93	4	14	5	465	2147483647
94	3	1	5	470	2147483647
95	3	1	10	475	2147483647
96	0	12	7	480	2147483647
97	4	14	7	485	2147483647
98	4	8	9	490	2147483647
99	4	14	10	495	2147483647
100	4	8	7	500	2147483647
101	0	12	9	505	2147483647
102	4	14	7	510	2147483647
103	3	1	10	515	2147483647
104	0	12	5	520	2147483647
105	4	14	5	525	2147483647
106	3	1	5	530	2147483647
107	4	8	7	535	2147483647
108	0	12	9	540	2147483647
109	3	1	10	545	2147483647
110	4	8	9	550	2147483647
111	4	14	9	555	2147483647
112	4	14	5	560	2147483647
113	3	1	5	565	2147483647
114	4	14	10	570	2147483647
115	4	14	10	575	2147483647
116	3	1	10	580	2147483647
117	3	1	10	585	2147483647
118	3	1	5	590	2147483647
119	4	8	9	595	2147483647
120	4	14	10	600	2147483647
121	3	1	9	605	2147483647
122	0	12	5	610	2147483647
123	4	14	9	615	2147483647
124	0	12	5	620	2147483647
125	4	8	9	625	2147483647
126	3	1	9	630	2147483647
127	4	8	7	635	2147483647
128	4	8	9	640	2147483647
129	0	12	5	645	2147483647
130	4	14	5	650	2147483647
131	4	8	10	655	2147483647
132	3	1	7	660	2147483647
133	3	1	5	665	2147483647
134	4	14	10	670	2147483647
135	3	1	7	675	2147483647
136	4	14	10	680	2147483647
137	4	8	5	685	2147483647
138	4	14	9	690	2147483647
139	3	1	9	695	2147483647
140	3	1	9	700	2147483647
141	0	12	10	705	2147483647
142	3	1	10	710	2147483647
143	0	12	9	715	2147483647
144	3	1	7	720	2147483647
145	3	1	9	725	2147483647
146	3	1	10	730	2147483647
147	3	1	10	735	2147483647
148	4	14	7	740	2147483647
149	4	14	7	745	2147483647
150	4	8	5	750	2147483647
151	3	1	7	755	2147483647
152	3	1	5	760	2147483647
153	0	12	10	765	2147483647
154	4	14	10	770	2147483647
155	4	14	9	775	2147483647
156	4	14	9	780	2147483647
157	4	14	10	785	2147483647
158	3	1	9	790	2147483647
159	4	14	9	795	2147483647
160	3	1	9	800	2147483647
161	3	1	10	805	2147483647
162	4	8	10	810	2147483647
163	0	12	9	815	2147483647
164	3	1	9	820	2147483647
165	0	12	9	825	2147483647
166	3	1	7	830	2147483647
167	4	8	5	835	2147483647
168	3	1	7	840	2147483647
169	4	14	7	845	2147483647
170	4	14	5	850	2147483647
171	4	8	9	855	2147483647
172	4	14	5	860	2147483647
173	4	14	9	865	2147483647
174	4	14	10	870	2147483647
175	4	14	5	875	2147483647
176	4	14	10	880	2147483647
177	0	12	9	885	2147483647
178	3	1	5	890	2147483647
179	4	14	9	895	2147483647
180	4	14	10	900	2147483647
181	4	14	9	905	2147483647
182	4	8	5	910	2147483647
183	3	1	7	915	2147483647
184	4	14	5	920	2147483647
185	3	1	10	925	2147483647
186	4	14	10	930	2147483647
187	3	1	7	935	2147483647
188	3	1	5	940	2147483647
189	4	8	5	945	2147483647
190	3	1	9	950	2147483647
191	4	14	10	955	2147483647
192	4	14	9	960	2147483647
193	4	14	5	965	2147483647
194	4	14	10	970	2147483647
195	4	8	10	975	2147483647
196	4	14	10	980	2147483647
197	3	1	7	985	2147483647
198	4	14	10	990	2147483647
199	3	1	9	995	2147483647
200	0	12	7	1000	2147483647
201	3	1	9	1005	2147483647
202	0	12	9	1010	2147483647
203	3	1	10	1015	2147483647
204	4	14	5	1020	2147483647
205	4	14	7	1025	2147483647
206	3	1	7	1030	2147483647
207	3	1	9	1035	2147483647
208	3	1	10	1040	2147483647
209	4	14	10	1045	2147483647
210	0	12	10	1050	2147483647
211	4	14	5	1055	2147483647
212	3	1	9	1060	2147483647
213	4	14	10	1065	2147483647
214	0	12	9	1070	2147483647
215	3	1	10	1075	2147483647
216	0	12	9	1080	2147483647
217	4	14	9	1085	2147483647
218	4	8	7	1090	2147483647
219	4	14	10	1095	2147483647
220	3	1	10	1100	2147483647
221	4	14	10	1105	2147483647
222	4	14	5	1110	2147483647
223	4	8	5	1115	2147483647
224	4	8	10	1120	2147483647
225	0	12	7	1125	2147483647
226	3	1	5	1130	2147483647
227	0	12	5	1135	2147483647
228	4	14	9	1140	2147483647
229	3	1	10	1145	2147483647
230	4	14	5	1150	2147483647
231	4	8	9	1155	2147483647
232	3	1	9	1160	2147483647
233	0	12	9	1165	2147483647
234	3	1	5	1170	2147483647
235	3	1	5	1175	2147483647
236	4	14	5	1180	2147483647
237	4	14	5	1185	2147483647
238	4	14	7	1190	2147483647
239	4	14	9	1195	2147483647
240	4	14	7	1200	2147483647
241	0	12	5	1205	2147483647
242	0	12	9	1210	2147483647
243	4	14	5	1215	2147483647
244	0	12	5	1220	2147483647
245	3	1	9	1225	2147483647
246	3	1	5	1230	2147483647
247	4	14	9	1235	2147483647
248	4	14	7	1240	2147483647
249	3	1	5	1245	2147483647
250	4	8	7	1250	2147483647
251	4	8	7	1255	2147483647
252	3	1	10	1260	2147483647
253	4	14	10	1265	2147483647
254	4	14	10	1270	2147483647
255	4	8	7	1275	2147483647
256	4	14	9	1280	2147483647
257	4	14	7	1285	2147483647
258	0	12	5	1290	2147483647
259	4	14	9	1295	2147483647
260	3	1	7	1300	2147483647
261	3	1	5	1305	2147483647
262	4	14	10	1310	2147483647
263	4	14	10	1315	2147483647
264	0	12	9	1320	2147483647
265	4	14	7	1325	2147483647
266	4	14	7	1330	2147483647
267	3	1	5	1335	2147483647
268	4	8	9	1340	2147483647
269	4	14	9	1345	2147483647
270	3	1	10	1350	2147483647
271	0	12	9	1355	2147483647
272	4	14	5	1360	2147483647
273	4	8	10	1365	2147483647
274	4	14	7	1370	2147483647
275	3	1	9	1375	2147483647
276	4	14	7	1380	2147483647
277	0	12	10	1385	2147483647
278	4	8	5	1390	2147483647
279	4	14	5	1395	2147483647
280	4	14	5	1400	2147483647
281	3	1	7	1405	2147483647
282	4	8	9	1410	2147483647
283	3	1	9	1415	2147483647
284	3	1	9	1420	2147483647
285	4	14	9	1425	2147483647
286	4	14	9	1430	2147483647
287	3	1	9	1435	2147483647
288	0	12	9	1440	2147483647
289	3	1	10	1445	2147483647
290	4	14	7	1450	2147483647
291	4	8	9	1455	2147483647
292	4	14	10	1460	2147483647
293	0	12	9	1465	2147483647
294	3	1	5	1470	2147483647
295	3	1	5	1475	2147483647
296	3	1	5	1480	2147483647
297	4	8	9	1485	2147483647
298	4	14	9	1490	2147483647
299	4	8	10	1495	2147483647
300	4	14	5	1500	2147483647
301	4	14	10	1505	2147483647
302	4	14	10	1510	2147483647
303	4	8	10	1515	2147483647
304	4	14	5	1520	2147483647
305	0	12	9	1525	2147483647
306	4	8	7	1530	2147483647
307	0	12	10	1535	2147483647
308	4	14	9	1540	2147483647
309	4	14	5	1545	2147483647
310	4	8	5	1550	2147483647
311	4	14	9	1555	2147483647
312	4	14	7	1560	2147483647
313	4	8	5	1565	2147483647
314	0	12	7	1570	2147483647
315	0	12	5	1575	2147483647
316	3	1	9	1580	2147483647
317	4	8	7	1585	2147483647
318	3	1	5	1590	2147483647
319	4	8	10	1595	2147483647
320	4	14	9	1600	2147483647
321	4	8	10	1605	2147483647
322	3	1	9	1610	2147483647
323	4	14	10	1615	2147483647
324	4	14	5	1620	2147483647
325	3	1	7	1625	2147483647
326	4	8	9	1630	2147483647
327	4	14	9	1635	2147483647
328	4	14	9	1640	2147483647
329	3	1	5	1645	2147483647
330	4	14	7	1650	2147483647
331	4	14	10	1655	2147483647
332	3	1	7	1660	2147483647
333	4	14	5	1665	2147483647
334	4	8	10	1670	2147483647
335	4	14	7	1675	2147483647
336	4	14	7	1680	2147483647
337	4	14	9	1685	2147483647
338	3	1	9	1690	2147483647
339	4	8	5	1695	2147483647
340	3	1	7	1700	2147483647
341	4	14	10	1705	2147483647
342	3	1	5	1710	2147483647
343	3	1	9	1715	2147483647
344	4	8	10	1720	2147483647
345	0	12	9	1725	2147483647
346	3	1	5	1730	2147483647
347	4	14	10	1735	2147483647
348	4	14	5	1740	2147483647
349	3	1	5	1745	2147483647
350	4	8	9	1750	2147483647
351	4	8	10	1755	2147483647
352	4	14	7	1760	2147483647
353	3	1	9	1765	2147483647
354	3	1	5	1770	2147483647
355	3	1	7	1775	2147483647
356	3	1	7	1780	2147483647
357	0	12	5	1785	2147483647
358	3	1	9	1790	2147483647
359	3	1	10	1795	2147483647
360	4	14	5	1800	2147483647
361	3	1	9	1805	2147483647
362	3	1	7	1810	2147483647
363	3	1	7	1815	2147483647
364	4	14	9	1820	2147483647
365	3	1	7	1825	2147483647
366	4	8	7	1830	2147483647
367	4	14	5	1835	2147483647
368	0	12	5	1840	2147483647
369	4	8	5	1845	2147483647
370	3	1	10	1850	2147483647
371	3	1	10	1855	2147483647
372	4	14	9	1860	2147483647
373	4	8	5	1865	2147483647
374	4	14	7	1870	2147483647
375	4	14	10	1875	2147483647
376	3	1	10	1880	2147483647
377	4	14	10	1885	2147483647
378	3	1	5	1890	2147483647
379	4	14	7	1895	2147483647
380	4	14	5	1900	2147483647
381	3	1	10	1905	2147483647
382	4	14	7	1910	2147483647
383	4	8	9	1915	2147483647
384	4	8	9	1920	2147483647
385	4	14	9	1925	2147483647
386	0	12	7	1930	2147483647
387	0	12	10	1935	2147483647
388	3	1	5	1940	2147483647
389	4	14	7	1945	2147483647
390	4	8	10	1950	2147483647
391	4	14	5	1955	2147483647
392	3	1	5	1960	2147483647
393	0	12	9	1965	2147483647
394	3	1	5	1970	2147483647
395	4	8	9	1975	2147483647
396	3	1	7	1980	2147483647
397	4	14	10	1985	2147483647
398	4	14	10	1990	2147483647
399	4	14	9	1995	2147483647
400	4	14	7	2000	2147483647
401	4	14	5	2005	2147483647
402	4	14	9	2010	2147483647
403	4	14	5	2015	2147483647
404	4	8	5	2020	2147483647
405	4	14	9	2025	2147483647
406	3	1	5	2030	2147483647
407	3	1	5	2035	2147483647
408	3	1	5	2040	2147483647
409	3	1	7	2045	2147483647
410	4	14	9	2050	2147483647
411	4	14	7	2055	2147483647
412	3	1	5	2060	2147483647
413	4	14	5	2065	2147483647
414	3	1	9	2070	2147483647
415	3	1	5	2075	2147483647
416	3	1	7	2080	2147483647
417	0	12	9	2085	2147483647
418	3	1	9	2090	2147483647
419	4	14	5	2095	2147483647
420	3	1	10	2100	2147483647
421	4	8	9	2105	2147483647
422	4	8	5	2110	2147483647
423	3	1	10	2115	2147483647
424	4	8	5	2120	2147483647
425	4	14	9	2125	2147483647
426	0	12	10	2130	2147483647
427	4	14	5	2135	2147483647
428	4	14	5	2140	2147483647
429	4	14	9	2145	2147483647
430	3	1	7	2150	2147483647
431	4	14	10	2155	2147483647
432	4	8	5	2160	2147483647
433	4	14	9	2165	2147483647
434	4	14	5	2170	2147483647
435	4	8	5	2175	2147483647
436	4	14	5	2180	2147483647
437	4	8	5	2185	2147483647
438	4	8	7	2190	2147483647
439	3	1	5	2195	2147483647
440	4	8	7	2200	2147483647
441	3	1	5	2205	2147483647
442	3	1	9	2210	2147483647
443	0	12	9	2215	2147483647
444	4	14	10	2220	2147483647
445	3	1	7	2225	2147483647
446	0	12	5	2230	2147483647
447	4	14	10	2235	2147483647
448	3	1	5	2240	2147483647
449	4	14	10	2245	2147483647
450	4	14	7	2250	2147483647
451	3	1	10	2255	2147483647
452	3	1	5	2260	2147483647
453	4	14	10	2265	2147483647
454	3	1	9	2270	2147483647
455	4	14	10	2275	2147483647
456	4	14	10	2280	2147483647
457	4	8	10	2285	2147483647
458	3	1	10	2290	2147483647
459	3	1	9	2295	2147483647
460	4	14	10	2300	2147483647
461	4	14	5	2305	2147483647
462	4	14	5	2310	2147483647
463	4	14	7	2315	2147483647
464	0	12	10	2320	2147483647
465	3	1	9	2325	2147483647
466	3	1	7	2330	2147483647
467	4	14	9	2335	2147483647
468	4	14	5	2340	2147483647
469	3	1	9	2345	2147483647
470	4	14	5	2350	2147483647
471	0	12	7	2355	2147483647
472	4	14	5	2360	2147483647
473	4	14	9	2365	2147483647
474	4	14	9	2370	2147483647
475	4	14	10	2375	2147483647
476	4	14	10	2380	2147483647
477	4	8	7	2385	2147483647
478	4	14	10	2390	2147483647
479	4	14	10	2395	2147483647
480	4	14	9	2400	2147483647
481	4	8	10	2405	2147483647
482	4	8	5	2410	2147483647
483	4	14	7	2415	2147483647
484	4	14	7	2420	2147483647
485	4	14	9	2425	2147483647
486	0	12	10	2430	2147483647
487	3	1	5	2435	2147483647
488	3	1	10	2440	2147483647
489	4	8	5	2445	2147483647
490	3	1	5	2450	2147483647
491	3	1	7	2455	2147483647
492	4	14	7	2460	2147483647
493	4	14	10	2465	2147483647
494	4	14	7	2470	2147483647
495	3	1	5	2475	2147483647
496	4	14	5	2480	2147483647
497	4	14	5	2485	2147483647
498	4	14	9	2490	2147483647
499	3	1	5	2495	2147483647
500	0	12	5	2500	2147483647
501	4	8	9	2505	2147483647
502	0	12	9	2510	2147483647
503	0	12	7	2515	2147483647
504	3	1	10	2520	2147483647
505	4	14	10	2525	2147483647
506	3	1	9	2530	2147483647
507	4	14	9	2535	2147483647
508	4	14	5	2540	2147483647
509	3	1	10	2545	2147483647
510	0	12	10	2550	2147483647
511	3	1	7	2555	2147483647
512	3	1	10	2560	2147483647
513	4	14	5	2565	2147483647
514	4	14	10	2570	2147483647
515	3	1	10	2575	2147483647
516	3	1	5	2580	2147483647
517	4	14	10	2585	2147483647
518	4	14	10	2590	2147483647
519	0	12	7	2595	2147483647
520	3	1	10	2600	2147483647
521	0	12	7	2605	2147483647
522	3	1	9	2610	2147483647
523	3	1	10	2615	2147483647
524	4	14	9	2620	2147483647
525	0	12	9	2625	2147483647
526	3	1	5	2630	2147483647
527	4	8	7	2635	2147483647
528	4	14	7	2640	2147483647
529	3	1	9	2645	2147483647
530	4	14	10	2650	2147483647
531	0	12	10	2655	2147483647
532	4	8	10	2660	2147483647
533	3	1	9	2665	2147483647
534	3	1	10	2670	2147483647
535	3	1	5	2675	2147483647
536	4	8	7	2680	2147483647
537	0	12	9	2685	2147483647
538	3	1	9	2690	2147483647
539	4	8	9	2695	2147483647
540	3	1	10	2700	2147483647
541	4	8	5	2705	2147483647
542	3	1	10	2710	2147483647
543	4	14	5	2715	2147483647
544	4	8	7	2720	2147483647
545	4	14	9	2725	2147483647
546	4	14	7	2730	2147483647
547	4	14	5	2735	2147483647
548	4	14	10	2740	2147483647
549	3	1	9	2745	2147483647
550	4	14	10	2750	2147483647
551	4	8	7	2755	2147483647
552	4	14	7	2760	2147483647
553	4	14	5	2765	2147483647
554	4	14	7	2770	2147483647
555	4	14	9	2775	2147483647
556	4	14	10	2780	2147483647
557	3	1	9	2785	2147483647
558	4	8	9	2790	2147483647
559	4	8	5	2795	2147483647
560	3	1	10	2800	2147483647
561	3	1	5	2805	2147483647
562	0	12	7	2810	2147483647
563	4	14	9	2815	2147483647
564	4	14	5	2820	2147483647
565	4	14	5	2825	2147483647
566	3	1	9	2830	2147483647
567	0	12	5	2835	2147483647
568	3	1	7	2840	2147483647
569	3	1	10	2845	2147483647
570	4	8	7	2850	2147483647
571	3	1	7	2855	2147483647
572	4	8	5	2860	2147483647
573	4	14	7	2865	2147483647
574	4	14	9	2870	2147483647
575	4	8	9	2875	2147483647
576	4	14	7	2880	2147483647
577	4	14	9	2885	2147483647
578	3	1	9	2890	2147483647
579	4	14	5	2895	2147483647
580	4	8	7	2900	2147483647
581	3	1	10	2905	2147483647
582	3	1	9	2910	2147483647
583	4	8	9	2915	2147483647
584	3	1	9	2920	2147483647
585	3	1	9	2925	2147483647
586	3	1	9	2930	2147483647
587	4	8	9	2935	2147483647
588	3	1	7	2940	2147483647
589	4	14	5	2945	2147483647
590	3	1	5	2950	2147483647
591	4	14	9	2955	2147483647
592	4	14	5	2960	2147483647
593	3	1	7	2965	2147483647
594	4	14	9	2970	2147483647
595	4	8	9	2975	2147483647
596	4	8	10	2980	2147483647
597	4	14	7	2985	2147483647
598	4	8	5	2990	2147483647
599	4	8	7	2995	2147483647
600	4	14	5	3000	2147483647
601	4	14	5	3005	2147483647
602	3	1	10	3010	2147483647
603	3	1	10	3015	2147483647
604	4	8	5	3020	2147483647
605	3	1	9	3025	2147483647
606	4	8	5	3030	2147483647
607	4	14	10	3035	2147483647
608	4	8	9	3040	2147483647
609	4	14	9	3045	2147483647
610	3	1	7	3050	2147483647
611	4	8	7	3055	2147483647
612	0	12	5	3060	2147483647
613	4	8	9	3065	2147483647
614	4	8	10	3070	2147483647
615	4	14	5	3075	2147483647
616	4	14	9	3080	2147483647
617	4	14	9	3085	2147483647
618	4	8	5	3090	2147483647
619	0	12	9	3095	2147483647
620	3	1	9	3100	2147483647
621	0	12	10	3105	2147483647
622	4	14	9	3110	2147483647
623	4	14	5	3115	2147483647
624	4	14	10	3120	2147483647
625	3	1	10	3125	2147483647
626	3	1	7	3130	2147483647
627	4	14	9	3135	2147483647
628	4	14	9	3140	2147483647
629	3	1	10	3145	2147483647
630	4	14	10	3150	2147483647
631	4	14	10	3155	2147483647
632	3	1	9	3160	2147483647
633	4	8	7	3165	2147483647
634	3	1	5	3170	2147483647
635	4	8	5	3175	2147483647
636	0	12	10	3180	2147483647
637	4	14	9	3185	2147483647
638	4	14	9	3190	2147483647
639	4	8	5	3195	2147483647
640	3	1	7	3200	2147483647
641	3	1	9	3205	2147483647
642	0	12	10	3210	2147483647
643	3	1	10	3215	2147483647
644	4	8	9	3220	2147483647
645	3	1	10	3225	2147483647
646	4	14	7	3230	2147483647
647	4	14	9	3235	2147483647
648	4	8	9	3240	2147483647
649	0	12	9	3245	2147483647
650	4	8	10	3250	2147483647
651	3	1	5	3255	2147483647
652	3	1	7	3260	2147483647
653	0	12	7	3265	2147483647
654	3	1	9	3270	2147483647
655	3	1	5	3275	2147483647
656	4	8	7	3280	2147483647
657	4	14	9	3285	2147483647
658	3	1	5	3290	2147483647
659	4	14	5	3295	2147483647
660	4	14	5	3300	2147483647
661	3	1	7	3305	2147483647
662	4	14	5	3310	2147483647
663	4	14	10	3315	2147483647
664	4	14	9	3320	2147483647
665	3	1	9	3325	2147483647
666	4	14	9	3330	2147483647
667	4	14	10	3335	2147483647
668	4	14	9	3340	2147483647
669	4	14	10	3345	2147483647
670	4	14	5	3350	2147483647
671	0	12	5	3355	2147483647
672	4	14	10	3360	2147483647
673	0	12	10	3365	2147483647
674	4	14	5	3370	2147483647
675	0	12	10	3375	2147483647
676	0	12	10	3380	2147483647
677	0	12	10	3385	2147483647
678	3	1	9	3390	2147483647
679	3	1	10	3395	2147483647
680	4	14	9	3400	2147483647
681	4	14	10	3405	2147483647
682	4	14	5	3410	2147483647
683	4	14	5	3415	2147483647
684	3	1	10	3420	2147483647
685	3	1	9	3425	2147483647
686	3	1	7	3430	2147483647
687	3	1	5	3435	2147483647
688	4	14	9	3440	2147483647
689	4	14	10	3445	2147483647
690	4	14	9	3450	2147483647
691	3	1	7	3455	2147483647
692	4	8	9	3460	2147483647
693	4	8	9	3465	2147483647
694	3	1	10	3470	2147483647
695	4	8	5	3475	2147483647
696	3	1	9	3480	2147483647
697	4	8	5	3485	2147483647
698	4	14	7	3490	2147483647
699	4	14	5	3495	2147483647
700	4	14	5	3500	2147483647
701	4	14	9	3505	2147483647
702	0	12	10	3510	2147483647
703	4	8	10	3515	2147483647
704	3	1	7	3520	2147483647
705	0	12	10	3525	2147483647
706	4	14	7	3530	2147483647
707	3	1	7	3535	2147483647
708	3	1	7	3540	2147483647
709	3	1	10	3545	2147483647
710	3	1	5	3550	2147483647
711	4	8	9	3555	2147483647
712	4	8	5	3560	2147483647
713	4	8	5	3565	2147483647
714	4	14	9	3570	2147483647
715	0	12	7	3575	2147483647
716	4	14	7	3580	2147483647
717	4	8	10	3585	2147483647
718	3	1	10	3590	2147483647
719	3	1	10	3595	2147483647
720	4	8	5	3600	2147483647
721	4	8	9	3605	2147483647
722	4	8	5	3610	2147483647
723	0	12	9	3615	2147483647
724	0	12	7	3620	2147483647
725	3	1	10	3625	2147483647
726	4	14	7	3630	2147483647
727	3	1	7	3635	2147483647
728	4	14	5	3640	2147483647
729	3	1	5	3645	2147483647
730	3	1	7	3650	2147483647
731	4	14	10	3655	2147483647
732	3	1	7	3660	2147483647
733	4	14	9	3665	2147483647
734	3	1	10	3670	2147483647
735	4	14	10	3675	2147483647
736	4	14	10	3680	2147483647
737	3	1	7	3685	2147483647
738	3	1	9	3690	2147483647
739	3	1	10	3695	2147483647
740	4	14	7	3700	2147483647
741	4	14	5	3705	2147483647
742	4	14	9	3710	2147483647
743	4	8	10	3715	2147483647
744	4	8	10	3720	2147483647
745	4	14	10	3725	2147483647
746	0	12	5	3730	2147483647
747	0	12	9	3735	2147483647
748	3	1	10	3740	2147483647
749	4	8	9	3745	2147483647
750	3	1	10	3750	2147483647
751	3	1	9	3755	2147483647
752	4	14	7	3760	2147483647
753	4	8	7	3765	2147483647
754	3	1	10	3770	2147483647
755	4	14	7	3775	2147483647
756	4	14	7	3780	2147483647
757	0	12	7	3785	2147483647
758	4	8	9	3790	2147483647
759	4	14	9	3795	2147483647
760	4	8	9	3800	2147483647
761	4	8	5	3805	2147483647
762	4	14	7	3810	2147483647
763	4	14	7	3815	2147483647
764	4	14	7	3820	2147483647
765	4	14	7	3825	2147483647
766	4	14	7	3830	2147483647
767	3	1	7	3835	2147483647
768	4	14	5	3840	2147483647
769	4	14	9	3845	2147483647
770	3	1	7	3850	2147483647
771	4	8	10	3855	2147483647
772	4	14	7	3860	2147483647
773	4	8	10	3865	2147483647
774	3	1	7	3870	2147483647
775	3	1	5	3875	2147483647
776	4	8	10	3880	2147483647
777	4	14	7	3885	2147483647
778	4	14	9	3890	2147483647
779	3	1	7	3895	2147483647
780	3	1	9	3900	2147483647
781	4	14	10	3905	2147483647
782	4	8	7	3910	2147483647
783	3	1	7	3915	2147483647
784	0	12	7	3920	2147483647
785	4	8	10	3925	2147483647
786	4	14	7	3930	2147483647
787	4	8	10	3935	2147483647
788	3	1	9	3940	2147483647
789	4	14	7	3945	2147483647
790	3	1	9	3950	2147483647
791	4	14	9	3955	2147483647
792	3	1	10	3960	2147483647
793	4	14	5	3965	2147483647
794	0	12	7	3970	2147483647
795	4	14	7	3975	2147483647
796	4	8	9	3980	2147483647
797	4	8	7	3985	2147483647
798	4	8	7	3990	2147483647
799	3	1	9	3995	2147483647
800	4	14	9	4000	2147483647
801	3	1	10	4005	2147483647
802	3	1	7	4010	2147483647
803	3	1	7	4015	2147483647
804	4	14	5	4020	2147483647
805	3	1	10	4025	2147483647
806	4	14	5	4030	2147483647
807	4	14	7	4035	2147483647
808	4	14	10	4040	2147483647
809	4	8	10	4045	2147483647
810	3	1	9	4050	2147483647
811	4	14	10	4055	2147483647
812	4	8	9	4060	2147483647
813	4	14	5	4065	2147483647
814	3	1	10	4070	2147483647
815	3	1	10	4075	2147483647
816	4	14	9	4080	2147483647
817	4	8	10	4085	2147483647
818	4	14	5	4090	2147483647
819	4	14	7	4095	2147483647
820	4	14	10	4100	2147483647
821	3	1	7	4105	2147483647
822	4	8	9	4110	2147483647
823	4	14	10	4115	2147483647
824	4	14	5	4120	2147483647
825	3	1	10	4125	2147483647
826	4	14	5	4130	2147483647
827	0	12	5	4135	2147483647
828	0	12	9	4140	2147483647
829	4	14	5	4145	2147483647
830	4	8	7	4150	2147483647
831	0	12	9	4155	2147483647
832	4	14	10	4160	2147483647
833	3	1	5	4165	2147483647
834	3	1	10	4170	2147483647
835	4	14	10	4175	2147483647
836	3	1	7	4180	2147483647
837	4	14	5	4185	2147483647
838	3	1	7	4190	2147483647
839	4	14	9	4195	2147483647
840	3	1	9	4200	2147483647
841	4	8	10	4205	2147483647
842	3	1	10	4210	2147483647
843	4	8	10	4215	2147483647
844	3	1	10	4220	2147483647
845	4	14	9	4225	2147483647
846	3	1	10	4230	2147483647
847	3	1	9	4235	2147483647
848	4	8	5	4240	2147483647
849	3	1	9	4245	2147483647
850	4	14	9	4250	2147483647
851	4	14	9	4255	2147483647
852	3	1	7	4260	2147483647
853	3	1	10	4265	2147483647
854	4	14	10	4270	2147483647
855	4	8	7	4275	2147483647
856	3	1	5	4280	2147483647
857	4	14	9	4285	2147483647
858	4	14	5	4290	2147483647
859	3	1	7	4295	2147483647
860	3	1	9	4300	2147483647
861	3	1	5	4305	2147483647
862	4	14	10	4310	2147483647
863	4	14	10	4315	2147483647
864	4	14	7	4320	2147483647
865	4	8	10	4325	2147483647
866	4	14	10	4330	2147483647
867	4	14	9	4335	2147483647
868	4	8	5	4340	2147483647
869	4	14	5	4345	2147483647
870	4	8	7	4350	2147483647
871	0	12	9	4355	2147483647
872	4	14	9	4360	2147483647
873	0	12	9	4365	2147483647
874	3	1	10	4370	2147483647
875	3	1	10	4375	2147483647
876	0	12	7	4380	2147483647
877	4	14	10	4385	2147483647
878	4	8	10	4390	2147483647
879	4	14	9	4395	2147483647
880	0	12	10	4400	2147483647
881	4	8	9	4405	2147483647
882	4	14	10	4410	2147483647
883	3	1	10	4415	2147483647
884	4	14	9	4420	2147483647
885	3	1	9	4425	2147483647
886	4	14	7	4430	2147483647
887	3	1	10	4435	2147483647
888	4	14	5	4440	2147483647
889	4	8	9	4445	2147483647
890	3	1	9	4450	2147483647
891	4	14	10	4455	2147483647
892	0	12	10	4460	2147483647
893	0	12	10	4465	2147483647
894	4	8	10	4470	2147483647
895	4	14	9	4475	2147483647
896	3	1	5	4480	2147483647
897	4	14	5	4485	2147483647
898	3	1	7	4490	2147483647
899	4	8	10	4495	2147483647
900	4	14	9	4500	2147483647
901	4	14	7	4505	2147483647
902	4	8	7	4510	2147483647
903	3	1	5	4515	2147483647
904	3	1	5	4520	2147483647
905	4	14	10	4525	2147483647
906	4	8	5	4530	2147483647
907	3	1	10	4535	2147483647
908	4	14	5	4540	2147483647
909	4	8	10	4545	2147483647
910	4	8	5	4550	2147483647
911	3	1	7	4555	2147483647
912	3	1	9	4560	2147483647
913	4	14	9	4565	2147483647
914	3	1	7	4570	2147483647
915	3	1	5	4575	2147483647
916	4	14	5	4580	2147483647
917	4	8	10	4585	2147483647
918	4	14	7	4590	2147483647
919	3	1	10	4595	2147483647
920	3	1	9	4600	2147483647
921	3	1	5	4605	2147483647
922	4	8	7	4610	2147483647
923	4	8	9	4615	2147483647
924	4	8	9	4620	2147483647
925	3	1	9	4625	2147483647
926	4	14	10	4630	2147483647
927	4	14	9	4635	2147483647
928	4	14	9	4640	2147483647
929	3	1	5	4645	2147483647
930	4	14	10	4650	2147483647
931	3	1	5	4655	2147483647
932	4	14	7	4660	2147483647
933	4	14	10	4665	2147483647
934	4	8	5	4670	2147483647
935	3	1	9	4675	2147483647
936	4	14	5	4680	2147483647
937	3	1	10	4685	2147483647
938	4	8	10	4690	2147483647
939	4	8	9	4695	2147483647
940	4	8	9	4700	2147483647
941	3	1	9	4705	2147483647
942	3	1	10	4710	2147483647
943	3	1	7	4715	2147483647
944	4	14	7	4720	2147483647
945	4	14	5	4725	2147483647
946	3	1	5	4730	2147483647
947	4	8	7	4735	2147483647
948	4	14	7	4740	2147483647
949	4	14	10	4745	2147483647
950	4	8	7	4750	2147483647
951	3	1	5	4755	2147483647
952	4	14	10	4760	2147483647
953	4	14	9	4765	2147483647
954	4	14	7	4770	2147483647
955	3	1	9	4775	2147483647
956	3	1	10	4780	2147483647
957	4	8	9	4785	2147483647
958	4	8	9	4790	2147483647
959	4	14	7	4795	2147483647
960	4	14	5	4800	2147483647
961	3	1	7	4805	2147483647
962	3	1	5	4810	2147483647
963	3	1	10	4815	2147483647
964	4	8	5	4820	2147483647
965	4	14	10	4825	2147483647
966	4	14	10	4830	2147483647
967	3	1	9	4835	2147483647
968	3	1	9	4840	2147483647
969	4	14	10	4845	2147483647
970	3	1	5	4850	2147483647
971	4	8	5	4855	2147483647
972	0	12	5	4860	2147483647
973	4	14	9	4865	2147483647
974	3	1	5	4870	2147483647
975	4	8	5	4875	2147483647
976	4	14	5	4880	2147483647
977	4	14	5	4885	2147483647
978	4	8	5	4890	2147483647
979	3	1	7	4895	2147483647
980	0	12	9	4900	2147483647
981	4	14	7	4905	2147483647
982	4	14	5	4910	2147483647
983	0	12	10	4915	2147483647
984	4	8	10	4920	2147483647
985	3	1	10	4925	2147483647
986	3	1	5	4930	2147483647
987	4	14	10	4935	2147483647
988	4	8	9	4940	2147483647
989	4	14	7	4945	2147483647
990	4	14	10	4950	2147483647
991	4	14	7	4955	2147483647
992	4	8	7	4960	2147483647
993	4	8	7	4965	2147483647
994	3	1	7	4970	2147483647
995	4	14	5	4975	2147483647
996	4	14	7	4980	2147483647
997	4	14	10	4985	2147483647
998	3	1	7	4990	2147483647
999	0	12	9	4995	2147483647
