0	4	14	30	0	7768
1	4	14	10	14	15532
2	4	8	40	28	9125
3	0	12	30	42	5298
4	4	14	10	56	5401
5	4	14	20	70	15926
6	3	1	40	84	7770
7	0	12	40	98	3882
8	3	1	40	112	751
9	0	12	20	126	3430
10	0	12	10	140	1672
11	4	14	30	154	14115
12	4	8	10	168	3514
13	3	1	30	182	5788
14	4	14	30	196	517
15	4	8	20	210	2110
16	4	8	20	224	2790
17	3	1	20	238	4258
18	3	1	20	252	461
19	4	8	30	266	6420
20	3	1	10	280	167
21	3	1	10	294	1444
22	4	14	20	308	5992
23	4	14	20	322	1312
24	4	14	20	336	4108
25	0	12	30	350	1254
26	0	12	40	364	345
27	4	8	30	400	8222
28	0	12	20	407	4904
29	0	12	30	414	701
30	4	8	40	421	7377
31	4	14	20	428	2854
32	4	14	20	435	2096
33	3	1	40	442	4152
34	3	1	40	449	2494
35	4	8	40	456	10602
36	0	12	30	463	11949
37	0	12	20	470	4725
38	4	8	20	477	4292
39	4	8	20	484	1179
40	4	8	20	491	1859
41	4	14	30	498	8141
42	4	8	10	505	4208
43	3	1	20	512	3625
44	4	8	40	519	2955
45	4	8	30	526	17042
46	4	8	20	533	1532
47	0	12	20	540	2967
48	4	8	20	547	5857
49	4	8	30	554	10655
50	3	1	30	561	858
51	3	1	40	568	5975
52	0	12	30	575	15861
53	3	1	10	582	330
54	4	8	10	589	7193
55	0	12	20	596	3225
56	0	12	40	603	907
57	4	8	30	610	3850
58	0	12	20	617	386
59	3	1	30	624	2552
60	4	14	20	631	9158
61	0	12	10	638	16718
62	4	14	30	645	9841
63	3	1	20	652	42
64	4	14	20	659	5295
65	4	8	40	666	7126
66	4	14	10	673	3308
67	4	14	10	680	11173
68	0	12	30	687	1430
69	3	1	30	694	852
70	0	12	30	701	2467
71	0	12	10	708	6623
72	4	8	40	715	23314
73	4	8	10	722	7687
74	4	14	20	729	2229
75	4	14	20	736	753
76	0	12	10	743	4224
77	0	12	40	750	795
78	4	8	20	757	5665
79	4	8	30	764	4268
80	4	14	10	771	12064
81	4	14	30	800	3273
82	0	12	20	809	435
83	4	14	40	818	5988
84	3	1	40	827	13726
85	3	1	40	836	274
86	3	1	30	845	3012
87	4	8	10	854	1594
88	0	12	40	863	6673
89	4	8	20	872	9651
90	4	8	10	881	5184
91	3	1	10	890	1610
92	4	14	40	899	3675
93	3	1	40	908	825
94	3	1	40	917	1764
95	4	8	10	926	1958
96	4	14	10	935	12382
97	4	14	40	944	4090
98	4	14	10	953	7924
99	0	12	10	962	4693
100	3	1	20	971	2200
101	4	8	10	980	1908
102	0	12	30	989	1009
103	4	14	40	998	3439
104	0	12	40	1007	2538
105	3	1	30	1016	1938
106	0	12	10	1025	6028
107	4	14	20	1034	544
108	3	1	40	1043	4221
109	3	1	30	1052	4348
110	0	12	20	1061	9263
111	4	14	40	1070	91
112	0	12	10	1079	7885
113	4	14	40	1088	2291
114	4	14	30	1097	2941
115	4	14	30	1106	1661
116	0	12	40	1115	8530
117	0	12	30	1124	595
118	0	12	20	1133	175
119	0	12	30	1142	4405
120	3	1	10	1151	1441
121	3	1	10	1160	1066
122	4	14	20	1169	544
123	3	1	10	1200	1979
124	0	12	30	1208	2506
125	3	1	30	1216	552
126	0	12	10	1224	933
127	3	1	10	1232	6656
128	3	1	20	1240	2748
129	3	1	10	1248	163
130	4	14	10	1256	977
131	4	8	10	1264	47
132	0	12	40	1272	1532
133	4	8	20	1280	276
134	4	14	10	1288	1060
135	4	8	40	1296	3390
136	4	14	40	1304	1636
137	4	8	20	1312	2990
138	4	14	10	1320	1463
139	0	12	20	1328	3504
140	3	1	40	1336	1358
141	4	14	10	1344	2054
142	3	1	10	1352	4518
143	4	8	10	1360	643
144	4	8	10	1368	36
145	4	8	10	1376	4867
146	3	1	40	1384	2544
147	0	12	10	1392	720
148	4	14	10	1400	4383
149	4	14	10	1408	67
150	4	8	10	1416	2818
151	4	14	20	1424	6779
152	4	14	30	1432	3640
153	4	14	30	1440	865
154	4	8	40	1448	1964
155	4	14	20	1456	839
156	3	1	40	1464	1161
157	4	8	30	1472	7152
158	3	1	20	1480	471
159	3	1	10	1488	1667
160	4	8	20	1496	774
161	4	8	40	1504	13741
162	0	12	10	1512	3980
163	0	12	30	1520	3785
164	4	14	30	1528	2361
165	4	14	20	1536	8808
166	3	1	10	1544	4872
167	3	1	40	1552	6319
168	4	14	30	1560	908
169	4	8	30	1568	11906
170	4	14	40	1600	16
171	3	1	20	1611	1754
172	4	8	30	1622	7135
173	0	12	40	1633	2459
174	4	8	30	1644	1909
175	4	14	10	1655	9246
176	0	12	40	1666	3258
177	4	8	10	1677	15392
178	0	12	10	1688	1919
179	4	14	20	1699	5738
180	4	14	40	1710	4295
181	4	14	40	1721	176
182	4	14	40	1732	626
183	4	14	10	1743	2616
184	0	12	10	1754	3058
185	4	14	40	1765	2046
186	4	8	30	1776	2140
187	4	8	10	1787	528
188	4	14	20	1798	4541
189	0	12	30	1809	178
190	4	14	40	1820	1539
191	3	1	20	1831	2797
192	4	14	10	1842	2146
193	0	12	40	1853	13459
194	3	1	10	1864	2093
195	0	12	40	1875	1543
196	3	1	40	1886	5902
197	4	8	30	1897	268
198	4	8	30	1908	4852
199	3	1	30	1919	509
200	3	1	40	1930	30988
201	4	14	10	1941	4516
202	4	8	20	1952	13046
203	4	8	30	1963	5045
204	0	12	20	2000	51
205	3	1	40	2009	653
206	3	1	30	2018	16635
207	4	14	30	2027	595
208	4	8	40	2036	6746
209	3	1	40	2045	2671
210	4	14	20	2054	3999
211	0	12	40	2063	1277
212	0	12	20	2072	2402
213	3	1	40	2081	1718
214	3	1	20	2090	4590
215	3	1	20	2099	570
216	3	1	10	2108	6923
217	0	12	10	2117	651
218	4	14	30	2126	322
219	0	12	40	2135	186
220	4	8	30	2144	2577
221	4	8	40	2153	3474
222	4	14	20	2162	490
223	4	14	10	2171	695
224	3	1	30	2180	3971
225	0	12	20	2189	2779
226	4	14	10	2198	11230
227	0	12	40	2207	8056
228	4	8	40	2216	212
229	4	8	30	2225	245
230	0	12	10	2234	554
231	3	1	20	2243	2710
232	4	14	20	2252	1291
233	3	1	20	2261	1212
234	0	12	20	2270	5745
235	4	14	40	2279	15979
236	3	1	30	2288	339
237	4	8	20	2297	2235
238	4	14	30	2306	2519
239	3	1	20	2315	1936
240	4	8	10	2324	2152
241	3	1	10	2333	1292
242	4	14	20	2342	1478
243	0	12	20	2351	850
244	4	8	10	2360	2120
245	3	1	10	2369	188
246	4	8	40	2378	211
247	0	12	20	2400	273
248	3	1	20	2408	1329
249	0	12	30	2416	1284
250	4	8	40	2424	2750
251	4	8	40	2432	3882
252	4	8	40	2440	17574
253	4	8	40	2448	4283
254	4	8	10	2456	4138
255	0	12	40	2464	2172
256	0	12	30	2472	3296
257	4	8	20	2480	6479
258	4	14	40	2488	365
259	4	14	10	2496	2869
260	3	1	30	2504	948
261	4	8	40	2512	501
262	4	8	40	2520	362
263	0	12	20	2528	5631
264	4	8	40	2536	1770
265	0	12	10	2544	603
266	0	12	20	2552	23851
267	3	1	10	2560	843
268	4	8	30	2568	3538
269	3	1	30	2576	4829
270	4	14	40	2584	211
271	4	8	40	2592	2007
272	4	8	20	2600	4594
273	4	8	20	2608	4731
274	3	1	30	2616	3969
275	3	1	30	2624	887
276	3	1	30	2632	1266
277	3	1	10	2640	10298
278	3	1	40	2648	5514
279	4	14	30	2656	3502
280	4	14	20	2664	2386
281	4	14	40	2672	8274
282	3	1	20	2680	3506
283	4	8	20	2688	6005
284	4	14	30	2696	3304
285	3	1	20	2704	2840
286	0	12	20	2712	2808
287	3	1	20	2720	3856
288	4	8	20	2728	3837
289	4	14	20	2736	1680
290	4	14	10	2744	2180
291	0	12	10	2752	1310
292	4	8	20	2760	1667
293	0	12	30	2768	12434
294	0	12	30	2776	758
295	4	14	10	2784	1417
296	0	12	10	2792	840
297	4	14	40	2800	3226
298	4	14	30	2810	7179
299	0	12	10	2820	1267
300	3	1	30	2830	199
301	3	1	40	2840	7905
302	3	1	40	2850	2607
303	4	14	40	2860	3487
304	0	12	30	2870	1009
305	0	12	10	2880	432
306	0	12	20	2890	11136
307	0	12	30	2900	1392
308	4	14	10	2910	113
309	3	1	20	2920	2359
310	3	1	20	2930	639
311	3	1	30	2940	4059
312	4	14	30	2950	222
313	0	12	10	2960	2803
314	4	14	30	2970	258
315	4	14	30	2980	1646
316	4	14	20	2990	3054
317	0	12	20	3000	1480
318	0	12	30	3010	857
319	4	14	20	3020	7568
320	4	14	40	3030	4036
321	3	1	40	3040	1903
322	4	8	30	3050	3406
323	4	8	10	3060	1118
324	4	14	20	3070	1318
325	4	14	30	3080	5915
326	4	14	20	3090	220
327	0	12	40	3100	5201
328	0	12	30	3110	2942
329	4	14	30	3120	1607
330	3	1	20	3130	37
331	3	1	30	3140	5060
332	4	14	20	3150	377
333	4	8	30	3160	2588
334	4	8	10	3170	3059
335	4	8	30	3200	3546
336	0	12	10	3210	2008
337	3	1	30	3220	7
338	4	8	30	3230	3230
339	3	1	30	3240	2462
340	4	8	10	3250	3377
341	0	12	30	3260	945
342	4	14	20	3270	3573
343	4	14	40	3280	751
344	4	8	10	3290	869
345	0	12	30	3300	6105
346	4	8	30	3310	1021
347	4	8	10	3320	7258
348	4	8	10	3330	8931
349	0	12	10	3340	7216
350	4	14	30	3350	5780
351	0	12	30	3360	8486
352	4	14	20	3370	1788
353	4	14	10	3380	16696
354	0	12	20	3390	4043
355	4	14	30	3400	4434
356	4	8	10	3410	1359
357	0	12	30	3420	1071
358	4	14	30	3430	1432
359	4	8	40	3440	2398
360	4	8	40	3450	200
361	0	12	20	3460	946
362	4	14	10	3470	5935
363	4	14	30	3480	4775
364	0	12	10	3490	2292
365	0	12	30	3500	2247
366	4	14	10	3510	3172
367	4	8	40	3520	3446
368	4	14	10	3530	13922
369	3	1	40	3540	2574
370	4	14	30	3550	11436
371	0	12	40	3560	3037
372	4	14	40	3570	5631
373	4	8	10	3580	5287
374	4	8	20	3600	1308
375	4	14	10	3609	2213
376	4	14	30	3618	6203
377	3	1	30	3627	2057
378	0	12	10	3636	199
379	4	14	30	3645	2757
380	4	8	10	3654	3164
381	4	8	10	3663	976
382	4	14	40	3672	7202
383	0	12	30	3681	4626
384	4	14	40	3690	3345
385	4	8	30	3699	553
386	4	14	20	3708	1767
387	4	14	10	3717	445
388	0	12	20	3726	7338
389	4	8	30	3735	7999
390	4	14	20	3744	1425
391	4	14	20	3753	696
392	4	14	10	3762	4829
393	4	14	30	3771	434
394	4	8	30	3780	2116
395	4	8	30	3789	1782
396	0	12	20	3798	2299
397	4	14	30	3807	8971
398	4	14	40	3816	5311
399	0	12	20	3825	5801
400	4	8	30	3834	1071
401	4	14	40	3843	4175
402	3	1	10	3852	8096
403	3	1	10	3861	2166
404	4	8	20	3870	8928
405	3	1	40	3879	1057
406	4	8	40	3888	533
407	4	8	10	3897	3947
408	3	1	40	3906	4890
409	4	8	10	3915	948
410	0	12	40	3924	8549
411	4	14	30	3933	8688
412	4	14	30	3942	824
413	0	12	40	3951	6494
414	4	14	40	3960	9387
415	0	12	30	3969	7142
416	0	12	30	3978	1885
417	4	14	30	4000	367
418	4	14	40	4012	557
419	3	1	20	4024	1466
420	4	8	20	4036	301
421	4	14	10	4048	2335
422	0	12	20	4060	5345
423	4	8	30	4072	441
424	3	1	30	4084	768
425	4	14	10	4096	6109
426	4	8	40	4108	7112
427	4	14	10	4120	4225
428	0	12	20	4132	1557
429	4	14	40	4144	10080
430	4	14	30	4156	17627
431	4	14	40	4168	8982
432	3	1	40	4180	4399
433	0	12	30	4192	1331
434	4	8	10	4204	1221
435	4	8	10	4216	9162
436	4	14	10	4228	1715
437	0	12	30	4240	2155
438	3	1	10	4252	6295
439	0	12	40	4264	1628
440	4	14	40	4276	17
441	4	8	10	4288	5236
442	0	12	20	4300	2042
443	4	14	10	4312	3968
444	4	8	30	4324	16213
445	0	12	40	4336	2135
446	4	14	40	4348	14513
447	3	1	10	4360	9139
448	4	14	40	4372	886
449	0	12	10	4400	3455
450	4	8	40	4410	16464
451	0	12	40	4420	1719
452	4	14	40	4430	5769
453	0	12	30	4440	2234
454	4	14	10	4450	4721
455	4	8	30	4460	6296
456	4	14	20	4470	9663
457	0	12	20	4480	5764
458	0	12	20	4490	1115
459	4	8	20	4500	465
460	4	8	10	4510	2051
461	4	8	30	4520	2558
462	0	12	30	4530	1453
463	4	14	40	4540	6166
464	4	8	20	4550	1010
465	0	12	40	4560	17656
466	0	12	30	4570	988
467	4	14	40	4580	9343
468	3	1	40	4590	3103
469	3	1	30	4600	22
470	4	8	30	4610	2643
471	4	14	10	4620	12797
472	0	12	30	4630	1398
473	3	1	40	4640	6352
474	3	1	30	4650	1441
475	4	14	10	4660	1678
476	3	1	30	4670	173
477	0	12	20	4680	457
478	0	12	10	4690	520
479	3	1	40	4700	5726
480	0	12	10	4710	6631
481	3	1	30	4720	10800
482	4	14	20	4730	2417
483	4	14	20	4740	5450
484	3	1	10	4750	10986
485	3	1	40	4760	4068
486	4	14	10	4770	559
487	3	1	20	4780	1093
488	4	8	30	4790	3568
489	4	14	30	4800	2541
490	3	1	40	4810	17718
491	3	1	30	4820	3521
492	0	12	10	4830	760
493	4	8	40	4840	4595
494	4	14	40	4850	10829
495	3	1	10	4860	3036
496	0	12	30	4870	2215
497	4	8	30	4880	3805
498	4	8	30	4890	2082
499	0	12	30	4900	20991
500	0	12	10	4910	866
501	0	12	10	4920	290
502	0	12	20	4930	1776
503	4	8	10	4940	858
504	4	14	30	4950	398
505	4	8	40	4960	99
506	4	14	10	4970	223
507	4	8	10	4980	13760
508	4	8	40	4990	536
509	4	14	10	5000	1723
510	3	1	40	5010	5551
511	3	1	10	5020	6493
512	0	12	20	5030	4102
513	3	1	30	5040	2633
514	4	8	10	5050	1428
515	3	1	30	5060	2527
516	3	1	20	5070	76
517	4	8	20	5080	3290
518	4	8	40	5090	7592
519	4	14	30	5100	3517
520	0	12	40	5110	7791
521	4	8	20	5120	15620
522	3	1	20	5130	1502
523	3	1	10	5140	287
524	4	14	40	5150	70
525	3	1	10	5160	9142
526	3	1	40	5170	6166
527	4	14	40	5200	3787
528	4	14	40	5210	7933
529	0	12	30	5220	5889
530	3	1	30	5230	9980
531	4	8	10	5240	2238
532	4	14	30	5250	4843
533	4	14	20	5260	544
534	4	8	40	5270	3341
535	4	14	10	5280	5377
536	3	1	10	5290	3415
537	3	1	20	5300	1206
538	4	14	40	5310	4189
539	0	12	20	5320	9692
540	4	14	40	5330	3507
541	3	1	40	5340	709
542	0	12	20	5350	482
543	4	8	20	5360	1098
544	4	8	30	5370	5090
545	4	14	30	5380	819
546	4	8	10	5390	11522
547	3	1	20	5400	4696
548	4	14	30	5410	1929
549	0	12	20	5420	2501
550	0	12	30	5430	2877
551	4	14	10	5440	7995
552	0	12	30	5450	5770
553	3	1	10	5460	6879
554	4	14	40	5470	590
555	3	1	30	5480	967
556	4	8	40	5490	5660
557	4	8	10	5500	1365
558	3	1	10	5510	772
559	4	8	20	5520	875
560	3	1	40	5530	1089
561	4	14	20	5540	2336
562	4	8	20	5550	446
563	4	8	20	5560	1753
564	0	12	30	5600	2266
565	4	8	40	5611	1553
566	4	14	30	5622	424
567	4	8	10	5633	2888
568	0	12	40	5644	9909
569	4	8	10	5655	3293
570	0	12	20	5666	8981
571	4	14	40	5677	5683
572	4	8	30	5688	9702
573	0	12	30	5699	11172
574	4	14	40	5710	4
575	4	8	10	5721	4747
576	0	12	10	5732	8046
577	4	8	40	5743	303
578	4	8	20	5754	1719
579	4	14	10	5765	7137
580	4	8	40	5776	12349
581	0	12	20	5787	399
582	0	12	10	5798	1042
583	3	1	30	5809	2026
584	0	12	40	5820	1192
585	4	14	20	5831	217
586	0	12	20	5842	4373
587	0	12	20	5853	8520
588	4	14	30	5864	18358
589	4	14	10	5875	1731
590	3	1	20	5886	16115
591	0	12	40	5897	1342
592	0	12	20	5908	354
593	3	1	20	5919	2409
594	4	8	20	5930	4469
595	4	14	20	5941	610
596	4	8	30	5952	234
597	4	14	40	5963	5688
598	0	12	30	5974	6590
599	4	14	40	6000	2031
600	0	12	10	6009	353
601	0	12	40	6018	2246
602	3	1	30	6027	5964
603	4	8	30	6036	6894
604	0	12	10	6045	3383
605	0	12	40	6054	5616
606	3	1	20	6063	12225
607	4	14	10	6072	6969
608	4	14	20	6081	6856
609	4	8	30	6090	2336
610	4	8	20	6099	1714
611	0	12	40	6108	4609
612	4	14	30	6117	11233
613	3	1	40	6126	1683
614	4	14	30	6135	1109
615	3	1	20	6144	619
616	4	14	10	6153	958
617	4	14	30	6162	4924
618	0	12	20	6171	408
619	4	8	10	6180	1909
620	0	12	20	6189	4278
621	3	1	10	6198	991
622	4	8	30	6207	2972
623	0	12	30	6216	3326
624	4	14	40	6225	3459
625	4	14	20	6234	3756
626	4	14	30	6243	4481
627	3	1	20	6252	2457
628	4	14	10	6261	1236
629	0	12	20	6270	7850
630	0	12	30	6279	4062
631	4	8	10	6288	454
632	0	12	10	6297	1234
633	3	1	30	6306	12087
634	4	14	10	6315	5504
635	0	12	40	6324	2975
636	4	8	40	6333	1543
637	3	1	20	6342	2095
638	3	1	30	6351	7011
639	0	12	10	6360	2798
640	4	8	10	6400	421
641	4	8	20	6409	7330
642	4	8	40	6418	252
643	4	8	40	6427	3170
644	3	1	30	6436	10
645	4	8	20	6445	1415
646	4	8	10	6454	1695
647	4	8	20	6463	5405
648	3	1	30	6472	944
649	3	1	40	6481	3014
650	0	12	10	6490	10551
651	4	8	40	6499	1716
652	4	14	30	6508	4334
653	4	14	30	6517	2233
654	3	1	30	6526	5408
655	4	8	40	6535	8015
656	4	14	20	6544	9425
657	4	8	40	6553	944
658	3	1	40	6562	1112
659	0	12	30	6571	13058
660	0	12	10	6580	336
661	4	14	40	6589	2723
662	4	14	40	6598	3274
663	3	1	10	6607	12911
664	4	8	10	6616	6531
665	0	12	20	6625	1104
666	4	14	40	6634	2169
667	4	8	10	6643	17827
668	4	14	30	6652	3627
669	3	1	30	6661	5056
670	4	8	30	6670	6932
671	0	12	30	6679	6543
672	4	8	10	6688	8525
673	0	12	20	6697	3604
674	0	12	10	6706	1311
675	4	14	10	6715	6788
676	4	8	20	6724	688
677	4	14	30	6733	15096
678	3	1	10	6742	3301
679	4	8	20	6751	1318
680	3	1	10	6760	1223
681	3	1	10	6769	10795
682	4	14	30	6800	1144
683	4	8	10	6810	5335
684	4	14	10	6820	10696
685	4	14	30	6830	1363
686	4	8	30	6840	2361
687	4	8	30	6850	7269
688	4	14	40	6860	942
689	4	8	10	6870	8556
690	4	8	30	6880	3864
691	4	14	40	6890	465
692	0	12	30	6900	721
693	4	8	40	6910	8007
694	4	14	40	6920	2197
695	3	1	10	6930	3727
696	4	8	20	6940	1319
697	3	1	40	6950	425
698	0	12	40	6960	5430
699	4	8	20	6970	5734
700	4	8	30	6980	8463
701	0	12	10	6990	1766
702	3	1	40	7000	626
703	4	14	10	7010	2714
704	4	8	20	7020	4898
705	4	14	20	7030	526
706	0	12	30	7040	2522
707	3	1	10	7050	280
708	4	14	20	7060	642
709	4	14	20	7070	10335
710	4	14	30	7080	4910
711	4	14	40	7090	10535
712	4	14	40	7100	4179
713	0	12	20	7110	13079
714	3	1	30	7120	4792
715	3	1	10	7130	640
716	4	14	20	7140	1124
717	3	1	30	7150	6914
718	4	14	40	7160	119
719	4	8	30	7170	2900
720	3	1	40	7180	6346
721	3	1	10	7190	3480
722	4	8	10	7200	6028
723	4	8	20	7210	5006
724	4	8	40	7220	412
725	4	8	30	7230	4997
726	0	12	10	7240	4087
727	4	14	20	7250	66
728	0	12	20	7260	750
729	4	8	40	7270	4475
730	4	8	30	7280	3069
731	4	14	20	7290	235
732	3	1	40	7300	1067
733	0	12	40	7310	6445
734	4	14	40	7320	2051
735	4	8	10	7330	9481
736	4	14	20	7340	6200
737	4	14	30	7350	5643
738	4	14	40	7360	123
739	0	12	30	7370	6595
740	3	1	40	7380	6885
741	4	14	20	7390	1899
742	3	1	10	7400	4674
743	0	12	30	7410	1344
744	4	8	30	7420	770
745	4	8	40	7430	4701
746	0	12	10	7440	2477
747	4	14	10	7450	908
748	4	14	20	7460	729
749	4	8	40	7470	1285
750	3	1	40	7480	1792
751	4	14	30	7490	2454
752	4	14	40	7500	297
753	4	14	10	7510	1029
754	4	14	30	7520	13543
755	4	14	20	7530	1417
756	3	1	40	7540	3456
757	0	12	20	7550	2255
758	3	1	10	7560	2008
759	0	12	30	7570	19752
760	3	1	20	7580	2640
761	4	8	20	7600	2400
762	4	8	40	7613	9076
763	4	8	30	7626	2577
764	3	1	30	7639	1968
765	0	12	10	7652	4196
766	4	8	40	7665	4735
767	3	1	10	7678	7533
768	4	8	30	7691	3290
769	0	12	20	7704	6274
770	3	1	30	7717	1785
771	4	14	30	7730	2685
772	3	1	40	7743	6282
773	3	1	10	7756	1001
774	4	14	30	7769	4744
775	4	14	20	7782	2160
776	0	12	10	7795	8898
777	4	8	30	7808	2717
778	0	12	40	7821	3094
779	4	14	10	7834	2088
780	0	12	30	7847	1159
781	4	8	40	7860	2298
782	4	14	40	7873	7580
783	4	14	30	7886	9067
784	4	14	10	7899	1496
785	3	1	10	7912	321
786	0	12	30	7925	16982
787	4	14	30	7938	29
788	4	8	20	7951	7188
789	0	12	30	7964	434
790	4	14	20	8000	1589
791	3	1	10	8013	1765
792	4	8	20	8026	1793
793	4	14	10	8039	153
794	4	8	20	8052	1569
795	4	8	20	8065	1847
796	4	8	30	8078	2626
797	4	8	30	8091	963
798	3	1	40	8104	9079
799	0	12	30	8117	2981
800	0	12	40	8130	23818
801	4	8	10	8143	3805
802	4	8	30	8156	4112
803	4	14	40	8169	1880
804	3	1	10	8182	9846
805	4	14	10	8195	8229
806	0	12	30	8208	4392
807	0	12	30	8221	7589
808	4	14	30	8234	3039
809	0	12	10	8247	3183
810	4	14	20	8260	2087
811	4	8	10	8273	357
812	0	12	30	8286	8912
813	4	14	10	8299	17688
814	4	14	10	8312	5406
815	4	8	20	8325	188
816	4	8	30	8338	3680
817	3	1	20	8351	0
818	3	1	30	8364	711
819	4	14	30	8377	1493
820	0	12	30	8400	4363
821	4	8	20	8410	4640
822	4	8	40	8420	55
823	4	8	40	8430	2449
824	4	8	10	8440	2492
825	4	14	30	8450	13
826	3	1	20	8460	546
827	4	14	40	8470	5617
828	0	12	40	8480	9091
829	3	1	10	8490	1570
830	4	8	40	8500	10989
831	4	14	20	8510	4530
832	4	14	40	8520	3628
833	4	14	20	8530	53
834	3	1	10	8540	2105
835	4	14	20	8550	4063
836	4	14	20	8560	6332
837	0	12	40	8570	2574
838	0	12	20	8580	15995
839	4	14	40	8590	2318
840	4	8	20	8600	2115
841	4	14	40	8610	583
842	4	14	10	8620	2577
843	0	12	10	8630	1344
844	4	8	20	8640	4766
845	4	8	20	8650	1110
846	3	1	30	8660	2498
847	4	8	10	8670	1869
848	4	14	40	8680	1405
849	0	12	10	8690	1305
850	4	14	40	8700	5849
851	3	1	20	8710	2624
852	4	14	10	8720	210
853	3	1	10	8730	3519
854	0	12	40	8740	7905
855	3	1	30	8750	1489
856	4	14	20	8760	3666
857	0	12	30	8800	815
858	3	1	40	8815	9692
859	3	1	20	8830	9695
860	4	8	30	8845	5459
861	0	12	40	8860	9720
862	4	14	40	8875	12235
863	4	8	20	8890	930
864	3	1	20	8905	3796
865	4	14	40	8920	5218
866	3	1	10	8935	2687
867	4	8	10	8950	8449
868	0	12	40	8965	3457
869	0	12	30	8980	436
870	4	8	40	8995	1158
871	4	8	30	9010	542
872	4	8	40	9025	74
873	3	1	30	9040	5135
874	4	8	10	9055	9241
875	4	8	30	9070	3006
876	3	1	20	9085	950
877	4	8	30	9100	5211
878	4	14	30	9115	5734
879	4	14	40	9130	1000
880	4	8	10	9145	3095
881	0	12	20	9160	5613
882	0	12	40	9175	2451
883	0	12	30	9200	3854
884	4	14	20	9209	3251
885	3	1	20	9218	2425
886	0	12	20	9227	3940
887	0	12	30	9236	44
888	4	14	20	9245	658
889	0	12	30	9254	414
890	4	14	10	9263	154
891	3	1	30	9272	3768
892	4	8	10	9281	3314
893	4	8	40	9290	291
894	3	1	10	9299	4753
895	4	8	30	9308	2762
896	4	14	40	9317	806
897	3	1	30	9326	1245
898	4	8	40	9335	4465
899	4	8	30	9344	13713
900	4	14	10	9353	5596
901	0	12	20	9362	3522
902	4	8	20	9371	6333
903	3	1	20	9380	857
904	3	1	10	9389	109
905	4	8	20	9398	4102
906	0	12	20	9407	2484
907	0	12	20	9416	1590
908	0	12	10	9425	4612
909	3	1	10	9434	1619
910	0	12	20	9443	418
911	3	1	30	9452	8217
912	0	12	10	9461	2198
913	3	1	10	9470	4685
914	0	12	10	9479	1865
915	4	8	20	9488	18574
916	0	12	40	9497	2419
917	4	14	10	9506	1629
918	3	1	10	9515	4212
919	0	12	40	9524	688
920	4	14	20	9533	430
921	4	8	30	9542	2600
922	3	1	40	9551	5197
923	0	12	20	9560	2617
924	4	8	20	9569	271
925	4	14	20	9578	4101
926	4	14	30	9587	3316
927	4	14	10	9600	11852
928	0	12	30	9610	112
929	0	12	30	9620	2056
930	4	8	40	9630	1697
931	0	12	30	9640	11528
932	4	14	30	9650	229
933	3	1	10	9660	6319
934	4	14	30	9670	2525
935	4	8	40	9680	12251
936	3	1	10	9690	12830
937	4	8	30	9700	1232
938	4	8	30	9710	3581
939	4	8	40	9720	9861
940	4	8	10	9730	19357
941	4	14	40	9740	1417
942	0	12	30	9750	1582
943	0	12	10	9760	6831
944	4	14	10	9770	27638
945	4	8	30	9780	725
946	4	8	30	9790	829
947	4	14	40	9800	8262
948	4	8	30	9810	4783
949	4	8	40	9820	4882
950	0	12	30	9830	183
951	4	14	40	9840	7536
952	4	14	20	9850	3831
953	4	8	10	9860	2888
954	4	8	10	9870	8023
955	3	1	30	9880	1286
956	3	1	20	9890	7814
957	4	8	40	9900	1510
958	4	8	40	9910	545
959	4	14	40	9920	1948
960	4	8	40	9930	323
961	4	8	20	9940	2888
962	0	12	40	9950	1429
963	4	14	20	9960	1327
964	4	8	20	9970	17422
965	0	12	30	10000	675
966	3	1	40	10009	6773
967	3	1	10	10018	3964
968	4	14	20	10027	1003
969	4	14	20	10036	2175
970	3	1	20	10045	125
971	4	14	20	10054	836
972	3	1	30	10063	5434
973	0	12	10	10072	5329
974	3	1	40	10081	726
975	0	12	20	10090	6511
976	0	12	40	10099	656
977	4	8	40	10108	9565
978	0	12	10	10117	2625
979	4	14	40	10126	9193
980	4	8	40	10135	2420
981	0	12	30	10144	4689
982	3	1	20	10153	1154
983	4	14	30	10162	1558
984	0	12	10	10171	1767
985	3	1	10	10180	2755
986	0	12	10	10189	1588
987	3	1	30	10198	3118
988	0	12	40	10207	10556
989	4	8	10	10216	857
990	3	1	30	10225	399
991	4	8	10	10234	4143
992	4	14	40	10243	592
993	4	8	30	10252	922
994	4	14	10	10261	7261
995	0	12	30	10270	2598
996	4	14	10	10279	24870
997	0	12	10	10288	181
998	4	14	30	10297	7125
999	4	14	20	10306	7420
1000	3	1	30	10315	1722
1001	4	14	30	10324	3269
1002	0	12	20	10333	4213
1003	4	8	20	10342	1303
1004	3	1	20	10351	4484
1005	0	12	20	10360	7756
1006	0	12	10	10369	443
1007	4	14	20	10400	8486
1008	4	14	20	10410	1711
1009	4	8	30	10420	255
1010	4	8	30	10430	528
1011	0	12	30	10440	11961
1012	4	8	40	10450	7164
1013	4	8	40	10460	1034
1014	3	1	10	10470	10733
1015	4	8	10	10480	1960
1016	3	1	10	10490	1223
1017	4	8	10	10500	15210
1018	4	14	20	10510	10372
1019	3	1	20	10520	2688
1020	0	12	20	10530	7035
1021	4	14	20	10540	1284
1022	4	8	10	10550	4819
1023	4	8	20	10560	117
1024	4	8	40	10570	1568
1025	4	8	10	10580	1949
1026	0	12	20	10590	209
1027	4	8	40	10600	3081
1028	0	12	40	10610	9167
1029	4	8	10	10620	4662
1030	0	12	20	10630	6552
1031	0	12	30	10640	452
1032	3	1	10	10650	320
1033	0	12	30	10660	4060
1034	4	8	20	10670	3191
1035	3	1	10	10680	9038
1036	0	12	10	10690	159
1037	4	8	40	10700	14403
1038	0	12	20	10710	4184
1039	4	14	40	10720	2780
1040	4	8	40	10730	1995
1041	0	12	40	10740	2373
1042	4	14	20	10750	858
1043	4	14	10	10760	8063
1044	4	14	20	10770	286
1045	4	8	40	10780	628
1046	4	14	20	10790	6682
1047	4	8	10	10800	9617
1048	3	1	30	10811	1281
1049	3	1	10	10822	2389
1050	3	1	30	10833	964
1051	3	1	40	10844	82
1052	0	12	40	10855	507
1053	0	12	20	10866	1675
1054	4	14	10	10877	63
1055	3	1	20	10888	312
1056	4	8	20	10899	7810
1057	3	1	10	10910	3894
1058	4	14	30	10921	12289
1059	4	8	10	10932	1360
1060	0	12	40	10943	6539
1061	4	14	10	10954	3356
1062	3	1	20	10965	15907
1063	4	8	10	10976	4313
1064	0	12	20	10987	1183
1065	4	8	10	10998	68
1066	4	8	20	11009	8249
1067	0	12	10	11020	870
1068	0	12	20	11031	4535
1069	0	12	40	11042	146
1070	0	12	40	11053	1712
1071	0	12	10	11064	1374
1072	0	12	40	11075	1596
1073	0	12	20	11086	2208
1074	4	8	20	11097	406
1075	4	14	30	11108	1913
1076	0	12	40	11119	339
1077	3	1	40	11130	7171
1078	4	8	10	11141	12860
1079	4	14	40	11152	789
1080	4	8	40	11163	3412
1081	4	14	20	11200	610
1082	3	1	20	11207	1220
1083	3	1	40	11214	2384
1084	4	14	30	11221	2569
1085	3	1	20	11228	6154
1086	4	14	30	11235	17577
1087	3	1	40	11242	5306
1088	4	8	30	11249	3890
1089	3	1	10	11256	2574
1090	0	12	40	11263	152
1091	3	1	10	11270	2156
1092	4	8	20	11277	76
1093	4	14	10	11284	1787
1094	4	14	10	11291	4761
1095	4	8	30	11298	6968
1096	3	1	20	11305	2511
1097	3	1	10	11312	3048
1098	3	1	40	11319	3773
1099	3	1	10	11326	214
1100	4	14	20	11333	1272
1101	3	1	10	11340	3831
1102	0	12	30	11347	1053
1103	3	1	30	11354	1087
1104	4	8	10	11361	427
1105	4	8	20	11368	10284
1106	4	8	10	11375	4701
1107	0	12	20	11382	4749
1108	3	1	40	11389	1127
1109	4	14	20	11396	4036
1110	3	1	20	11403	20319
1111	3	1	30	11410	99
1112	0	12	40	11417	4343
1113	0	12	30	11424	5959
1114	4	14	20	11431	5013
1115	0	12	20	11438	4357
1116	0	12	40	11445	1455
1117	0	12	30	11452	3038
1118	3	1	30	11459	822
1119	3	1	40	11466	2545
1120	3	1	20	11473	118
1121	4	14	30	11480	594
1122	4	14	30	11487	3409
1123	3	1	20	11494	910
1124	4	14	10	11501	26212
1125	3	1	40	11508	10726
1126	3	1	30	11515	1268
1127	0	12	30	11522	13856
1128	0	12	20	11529	5212
1129	0	12	40	11536	1268
1130	4	8	10	11543	9815
1131	3	1	30	11550	3176
1132	0	12	40	11600	1008
1133	4	14	40	11610	9529
1134	4	14	20	11620	9485
1135	3	1	30	11630	12638
1136	3	1	40	11640	9631
1137	0	12	30	11650	100
1138	0	12	30	11660	1708
1139	4	8	10	11670	3197
1140	0	12	20	11680	395
1141	4	14	10	11690	1385
1142	4	14	10	11700	2685
1143	4	8	10	11710	17194
1144	4	14	30	11720	2621
1145	3	1	10	11730	51
1146	4	8	10	11740	5615
1147	4	8	30	11750	1121
1148	0	12	40	11760	4152
1149	3	1	30	11770	131
1150	0	12	40	11780	2934
1151	3	1	40	11790	10879
1152	4	14	30	11800	1707
1153	4	14	40	11810	602
1154	0	12	30	11820	92
1155	0	12	40	11830	576
1156	4	14	30	11840	174
1157	4	8	20	11850	112
1158	4	14	30	11860	1095
1159	4	14	20	11870	744
1160	3	1	40	11880	4219
1161	4	8	20	11890	5129
1162	4	14	40	11900	13598
1163	3	1	10	11910	14598
1164	3	1	20	11920	5112
1165	0	12	40	11930	2360
1166	4	8	30	11940	6472
1167	0	12	40	11950	5622
1168	0	12	20	11960	8097
1169	0	12	30	11970	5657
1170	4	8	30	11980	5602
1171	0	12	20	11990	1315
1172	4	14	40	12000	815
1173	0	12	30	12010	4036
1174	4	8	20	12020	1891
1175	4	14	10	12030	5336
1176	4	14	30	12040	4190
1177	3	1	20	12050	3539
1178	4	14	30	12060	5133
1179	4	8	40	12070	16982
1180	4	8	30	12080	779
1181	4	8	40	12090	110
1182	0	12	30	12100	1559
1183	3	1	40	12110	4762
1184	4	14	40	12120	5574
1185	3	1	10	12130	15631
1186	3	1	10	12140	895
1187	4	8	40	12150	346
1188	4	14	10	12160	8643
1189	4	14	20	12170	5920
1190	4	14	40	12180	9853
1191	4	8	30	12190	8553
1192	4	8	40	12200	6152
1193	4	8	20	12210	782
1194	3	1	10	12220	9156
1195	4	14	10	12230	1857
1196	4	14	20	12240	1578
1197	4	8	10	12250	2893
1198	3	1	30	12260	1231
1199	4	14	40	12270	142
1200	0	12	30	12280	948
1201	0	12	20	12290	31485
1202	4	8	20	12300	1889
1203	4	14	20	12310	8790
1204	0	12	10	12320	1307
1205	4	14	30	12330	1095
1206	3	1	40	12340	5539
1207	3	1	40	12350	4979
1208	4	8	30	12360	5760
1209	4	8	30	12400	1349
1210	0	12	20	12409	2654
1211	0	12	20	12418	2431
1212	3	1	30	12427	1455
1213	4	8	40	12436	1171
1214	3	1	30	12445	19705
1215	4	8	40	12454	3917
1216	4	8	30	12463	2041
1217	4	8	10	12472	1262
1218	4	14	10	12481	1004
1219	0	12	20	12490	5412
1220	4	8	40	12499	1125
1221	0	12	30	12508	5074
1222	4	8	40	12517	8160
1223	0	12	40	12526	401
1224	4	8	30	12535	7382
1225	0	12	10	12544	8204
1226	4	14	20	12553	2733
1227	3	1	30	12562	26
1228	3	1	20	12571	5339
1229	3	1	20	12580	21
1230	4	14	40	12589	2113
1231	3	1	30	12598	576
1232	0	12	30	12607	1556
1233	4	14	40	12616	4656
1234	4	8	10	12625	5957
1235	0	12	20	12634	781
1236	4	14	30	12643	4208
1237	0	12	20	12652	2276
1238	4	8	40	12661	2159
1239	4	14	20	12670	2871
1240	0	12	10	12679	1046
1241	4	14	10	12688	2682
1242	4	14	20	12697	1541
1243	3	1	30	12706	3650
1244	4	14	10	12715	1355
1245	3	1	30	12724	2460
1246	3	1	40	12733	3443
1247	4	14	10	12742	3031
1248	4	14	30	12751	818
1249	0	12	20	12760	1281
1250	3	1	20	12769	14260
1251	3	1	10	12778	228
1252	3	1	40	12800	1385
1253	3	1	20	12808	2964
1254	4	8	10	12816	6239
1255	4	14	10	12824	2712
1256	4	14	20	12832	555
1257	4	8	20	12840	1319
1258	3	1	40	12848	192
1259	0	12	10	12856	2092
1260	4	14	10	12864	5459
1261	0	12	20	12872	5434
1262	0	12	30	12880	14783
1263	4	14	10	12888	5672
1264	4	8	30	12896	8342
1265	4	8	40	12904	1727
1266	0	12	30	12912	571
1267	3	1	30	12920	3840
1268	0	12	30	12928	2610
1269	4	8	20	12936	6754
1270	3	1	20	12944	14540
1271	0	12	20	12952	13504
1272	4	14	20	12960	7683
1273	4	14	30	12968	4951
1274	4	14	10	12976	2863
1275	3	1	30	12984	5652
1276	4	8	10	12992	2035
1277	3	1	10	13000	1266
1278	0	12	30	13008	6604
1279	3	1	40	13016	1929
1280	3	1	10	13024	1393
1281	0	12	10	13032	13267
1282	4	14	40	13040	6895
1283	3	1	10	13048	2484
1284	0	12	40	13056	136
1285	0	12	30	13064	1754
1286	0	12	30	13072	7368
1287	3	1	20	13080	6414
1288	3	1	40	13088	9131
1289	4	8	10	13096	1325
1290	4	8	40	13104	196
1291	3	1	10	13112	1847
1292	3	1	30	13120	1957
1293	4	8	40	13128	39
1294	4	14	20	13136	5837
1295	0	12	40	13144	2671
1296	4	14	30	13152	2881
1297	0	12	10	13160	3302
1298	0	12	40	13168	5131
1299	4	8	20	13176	11036
1300	3	1	40	13184	1579
1301	4	14	20	13192	12878
1302	3	1	30	13200	213
1303	4	8	10	13212	1847
1304	3	1	10	13224	1430
1305	4	8	10	13236	23
1306	4	14	40	13248	902
1307	4	14	20	13260	3496
1308	3	1	20	13272	48
1309	3	1	20	13284	135
1310	3	1	40	13296	392
1311	0	12	20	13308	7811
1312	0	12	40	13320	2560
1313	4	14	40	13332	4365
1314	3	1	40	13344	480
1315	4	14	40	13356	6072
1316	0	12	20	13368	10170
1317	3	1	20	13380	2874
1318	3	1	20	13392	5152
1319	0	12	40	13404	2941
1320	4	8	10	13416	2846
1321	3	1	20	13428	1627
1322	0	12	40	13440	5079
1323	3	1	20	13452	878
1324	0	12	30	13464	5832
1325	4	14	10	13476	3703
1326	4	8	30	13488	3458
1327	4	8	30	13500	7425
1328	4	14	20	13512	11413
1329	4	14	10	13524	97
1330	4	14	10	13536	1114
1331	0	12	40	13548	7251
1332	4	8	10	13560	3182
1333	4	14	20	13572	8208
1334	0	12	40	13584	232
1335	3	1	30	13600	1627
1336	4	8	30	13612	9712
1337	3	1	30	13624	2404
1338	4	14	10	13636	707
1339	3	1	40	13648	112
1340	4	8	40	13660	664
1341	4	8	20	13672	1197
1342	4	14	40	13684	6180
1343	4	14	30	13696	8004
1344	4	14	20	13708	835
1345	0	12	30	13720	841
1346	3	1	20	13732	9093
1347	4	14	40	13744	5132
1348	4	14	40	13756	9076
1349	0	12	20	13768	17296
1350	4	14	20	13780	3338
1351	0	12	10	13792	3
1352	4	8	40	13804	7276
1353	0	12	10	13816	902
1354	4	14	10	13828	2230
1355	4	14	30	13840	19227
1356	4	14	30	13852	1102
1357	4	14	10	13864	7714
1358	0	12	30	13876	3690
1359	3	1	40	13888	4773
1360	0	12	30	13900	2228
1361	4	8	20	13912	1773
1362	4	14	40	13924	4091
1363	3	1	10	13936	17724
1364	4	14	10	13948	6241
1365	4	8	40	13960	1186
1366	4	14	10	13972	1480
1367	0	12	20	14000	3677
1368	4	14	40	14013	3743
1369	4	14	10	14026	6037
1370	4	8	20	14039	8131
1371	3	1	40	14052	2535
1372	3	1	20	14065	1726
1373	0	12	20	14078	4769
1374	4	14	10	14091	1832
1375	0	12	40	14104	1153
1376	3	1	20	14117	3172
1377	4	8	10	14130	7705
1378	4	14	10	14143	34
1379	0	12	40	14156	3446
1380	4	8	30	14169	4906
1381	3	1	40	14182	7749
1382	3	1	30	14195	11762
1383	3	1	10	14208	12458
1384	0	12	40	14221	2450
1385	3	1	10	14234	1110
1386	4	14	40	14247	27569
1387	4	8	10	14260	1702
1388	4	14	10	14273	2348
1389	0	12	20	14286	267
1390	4	14	10	14299	391
1391	3	1	20	14312	235
1392	4	8	10	14325	7569
1393	4	8	10	14338	2503
1394	3	1	20	14351	3671
1395	0	12	30	14364	6338
1396	4	8	20	14377	3852
1397	4	8	40	14400	6410
1398	0	12	20	14408	311
1399	3	1	20	14416	10748
1400	4	8	30	14424	8493
1401	4	8	40	14432	1402
1402	0	12	10	14440	489
1403	4	14	30	14448	500
1404	4	14	10	14456	500
1405	4	8	30	14464	405
1406	3	1	40	14472	4202
1407	4	8	20	14480	609
1408	0	12	40	14488	7194
1409	4	14	10	14496	779
1410	4	8	10	14504	2349
1411	3	1	20	14512	1954
1412	0	12	10	14520	7482
1413	0	12	30	14528	101
1414	4	8	10	14536	18440
1415	4	8	30	14544	3387
1416	3	1	30	14552	2117
1417	0	12	40	14560	4618
1418	3	1	10	14568	3020
1419	0	12	10	14576	3172
1420	3	1	40	14584	1191
1421	4	8	40	14592	13153
1422	0	12	20	14600	684
1423	3	1	20	14608	3132
1424	0	12	10	14616	4628
1425	4	14	40	14624	6682
1426	4	8	30	14632	3872
1427	4	8	10	14640	8662
1428	4	8	10	14648	403
1429	3	1	30	14656	3400
1430	4	14	30	14664	4000
1431	4	8	30	14672	5528
1432	0	12	40	14680	6046
1433	0	12	30	14688	319
1434	4	14	20	14696	4778
1435	4	14	40	14704	2117
1436	3	1	40	14712	5400
1437	4	14	10	14720	7076
1438	4	14	40	14728	7278
1439	4	14	20	14736	1795
1440	0	12	20	14744	3587
1441	4	8	30	14752	7797
1442	0	12	10	14760	2871
1443	0	12	40	14768	1242
1444	4	14	10	14776	3875
1445	4	8	40	14784	4906
1446	4	8	20	14792	948
1447	0	12	20	14800	6956
1448	4	14	40	14811	2578
1449	0	12	30	14822	119
1450	4	8	40	14833	1937
1451	0	12	20	14844	10837
1452	4	14	30	14855	1251
1453	4	14	20	14866	2997
1454	0	12	20	14877	4486
1455	4	14	30	14888	9988
1456	0	12	20	14899	596
1457	4	8	30	14910	3395
1458	4	14	30	14921	2262
1459	4	14	10	14932	1460
1460	4	14	40	14943	2586
1461	4	8	30	14954	5791
1462	4	14	10	14965	186
1463	3	1	20	14976	1214
1464	4	14	30	14987	3148
1465	0	12	30	14998	4752
1466	4	8	30	15009	3737
1467	4	14	20	15020	5864
1468	4	8	10	15031	1588
1469	3	1	20	15042	3460
1470	4	14	40	15053	7097
1471	4	14	30	15064	3484
1472	4	8	40	15075	7507
1473	4	14	40	15086	736
1474	0	12	40	15097	12435
1475	0	12	20	15108	2043
1476	4	8	30	15119	2394
1477	0	12	30	15130	8834
1478	4	14	10	15141	10234
1479	4	14	10	15152	15434
1480	4	8	30	15163	3672
1481	0	12	10	15174	6356
1482	4	8	10	15200	2111
1483	4	8	30	15211	275
1484	0	12	30	15222	836
1485	3	1	20	15233	4799
1486	4	8	40	15244	2618
1487	4	8	20	15255	1162
1488	0	12	20	15266	2060
1489	4	14	40	15277	6047
1490	3	1	20	15288	1272
1491	0	12	10	15299	739
1492	4	14	30	15310	2026
1493	4	14	40	15321	3037
1494	4	14	20	15332	8671
1495	4	14	30	15343	7022
1496	4	8	20	15354	6688
1497	3	1	40	15365	1152
1498	0	12	10	15376	5123
1499	3	1	30	15387	10373
1500	0	12	20	15398	419
1501	3	1	40	15409	2333
1502	4	14	20	15420	2745
1503	4	8	30	15431	9058
1504	0	12	30	15442	887
1505	3	1	20	15453	6487
1506	4	14	20	15464	361
1507	0	12	40	15475	423
1508	4	14	30	15486	3394
1509	4	14	10	15497	1281
1510	3	1	40	15508	2518
1511	0	12	40	15519	1142
1512	3	1	20	15530	4193
1513	0	12	20	15541	2414
1514	3	1	20	15552	4884
1515	4	14	30	15563	4561
1516	4	14	20	15574	1752
1517	3	1	30	15585	15444
1518	4	8	30	15600	304
1519	4	8	20	15610	7485
1520	3	1	40	15620	967
1521	4	14	10	15630	1754
1522	3	1	10	15640	1826
1523	4	8	20	15650	3178
1524	4	14	10	15660	1464
1525	4	14	40	15670	4335
1526	4	14	40	15680	813
1527	4	8	10	15690	1512
1528	4	14	20	15700	1329
1529	0	12	10	15710	548
1530	4	14	10	15720	3545
1531	3	1	40	15730	892
1532	4	14	20	15740	735
1533	0	12	30	15750	23753
1534	3	1	40	15760	8458
1535	3	1	40	15770	691
1536	0	12	40	15780	1422
1537	0	12	30	15790	2886
1538	4	8	40	15800	8085
1539	3	1	20	15810	1952
1540	4	14	40	15820	3789
1541	4	8	10	15830	1911
1542	3	1	40	15840	4559
1543	4	8	20	15850	549
1544	0	12	10	15860	1497
1545	4	8	20	15870	97
1546	3	1	30	15880	2929
1547	4	14	10	15890	11556
1548	4	8	20	15900	7017
1549	4	14	40	15910	919
1550	0	12	10	15920	2557
1551	4	14	30	15930	7163
1552	0	12	10	15940	780
1553	4	14	40	15950	8354
1554	4	14	40	15960	4956
1555	0	12	10	15970	5459
1556	4	14	30	15980	313
1557	4	8	10	15990	11847
1558	4	8	30	16000	3561
1559	0	12	40	16011	3082
1560	3	1	20	16022	3854
1561	3	1	20	16033	5907
1562	0	12	20	16044	6807
1563	3	1	20	16055	2346
1564	0	12	40	16066	4636
1565	4	14	40	16077	1243
1566	4	8	30	16088	335
1567	4	8	30	16099	4223
1568	4	8	20	16110	3411
1569	4	14	30	16121	3162
1570	3	1	40	16132	1918
1571	4	14	40	16143	7349
1572	0	12	30	16154	472
1573	4	14	20	16165	4646
1574	3	1	30	16176	1065
1575	4	8	30	16187	7205
1576	4	8	10	16198	4494
1577	4	8	40	16209	1088
1578	0	12	10	16220	1076
1579	3	1	30	16231	1328
1580	4	8	10	16242	615
1581	0	12	40	16253	1095
1582	0	12	30	16264	2676
1583	0	12	30	16275	322
1584	0	12	40	16286	4264
1585	0	12	20	16297	5621
1586	4	8	40	16308	92
1587	4	14	20	16319	1379
1588	0	12	40	16330	1353
1589	3	1	40	16341	578
1590	3	1	10	16352	348
1591	4	14	40	16363	1729
1592	3	1	10	16374	10335
1593	0	12	10	16400	1603
1594	4	14	10	16413	5838
1595	0	12	20	16426	7346
1596	0	12	30	16439	3304
1597	0	12	30	16452	1078
1598	4	8	20	16465	2334
1599	4	8	10	16478	184
1600	4	14	40	16491	11499
1601	0	12	40	16504	8071
1602	4	8	40	16517	1851
1603	4	8	40	16530	1317
1604	0	12	10	16543	6957
1605	0	12	20	16556	3995
1606	3	1	10	16569	5117
1607	4	8	30	16582	2694
1608	4	8	20	16595	4112
1609	3	1	10	16608	8330
1610	4	14	40	16621	288
1611	3	1	40	16634	7257
1612	4	8	40	16647	4983
1613	4	14	40	16660	1466
1614	4	14	40	16673	2008
1615	3	1	30	16686	1904
1616	3	1	30	16699	1334
1617	0	12	40	16712	5392
1618	4	8	20	16725	6207
1619	4	14	30	16738	10726
1620	3	1	40	16751	1120
1621	3	1	10	16764	6218
1622	0	12	40	16800	1817
1623	4	14	30	16809	2312
1624	4	8	20	16818	2487
1625	4	14	40	16827	121
1626	0	12	40	16836	9918
1627	0	12	30	16845	6077
1628	4	14	20	16854	10069
1629	4	8	10	16863	1997
1630	0	12	10	16872	1273
1631	0	12	30	16881	2309
1632	0	12	30	16890	6361
1633	4	14	10	16899	847
1634	3	1	40	16908	1655
1635	0	12	10	16917	1288
1636	3	1	40	16926	8131
1637	3	1	40	16935	929
1638	4	14	30	16944	1166
1639	0	12	30	16953	97
1640	3	1	20	16962	133
1641	4	14	10	16971	3043
1642	4	8	10	16980	4192
1643	3	1	40	16989	2121
1644	3	1	40	16998	269
1645	0	12	20	17007	1131
1646	4	8	40	17016	4073
1647	4	14	10	17025	3844
1648	0	12	20	17034	10967
1649	4	8	30	17043	1969
1650	3	1	30	17052	3255
1651	0	12	40	17061	6904
1652	4	14	10	17070	2377
1653	4	8	40	17079	2858
1654	3	1	10	17088	6453
1655	4	8	30	17097	673
1656	0	12	10	17106	2788
1657	3	1	10	17115	10723
1658	0	12	20	17124	6804
1659	0	12	10	17133	6330
1660	0	12	30	17142	5027
1661	4	8	20	17151	11295
1662	3	1	20	17160	3383
1663	0	12	10	17169	1146
1664	4	8	10	17200	3693
1665	3	1	20	17209	3988
1666	4	8	20	17218	167
1667	4	8	40	17227	2947
1668	0	12	10	17236	13772
1669	4	14	30	17245	507
1670	4	14	30	17254	2852
1671	4	14	40	17263	317
1672	0	12	10	17272	2671
1673	4	8	40	17281	5778
1674	4	8	10	17290	9156
1675	3	1	30	17299	4973
1676	0	12	10	17308	600
1677	4	8	40	17317	12272
1678	0	12	40	17326	1873
1679	0	12	40	17335	977
1680	4	8	40	17344	1984
1681	0	12	30	17353	1419
1682	4	14	20	17362	7473
1683	4	8	40	17371	3024
1684	4	14	20	17380	7237
1685	0	12	10	17389	2395
1686	4	8	30	17398	18638
1687	4	14	30	17407	1345
1688	0	12	40	17416	1977
1689	0	12	10	17425	813
1690	0	12	40	17434	5940
1691	0	12	30	17443	11092
1692	3	1	30	17452	1976
1693	3	1	30	17461	2453
1694	4	14	40	17470	1475
1695	0	12	40	17479	387
1696	4	8	40	17488	13063
1697	4	8	40	17497	2044
1698	0	12	30	17506	6618
1699	0	12	30	17515	2276
1700	4	14	10	17524	919
1701	0	12	10	17533	499
1702	4	14	40	17542	4193
1703	4	8	30	17551	6777
1704	3	1	40	17560	8446
1705	4	14	40	17569	2619
1706	4	14	30	17600	1630
1707	3	1	10	17610	4607
1708	4	14	30	17620	3786
1709	0	12	30	17630	373
1710	4	8	30	17640	62
1711	3	1	10	17650	3180
1712	3	1	20	17660	3261
1713	4	14	20	17670	3672
1714	3	1	10	17680	2066
1715	4	14	40	17690	2156
1716	4	8	10	17700	399
1717	0	12	30	17710	164
1718	4	8	40	17720	2130
1719	4	8	40	17730	660
1720	4	8	30	17740	4092
1721	3	1	30	17750	5631
1722	0	12	40	17760	563
1723	4	14	10	17770	6129
1724	4	14	40	17780	1697
1725	4	14	40	17790	3397
1726	0	12	20	17800	4641
1727	4	8	30	17810	116
1728	4	8	10	17820	2432
1729	0	12	20	17830	6566
1730	0	12	40	17840	5541
1731	3	1	10	17850	5374
1732	4	8	10	17860	625
1733	0	12	10	17870	11253
1734	4	8	30	17880	45
1735	4	8	30	17890	1279
1736	4	8	40	17900	4190
1737	3	1	40	17910	119
1738	4	14	40	17920	4217
1739	4	14	20	17930	1758
1740	0	12	20	17940	492
1741	4	14	20	17950	1464
1742	4	14	10	17960	4478
1743	0	12	20	17970	1431
1744	3	1	20	17980	738
1745	4	8	30	17990	1019
1746	3	1	10	18000	1912
1747	3	1	10	18009	6225
1748	4	14	20	18018	226
1749	4	14	40	18027	8895
1750	3	1	30	18036	23640
1751	0	12	10	18045	10178
1752	0	12	40	18054	17448
1753	4	14	40	18063	4275
1754	3	1	40	18072	6309
1755	4	8	30	18081	2391
1756	0	12	10	18090	17079
1757	4	14	30	18099	8025
1758	3	1	30	18108	2543
1759	3	1	40	18117	1464
1760	3	1	30	18126	6317
1761	3	1	10	18135	1461
1762	0	12	10	18144	1036
1763	3	1	20	18153	6551
1764	4	14	30	18162	1658
1765	3	1	20	18171	1294
1766	4	8	40	18180	2068
1767	4	8	10	18189	3844
1768	3	1	30	18198	3559
1769	4	8	20	18207	555
1770	3	1	10	18216	5835
1771	4	14	20	18225	271
1772	4	8	40	18234	1969
1773	4	8	20	18243	235
1774	4	8	20	18252	148
1775	4	8	10	18261	1625
1776	3	1	30	18270	341
1777	0	12	30	18279	7098
1778	0	12	30	18288	3822
1779	4	8	10	18297	514
1780	4	8	30	18306	854
1781	4	8	10	18315	9111
1782	4	8	10	18324	14566
1783	4	8	10	18333	3318
1784	3	1	40	18342	6622
1785	0	12	40	18351	7047
1786	3	1	10	18360	5574
1787	3	1	20	18400	2677
1788	4	8	20	18409	633
1789	4	14	10	18418	3296
1790	4	8	30	18427	1357
1791	3	1	10	18436	6124
1792	0	12	10	18445	3272
1793	0	12	40	18454	1691
1794	4	8	40	18463	3300
1795	3	1	20	18472	6639
1796	3	1	20	18481	325
1797	0	12	40	18490	8100
1798	0	12	30	18499	13028
1799	0	12	40	18508	8903
1800	0	12	30	18517	6886
1801	0	12	10	18526	5751
1802	0	12	20	18535	891
1803	3	1	10	18544	10374
1804	4	8	40	18553	530
1805	4	14	20	18562	10729
1806	4	14	20	18571	3043
1807	3	1	30	18580	10639
1808	4	8	20	18589	3872
1809	0	12	40	18598	2461
1810	3	1	40	18607	1837
1811	4	14	20	18616	676
1812	3	1	40	18625	1151
1813	0	12	20	18634	1722
1814	4	8	10	18643	485
1815	4	8	20	18652	9068
1816	0	12	40	18661	1615
1817	3	1	40	18670	4369
1818	0	12	20	18679	22697
1819	4	14	40	18688	2862
1820	0	12	20	18697	2974
1821	3	1	30	18706	9897
1822	0	12	40	18715	2547
1823	3	1	30	18724	113
1824	0	12	40	18733	7382
1825	0	12	40	18742	16497
1826	4	14	10	18751	2828
1827	0	12	40	18760	179
1828	0	12	30	18769	2735
1829	4	14	10	18778	1027
1830	4	14	30	18787	1181
1831	3	1	40	18800	961
1832	4	14	10	18809	8128
1833	0	12	40	18818	5140
1834	0	12	20	18827	1423
1835	0	12	30	18836	2246
1836	4	8	40	18845	4786
1837	4	14	10	18854	199
1838	0	12	20	18863	2315
1839	3	1	20	18872	8396
1840	0	12	30	18881	1401
1841	4	14	30	18890	6899
1842	0	12	10	18899	8093
1843	0	12	20	18908	4645
1844	4	8	10	18917	858
1845	4	8	10	18926	566
1846	0	12	10	18935	3051
1847	4	14	30	18944	937
1848	3	1	40	18953	1048
1849	0	12	20	18962	4380
1850	4	8	20	18971	2597
1851	4	14	20	18980	2135
1852	4	14	20	18989	8205
1853	4	8	30	18998	2394
1854	4	14	30	19007	1831
1855	4	8	10	19016	9434
1856	0	12	10	19025	1378
1857	4	8	40	19034	753
1858	4	8	10	19043	347
1859	4	8	40	19052	605
1860	0	12	10	19061	2211
1861	4	14	20	19070	2684
1862	3	1	40	19079	2281
1863	3	1	10	19088	2001
1864	4	8	10	19097	911
1865	4	14	10	19106	671
1866	0	12	20	19115	1351
1867	4	8	10	19124	2991
1868	0	12	10	19133	206
1869	4	8	20	19142	4616
1870	4	14	30	19151	885
1871	0	12	30	19160	1334
1872	3	1	30	19200	1020
1873	3	1	10	19216	507
1874	4	14	20	19232	971
1875	0	12	30	19248	4853
1876	3	1	20	19264	196
1877	4	14	30	19280	6131
1878	4	8	20	19296	7203
1879	3	1	40	19312	4950
1880	4	14	30	19328	2392
1881	4	14	30	19344	1415
1882	4	8	10	19360	6714
1883	4	14	20	19376	7085
1884	4	8	30	19392	5528
1885	4	14	10	19408	7383
1886	3	1	30	19424	1675
1887	3	1	20	19440	2168
1888	0	12	10	19456	1760
1889	3	1	20	19472	2003
1890	0	12	30	19488	594
1891	0	12	10	19504	2986
1892	4	8	40	19520	13451
1893	4	14	20	19536	1421
1894	3	1	20	19552	2411
1895	0	12	10	19568	6574
1896	0	12	40	19584	1958
1897	3	1	40	19600	2570
1898	4	14	20	19608	2639
1899	4	8	10	19616	157
1900	4	8	30	19624	7469
1901	3	1	10	19632	27
1902	4	14	30	19640	690
1903	4	8	20	19648	3157
1904	0	12	30	19656	2515
1905	4	8	30	19664	862
1906	4	8	40	19672	835
1907	4	8	10	19680	5582
1908	3	1	20	19688	1070
1909	4	14	10	19696	4369
1910	4	14	40	19704	7792
1911	4	8	20	19712	2832
1912	0	12	20	19720	1643
1913	3	1	20	19728	1868
1914	4	8	10	19736	4687
1915	0	12	20	19744	541
1916	4	8	20	19752	4501
1917	4	14	30	19760	3713
1918	0	12	30	19768	4139
1919	4	8	40	19776	1795
1920	0	12	30	19784	6690
1921	3	1	40	19792	8102
1922	0	12	40	19800	748
1923	4	8	40	19808	4273
1924	4	8	40	19816	3162
1925	4	14	30	19824	4466
1926	3	1	40	19832	1532
1927	3	1	20	19840	10417
1928	0	12	30	19848	4390
1929	3	1	10	19856	2102
1930	4	14	40	19864	1517
1931	4	14	20	19872	3412
1932	4	14	10	19880	1432
1933	4	14	20	19888	6364
1934	4	8	10	19896	7993
1935	4	8	30	19904	2342
1936	0	12	40	19912	600
1937	4	14	40	19920	1245
1938	4	14	30	19928	1804
1939	0	12	40	19936	3238
1940	4	8	20	19944	4240
1941	4	8	20	19952	3566
1942	0	12	10	19960	811
1943	4	8	10	19968	4703
1944	4	14	20	19976	3076
1945	3	1	10	20000	3985
1946	0	12	30	20009	838
1947	3	1	30	20018	3587
1948	3	1	10	20027	3753
1949	4	8	40	20036	1578
1950	4	14	40	20045	562
1951	4	8	20	20054	6099
1952	3	1	20	20063	7073
1953	4	8	20	20072	517
1954	4	8	30	20081	1026
1955	4	14	40	20090	15158
1956	3	1	10	20099	7238
1957	4	8	40	20108	2789
1958	0	12	20	20117	29676
1959	4	8	40	20126	6323
1960	3	1	40	20135	8339
1961	4	14	20	20144	1217
1962	0	12	30	20153	359
1963	4	14	10	20162	6994
1964	4	14	10	20171	1716
1965	0	12	20	20180	1333
1966	4	8	10	20189	925
1967	0	12	10	20198	3111
1968	4	8	20	20207	2843
1969	0	12	30	20216	1134
1970	4	14	20	20225	17422
1971	3	1	20	20234	2096
1972	0	12	40	20243	1106
1973	4	14	30	20252	375
1974	0	12	20	20261	4925
1975	4	14	10	20270	1005
1976	4	8	40	20279	4612
1977	4	14	40	20288	2609
1978	4	8	20	20297	510
1979	3	1	30	20306	9893
1980	4	14	10	20315	2643
1981	0	12	10	20324	5181
1982	0	12	20	20333	1526
1983	3	1	30	20342	1663
1984	4	14	20	20351	1300
1985	4	8	30	20360	3048
1986	4	8	10	20400	5457
1987	3	1	40	20428	791
1988	3	1	40	20456	3375
1989	3	1	20	20484	8723
1990	3	1	30	20512	3735
1991	3	1	10	20540	4057
1992	4	14	20	20568	1248
1993	4	8	40	20596	3365
1994	3	1	40	20624	4549
1995	3	1	10	20652	1984
1996	0	12	30	20680	2804
1997	0	12	40	20708	1770
1998	4	8	10	20736	1677
1999	4	14	10	20764	1166
