0	4	14	30	0	2147483647
1	4	14	50	5	2147483647
2	4	14	50	10	2147483647
3	4	14	30	15	2147483647
4	3	1	35	20	2147483647
5	4	14	50	25	2147483647
6	4	14	50	30	2147483647
7	4	14	35	35	2147483647
8	4	14	35	40	2147483647
9	3	1	35	45	2147483647
10	3	1	30	50	2147483647
11	0	12	50	55	2147483647
12	4	14	45	60	2147483647
13	4	14	30	65	2147483647
14	3	1	35	70	2147483647
15	3	1	30	75	2147483647
16	3	1	50	80	2147483647
17	0	12	30	85	2147483647
18	3	1	35	90	2147483647
19	4	14	50	95	2147483647
20	0	12	50	100	2147483647
21	4	8	50	105	2147483647
22	4	14	45	110	2147483647
23	3	1	50	115	2147483647
24	3	1	35	120	2147483647
25	3	1	50	125	2147483647
26	3	1	45	130	2147483647
27	4	14	45	135	2147483647
28	4	14	30	140	2147483647
29	4	14	45	145	2147483647
30	3	1	35	150	2147483647
31	4	14	30	155	2147483647
32	4	14	30	160	2147483647
33	4	8	35	165	2147483647
34	3	1	35	170	2147483647
35	4	14	35	175	2147483647
36	3	1	50	180	2147483647
37	4	14	35	185	2147483647
38	4	14	50	190	2147483647
39	3	1	30	195	2147483647
40	4	14	45	200	2147483647
41	3	1	30	205	2147483647
42	4	8	45	210	2147483647
43	4	14	50	215	2147483647
44	4	14	45	220	2147483647
45	4	14	35	225	2147483647
46	4	14	35	230	2147483647
47	4	14	30	235	2147483647
48	4	14	50	240	2147483647
49	4	14	45	245	2147483647
50	4	14	35	250	2147483647
51	4	14	30	255	2147483647
52	4	8	30	260	2147483647
53	4	14	30	265	2147483647
54	4	14	35	270	2147483647
55	3	1	30	275	2147483647
56	0	12	35	280	2147483647
57	4	14	50	285	2147483647
58	4	14	45	290	2147483647
59	4	14	45	295	2147483647
60	4	14	35	300	2147483647
61	4	8	35	305	2147483647
62	4	14	35	310	2147483647
63	4	8	45	315	2147483647
64	4	14	50	320	2147483647
65	3	1	30	325	2147483647
66	4	14	45	330	2147483647
67	4	14	35	335	2147483647
68	3	1	45	340	2147483647
69	4	14	50	345	2147483647
70	4	14	35	350	2147483647
71	4	14	45	355	2147483647
72	4	14	35	360	2147483647
73	4	14	35	365	2147483647
74	3	1	30	370	2147483647
75	4	14	45	375	2147483647
76	4	14	30	380	2147483647
77	4	14	45	385	2147483647
78	3	1	35	390	2147483647
79	4	14	30	395	2147483647
80	4	14	35	400	2147483647
81	4	14	35	405	2147483647
82	4	14	45	410	2147483647
83	3	1	45	415	2147483647
84	4	14	35	420	2147483647
85	4	14	35	425	2147483647
86	4	14	30	430	2147483647
87	4	14	50	435	2147483647
88	3	1	50	440	2147483647
89	4	14	30	445	2147483647
90	4	14	50	450	2147483647
91	4	14	50	455	2147483647
92	3	1	45	460	2147483647
93	4	14	35	465	2147483647
94	4	14	45	470	2147483647
95	3	1	30	475	2147483647
96	4	14	50	480	2147483647
97	0	12	30	485	2147483647
98	4	14	30	490	2147483647
99	4	14	45	495	2147483647
100	3	1	45	500	2147483647
101	0	12	30	505	2147483647
102	3	1	35	510	2147483647
103	4	14	30	515	2147483647
104	4	14	35	520	2147483647
105	4	8	50	525	2147483647
106	3	1	45	530	2147483647
107	3	1	45	535	2147483647
108	4	14	50	540	2147483647
109	3	1	45	545	2147483647
110	3	1	50	550	2147483647
111	4	8	50	555	2147483647
112	4	8	45	560	2147483647
113	4	14	45	565	2147483647
114	3	1	30	570	2147483647
115	3	1	50	575	2147483647
116	3	1	50	580	2147483647
117	4	14	45	585	2147483647
118	3	1	35	590	2147483647
119	4	14	45	595	2147483647
120	3	1	50	600	2147483647
121	4	14	45	605	2147483647
122	4	14	35	610	2147483647
123	4	14	35	615	2147483647
124	4	14	50	620	2147483647
125	4	14	35	625	2147483647
126	4	14	50	630	2147483647
127	4	14	30	635	2147483647
128	3	1	45	640	2147483647
129	4	14	30	645	2147483647
130	3	1	50	650	2147483647
131	4	14	30	655	2147483647
132	3	1	45	660	2147483647
133	4	14	50	665	2147483647
134	4	14	35	670	2147483647
135	4	14	35	675	2147483647
136	4	14	50	680	2147483647
137	3	1	45	685	2147483647
138	4	14	35	690	2147483647
139	4	14	35	695	2147483647
140	3	1	45	700	2147483647
141	4	14	35	705	2147483647
142	4	14	50	710	2147483647
143	0	12	30	715	2147483647
144	4	14	30	720	2147483647
145	4	14	30	725	2147483647
146	4	14	35	730	2147483647
147	3	1	30	735	2147483647
148	4	14	30	740	2147483647
149	4	14	50	745	2147483647
150	4	14	35	750	2147483647
151	4	14	30	755	2147483647
152	4	14	45	760	2147483647
153	3	1	35	765	2147483647
154	4	8	45	770	2147483647
155	4	14	50	775	2147483647
156	4	14	45	780	2147483647
157	4	14	50	785	2147483647
158	4	14	30	790	2147483647
159	4	14	50	795	2147483647
160	4	14	50	800	2147483647
161	3	1	45	805	2147483647
162	4	14	50	810	2147483647
163	4	14	50	815	2147483647
164	4	14	50	820	2147483647
165	4	14	50	825	2147483647
166	4	14	35	830	2147483647
167	3	1	45	835	2147483647
168	3	1	35	840	2147483647
169	3	1	50	845	2147483647
170	4	14	50	850	2147483647
171	3	1	35	855	2147483647
172	3	1	35	860	2147483647
173	4	14	50	865	2147483647
174	3	1	30	870	2147483647
175	4	14	45	875	2147483647
176	3	1	45	880	2147483647
177	3	1	30	885	2147483647
178	3	1	30	890	2147483647
179	3	1	50	895	2147483647
180	4	8	30	900	2147483647
181	3	1	50	905	2147483647
182	3	1	50	910	2147483647
183	4	14	50	915	2147483647
184	4	14	50	920	2147483647
185	3	1	45	925	2147483647
186	3	1	35	930	2147483647
187	4	14	30	935	2147483647
188	4	14	35	940	2147483647
189	0	12	35	945	2147483647
190	3	1	45	950	2147483647
191	4	14	50	955	2147483647
192	4	14	35	960	2147483647
193	4	14	35	965	2147483647
194	3	1	45	970	2147483647
195	4	14	50	975	2147483647
196	4	14	35	980	2147483647
197	4	14	30	985	2147483647
198	0	12	35	990	2147483647
199	4	14	35	995	2147483647
200	4	14	50	1000	2147483647
201	4	14	45	1005	2147483647
202	4	14	50	1010	2147483647
203	3	1	35	1015	2147483647
204	4	14	50	1020	2147483647
205	4	14	50	1025	2147483647
206	4	14	45	1030	2147483647
207	4	8	45	1035	2147483647
208	4	14	35	1040	2147483647
209	4	14	30	1045	2147483647
210	3	1	30	1050	2147483647
211	3	1	45	1055	2147483647
212	4	14	50	1060	2147483647
213	4	14	30	1065	2147483647
214	4	14	50	1070	2147483647
215	3	1	30	1075	2147483647
216	4	14	50	1080	2147483647
217	4	14	30	1085	2147483647
218	4	14	30	1090	2147483647
219	4	14	30	1095	2147483647
220	3	1	35	1100	2147483647
221	4	14	30	1105	2147483647
222	4	14	35	1110	2147483647
223	3	1	50	1115	2147483647
224	3	1	30	1120	2147483647
225	4	14	50	1125	2147483647
226	4	14	50	1130	2147483647
227	4	14	30	1135	2147483647
228	4	14	35	1140	2147483647
229	3	1	30	1145	2147483647
230	4	14	30	1150	2147483647
231	3	1	45	1155	2147483647
232	3	1	50	1160	2147483647
233	3	1	50	1165	2147483647
234	3	1	50	1170	2147483647
235	4	14	35	1175	2147483647
236	3	1	30	1180	2147483647
237	3	1	45	1185	2147483647
238	4	8	30	1190	2147483647
239	4	14	50	1195	2147483647
240	4	14	50	1200	2147483647
241	3	1	50	1205	2147483647
242	3	1	50	1210	2147483647
243	3	1	35	1215	2147483647
244	4	14	30	1220	2147483647
245	4	14	30	1225	2147483647
246	4	14	30	1230	2147483647
247	4	14	30	1235	2147483647
248	4	14	45	1240	2147483647
249	4	14	45	1245	2147483647
250	4	8	30	1250	2147483647
251	4	8	35	1255	2147483647
252	0	12	30	1260	2147483647
253	4	14	30	1265	2147483647
254	4	14	30	1270	2147483647
255	4	14	50	1275	2147483647
256	3	1	35	1280	2147483647
257	4	14	50	1285	2147483647
258	4	14	30	1290	2147483647
259	4	8	50	1295	2147483647
260	3	1	30	1300	2147483647
261	4	8	45	1305	2147483647
262	4	14	35	1310	2147483647
263	4	14	30	1315	2147483647
264	4	14	50	1320	2147483647
265	3	1	45	1325	2147483647
266	4	14	45	1330	2147483647
267	3	1	50	1335	2147483647
268	3	1	30	1340	2147483647
269	3	1	35	1345	2147483647
270	4	14	30	1350	2147483647
271	4	14	35	1355	2147483647
272	4	14	50	1360	2147483647
273	4	14	30	1365	2147483647
274	4	14	30	1370	2147483647
275	0	12	45	1375	2147483647
276	4	14	30	1380	2147483647
277	3	1	30	1385	2147483647
278	4	14	50	1390	2147483647
279	3	1	50	1395	2147483647
280	3	1	50	1400	2147483647
281	4	14	45	1405	2147483647
282	4	14	35	1410	2147483647
283	4	14	50	1415	2147483647
284	3	1	30	1420	2147483647
285	4	14	50	1425	2147483647
286	3	1	45	1430	2147483647
287	4	14	45	1435	2147483647
288	3	1	50	1440	2147483647
289	4	14	30	1445	2147483647
290	3	1	50	1450	2147483647
291	4	14	35	1455	2147483647
292	3	1	35	1460	2147483647
293	4	14	30	1465	2147483647
294	4	14	50	1470	2147483647
295	4	14	35	1475	2147483647
296	4	14	35	1480	2147483647
297	4	14	45	1485	2147483647
298	4	14	35	1490	2147483647
299	4	14	45	1495	2147483647
300	3	1	35	1500	2147483647
301	3	1	35	1505	2147483647
302	4	14	30	1510	2147483647
303	4	14	30	1515	2147483647
304	4	14	45	1520	2147483647
305	3	1	45	1525	2147483647
306	3	1	35	1530	2147483647
307	3	1	50	1535	2147483647
308	4	14	30	1540	2147483647
309	4	14	35	1545	2147483647
310	4	14	45	1550	2147483647
311	3	1	35	1555	2147483647
312	4	14	50	1560	2147483647
313	4	14	35	1565	2147483647
314	4	14	30	1570	2147483647
315	4	14	35	1575	2147483647
316	4	14	30	1580	2147483647
317	4	14	45	1585	2147483647
318	3	1	30	1590	2147483647
319	3	1	30	1595	2147483647
320	4	14	50	1600	2147483647
321	4	14	30	1605	2147483647
322	4	14	30	1610	2147483647
323	4	14	30	1615	2147483647
324	3	1	35	1620	2147483647
325	3	1	50	1625	2147483647
326	4	14	30	1630	2147483647
327	4	14	50	1635	2147483647
328	4	8	35	1640	2147483647
329	4	8	50	1645	2147483647
330	3	1	35	1650	2147483647
331	3	1	35	1655	2147483647
332	4	14	45	1660	2147483647
333	3	1	35	1665	2147483647
334	3	1	45	1670	2147483647
335	3	1	35	1675	2147483647
336	4	14	45	1680	2147483647
337	4	14	35	1685	2147483647
338	4	14	35	1690	2147483647
339	4	14	35	1695	2147483647
340	3	1	35	1700	2147483647
341	0	12	50	1705	2147483647
342	3	1	35	1710	2147483647
343	4	14	35	1715	2147483647
344	4	14	45	1720	2147483647
345	0	12	45	1725	2147483647
346	4	14	35	1730	2147483647
347	4	14	30	1735	2147483647
348	3	1	30	1740	2147483647
349	3	1	35	1745	2147483647
350	3	1	30	1750	2147483647
351	4	14	45	1755	2147483647
352	4	14	45	1760	2147483647
353	4	8	35	1765	2147483647
354	4	14	45	1770	2147483647
355	3	1	35	1775	2147483647
356	3	1	30	1780	2147483647
357	3	1	50	1785	2147483647
358	4	14	45	1790	2147483647
359	4	14	45	1795	2147483647
360	4	14	45	1800	2147483647
361	3	1	45	1805	2147483647
362	4	8	35	1810	2147483647
363	4	14	30	1815	2147483647
364	4	14	30	1820	2147483647
365	4	14	30	1825	2147483647
366	4	14	50	1830	2147483647
367	4	14	45	1835	2147483647
368	4	14	50	1840	2147483647
369	4	14	45	1845	2147483647
370	4	14	50	1850	2147483647
371	4	14	50	1855	2147483647
372	4	14	35	1860	2147483647
373	3	1	45	1865	2147483647
374	4	14	45	1870	2147483647
375	4	14	30	1875	2147483647
376	4	14	45	1880	2147483647
377	4	14	50	1885	2147483647
378	0	12	45	1890	2147483647
379	3	1	50	1895	2147483647
380	4	14	35	1900	2147483647
381	4	14	30	1905	2147483647
382	4	14	45	1910	2147483647
383	4	14	30	1915	2147483647
384	4	14	50	1920	2147483647
385	4	14	45	1925	2147483647
386	4	14	50	1930	2147483647
387	4	14	30	1935	2147483647
388	4	14	45	1940	2147483647
389	4	14	30	1945	2147483647
390	4	14	35	1950	2147483647
391	4	14	45	1955	2147483647
392	3	1	45	1960	2147483647
393	3	1	45	1965	2147483647
394	0	12	45	1970	2147483647
395	4	8	50	1975	2147483647
396	4	14	35	1980	2147483647
397	4	14	35	1985	2147483647
398	4	8	30	1990	2147483647
399	4	14	35	1995	2147483647
400	4	14	45	2000	2147483647
401	4	14	45	2005	2147483647
402	0	12	35	2010	2147483647
403	4	14	35	2015	2147483647
404	4	14	45	2020	2147483647
405	4	14	35	2025	2147483647
406	4	14	35	2030	2147483647
407	3	1	30	2035	2147483647
408	4	8	45	2040	2147483647
409	4	14	45	2045	2147483647
410	4	14	45	2050	2147483647
411	4	14	35	2055	2147483647
412	3	1	35	2060	2147483647
413	4	14	50	2065	2147483647
414	4	8	35	2070	2147483647
415	4	8	45	2075	2147483647
416	4	14	50	2080	2147483647
417	3	1	35	2085	2147483647
418	4	14	35	2090	2147483647
419	0	12	45	2095	2147483647
420	3	1	35	2100	2147483647
421	4	14	45	2105	2147483647
422	3	1	30	2110	2147483647
423	4	14	45	2115	2147483647
424	4	14	30	2120	2147483647
425	4	14	30	2125	2147483647
426	3	1	30	2130	2147483647
427	4	14	50	2135	2147483647
428	3	1	50	2140	2147483647
429	4	14	50	2145	2147483647
430	4	14	45	2150	2147483647
431	4	14	35	2155	2147483647
432	3	1	45	2160	2147483647
433	3	1	30	2165	2147483647
434	4	14	30	2170	2147483647
435	4	14	50	2175	2147483647
436	4	14	50	2180	2147483647
437	3	1	35	2185	2147483647
438	3	1	35	2190	2147483647
439	3	1	45	2195	2147483647
440	4	14	30	2200	2147483647
441	3	1	45	2205	2147483647
442	4	14	35	2210	2147483647
443	4	14	30	2215	2147483647
444	3	1	45	2220	2147483647
445	3	1	30	2225	2147483647
446	4	14	30	2230	2147483647
447	4	14	50	2235	2147483647
448	3	1	35	2240	2147483647
449	4	14	30	2245	2147483647
450	4	14	50	2250	2147483647
451	4	14	50	2255	2147483647
452	4	14	50	2260	2147483647
453	4	8	45	2265	2147483647
454	4	14	50	2270	2147483647
455	4	14	50	2275	2147483647
456	4	14	45	2280	2147483647
457	4	14	45	2285	2147483647
458	4	14	30	2290	2147483647
459	4	14	35	2295	2147483647
460	4	14	30	2300	2147483647
461	4	14	45	2305	2147483647
462	4	8	30	2310	2147483647
463	3	1	50	2315	2147483647
464	4	14	50	2320	2147483647
465	4	14	30	2325	2147483647
466	3	1	50	2330	2147483647
467	4	14	35	2335	2147483647
468	4	14	45	2340	2147483647
469	4	14	35	2345	2147483647
470	3	1	50	2350	2147483647
471	4	8	45	2355	2147483647
472	3	1	50	2360	2147483647
473	4	14	50	2365	2147483647
474	4	14	35	2370	2147483647
475	4	14	45	2375	2147483647
476	3	1	35	2380	2147483647
477	4	14	30	2385	2147483647
478	3	1	50	2390	2147483647
479	4	14	30	2395	2147483647
480	4	8	50	2400	2147483647
481	3	1	35	2405	2147483647
482	3	1	45	2410	2147483647
483	3	1	50	2415	2147483647
484	3	1	50	2420	2147483647
485	3	1	50	2425	2147483647
486	4	14	35	2430	2147483647
487	3	1	50	2435	2147483647
488	4	14	30	2440	2147483647
489	4	14	30	2445	2147483647
490	4	8	35	2450	2147483647
491	4	14	30	2455	2147483647
492	4	14	30	2460	2147483647
493	3	1	30	2465	2147483647
494	4	14	45	2470	2147483647
495	0	12	45	2475	2147483647
496	3	1	45	2480	2147483647
497	4	14	45	2485	2147483647
498	4	14	30	2490	2147483647
499	4	14	35	2495	2147483647
500	4	14	30	2500	2147483647
501	4	14	50	2505	2147483647
502	4	14	30	2510	2147483647
503	4	14	50	2515	2147483647
504	4	14	30	2520	2147483647
505	4	14	35	2525	2147483647
506	4	14	50	2530	2147483647
507	3	1	30	2535	2147483647
508	4	14	35	2540	2147483647
509	4	14	35	2545	2147483647
510	4	14	45	2550	2147483647
511	4	14	35	2555	2147483647
512	4	8	50	2560	2147483647
513	3	1	30	2565	2147483647
514	4	14	35	2570	2147483647
515	0	12	45	2575	2147483647
516	3	1	30	2580	2147483647
517	4	14	35	2585	2147483647
518	4	14	50	2590	2147483647
519	4	14	30	2595	2147483647
520	4	14	50	2600	2147483647
521	0	12	50	2605	2147483647
522	3	1	30	2610	2147483647
523	3	1	35	2615	2147483647
524	3	1	30	2620	2147483647
525	4	14	50	2625	2147483647
526	3	1	45	2630	2147483647
527	4	14	50	2635	2147483647
528	4	14	35	2640	2147483647
529	4	14	50	2645	2147483647
530	4	14	30	2650	2147483647
531	4	14	50	2655	2147483647
532	4	14	50	2660	2147483647
533	4	14	35	2665	2147483647
534	4	14	50	2670	2147483647
535	3	1	30	2675	2147483647
536	3	1	30	2680	2147483647
537	4	14	45	2685	2147483647
538	4	14	45	2690	2147483647
539	4	14	45	2695	2147483647
540	4	14	50	2700	2147483647
541	4	14	35	2705	2147483647
542	4	14	45	2710	2147483647
543	4	14	50	2715	2147483647
544	3	1	45	2720	2147483647
545	3	1	50	2725	2147483647
546	3	1	30	2730	2147483647
547	4	14	30	2735	2147483647
548	3	1	45	2740	2147483647
549	4	14	50	2745	2147483647
550	4	14	45	2750	2147483647
551	4	14	30	2755	2147483647
552	4	14	45	2760	2147483647
553	3	1	30	2765	2147483647
554	4	14	45	2770	2147483647
555	4	14	35	2775	2147483647
556	4	14	45	2780	2147483647
557	4	14	50	2785	2147483647
558	4	14	50	2790	2147483647
559	4	14	35	2795	2147483647
560	3	1	45	2800	2147483647
561	4	14	30	2805	2147483647
562	4	14	50	2810	2147483647
563	4	14	45	2815	2147483647
564	3	1	30	2820	2147483647
565	4	14	50	2825	2147483647
566	4	8	45	2830	2147483647
567	3	1	35	2835	2147483647
568	4	14	30	2840	2147483647
569	4	14	35	2845	2147483647
570	4	14	35	2850	2147483647
571	4	14	35	2855	2147483647
572	3	1	50	2860	2147483647
573	3	1	30	2865	2147483647
574	4	14	30	2870	2147483647
575	3	1	35	2875	2147483647
576	3	1	35	2880	2147483647
577	4	14	35	2885	2147483647
578	4	14	50	2890	2147483647
579	3	1	30	2895	2147483647
580	4	14	45	2900	2147483647
581	4	14	45	2905	2147483647
582	4	14	30	2910	2147483647
583	3	1	35	2915	2147483647
584	4	14	30	2920	2147483647
585	4	14	50	2925	2147483647
586	3	1	30	2930	2147483647
587	4	14	45	2935	2147483647
588	3	1	50	2940	2147483647
589	4	14	45	2945	2147483647
590	4	14	35	2950	2147483647
591	4	14	35	2955	2147483647
592	0	12	50	2960	2147483647
593	4	14	30	2965	2147483647
594	4	14	50	2970	2147483647
595	4	8	45	2975	2147483647
596	3	1	45	2980	2147483647
597	4	14	30	2985	2147483647
598	4	14	45	2990	2147483647
599	3	1	50	2995	2147483647
600	3	1	35	3000	2147483647
601	3	1	50	3005	2147483647
602	4	14	50	3010	2147483647
603	4	14	30	3015	2147483647
604	0	12	35	3020	2147483647
605	3	1	30	3025	2147483647
606	3	1	35	3030	2147483647
607	3	1	35	3035	2147483647
608	4	14	50	3040	2147483647
609	3	1	30	3045	2147483647
610	4	14	50	3050	2147483647
611	3	1	35	3055	2147483647
612	4	14	30	3060	2147483647
613	3	1	45	3065	2147483647
614	3	1	50	3070	2147483647
615	3	1	30	3075	2147483647
616	4	8	50	3080	2147483647
617	3	1	35	3085	2147483647
618	3	1	35	3090	2147483647
619	3	1	30	3095	2147483647
620	4	14	45	3100	2147483647
621	4	14	30	3105	2147483647
622	4	14	35	3110	2147483647
623	3	1	35	3115	2147483647
624	4	14	30	3120	2147483647
625	3	1	30	3125	2147483647
626	4	14	35	3130	2147483647
627	3	1	45	3135	2147483647
628	4	14	30	3140	2147483647
629	4	14	45	3145	2147483647
630	3	1	50	3150	2147483647
631	4	14	35	3155	2147483647
632	4	14	45	3160	2147483647
633	4	14	50	3165	2147483647
634	0	12	50	3170	2147483647
635	3	1	45	3175	2147483647
636	3	1	45	3180	2147483647
637	4	14	30	3185	2147483647
638	3	1	30	3190	2147483647
639	4	14	30	3195	2147483647
640	4	14	45	3200	2147483647
641	4	14	50	3205	2147483647
642	4	14	45	3210	2147483647
643	4	8	45	3215	2147483647
644	4	14	50	3220	2147483647
645	4	14	30	3225	2147483647
646	4	14	30	3230	2147483647
647	4	14	30	3235	2147483647
648	4	14	35	3240	2147483647
649	3	1	50	3245	2147483647
650	4	14	45	3250	2147483647
651	4	14	30	3255	2147483647
652	4	14	45	3260	2147483647
653	4	8	45	3265	2147483647
654	4	14	30	3270	2147483647
655	4	14	35	3275	2147483647
656	3	1	35	3280	2147483647
657	3	1	35	3285	2147483647
658	4	14	30	3290	2147483647
659	4	14	30	3295	2147483647
660	4	14	45	3300	2147483647
661	3	1	50	3305	2147483647
662	4	14	30	3310	2147483647
663	4	14	35	3315	2147483647
664	4	8	30	3320	2147483647
665	3	1	35	3325	2147483647
666	3	1	45	3330	2147483647
667	3	1	30	3335	2147483647
668	3	1	50	3340	2147483647
669	4	14	30	3345	2147483647
670	0	12	45	3350	2147483647
671	3	1	50	3355	2147483647
672	3	1	35	3360	2147483647
673	4	14	35	3365	2147483647
674	4	14	45	3370	2147483647
675	4	14	50	3375	2147483647
676	4	14	35	3380	2147483647
677	4	14	50	3385	2147483647
678	4	14	45	3390	2147483647
679	4	14	30	3395	2147483647
680	4	14	50	3400	2147483647
681	4	14	35	3405	2147483647
682	4	14	30	3410	2147483647
683	3	1	35	3415	2147483647
684	4	14	50	3420	2147483647
685	3	1	50	3425	2147483647
686	4	8	45	3430	2147483647
687	4	14	30	3435	2147483647
688	4	14	45	3440	2147483647
689	4	14	45	3445	2147483647
690	3	1	35	3450	2147483647
691	4	14	30	3455	2147483647
692	4	8	30	3460	2147483647
693	3	1	50	3465	2147483647
694	4	14	35	3470	2147483647
695	4	14	45	3475	2147483647
696	3	1	45	3480	2147483647
697	3	1	35	3485	2147483647
698	4	14	45	3490	2147483647
699	4	14	35	3495	2147483647
700	3	1	35	3500	2147483647
701	3	1	30	3505	2147483647
702	4	14	35	3510	2147483647
703	4	14	35	3515	2147483647
704	3	1	30	3520	2147483647
705	4	14	50	3525	2147483647
706	4	14	50	3530	2147483647
707	4	14	35	3535	2147483647
708	3	1	50	3540	2147483647
709	3	1	35	3545	2147483647
710	4	14	50	3550	2147483647
711	4	14	45	3555	2147483647
712	4	14	50	3560	2147483647
713	3	1	50	3565	2147483647
714	4	14	35	3570	2147483647
715	4	14	35	3575	2147483647
716	4	14	45	3580	2147483647
717	4	14	50	3585	2147483647
718	4	14	45	3590	2147483647
719	4	14	35	3595	2147483647
720	3	1	50	3600	2147483647
721	3	1	35	3605	2147483647
722	4	14	35	3610	2147483647
723	4	14	30	3615	2147483647
724	4	14	50	3620	2147483647
725	4	8	45	3625	2147483647
726	3	1	50	3630	2147483647
727	4	14	35	3635	2147483647
728	4	14	50	3640	2147483647
729	3	1	50	3645	2147483647
730	4	14	35	3650	2147483647
731	4	14	30	3655	2147483647
732	4	14	30	3660	2147483647
733	3	1	35	3665	2147483647
734	0	12	45	3670	2147483647
735	4	8	50	3675	2147483647
736	4	14	50	3680	2147483647
737	4	14	50	3685	2147483647
738	4	14	35	3690	2147483647
739	4	8	50	3695	2147483647
740	4	14	50	3700	2147483647
741	4	14	30	3705	2147483647
742	4	14	35	3710	2147483647
743	4	14	35	3715	2147483647
744	4	14	45	3720	2147483647
745	4	14	45	3725	2147483647
746	3	1	30	3730	2147483647
747	4	14	30	3735	2147483647
748	4	14	45	3740	2147483647
749	3	1	50	3745	2147483647
750	4	14	30	3750	2147483647
751	4	14	45	3755	2147483647
752	3	1	50	3760	2147483647
753	3	1	30	3765	2147483647
754	3	1	35	3770	2147483647
755	3	1	30	3775	2147483647
756	4	14	45	3780	2147483647
757	4	14	35	3785	2147483647
758	4	8	35	3790	2147483647
759	3	1	45	3795	2147483647
760	4	14	30	3800	2147483647
761	4	14	45	3805	2147483647
762	4	14	45	3810	2147483647
763	4	14	30	3815	2147483647
764	4	14	30	3820	2147483647
765	3	1	50	3825	2147483647
766	4	14	35	3830	2147483647
767	4	14	45	3835	2147483647
768	3	1	35	3840	2147483647
769	3	1	35	3845	2147483647
770	0	12	45	3850	2147483647
771	4	14	45	3855	2147483647
772	4	14	45	3860	2147483647
773	4	14	45	3865	2147483647
774	3	1	45	3870	2147483647
775	4	14	45	3875	2147483647
776	4	14	30	3880	2147483647
777	0	12	30	3885	2147483647
778	4	14	45	3890	2147483647
779	4	8	30	3895	2147483647
780	4	14	35	3900	2147483647
781	3	1	45	3905	2147483647
782	0	12	50	3910	2147483647
783	4	14	50	3915	2147483647
784	4	14	50	3920	2147483647
785	4	14	45	3925	2147483647
786	3	1	35	3930	2147483647
787	4	14	30	3935	2147483647
788	4	14	50	3940	2147483647
789	4	14	35	3945	2147483647
790	3	1	35	3950	2147483647
791	4	14	45	3955	2147483647
792	4	14	35	3960	2147483647
793	4	14	45	3965	2147483647
794	4	14	50	3970	2147483647
795	4	14	35	3975	2147483647
796	4	14	45	3980	2147483647
797	4	14	35	3985	2147483647
798	4	14	30	3990	2147483647
799	4	14	50	3995	2147483647
800	4	8	35	4000	2147483647
801	4	14	45	4005	2147483647
802	4	14	45	4010	2147483647
803	4	14	30	4015	2147483647
804	3	1	35	4020	2147483647
805	4	8	35	4025	2147483647
806	4	14	30	4030	2147483647
807	4	14	30	4035	2147483647
808	4	14	45	4040	2147483647
809	4	14	50	4045	2147483647
810	4	14	30	4050	2147483647
811	4	14	35	4055	2147483647
812	4	14	50	4060	2147483647
813	4	14	35	4065	2147483647
814	4	14	35	4070	2147483647
815	3	1	35	4075	2147483647
816	4	14	45	4080	2147483647
817	3	1	45	4085	2147483647
818	4	14	30	4090	2147483647
819	4	14	35	4095	2147483647
820	4	14	45	4100	2147483647
821	4	14	30	4105	2147483647
822	4	14	45	4110	2147483647
823	4	14	50	4115	2147483647
824	3	1	30	4120	2147483647
825	3	1	30	4125	2147483647
826	4	8	30	4130	2147483647
827	3	1	50	4135	2147483647
828	3	1	45	4140	2147483647
829	4	14	35	4145	2147483647
830	0	12	30	4150	2147483647
831	4	14	50	4155	2147483647
832	3	1	50	4160	2147483647
833	3	1	45	4165	2147483647
834	0	12	45	4170	2147483647
835	4	8	45	4175	2147483647
836	4	14	30	4180	2147483647
837	4	14	50	4185	2147483647
838	3	1	45	4190	2147483647
839	3	1	35	4195	2147483647
840	3	1	35	4200	2147483647
841	4	14	30	4205	2147483647
842	4	14	45	4210	2147483647
843	3	1	50	4215	2147483647
844	3	1	35	4220	2147483647
845	3	1	50	4225	2147483647
846	4	8	45	4230	2147483647
847	4	14	30	4235	2147483647
848	3	1	35	4240	2147483647
849	3	1	45	4245	2147483647
850	4	14	45	4250	2147483647
851	4	14	50	4255	2147483647
852	3	1	30	4260	2147483647
853	4	14	45	4265	2147483647
854	4	14	35	4270	2147483647
855	3	1	30	4275	2147483647
856	4	14	30	4280	2147483647
857	0	12	50	4285	2147483647
858	3	1	50	4290	2147483647
859	3	1	30	4295	2147483647
860	4	14	30	4300	2147483647
861	4	14	30	4305	2147483647
862	4	8	35	4310	2147483647
863	4	8	30	4315	2147483647
864	4	14	50	4320	2147483647
865	4	14	35	4325	2147483647
866	4	14	35	4330	2147483647
867	4	14	30	4335	2147483647
868	4	14	50	4340	2147483647
869	4	14	50	4345	2147483647
870	3	1	35	4350	2147483647
871	3	1	45	4355	2147483647
872	3	1	30	4360	2147483647
873	4	8	50	4365	2147483647
874	4	14	50	4370	2147483647
875	4	8	35	4375	2147483647
876	4	8	45	4380	2147483647
877	4	14	45	4385	2147483647
878	3	1	45	4390	2147483647
879	4	14	35	4395	2147483647
880	4	8	35	4400	2147483647
881	3	1	30	4405	2147483647
882	4	14	45	4410	2147483647
883	3	1	30	4415	2147483647
884	3	1	45	4420	2147483647
885	4	14	30	4425	2147483647
886	4	14	50	4430	2147483647
887	3	1	30	4435	2147483647
888	3	1	35	4440	2147483647
889	4	14	45	4445	2147483647
890	4	8	45	4450	2147483647
891	4	14	35	4455	2147483647
892	3	1	50	4460	2147483647
893	4	14	35	4465	2147483647
894	3	1	30	4470	2147483647
895	4	14	35	4475	2147483647
896	4	14	45	4480	2147483647
897	4	14	35	4485	2147483647
898	4	14	30	4490	2147483647
899	4	14	30	4495	2147483647
900	4	14	35	4500	2147483647
901	3	1	45	4505	2147483647
902	4	14	30	4510	2147483647
903	4	14	45	4515	2147483647
904	4	14	30	4520	2147483647
905	3	1	50	4525	2147483647
906	3	1	45	4530	2147483647
907	3	1	30	4535	2147483647
908	3	1	45	4540	2147483647
909	4	14	50	4545	2147483647
910	4	8	45	4550	2147483647
911	4	14	35	4555	2147483647
912	4	14	30	4560	2147483647
913	4	14	45	4565	2147483647
914	3	1	50	4570	2147483647
915	4	14	50	4575	2147483647
916	4	14	45	4580	2147483647
917	4	14	35	4585	2147483647
918	4	14	45	4590	2147483647
919	4	8	45	4595	2147483647
920	3	1	45	4600	2147483647
921	3	1	30	4605	2147483647
922	3	1	45	4610	2147483647
923	0	12	35	4615	2147483647
924	3	1	30	4620	2147483647
925	3	1	30	4625	2147483647
926	3	1	50	4630	2147483647
927	3	1	50	4635	2147483647
928	4	14	45	4640	2147483647
929	3	1	45	4645	2147483647
930	3	1	45	4650	2147483647
931	3	1	30	4655	2147483647
932	4	14	45	4660	2147483647
933	4	14	35	4665	2147483647
934	4	14	50	4670	2147483647
935	4	14	45	4675	2147483647
936	4	14	50	4680	2147483647
937	3	1	30	4685	2147483647
938	3	1	50	4690	2147483647
939	4	14	45	4695	2147483647
940	3	1	35	4700	2147483647
941	3	1	45	4705	2147483647
942	3	1	45	4710	2147483647
943	4	14	45	4715	2147483647
944	4	14	30	4720	2147483647
945	4	14	35	4725	2147483647
946	0	12	30	4730	2147483647
947	4	14	35	4735	2147483647
948	4	14	45	4740	2147483647
949	4	14	30	4745	2147483647
950	4	14	50	4750	2147483647
951	4	14	35	4755	2147483647
952	4	14	50	4760	2147483647
953	4	14	45	4765	2147483647
954	3	1	45	4770	2147483647
955	4	14	30	4775	2147483647
956	4	14	30	4780	2147483647
957	4	14	50	4785	2147483647
958	3	1	35	4790	2147483647
959	4	14	30	4795	2147483647
960	4	14	30	4800	2147483647
961	3	1	50	4805	2147483647
962	4	14	35	4810	2147483647
963	4	8	30	4815	2147483647
964	4	14	30	4820	2147483647
965	4	14	35	4825	2147483647
966	4	14	50	4830	2147483647
967	3	1	50	4835	2147483647
968	4	14	45	4840	2147483647
969	4	14	30	4845	2147483647
970	3	1	50	4850	2147483647
971	4	14	35	4855	2147483647
972	4	14	35	4860	2147483647
973	4	14	50	4865	2147483647
974	4	14	30	4870	2147483647
975	3	1	50	4875	2147483647
976	0	12	45	4880	2147483647
977	4	14	30	4885	2147483647
978	3	1	30	4890	2147483647
979	4	14	50	4895	2147483647
980	3	1	50	4900	2147483647
981	4	14	35	4905	2147483647
982	4	14	30	4910	2147483647
983	4	14	35	4915	2147483647
984	4	14	50	4920	2147483647
985	4	14	35	4925	2147483647
986	4	14	35	4930	2147483647
987	3	1	50	4935	2147483647
988	4	14	50	4940	2147483647
989	3	1	50	4945	2147483647
990	4	14	45	4950	2147483647
991	4	14	30	4955	2147483647
992	4	14	50	4960	2147483647
993	4	14	50	4965	2147483647
994	4	14	45	4970	2147483647
995	0	12	35	4975	2147483647
996	4	14	30	4980	2147483647
997	0	12	35	4985	2147483647
998	0	12	35	4990	2147483647
999	4	8	45	4995	2147483647
1000	4	8	45	5000	2147483647
1001	4	14	30	5005	2147483647
1002	4	14	50	5010	2147483647
1003	3	1	35	5015	2147483647
1004	4	14	30	5020	2147483647
1005	3	1	35	5025	2147483647
1006	4	14	30	5030	2147483647
1007	4	14	30	5035	2147483647
1008	4	14	45	5040	2147483647
1009	0	12	45	5045	2147483647
1010	4	14	35	5050	2147483647
1011	3	1	50	5055	2147483647
1012	4	14	45	5060	2147483647
1013	4	14	35	5065	2147483647
1014	3	1	30	5070	2147483647
1015	3	1	50	5075	2147483647
1016	4	14	50	5080	2147483647
1017	4	14	30	5085	2147483647
1018	4	14	30	5090	2147483647
1019	4	14	50	5095	2147483647
1020	3	1	30	5100	2147483647
1021	3	1	50	5105	2147483647
1022	4	14	50	5110	2147483647
1023	3	1	50	5115	2147483647
1024	4	14	35	5120	2147483647
1025	4	14	50	5125	2147483647
1026	4	14	45	5130	2147483647
1027	3	1	45	5135	2147483647
1028	0	12	30	5140	2147483647
1029	4	14	45	5145	2147483647
1030	4	14	45	5150	2147483647
1031	0	12	30	5155	2147483647
1032	4	14	50	5160	2147483647
1033	3	1	45	5165	2147483647
1034	4	14	35	5170	2147483647
1035	4	14	50	5175	2147483647
1036	4	14	45	5180	2147483647
1037	3	1	45	5185	2147483647
1038	3	1	30	5190	2147483647
1039	3	1	35	5195	2147483647
1040	4	14	35	5200	2147483647
1041	4	14	30	5205	2147483647
1042	4	14	35	5210	2147483647
1043	4	14	30	5215	2147483647
1044	4	14	35	5220	2147483647
1045	4	14	50	5225	2147483647
1046	0	12	35	5230	2147483647
1047	3	1	35	5235	2147483647
1048	3	1	45	5240	2147483647
1049	4	14	50	5245	2147483647
1050	4	14	45	5250	2147483647
1051	4	14	30	5255	2147483647
1052	3	1	30	5260	2147483647
1053	3	1	45	5265	2147483647
1054	4	14	45	5270	2147483647
1055	4	14	45	5275	2147483647
1056	4	14	35	5280	2147483647
1057	4	14	50	5285	2147483647
1058	4	14	30	5290	2147483647
1059	4	8	35	5295	2147483647
1060	4	14	50	5300	2147483647
1061	4	14	35	5305	2147483647
1062	4	14	50	5310	2147483647
1063	4	14	50	5315	2147483647
1064	4	14	30	5320	2147483647
1065	4	14	30	5325	2147483647
1066	3	1	30	5330	2147483647
1067	4	14	30	5335	2147483647
1068	4	14	50	5340	2147483647
1069	4	14	35	5345	2147483647
1070	4	14	30	5350	2147483647
1071	3	1	30	5355	2147483647
1072	3	1	50	5360	2147483647
1073	4	14	50	5365	2147483647
1074	3	1	45	5370	2147483647
1075	4	14	50	5375	2147483647
1076	4	14	45	5380	2147483647
1077	3	1	45	5385	2147483647
1078	4	14	35	5390	2147483647
1079	3	1	45	5395	2147483647
1080	4	14	45	5400	2147483647
1081	3	1	30	5405	2147483647
1082	0	12	30	5410	2147483647
1083	3	1	35	5415	2147483647
1084	4	14	50	5420	2147483647
1085	4	14	45	5425	2147483647
1086	4	14	50	5430	2147483647
1087	4	14	30	5435	2147483647
1088	3	1	50	5440	2147483647
1089	4	14	50	5445	2147483647
1090	4	14	35	5450	2147483647
1091	3	1	45	5455	2147483647
1092	4	14	45	5460	2147483647
1093	3	1	50	5465	2147483647
1094	3	1	35	5470	2147483647
1095	4	14	50	5475	2147483647
1096	4	14	35	5480	2147483647
1097	4	14	35	5485	2147483647
1098	4	14	30	5490	2147483647
1099	4	14	30	5495	2147483647
1100	3	1	45	5500	2147483647
1101	4	14	30	5505	2147483647
1102	3	1	35	5510	2147483647
1103	4	14	30	5515	2147483647
1104	4	8	45	5520	2147483647
1105	3	1	45	5525	2147483647
1106	4	14	35	5530	2147483647
1107	4	14	35	5535	2147483647
1108	4	14	30	5540	2147483647
1109	0	12	50	5545	2147483647
1110	3	1	50	5550	2147483647
1111	4	14	45	5555	2147483647
1112	4	14	45	5560	2147483647
1113	3	1	35	5565	2147483647
1114	4	14	45	5570	2147483647
1115	4	14	45	5575	2147483647
1116	4	14	35	5580	2147483647
1117	4	14	45	5585	2147483647
1118	3	1	30	5590	2147483647
1119	4	14	35	5595	2147483647
1120	4	8	30	5600	2147483647
1121	4	14	50	5605	2147483647
1122	3	1	35	5610	2147483647
1123	3	1	30	5615	2147483647
1124	4	8	30	5620	2147483647
1125	3	1	45	5625	2147483647
1126	3	1	35	5630	2147483647
1127	4	14	50	5635	2147483647
1128	3	1	35	5640	2147483647
1129	4	14	45	5645	2147483647
1130	4	14	45	5650	2147483647
1131	4	14	35	5655	2147483647
1132	4	14	45	5660	2147483647
1133	4	14	30	5665	2147483647
1134	4	14	50	5670	2147483647
1135	4	14	45	5675	2147483647
1136	4	14	45	5680	2147483647
1137	4	14	50	5685	2147483647
1138	3	1	45	5690	2147483647
1139	3	1	35	5695	2147483647
1140	4	14	30	5700	2147483647
1141	4	14	45	5705	2147483647
1142	0	12	30	5710	2147483647
1143	3	1	50	5715	2147483647
1144	4	14	50	5720	2147483647
1145	4	8	50	5725	2147483647
1146	3	1	30	5730	2147483647
1147	4	14	30	5735	2147483647
1148	4	14	35	5740	2147483647
1149	4	14	45	5745	2147483647
1150	3	1	35	5750	2147483647
1151	3	1	45	5755	2147483647
1152	4	14	30	5760	2147483647
1153	4	14	45	5765	2147483647
1154	4	14	50	5770	2147483647
1155	4	14	50	5775	2147483647
1156	3	1	45	5780	2147483647
1157	3	1	30	5785	2147483647
1158	4	14	30	5790	2147483647
1159	4	14	30	5795	2147483647
1160	4	14	30	5800	2147483647
1161	4	14	45	5805	2147483647
1162	4	14	50	5810	2147483647
1163	3	1	35	5815	2147483647
1164	4	8	35	5820	2147483647
1165	3	1	45	5825	2147483647
1166	4	8	30	5830	2147483647
1167	4	14	35	5835	2147483647
1168	3	1	35	5840	2147483647
1169	4	14	50	5845	2147483647
1170	4	14	50	5850	2147483647
1171	3	1	45	5855	2147483647
1172	3	1	50	5860	2147483647
1173	0	12	50	5865	2147483647
1174	3	1	35	5870	2147483647
1175	3	1	45	5875	2147483647
1176	4	14	45	5880	2147483647
1177	4	14	35	5885	2147483647
1178	3	1	35	5890	2147483647
1179	4	14	30	5895	2147483647
1180	4	14	45	5900	2147483647
1181	4	14	30	5905	2147483647
1182	3	1	35	5910	2147483647
1183	4	14	45	5915	2147483647
1184	3	1	35	5920	2147483647
1185	4	14	50	5925	2147483647
1186	3	1	30	5930	2147483647
1187	4	14	50	5935	2147483647
1188	0	12	35	5940	2147483647
1189	4	8	30	5945	2147483647
1190	4	14	50	5950	2147483647
1191	4	14	35	5955	2147483647
1192	4	8	50	5960	2147483647
1193	4	14	45	5965	2147483647
1194	4	14	30	5970	2147483647
1195	4	14	45	5975	2147483647
1196	4	14	45	5980	2147483647
1197	4	14	50	5985	2147483647
1198	3	1	45	5990	2147483647
1199	4	14	30	5995	2147483647
1200	0	12	45	6000	2147483647
1201	4	14	45	6005	2147483647
1202	4	14	45	6010	2147483647
1203	4	14	35	6015	2147483647
1204	4	14	45	6020	2147483647
1205	4	8	50	6025	2147483647
1206	0	12	50	6030	2147483647
1207	4	14	35	6035	2147483647
1208	4	14	35	6040	2147483647
1209	4	14	35	6045	2147483647
1210	3	1	30	6050	2147483647
1211	4	14	35	6055	2147483647
1212	4	14	50	6060	2147483647
1213	4	14	50	6065	2147483647
1214	4	14	45	6070	2147483647
1215	3	1	30	6075	2147483647
1216	4	14	30	6080	2147483647
1217	3	1	35	6085	2147483647
1218	4	14	50	6090	2147483647
1219	3	1	45	6095	2147483647
1220	4	8	35	6100	2147483647
1221	4	14	30	6105	2147483647
1222	4	14	30	6110	2147483647
1223	3	1	35	6115	2147483647
1224	3	1	50	6120	2147483647
1225	3	1	45	6125	2147483647
1226	4	8	45	6130	2147483647
1227	4	14	35	6135	2147483647
1228	4	14	45	6140	2147483647
1229	3	1	45	6145	2147483647
1230	4	14	50	6150	2147483647
1231	4	14	50	6155	2147483647
1232	4	14	50	6160	2147483647
1233	4	14	30	6165	2147483647
1234	4	14	35	6170	2147483647
1235	4	14	50	6175	2147483647
1236	3	1	35	6180	2147483647
1237	3	1	50	6185	2147483647
1238	4	14	50	6190	2147483647
1239	3	1	45	6195	2147483647
1240	4	14	50	6200	2147483647
1241	4	14	50	6205	2147483647
1242	4	14	45	6210	2147483647
1243	4	14	50	6215	2147483647
1244	4	14	30	6220	2147483647
1245	4	14	45	6225	2147483647
1246	4	14	45	6230	2147483647
1247	4	14	30	6235	2147483647
1248	4	14	50	6240	2147483647
1249	3	1	50	6245	2147483647
1250	3	1	45	6250	2147483647
1251	4	14	35	6255	2147483647
1252	4	14	30	6260	2147483647
1253	4	14	30	6265	2147483647
1254	3	1	45	6270	2147483647
1255	4	14	45	6275	2147483647
1256	4	14	45	6280	2147483647
1257	3	1	35	6285	2147483647
1258	4	14	45	6290	2147483647
1259	4	14	30	6295	2147483647
1260	0	12	30	6300	2147483647
1261	4	14	35	6305	2147483647
1262	0	12	45	6310	2147483647
1263	3	1	45	6315	2147483647
1264	0	12	35	6320	2147483647
1265	4	14	35	6325	2147483647
1266	4	14	35	6330	2147483647
1267	4	14	45	6335	2147483647
1268	4	14	35	6340	2147483647
1269	3	1	45	6345	2147483647
1270	4	14	45	6350	2147483647
1271	4	14	30	6355	2147483647
1272	4	14	35	6360	2147483647
1273	4	14	35	6365	2147483647
1274	4	14	45	6370	2147483647
1275	3	1	45	6375	2147483647
1276	4	14	45	6380	2147483647
1277	3	1	30	6385	2147483647
1278	4	14	35	6390	2147483647
1279	3	1	35	6395	2147483647
1280	3	1	50	6400	2147483647
1281	4	14	45	6405	2147483647
1282	4	14	35	6410	2147483647
1283	3	1	50	6415	2147483647
1284	4	8	30	6420	2147483647
1285	4	14	45	6425	2147483647
1286	4	14	50	6430	2147483647
1287	4	14	50	6435	2147483647
1288	4	14	45	6440	2147483647
1289	4	14	50	6445	2147483647
1290	4	14	35	6450	2147483647
1291	4	14	50	6455	2147483647
1292	4	14	35	6460	2147483647
1293	4	14	45	6465	2147483647
1294	3	1	35	6470	2147483647
1295	3	1	35	6475	2147483647
1296	4	14	30	6480	2147483647
1297	4	14	50	6485	2147483647
1298	4	14	45	6490	2147483647
1299	0	12	50	6495	2147483647
1300	0	12	30	6500	2147483647
1301	4	14	50	6505	2147483647
1302	3	1	45	6510	2147483647
1303	4	14	30	6515	2147483647
1304	4	14	35	6520	2147483647
1305	4	14	35	6525	2147483647
1306	4	14	30	6530	2147483647
1307	3	1	45	6535	2147483647
1308	4	14	35	6540	2147483647
1309	4	8	50	6545	2147483647
1310	4	14	50	6550	2147483647
1311	3	1	45	6555	2147483647
1312	4	14	30	6560	2147483647
1313	4	14	30	6565	2147483647
1314	4	14	35	6570	2147483647
1315	4	14	45	6575	2147483647
1316	4	14	30	6580	2147483647
1317	4	14	50	6585	2147483647
1318	3	1	35	6590	2147483647
1319	3	1	50	6595	2147483647
1320	4	14	45	6600	2147483647
1321	3	1	45	6605	2147483647
1322	4	14	30	6610	2147483647
1323	0	12	35	6615	2147483647
1324	3	1	35	6620	2147483647
1325	4	14	45	6625	2147483647
1326	4	8	45	6630	2147483647
1327	3	1	45	6635	2147483647
1328	4	14	50	6640	2147483647
1329	3	1	30	6645	2147483647
1330	4	14	45	6650	2147483647
1331	3	1	50	6655	2147483647
1332	4	14	45	6660	2147483647
1333	4	14	45	6665	2147483647
1334	3	1	30	6670	2147483647
1335	4	14	50	6675	2147483647
1336	3	1	50	6680	2147483647
1337	3	1	30	6685	2147483647
1338	4	14	35	6690	2147483647
1339	3	1	45	6695	2147483647
1340	3	1	45	6700	2147483647
1341	4	14	30	6705	2147483647
1342	3	1	35	6710	2147483647
1343	4	14	45	6715	2147483647
1344	4	14	30	6720	2147483647
1345	4	14	50	6725	2147483647
1346	3	1	50	6730	2147483647
1347	4	14	30	6735	2147483647
1348	3	1	35	6740	2147483647
1349	4	14	50	6745	2147483647
1350	4	14	35	6750	2147483647
1351	4	14	30	6755	2147483647
1352	3	1	35	6760	2147483647
1353	3	1	45	6765	2147483647
1354	3	1	35	6770	2147483647
1355	4	14	45	6775	2147483647
1356	4	14	50	6780	2147483647
1357	3	1	35	6785	2147483647
1358	3	1	50	6790	2147483647
1359	4	14	45	6795	2147483647
1360	4	14	50	6800	2147483647
1361	4	14	35	6805	2147483647
1362	4	14	50	6810	2147483647
1363	3	1	35	6815	2147483647
1364	4	14	35	6820	2147483647
1365	4	14	50	6825	2147483647
1366	3	1	50	6830	2147483647
1367	3	1	45	6835	2147483647
1368	3	1	30	6840	2147483647
1369	4	14	35	6845	2147483647
1370	3	1	50	6850	2147483647
1371	4	14	50	6855	2147483647
1372	3	1	35	6860	2147483647
1373	4	14	45	6865	2147483647
1374	4	14	35	6870	2147483647
1375	3	1	35	6875	2147483647
1376	4	8	35	6880	2147483647
1377	4	14	45	6885	2147483647
1378	3	1	30	6890	2147483647
1379	4	14	45	6895	2147483647
1380	4	14	50	6900	2147483647
1381	3	1	35	6905	2147483647
1382	4	14	35	6910	2147483647
1383	4	14	50	6915	2147483647
1384	4	14	45	6920	2147483647
1385	4	14	35	6925	2147483647
1386	0	12	35	6930	2147483647
1387	4	14	50	6935	2147483647
1388	3	1	30	6940	2147483647
1389	4	14	45	6945	2147483647
1390	4	8	30	6950	2147483647
1391	3	1	35	6955	2147483647
1392	4	14	35	6960	2147483647
1393	3	1	50	6965	2147483647
1394	4	14	50	6970	2147483647
1395	4	14	30	6975	2147483647
1396	4	14	30	6980	2147483647
1397	4	8	50	6985	2147483647
1398	0	12	30	6990	2147483647
1399	4	8	30	6995	2147483647
1400	3	1	50	7000	2147483647
1401	4	14	30	7005	2147483647
1402	4	14	30	7010	2147483647
1403	3	1	50	7015	2147483647
1404	3	1	30	7020	2147483647
1405	3	1	35	7025	2147483647
1406	4	14	50	7030	2147483647
1407	3	1	45	7035	2147483647
1408	4	14	35	7040	2147483647
1409	4	14	50	7045	2147483647
1410	4	14	30	7050	2147483647
1411	4	14	30	7055	2147483647
1412	4	14	35	7060	2147483647
1413	4	14	30	7065	2147483647
1414	4	14	50	7070	2147483647
1415	4	14	35	7075	2147483647
1416	4	14	30	7080	2147483647
1417	4	14	30	7085	2147483647
1418	4	14	45	7090	2147483647
1419	4	14	50	7095	2147483647
1420	4	14	45	7100	2147483647
1421	4	14	30	7105	2147483647
1422	0	12	35	7110	2147483647
1423	4	14	45	7115	2147483647
1424	4	14	30	7120	2147483647
1425	4	8	35	7125	2147483647
1426	4	14	45	7130	2147483647
1427	4	14	45	7135	2147483647
1428	3	1	45	7140	2147483647
1429	4	8	30	7145	2147483647
1430	3	1	35	7150	2147483647
1431	0	12	35	7155	2147483647
1432	4	14	35	7160	2147483647
1433	3	1	50	7165	2147483647
1434	4	14	50	7170	2147483647
1435	4	14	45	7175	2147483647
1436	4	14	35	7180	2147483647
1437	4	14	35	7185	2147483647
1438	4	14	50	7190	2147483647
1439	4	14	30	7195	2147483647
1440	3	1	45	7200	2147483647
1441	4	14	45	7205	2147483647
1442	4	14	35	7210	2147483647
1443	3	1	35	7215	2147483647
1444	4	14	35	7220	2147483647
1445	4	14	30	7225	2147483647
1446	4	14	30	7230	2147483647
1447	3	1	30	7235	2147483647
1448	4	14	50	7240	2147483647
1449	3	1	45	7245	2147483647
1450	3	1	30	7250	2147483647
1451	4	14	30	7255	2147483647
1452	4	14	35	7260	2147483647
1453	4	14	30	7265	2147483647
1454	4	14	45	7270	2147483647
1455	3	1	45	7275	2147483647
1456	4	14	50	7280	2147483647
1457	4	14	45	7285	2147483647
1458	3	1	50	7290	2147483647
1459	3	1	50	7295	2147483647
1460	3	1	50	7300	2147483647
1461	4	14	30	7305	2147483647
1462	4	14	30	7310	2147483647
1463	4	14	30	7315	2147483647
1464	4	14	35	7320	2147483647
1465	4	14	50	7325	2147483647
1466	4	14	50	7330	2147483647
1467	4	14	35	7335	2147483647
1468	3	1	30	7340	2147483647
1469	3	1	35	7345	2147483647
1470	4	14	50	7350	2147483647
1471	4	14	50	7355	2147483647
1472	4	14	30	7360	2147483647
1473	3	1	35	7365	2147483647
1474	3	1	35	7370	2147483647
1475	4	14	50	7375	2147483647
1476	4	14	45	7380	2147483647
1477	4	14	50	7385	2147483647
1478	0	12	30	7390	2147483647
1479	3	1	30	7395	2147483647
1480	4	14	30	7400	2147483647
1481	4	14	35	7405	2147483647
1482	4	14	45	7410	2147483647
1483	0	12	30	7415	2147483647
1484	4	14	30	7420	2147483647
1485	4	14	30	7425	2147483647
1486	4	14	30	7430	2147483647
1487	4	14	30	7435	2147483647
1488	4	14	30	7440	2147483647
1489	3	1	35	7445	2147483647
1490	4	14	45	7450	2147483647
1491	3	1	45	7455	2147483647
1492	3	1	35	7460	2147483647
1493	3	1	50	7465	2147483647
1494	3	1	35	7470	2147483647
1495	4	14	35	7475	2147483647
1496	4	14	45	7480	2147483647
1497	4	14	35	7485	2147483647
1498	4	14	50	7490	2147483647
1499	3	1	35	7495	2147483647
1500	0	12	30	7500	2147483647
1501	4	14	45	7505	2147483647
1502	0	12	30	7510	2147483647
1503	3	1	45	7515	2147483647
1504	4	14	45	7520	2147483647
1505	4	14	30	7525	2147483647
1506	4	14	50	7530	2147483647
1507	3	1	50	7535	2147483647
1508	0	12	50	7540	2147483647
1509	4	14	50	7545	2147483647
1510	4	14	50	7550	2147483647
1511	3	1	50	7555	2147483647
1512	4	14	35	7560	2147483647
1513	0	12	45	7565	2147483647
1514	4	14	45	7570	2147483647
1515	4	14	45	7575	2147483647
1516	3	1	45	7580	2147483647
1517	4	14	50	7585	2147483647
1518	4	14	50	7590	2147483647
1519	3	1	30	7595	2147483647
1520	0	12	50	7600	2147483647
1521	4	8	45	7605	2147483647
1522	4	14	30	7610	2147483647
1523	4	8	50	7615	2147483647
1524	3	1	45	7620	2147483647
1525	4	14	35	7625	2147483647
1526	4	14	35	7630	2147483647
1527	3	1	30	7635	2147483647
1528	0	12	30	7640	2147483647
1529	4	14	30	7645	2147483647
1530	4	14	30	7650	2147483647
1531	3	1	35	7655	2147483647
1532	4	14	30	7660	2147483647
1533	4	14	45	7665	2147483647
1534	3	1	50	7670	2147483647
1535	4	14	35	7675	2147483647
1536	4	14	35	7680	2147483647
1537	3	1	50	7685	2147483647
1538	4	14	35	7690	2147483647
1539	3	1	50	7695	2147483647
1540	4	14	35	7700	2147483647
1541	3	1	30	7705	2147483647
1542	4	14	35	7710	2147483647
1543	3	1	35	7715	2147483647
1544	4	14	35	7720	2147483647
1545	4	14	50	7725	2147483647
1546	4	14	30	7730	2147483647
1547	3	1	50	7735	2147483647
1548	4	14	35	7740	2147483647
1549	3	1	45	7745	2147483647
1550	3	1	45	7750	2147483647
1551	4	14	45	7755	2147483647
1552	4	14	35	7760	2147483647
1553	4	14	45	7765	2147483647
1554	3	1	45	7770	2147483647
1555	4	14	35	7775	2147483647
1556	3	1	45	7780	2147483647
1557	4	14	30	7785	2147483647
1558	4	14	30	7790	2147483647
1559	4	8	35	7795	2147483647
1560	4	14	50	7800	2147483647
1561	3	1	45	7805	2147483647
1562	3	1	45	7810	2147483647
1563	3	1	45	7815	2147483647
1564	4	14	45	7820	2147483647
1565	3	1	35	7825	2147483647
1566	3	1	50	7830	2147483647
1567	4	14	45	7835	2147483647
1568	4	14	50	7840	2147483647
1569	4	14	30	7845	2147483647
1570	3	1	35	7850	2147483647
1571	0	12	50	7855	2147483647
1572	4	14	45	7860	2147483647
1573	3	1	30	7865	2147483647
1574	3	1	50	7870	2147483647
1575	4	14	45	7875	2147483647
1576	4	14	35	7880	2147483647
1577	4	14	50	7885	2147483647
1578	4	14	45	7890	2147483647
1579	4	14	45	7895	2147483647
1580	4	14	30	7900	2147483647
1581	3	1	45	7905	2147483647
1582	4	14	50	7910	2147483647
1583	4	14	35	7915	2147483647
1584	4	14	45	7920	2147483647
1585	3	1	45	7925	2147483647
1586	4	14	30	7930	2147483647
1587	3	1	35	7935	2147483647
1588	4	14	30	7940	2147483647
1589	3	1	35	7945	2147483647
1590	4	14	50	7950	2147483647
1591	4	14	30	7955	2147483647
1592	3	1	45	7960	2147483647
1593	3	1	50	7965	2147483647
1594	4	14	30	7970	2147483647
1595	4	14	45	7975	2147483647
1596	4	14	35	7980	2147483647
1597	3	1	45	7985	2147483647
1598	4	14	50	7990	2147483647
1599	4	14	50	7995	2147483647
1600	3	1	50	8000	2147483647
1601	4	14	45	8005	2147483647
1602	4	14	30	8010	2147483647
1603	4	14	35	8015	2147483647
1604	3	1	35	8020	2147483647
1605	3	1	50	8025	2147483647
1606	3	1	30	8030	2147483647
1607	4	14	35	8035	2147483647
1608	4	14	50	8040	2147483647
1609	4	14	30	8045	2147483647
1610	4	14	30	8050	2147483647
1611	4	14	45	8055	2147483647
1612	4	14	45	8060	2147483647
1613	4	14	35	8065	2147483647
1614	3	1	35	8070	2147483647
1615	4	14	35	8075	2147483647
1616	4	14	50	8080	2147483647
1617	4	14	35	8085	2147483647
1618	4	14	30	8090	2147483647
1619	4	14	50	8095	2147483647
1620	4	14	35	8100	2147483647
1621	4	14	45	8105	2147483647
1622	3	1	45	8110	2147483647
1623	4	14	35	8115	2147483647
1624	4	14	30	8120	2147483647
1625	4	14	30	8125	2147483647
1626	4	14	30	8130	2147483647
1627	3	1	45	8135	2147483647
1628	4	14	30	8140	2147483647
1629	3	1	30	8145	2147483647
1630	4	14	30	8150	2147483647
1631	3	1	45	8155	2147483647
1632	4	14	50	8160	2147483647
1633	4	14	45	8165	2147483647
1634	4	14	50	8170	2147483647
1635	4	8	45	8175	2147483647
1636	4	14	35	8180	2147483647
1637	0	12	45	8185	2147483647
1638	4	14	30	8190	2147483647
1639	3	1	45	8195	2147483647
1640	4	14	45	8200	2147483647
1641	4	14	45	8205	2147483647
1642	4	14	35	8210	2147483647
1643	3	1	30	8215	2147483647
1644	4	14	35	8220	2147483647
1645	4	14	30	8225	2147483647
1646	4	8	45	8230	2147483647
1647	3	1	30	8235	2147483647
1648	3	1	45	8240	2147483647
1649	4	14	45	8245	2147483647
1650	4	14	50	8250	2147483647
1651	3	1	30	8255	2147483647
1652	4	14	45	8260	2147483647
1653	0	12	50	8265	2147483647
1654	4	14	35	8270	2147483647
1655	3	1	35	8275	2147483647
1656	4	14	50	8280	2147483647
1657	4	8	50	8285	2147483647
1658	3	1	30	8290	2147483647
1659	4	14	30	8295	2147483647
1660	4	14	50	8300	2147483647
1661	3	1	35	8305	2147483647
1662	4	14	35	8310	2147483647
1663	3	1	45	8315	2147483647
1664	4	14	50	8320	2147483647
1665	3	1	35	8325	2147483647
1666	4	14	50	8330	2147483647
1667	4	14	50	8335	2147483647
1668	3	1	45	8340	2147483647
1669	3	1	50	8345	2147483647
1670	4	14	50	8350	2147483647
1671	4	14	30	8355	2147483647
1672	3	1	30	8360	2147483647
1673	4	14	45	8365	2147483647
1674	4	14	35	8370	2147483647
1675	4	14	50	8375	2147483647
1676	0	12	30	8380	2147483647
1677	3	1	45	8385	2147483647
1678	4	14	50	8390	2147483647
1679	4	14	30	8395	2147483647
1680	4	14	35	8400	2147483647
1681	4	14	50	8405	2147483647
1682	0	12	30	8410	2147483647
1683	3	1	35	8415	2147483647
1684	4	14	30	8420	2147483647
1685	4	14	30	8425	2147483647
1686	4	14	30	8430	2147483647
1687	4	14	30	8435	2147483647
1688	3	1	30	8440	2147483647
1689	4	14	45	8445	2147483647
1690	4	14	45	8450	2147483647
1691	4	14	45	8455	2147483647
1692	4	14	45	8460	2147483647
1693	4	14	30	8465	2147483647
1694	4	14	50	8470	2147483647
1695	4	14	30	8475	2147483647
1696	3	1	35	8480	2147483647
1697	4	14	45	8485	2147483647
1698	4	14	35	8490	2147483647
1699	4	14	30	8495	2147483647
1700	4	14	35	8500	2147483647
1701	4	14	45	8505	2147483647
1702	0	12	45	8510	2147483647
1703	0	12	50	8515	2147483647
1704	4	14	45	8520	2147483647
1705	0	12	50	8525	2147483647
1706	3	1	30	8530	2147483647
1707	4	8	30	8535	2147483647
1708	3	1	35	8540	2147483647
1709	4	8	45	8545	2147483647
1710	3	1	30	8550	2147483647
1711	3	1	35	8555	2147483647
1712	4	14	50	8560	2147483647
1713	3	1	30	8565	2147483647
1714	3	1	45	8570	2147483647
1715	0	12	50	8575	2147483647
1716	3	1	35	8580	2147483647
1717	4	14	50	8585	2147483647
1718	3	1	45	8590	2147483647
1719	4	14	50	8595	2147483647
1720	4	14	30	8600	2147483647
1721	4	8	45	8605	2147483647
1722	4	14	50	8610	2147483647
1723	4	14	30	8615	2147483647
1724	4	14	30	8620	2147483647
1725	3	1	35	8625	2147483647
1726	4	14	45	8630	2147483647
1727	3	1	30	8635	2147483647
1728	4	8	45	8640	2147483647
1729	0	12	35	8645	2147483647
1730	4	14	45	8650	2147483647
1731	3	1	35	8655	2147483647
1732	4	14	30	8660	2147483647
1733	4	14	50	8665	2147483647
1734	3	1	45	8670	2147483647
1735	4	14	50	8675	2147483647
1736	4	14	30	8680	2147483647
1737	0	12	30	8685	2147483647
1738	4	14	50	8690	2147483647
1739	4	14	35	8695	2147483647
1740	4	14	50	8700	2147483647
1741	4	14	30	8705	2147483647
1742	4	14	45	8710	2147483647
1743	4	8	35	8715	2147483647
1744	4	14	35	8720	2147483647
1745	3	1	30	8725	2147483647
1746	3	1	50	8730	2147483647
1747	4	14	45	8735	2147483647
1748	4	14	35	8740	2147483647
1749	4	14	50	8745	2147483647
1750	4	14	50	8750	2147483647
1751	4	14	35	8755	2147483647
1752	4	14	30	8760	2147483647
1753	4	14	35	8765	2147483647
1754	3	1	50	8770	2147483647
1755	4	14	45	8775	2147483647
1756	0	12	50	8780	2147483647
1757	4	14	45	8785	2147483647
1758	4	14	45	8790	2147483647
1759	4	14	35	8795	2147483647
1760	3	1	30	8800	2147483647
1761	4	14	50	8805	2147483647
1762	0	12	35	8810	2147483647
1763	3	1	30	8815	2147483647
1764	4	14	30	8820	2147483647
1765	4	14	45	8825	2147483647
1766	4	14	30	8830	2147483647
1767	4	14	30	8835	2147483647
1768	4	14	35	8840	2147483647
1769	3	1	50	8845	2147483647
1770	4	14	50	8850	2147483647
1771	3	1	30	8855	2147483647
1772	0	12	30	8860	2147483647
1773	3	1	30	8865	2147483647
1774	3	1	50	8870	2147483647
1775	4	8	30	8875	2147483647
1776	4	14	50	8880	2147483647
1777	3	1	35	8885	2147483647
1778	3	1	50	8890	2147483647
1779	3	1	30	8895	2147483647
1780	3	1	35	8900	2147483647
1781	3	1	30	8905	2147483647
1782	4	14	50	8910	2147483647
1783	4	14	50	8915	2147483647
1784	4	14	35	8920	2147483647
1785	4	14	30	8925	2147483647
1786	4	14	35	8930	2147483647
1787	4	14	50	8935	2147483647
1788	4	14	50	8940	2147483647
1789	4	14	50	8945	2147483647
1790	4	14	50	8950	2147483647
1791	4	8	45	8955	2147483647
1792	4	14	45	8960	2147483647
1793	0	12	45	8965	2147483647
1794	4	14	35	8970	2147483647
1795	4	14	50	8975	2147483647
1796	4	14	45	8980	2147483647
1797	3	1	45	8985	2147483647
1798	3	1	30	8990	2147483647
1799	4	14	45	8995	2147483647
1800	4	14	50	9000	2147483647
1801	4	14	45	9005	2147483647
1802	4	14	30	9010	2147483647
1803	4	14	35	9015	2147483647
1804	4	14	30	9020	2147483647
1805	4	14	45	9025	2147483647
1806	4	14	35	9030	2147483647
1807	3	1	50	9035	2147483647
1808	4	14	45	9040	2147483647
1809	0	12	50	9045	2147483647
1810	4	14	50	9050	2147483647
1811	4	14	35	9055	2147483647
1812	3	1	50	9060	2147483647
1813	3	1	45	9065	2147483647
1814	3	1	50	9070	2147483647
1815	3	1	50	9075	2147483647
1816	4	14	30	9080	2147483647
1817	4	14	45	9085	2147483647
1818	4	14	45	9090	2147483647
1819	3	1	30	9095	2147483647
1820	3	1	35	9100	2147483647
1821	0	12	35	9105	2147483647
1822	4	14	30	9110	2147483647
1823	0	12	45	9115	2147483647
1824	3	1	50	9120	2147483647
1825	4	14	30	9125	2147483647
1826	4	14	45	9130	2147483647
1827	0	12	45	9135	2147483647
1828	4	14	50	9140	2147483647
1829	4	14	50	9145	2147483647
1830	4	14	35	9150	2147483647
1831	3	1	35	9155	2147483647
1832	0	12	30	9160	2147483647
1833	4	14	30	9165	2147483647
1834	4	14	30	9170	2147483647
1835	4	14	50	9175	2147483647
1836	4	14	50	9180	2147483647
1837	4	14	35	9185	2147483647
1838	4	14	45	9190	2147483647
1839	4	8	50	9195	2147483647
1840	4	14	50	9200	2147483647
1841	4	14	35	9205	2147483647
1842	0	12	30	9210	2147483647
1843	4	14	30	9215	2147483647
1844	4	14	30	9220	2147483647
1845	3	1	45	9225	2147483647
1846	4	14	50	9230	2147483647
1847	3	1	50	9235	2147483647
1848	4	14	45	9240	2147483647
1849	3	1	35	9245	2147483647
1850	3	1	50	9250	2147483647
1851	4	8	30	9255	2147483647
1852	4	14	50	9260	2147483647
1853	3	1	30	9265	2147483647
1854	3	1	30	9270	2147483647
1855	4	14	45	9275	2147483647
1856	4	14	35	9280	2147483647
1857	4	14	45	9285	2147483647
1858	4	14	35	9290	2147483647
1859	4	14	30	9295	2147483647
1860	4	14	30	9300	2147483647
1861	4	14	45	9305	2147483647
1862	3	1	50	9310	2147483647
1863	3	1	45	9315	2147483647
1864	4	14	35	9320	2147483647
1865	4	14	35	9325	2147483647
1866	4	14	30	9330	2147483647
1867	4	14	45	9335	2147483647
1868	4	14	45	9340	2147483647
1869	4	14	30	9345	2147483647
1870	4	14	50	9350	2147483647
1871	4	14	50	9355	2147483647
1872	4	14	50	9360	2147483647
1873	4	14	50	9365	2147483647
1874	4	14	30	9370	2147483647
1875	4	14	50	9375	2147483647
1876	0	12	35	9380	2147483647
1877	3	1	30	9385	2147483647
1878	4	8	35	9390	2147483647
1879	4	14	35	9395	2147483647
1880	4	14	30	9400	2147483647
1881	4	14	45	9405	2147483647
1882	3	1	50	9410	2147483647
1883	4	14	45	9415	2147483647
1884	3	1	30	9420	2147483647
1885	4	14	30	9425	2147483647
1886	4	14	45	9430	2147483647
1887	4	14	50	9435	2147483647
1888	3	1	50	9440	2147483647
1889	4	14	45	9445	2147483647
1890	0	12	35	9450	2147483647
1891	0	12	35	9455	2147483647
1892	3	1	30	9460	2147483647
1893	3	1	45	9465	2147483647
1894	3	1	45	9470	2147483647
1895	4	14	30	9475	2147483647
1896	3	1	35	9480	2147483647
1897	4	14	35	9485	2147483647
1898	3	1	45	9490	2147483647
1899	3	1	45	9495	2147483647
1900	4	14	35	9500	2147483647
1901	3	1	35	9505	2147483647
1902	3	1	35	9510	2147483647
1903	3	1	45	9515	2147483647
1904	4	14	35	9520	2147483647
1905	4	14	30	9525	2147483647
1906	3	1	35	9530	2147483647
1907	4	14	50	9535	2147483647
1908	4	14	30	9540	2147483647
1909	4	14	35	9545	2147483647
1910	4	14	30	9550	2147483647
1911	4	14	35	9555	2147483647
1912	4	14	30	9560	2147483647
1913	4	14	50	9565	2147483647
1914	4	14	50	9570	2147483647
1915	3	1	35	9575	2147483647
1916	4	14	50	9580	2147483647
1917	4	14	35	9585	2147483647
1918	4	14	45	9590	2147483647
1919	4	14	30	9595	2147483647
1920	4	14	50	9600	2147483647
1921	4	14	30	9605	2147483647
1922	3	1	45	9610	2147483647
1923	4	8	50	9615	2147483647
1924	4	14	45	9620	2147483647
1925	4	14	45	9625	2147483647
1926	3	1	50	9630	2147483647
1927	4	14	30	9635	2147483647
1928	4	14	30	9640	2147483647
1929	4	14	50	9645	2147483647
1930	4	14	35	9650	2147483647
1931	3	1	50	9655	2147483647
1932	4	14	35	9660	2147483647
1933	4	14	45	9665	2147483647
1934	3	1	30	9670	2147483647
1935	3	1	50	9675	2147483647
1936	3	1	35	9680	2147483647
1937	4	14	30	9685	2147483647
1938	4	14	35	9690	2147483647
1939	4	14	50	9695	2147483647
1940	3	1	50	9700	2147483647
1941	3	1	45	9705	2147483647
1942	0	12	50	9710	2147483647
1943	4	14	45	9715	2147483647
1944	3	1	35	9720	2147483647
1945	4	14	50	9725	2147483647
1946	4	14	30	9730	2147483647
1947	4	14	30	9735	2147483647
1948	3	1	50	9740	2147483647
1949	0	12	35	9745	2147483647
1950	3	1	35	9750	2147483647
1951	3	1	30	9755	2147483647
1952	4	14	45	9760	2147483647
1953	3	1	45	9765	2147483647
1954	4	14	50	9770	2147483647
1955	4	14	30	9775	2147483647
1956	4	8	45	9780	2147483647
1957	3	1	35	9785	2147483647
1958	4	14	50	9790	2147483647
1959	4	14	45	9795	2147483647
1960	3	1	35	9800	2147483647
1961	4	14	35	9805	2147483647
1962	3	1	45	9810	2147483647
1963	3	1	30	9815	2147483647
1964	3	1	50	9820	2147483647
1965	4	14	35	9825	2147483647
1966	4	14	50	9830	2147483647
1967	4	14	35	9835	2147483647
1968	3	1	50	9840	2147483647
1969	4	14	50	9845	2147483647
1970	4	14	30	9850	2147483647
1971	4	14	45	9855	2147483647
1972	4	14	50	9860	2147483647
1973	3	1	45	9865	2147483647
1974	4	14	35	9870	2147483647
1975	4	14	35	9875	2147483647
1976	4	14	35	9880	2147483647
1977	4	14	30	9885	2147483647
1978	4	14	45	9890	2147483647
1979	0	12	45	9895	2147483647
1980	3	1	35	9900	2147483647
1981	4	14	45	9905	2147483647
1982	3	1	30	9910	2147483647
1983	3	1	50	9915	2147483647
1984	4	14	45	9920	2147483647
1985	4	8	30	9925	2147483647
1986	3	1	30	9930	2147483647
1987	4	14	50	9935	2147483647
1988	4	8	50	9940	2147483647
1989	4	14	50	9945	2147483647
1990	3	1	30	9950	2147483647
1991	3	1	50	9955	2147483647
1992	3	1	35	9960	2147483647
1993	4	14	45	9965	2147483647
1994	4	14	45	9970	2147483647
1995	3	1	35	9975	2147483647
1996	4	14	50	9980	2147483647
1997	4	14	50	9985	2147483647
1998	4	14	45	9990	2147483647
1999	4	14	50	9995	2147483647
