0	3	1	45	0	9216
1	4	8	45	9	4413
2	4	14	50	18	2858
3	0	12	50	27	529
4	4	14	30	36	5618
5	4	14	35	45	2577
6	3	1	35	54	1755
7	3	1	30	63	3526
8	4	8	50	72	4627
9	4	14	50	81	2474
10	3	1	30	90	3322
11	4	14	35	99	17280
12	3	1	30	108	5333
13	4	14	50	117	1028
14	4	14	50	126	5490
15	4	8	45	135	4024
16	4	8	35	144	329
17	4	8	45	153	1323
18	0	12	50	162	978
19	4	8	30	171	2175
20	4	14	45	180	1815
21	3	1	35	189	2053
22	3	1	30	198	2967
23	4	14	50	207	1545
24	4	14	35	216	251
25	4	8	45	225	9091
26	4	14	50	234	1979
27	3	1	45	243	3431
28	4	14	50	252	3993
29	4	8	30	261	3615
30	0	12	35	270	16718
31	3	1	35	279	14009
32	3	1	45	288	1660
33	4	14	45	297	5310
34	4	14	30	306	437
35	4	8	45	315	10913
36	3	1	35	324	5735
37	4	8	50	333	412
38	4	14	35	342	10804
39	3	1	30	351	126
40	4	14	35	360	335
41	4	14	35	369	5808
42	4	14	45	378	791
43	4	14	45	387	1965
44	3	1	30	400	2681
45	3	1	45	409	1075
46	4	14	30	418	277
47	4	14	35	427	8888
48	4	8	35	436	3453
49	4	14	35	445	5419
50	4	8	45	454	1923
51	4	14	30	463	232
52	4	14	45	472	2777
53	3	1	30	481	5716
54	4	14	45	490	527
55	4	14	30	499	2762
56	4	14	45	508	624
57	4	14	50	517	843
58	4	8	45	526	260
59	4	14	35	535	7795
60	4	14	45	544	353
61	0	12	50	553	6044
62	3	1	35	562	12340
63	4	14	50	571	379
64	4	14	35	580	2589
65	4	14	45	589	3609
66	4	8	45	598	4164
67	4	14	45	607	6
68	4	14	45	616	525
69	3	1	35	625	6683
70	4	14	30	634	8247
71	0	12	35	643	15908
72	3	1	30	652	1715
73	4	14	50	661	822
74	4	8	45	670	1656
75	4	14	35	679	3653
76	4	14	50	688	1004
77	4	14	35	697	582
78	4	8	45	706	7135
79	4	8	50	715	6977
80	3	1	45	724	7086
81	4	14	35	733	2762
82	3	1	30	742	24303
83	0	12	45	751	8812
84	4	8	45	760	959
85	4	8	35	769	10540
86	4	14	45	778	2534
87	0	12	45	800	3463
88	4	14	50	808	3779
89	0	12	50	816	3714
90	3	1	50	824	6245
91	3	1	35	832	3389
92	4	14	35	840	141
93	0	12	50	848	313
94	3	1	35	856	11707
95	4	14	45	864	1432
96	4	8	30	872	6678
97	4	14	50	880	372
98	4	8	35	888	9701
99	4	14	45	896	8979
100	3	1	50	904	3554
101	4	8	35	912	270
102	4	8	50	920	5852
103	4	14	30	928	5815
104	0	12	30	936	8137
105	0	12	30	944	2046
106	3	1	30	952	4918
107	4	8	50	960	1510
108	4	8	45	968	2188
109	4	14	35	976	2975
110	0	12	35	984	1295
111	0	12	35	992	36
112	4	14	30	1000	1773
113	4	14	50	1008	1086
114	3	1	50	1016	112
115	4	8	30	1024	3526
116	4	14	45	1032	6086
117	3	1	50	1040	267
118	4	14	35	1048	8388
119	3	1	30	1056	3179
120	3	1	30	1064	534
121	0	12	30	1072	280
122	4	14	45	1080	1978
123	4	14	45	1088	2921
124	4	14	35	1096	87
125	3	1	50	1104	1434
126	4	8	50	1112	11706
127	3	1	30	1120	1278
128	3	1	35	1128	1095
129	3	1	50	1136	154
130	4	14	35	1144	6189
131	4	14	50	1152	570
132	3	1	30	1160	1014
133	3	1	30	1168	11120
134	4	14	50	1200	1079
135	4	8	30	1209	5783
136	4	14	45	1218	5240
137	3	1	30	1227	1052
138	0	12	35	1236	81
139	0	12	35	1245	6702
140	4	14	35	1254	997
141	3	1	50	1263	672
142	4	14	50	1272	687
143	4	8	45	1281	361
144	0	12	45	1290	1591
145	3	1	45	1299	6078
146	4	14	30	1308	960
147	4	14	45	1317	6379
148	3	1	30	1326	195
149	3	1	35	1335	1788
150	4	8	50	1344	2930
151	4	14	30	1353	5496
152	4	14	45	1362	951
153	4	14	30	1371	1805
154	4	8	35	1380	5861
155	3	1	45	1389	2944
156	3	1	50	1398	4498
157	3	1	35	1407	1152
158	4	14	45	1416	5459
159	4	14	35	1425	3356
160	4	14	30	1434	2420
161	4	14	50	1443	2277
162	4	14	35	1452	312
163	4	14	45	1461	1934
164	0	12	30	1470	5350
165	4	8	35	1479	620
166	4	14	35	1488	6147
167	4	8	50	1497	2179
168	0	12	50	1506	5
169	4	8	45	1515	1221
170	3	1	45	1524	7741
171	4	8	45	1533	3196
172	3	1	35	1542	181
173	4	14	50	1551	266
174	4	14	50	1560	1587
175	4	14	30	1569	14071
176	4	8	35	1578	9624
177	3	1	50	1587	1448
178	4	14	50	1600	843
179	3	1	50	1607	1100
180	4	14	45	1614	367
181	4	8	35	1621	647
182	4	14	50	1628	1023
183	0	12	30	1635	8446
184	4	8	50	1642	2924
185	4	14	30	1649	164
186	4	14	35	1656	10165
187	4	14	50	1663	7886
188	4	8	45	1670	740
189	3	1	35	1677	5026
190	4	14	35	1684	373
191	4	8	30	1691	2615
192	4	14	35	1698	2668
193	3	1	30	1705	2408
194	4	8	30	1712	1777
195	4	14	35	1719	6178
196	4	14	45	1726	332
197	0	12	30	1733	5955
198	0	12	45	1740	1716
199	4	14	30	1747	815
200	4	14	35	1754	22324
201	3	1	30	1761	6306
202	4	14	50	1768	6354
203	3	1	45	1775	6138
204	4	14	45	1782	2812
205	0	12	35	1789	13910
206	4	14	50	1796	4848
207	4	8	45	1803	637
208	4	14	35	1810	144
209	3	1	35	1817	6410
210	4	8	35	1824	3779
211	0	12	50	1831	1857
212	4	14	35	1838	248
213	3	1	50	1845	2805
214	0	12	45	1852	2616
215	4	14	50	1859	1453
216	0	12	30	1866	933
217	4	14	30	1873	873
218	3	1	50	1880	8006
219	3	1	30	1887	4779
220	4	8	50	1894	1006
221	4	14	35	1901	10317
222	4	14	30	1908	1156
223	4	14	35	1915	1346
224	3	1	35	1922	764
225	4	8	35	1929	1884
226	3	1	35	1936	262
227	0	12	35	1943	3587
228	3	1	50	1950	4890
229	4	8	35	1957	3114
230	4	8	35	1964	8854
231	0	12	30	1971	582
232	3	1	35	1978	12386
233	4	14	50	2000	22
234	3	1	45	2012	1120
235	4	8	35	2024	1395
236	4	8	35	2036	1745
237	3	1	35	2048	2328
238	4	8	35	2060	1873
239	4	8	45	2072	3189
240	4	8	35	2084	1648
241	4	14	50	2096	5946
242	4	8	35	2108	6976
243	4	14	35	2120	1850
244	4	8	30	2132	439
245	3	1	35	2144	5058
246	3	1	50	2156	2177
247	4	8	45	2168	16235
248	4	8	35	2180	14336
249	3	1	30	2192	222
250	4	14	30	2204	3454
251	4	14	35	2216	8600
252	4	14	35	2228	9609
253	4	14	45	2240	4218
254	3	1	35	2252	13084
255	0	12	50	2264	299
256	4	14	50	2276	3125
257	4	8	35	2288	2852
258	4	14	30	2300	3771
259	4	14	35	2312	553
260	4	14	50	2324	9441
261	4	14	45	2336	467
262	4	14	45	2348	2332
263	3	1	50	2360	2729
264	4	8	50	2400	9542
265	4	8	30	2409	2583
266	4	14	35	2418	2156
267	0	12	45	2427	224
268	0	12	35	2436	1203
269	4	14	35	2445	820
270	3	1	45	2454	12069
271	3	1	45	2463	5825
272	4	14	50	2472	6906
273	4	8	30	2481	1515
274	4	8	45	2490	1781
275	3	1	30	2499	2381
276	4	14	50	2508	416
277	0	12	50	2517	8507
278	3	1	35	2526	802
279	4	14	50	2535	2437
280	4	14	45	2544	12483
281	3	1	50	2553	336
282	4	14	50	2562	3869
283	0	12	45	2571	4215
284	3	1	30	2580	13146
285	3	1	30	2589	28
286	3	1	45	2598	1024
287	4	14	50	2607	1444
288	4	8	45	2616	178
289	3	1	45	2625	756
290	3	1	35	2634	5583
291	4	14	30	2643	7424
292	4	14	30	2652	7108
293	3	1	30	2661	1122
294	4	14	45	2670	4129
295	3	1	45	2679	1032
296	4	8	35	2688	1614
297	4	14	45	2697	1605
298	3	1	35	2706	2482
299	4	8	50	2715	3959
300	4	14	50	2724	1432
301	4	8	30	2733	1817
302	0	12	30	2742	5134
303	4	8	30	2751	6180
304	4	8	45	2760	435
305	4	8	45	2769	6674
306	0	12	45	2778	253
307	3	1	35	2800	3606
308	3	1	50	2807	1382
309	4	14	30	2814	2881
310	3	1	50	2821	14457
311	3	1	30	2828	4331
312	4	14	50	2835	1590
313	4	14	30	2842	669
314	4	14	50	2849	761
315	3	1	30	2856	6968
316	4	14	45	2863	2697
317	3	1	50	2870	6249
318	4	14	45	2877	3036
319	4	14	50	2884	9242
320	4	14	45	2891	1149
321	0	12	35	2898	482
322	4	14	30	2905	44
323	4	14	45	2912	366
324	3	1	50	2919	2270
325	3	1	45	2926	454
326	4	14	45	2933	10997
327	3	1	50	2940	3445
328	4	14	45	2947	4453
329	4	14	30	2954	566
330	3	1	45	2961	495
331	4	8	35	2968	5850
332	3	1	35	2975	2167
333	4	8	45	2982	3224
334	0	12	30	2989	675
335	3	1	35	2996	3573
336	4	8	45	3003	1771
337	3	1	45	3010	7163
338	4	14	30	3017	3179
339	3	1	45	3024	655
340	3	1	35	3031	11656
341	4	8	35	3038	3997
342	4	8	30	3045	43
343	4	8	35	3052	3020
344	4	8	45	3059	888
345	4	14	35	3066	381
346	0	12	30	3073	2898
347	4	14	50	3080	4516
348	3	1	30	3087	296
349	3	1	35	3094	6836
350	4	14	50	3101	5342
351	3	1	35	3108	3120
352	4	14	30	3115	6411
353	4	14	45	3122	3298
354	3	1	30	3129	1902
355	4	14	35	3136	829
356	3	1	30	3143	1747
357	3	1	35	3150	4037
358	4	14	35	3157	1744
359	4	14	30	3164	21781
360	3	1	50	3200	8332
361	4	14	50	3210	2646
362	4	14	45	3220	10229
363	4	14	50	3230	698
364	3	1	45	3240	2022
365	4	8	45	3250	916
366	0	12	45	3260	1113
367	4	14	35	3270	5962
368	4	14	30	3280	26908
369	4	8	35	3290	3495
370	0	12	45	3300	2517
371	3	1	30	3310	4283
372	4	14	50	3320	1108
373	3	1	50	3330	1917
374	3	1	35	3340	12409
375	3	1	30	3350	3848
376	4	14	35	3360	433
377	3	1	50	3370	2623
378	3	1	30	3380	8766
379	3	1	45	3390	1675
380	3	1	35	3400	3584
381	4	14	45	3410	1200
382	4	14	45	3420	2821
383	3	1	30	3430	7658
384	4	14	30	3440	2010
385	4	14	35	3450	3421
386	3	1	35	3460	13986
387	4	14	50	3470	7775
388	4	14	35	3480	768
389	4	8	45	3490	13767
390	0	12	30	3500	1080
391	4	14	30	3510	5124
392	4	14	30	3520	2612
393	4	8	30	3530	3218
394	0	12	50	3540	1289
395	4	14	45	3550	2477
396	3	1	45	3560	4943
397	4	8	35	3570	7608
398	4	14	50	3580	571
399	4	14	30	3590	20805
400	4	14	45	3600	7533
401	3	1	50	3609	5400
402	4	8	50	3618	4531
403	4	8	50	3627	2683
404	4	8	50	3636	1735
405	3	1	50	3645	332
406	4	14	35	3654	1425
407	0	12	30	3663	2163
408	3	1	30	3672	3730
409	0	12	30	3681	5717
410	4	14	30	3690	354
411	4	14	35	3699	8254
412	4	14	35	3708	5501
413	4	8	50	3717	45
414	3	1	45	3726	2069
415	3	1	35	3735	3829
416	0	12	35	3744	15265
417	3	1	45	3753	289
418	4	14	50	3762	5795
419	4	14	30	3771	6902
420	4	14	35	3780	1071
421	4	8	50	3789	1952
422	0	12	50	3798	3664
423	3	1	45	3807	125
424	4	8	35	3816	1697
425	4	8	35	3825	5462
426	3	1	50	3834	782
427	3	1	50	3843	4674
428	3	1	30	3852	444
429	4	14	50	3861	2719
430	0	12	45	3870	9568
431	4	14	50	3879	1160
432	4	14	30	3888	1709
433	4	14	30	3897	8969
434	4	14	50	3906	2727
435	0	12	45	3915	7616
436	4	14	50	3924	3483
437	3	1	50	3933	70
438	0	12	30	3942	2777
439	4	14	30	3951	1515
440	4	14	50	3960	1287
441	3	1	30	4000	3210
442	3	1	50	4009	1152
443	4	14	35	4018	2140
444	4	8	35	4027	8592
445	4	8	50	4036	1808
446	4	14	50	4045	14760
447	3	1	35	4054	2526
448	4	14	45	4063	644
449	3	1	35	4072	4309
450	4	14	30	4081	2644
451	0	12	50	4090	4081
452	3	1	45	4099	357
453	4	14	45	4108	1491
454	4	8	45	4117	5699
455	4	14	50	4126	2477
456	4	8	50	4135	607
457	4	14	30	4144	4166
458	0	12	35	4153	616
459	0	12	45	4162	3737
460	4	14	50	4171	9293
461	3	1	45	4180	3771
462	3	1	30	4189	1499
463	3	1	30	4198	480
464	0	12	45	4207	7641
465	3	1	35	4216	7154
466	0	12	35	4225	2979
467	4	8	35	4234	7681
468	3	1	50	4243	2911
469	3	1	50	4252	3219
470	4	14	35	4261	141
471	3	1	45	4270	12940
472	3	1	45	4279	3368
473	4	8	45	4288	2390
474	4	14	30	4297	3165
475	3	1	30	4306	4597
476	4	14	50	4315	584
477	3	1	35	4324	820
478	4	8	35	4333	638
479	0	12	45	4342	16102
480	3	1	45	4351	5874
481	0	12	45	4360	4942
482	4	14	30	4400	3109
483	4	8	45	4409	2359
484	4	8	50	4418	38
485	0	12	45	4427	1253
486	4	8	30	4436	727
487	4	14	35	4445	148
488	3	1	35	4454	576
489	4	14	30	4463	132
490	4	14	45	4472	4954
491	4	14	45	4481	10894
492	3	1	35	4490	8303
493	0	12	45	4499	8958
494	4	14	35	4508	2132
495	3	1	35	4517	4370
496	4	14	30	4526	1093
497	4	14	50	4535	590
498	4	14	50	4544	3305
499	4	14	50	4553	207
500	0	12	35	4562	7294
501	4	14	35	4571	518
502	4	14	45	4580	12089
503	3	1	45	4589	3625
504	3	1	50	4598	3921
505	0	12	45	4607	2961
506	4	14	35	4616	291
507	4	8	30	4625	4039
508	4	8	45	4634	5784
509	4	14	45	4643	317
510	4	14	50	4652	1577
511	4	14	35	4661	12432
512	3	1	50	4670	2769
513	4	14	50	4679	700
514	4	14	30	4688	7265
515	4	14	35	4697	856
516	4	14	35	4706	290
517	3	1	35	4715	8069
518	3	1	30	4724	437
519	4	14	30	4733	3497
520	4	8	35	4742	4392
521	4	8	50	4751	2682
522	4	14	30	4760	5079
523	3	1	50	4769	2650
524	4	14	30	4778	7396
525	0	12	50	4787	422
526	4	8	35	4800	360
527	3	1	50	4808	4504
528	3	1	35	4816	149
529	3	1	50	4824	8551
530	3	1	50	4832	2347
531	4	14	30	4840	26546
532	4	14	45	4848	3903
533	3	1	35	4856	408
534	4	14	30	4864	620
535	4	14	30	4872	4178
536	4	8	50	4880	5675
537	4	8	45	4888	11551
538	4	14	45	4896	6876
539	4	8	35	4904	2666
540	3	1	30	4912	886
541	4	14	30	4920	3025
542	4	14	45	4928	1270
543	4	14	45	4936	238
544	4	8	30	4944	4904
545	4	14	30	4952	5623
546	3	1	50	4960	2282
547	3	1	35	4968	5005
548	3	1	35	4976	231
549	4	8	50	4984	996
550	4	14	50	4992	3611
551	3	1	50	5000	1862
552	4	14	45	5008	136
553	4	14	50	5016	15542
554	4	14	45	5024	1938
555	4	14	35	5032	1722
556	4	14	35	5040	2059
557	3	1	50	5048	2515
558	4	14	35	5056	5600
559	3	1	30	5064	2974
560	4	14	30	5072	2297
561	3	1	45	5080	2007
562	4	14	50	5088	3656
563	4	14	50	5096	8561
564	3	1	50	5104	4003
565	4	14	50	5112	1585
566	4	14	50	5120	1614
567	0	12	35	5128	2060
568	0	12	50	5136	68
569	0	12	50	5144	838
570	3	1	35	5152	2281
571	3	1	50	5160	537
572	4	14	50	5168	189
573	4	8	50	5200	3838
574	3	1	50	5209	1938
575	4	8	30	5218	584
576	3	1	35	5227	976
577	4	14	45	5236	4329
578	3	1	45	5245	6018
579	4	14	50	5254	367
580	3	1	50	5263	4380
581	4	14	50	5272	1862
582	4	14	45	5281	3866
583	4	8	35	5290	6772
584	4	14	50	5299	1356
585	4	14	30	5308	297
586	4	8	45	5317	13418
587	4	8	50	5326	4128
588	3	1	50	5335	4993
589	0	12	45	5344	6313
590	4	14	50	5353	1128
591	4	14	30	5362	1376
592	3	1	30	5371	847
593	4	8	35	5380	1405
594	4	8	30	5389	203
595	0	12	45	5398	6522
596	0	12	35	5407	10720
597	4	14	50	5416	1974
598	3	1	50	5425	2216
599	4	8	35	5434	1908
600	4	14	35	5443	2197
601	3	1	35	5452	131
602	3	1	35	5461	4774
603	3	1	35	5470	8067
604	3	1	35	5479	6163
605	0	12	50	5488	2530
606	4	14	50	5497	1577
607	3	1	45	5506	2155
608	0	12	50	5515	3618
609	3	1	35	5524	1140
610	3	1	30	5533	571
611	4	14	50	5542	5407
612	4	14	30	5551	4671
613	4	8	35	5560	4382
614	4	14	35	5600	7837
615	4	8	35	5608	267
616	3	1	50	5616	5966
617	3	1	35	5624	6112
618	0	12	50	5632	3614
619	3	1	45	5640	3291
620	4	14	30	5648	1798
621	4	14	50	5656	4664
622	3	1	45	5664	4678
623	4	14	35	5672	1011
624	3	1	30	5680	11489
625	4	14	30	5688	619
626	4	8	50	5696	10929
627	3	1	35	5704	5545
628	0	12	50	5712	3351
629	3	1	35	5720	3469
630	4	8	50	5728	914
631	3	1	35	5736	7017
632	4	14	45	5744	1075
633	4	8	30	5752	2033
634	4	14	45	5760	4374
635	4	14	35	5768	4012
636	3	1	35	5776	4499
637	4	14	30	5784	5587
638	4	14	30	5792	122
639	4	14	50	5800	6832
640	0	12	30	5808	5476
641	4	14	50	5816	3180
642	4	8	30	5824	198
643	0	12	35	5832	2501
644	3	1	35	5840	4320
645	4	14	30	5848	2809
646	4	14	30	5856	3687
647	4	8	45	5864	2979
648	4	8	30	5872	2299
649	4	14	45	5880	16738
650	4	14	45	5888	118
651	3	1	50	5896	642
652	4	14	50	5904	6334
653	4	14	30	5912	8001
654	3	1	30	5920	69
655	4	8	45	5928	5301
656	0	12	50	5936	1678
657	3	1	30	5944	2566
658	4	14	35	5952	10281
659	4	14	30	6000	4111
660	4	14	30	6008	3052
661	3	1	45	6016	3431
662	3	1	45	6024	7567
663	3	1	35	6032	62
664	3	1	35	6040	178
665	4	14	45	6048	1462
666	3	1	30	6056	2816
667	4	14	30	6064	1372
668	3	1	50	6072	2
669	4	14	50	6080	1023
670	4	14	50	6088	1973
671	4	14	50	6096	90
672	4	14	35	6104	5590
673	3	1	30	6112	5985
674	3	1	35	6120	6751
675	4	14	35	6128	6721
676	3	1	50	6136	4087
677	3	1	30	6144	1017
678	3	1	50	6152	3310
679	4	14	30	6160	2311
680	4	14	30	6168	3117
681	4	14	30	6176	2108
682	4	8	30	6184	1500
683	0	12	30	6192	3495
684	4	14	50	6200	3200
685	4	14	30	6208	230
686	4	14	45	6216	131
687	4	14	35	6224	1854
688	4	14	30	6232	1920
689	3	1	30	6240	10679
690	4	14	45	6248	1372
691	4	14	35	6256	901
692	4	14	45	6264	7067
693	4	14	50	6272	1964
694	4	14	50	6280	1341
695	4	14	45	6288	744
696	3	1	35	6296	4805
697	4	14	50	6304	134
698	4	14	50	6312	2187
699	4	14	45	6320	1749
700	3	1	50	6328	27732
701	0	12	30	6336	1494
702	4	14	45	6344	2974
703	3	1	35	6352	949
704	0	12	50	6360	3618
705	0	12	45	6368	27
706	4	14	45	6376	2013
707	3	1	50	6400	75
708	3	1	45	6412	203
709	4	14	50	6424	910
710	4	14	45	6436	395
711	4	14	45	6448	503
712	4	14	35	6460	9660
713	4	8	30	6472	2651
714	4	14	30	6484	425
715	4	14	50	6496	529
716	4	8	35	6508	1221
717	3	1	45	6520	1240
718	4	14	35	6532	2499
719	4	14	35	6544	17566
720	3	1	30	6556	1280
721	4	14	45	6568	577
722	4	8	50	6580	9591
723	0	12	50	6592	289
724	0	12	30	6604	10953
725	4	14	45	6616	831
726	4	14	30	6628	858
727	4	14	35	6640	1815
728	4	14	35	6652	2701
729	4	14	50	6664	4146
730	3	1	30	6676	486
731	4	14	50	6688	3736
732	4	14	35	6700	6505
733	4	14	30	6712	936
734	4	8	35	6724	2318
735	4	14	30	6736	1042
736	4	8	45	6748	8656
737	4	14	50	6760	428
738	4	14	35	6800	17474
739	4	14	35	6809	3138
740	0	12	35	6818	4321
741	4	8	50	6827	54
742	4	8	45	6836	1550
743	4	14	30	6845	783
744	4	14	35	6854	7243
745	3	1	50	6863	756
746	4	14	30	6872	1376
747	3	1	45	6881	1689
748	0	12	45	6890	1353
749	4	14	50	6899	701
750	3	1	30	6908	9485
751	0	12	45	6917	2267
752	4	14	35	6926	3359
753	0	12	45	6935	2273
754	4	8	45	6944	334
755	4	14	30	6953	7995
756	4	14	30	6962	2061
757	4	14	50	6971	2425
758	4	8	30	6980	1292
759	4	8	35	6989	2094
760	0	12	35	6998	6722
761	4	14	30	7007	125
762	4	14	45	7016	2999
763	4	14	45	7025	2071
764	3	1	50	7034	373
765	4	14	45	7043	2671
766	4	14	35	7052	1512
767	4	8	30	7061	4842
768	0	12	50	7070	183
769	4	14	50	7079	8205
770	4	14	35	7088	1092
771	4	8	45	7097	705
772	3	1	30	7106	1309
773	4	14	30	7115	10151
774	4	14	30	7124	1584
775	0	12	35	7133	1207
776	3	1	50	7142	6708
777	4	8	50	7151	5256
778	4	8	45	7160	1063
779	4	14	30	7169	5759
780	4	14	45	7200	9070
781	3	1	45	7208	7551
782	4	14	50	7216	323
783	4	14	35	7224	1602
784	4	8	50	7232	5368
785	4	8	35	7240	4579
786	0	12	45	7248	158
787	4	14	45	7256	1846
788	3	1	45	7264	549
789	3	1	30	7272	3425
790	0	12	30	7280	7011
791	4	14	45	7288	2251
792	4	14	45	7296	6981
793	4	14	50	7304	3466
794	4	14	50	7312	5237
795	3	1	30	7320	3974
796	4	14	35	7328	2661
797	3	1	50	7336	9962
798	3	1	30	7344	371
799	0	12	45	7352	1718
800	3	1	45	7360	7793
801	4	14	50	7368	3558
802	3	1	45	7376	1425
803	4	8	50	7384	2149
804	4	8	35	7392	10203
805	4	8	35	7400	5466
806	4	14	45	7408	666
807	4	14	35	7416	4168
808	3	1	35	7424	450
809	4	8	30	7432	6853
810	3	1	35	7440	211
811	4	14	30	7448	4452
812	3	1	35	7456	1000
813	3	1	50	7464	2877
814	4	8	50	7472	2863
815	3	1	50	7480	13425
816	4	14	35	7488	12239
817	4	14	30	7496	879
818	4	14	50	7504	4381
819	4	8	45	7512	2092
820	4	14	30	7520	2379
821	4	8	45	7528	11603
822	4	14	35	7536	3409
823	3	1	50	7544	2534
824	4	14	45	7552	182
825	4	14	45	7560	6610
826	4	14	30	7568	1639
827	4	14	30	7576	4810
828	4	8	30	7600	847
829	3	1	30	7608	4781
830	3	1	30	7616	5958
831	4	14	50	7624	9052
832	4	14	45	7632	4114
833	4	8	50	7640	8620
834	3	1	45	7648	9439
835	4	8	45	7656	1468
836	0	12	50	7664	3183
837	4	14	50	7672	4338
838	4	14	30	7680	2098
839	4	14	45	7688	20244
840	4	14	45	7696	3005
841	4	8	30	7704	1987
842	4	8	35	7712	1222
843	4	8	35	7720	1476
844	4	8	45	7728	2968
845	3	1	30	7736	674
846	4	8	35	7744	939
847	0	12	45	7752	1498
848	4	14	30	7760	283
849	4	8	30	7768	5790
850	3	1	45	7776	4515
851	4	14	30	7784	1361
852	4	14	30	7792	1159
853	3	1	45	7800	4576
854	3	1	35	7808	9248
855	4	8	30	7816	9742
856	0	12	45	7824	63
857	4	14	50	7832	7097
858	3	1	30	7840	1854
859	4	8	45	7848	482
860	4	14	35	7856	2102
861	0	12	35	7864	2419
862	3	1	35	7872	2437
863	0	12	35	7880	2104
864	4	14	30	7888	184
865	3	1	35	7896	675
866	4	14	35	7904	117
867	4	8	35	7912	1644
868	4	8	35	7920	3740
869	4	14	30	7928	912
870	3	1	50	7936	2153
871	4	8	35	7944	1376
872	4	8	50	7952	6228
873	4	14	35	7960	4457
874	3	1	50	7968	8446
875	3	1	30	7976	234
876	4	14	30	8000	4579
877	3	1	50	8011	1230
878	3	1	30	8022	11634
879	3	1	45	8033	8808
880	4	14	35	8044	3657
881	3	1	35	8055	96
882	0	12	30	8066	3989
883	4	8	50	8077	2221
884	4	14	35	8088	83
885	3	1	50	8099	2662
886	0	12	50	8110	4135
887	3	1	30	8121	12973
888	4	14	45	8132	16337
889	4	8	35	8143	19914
890	4	8	30	8154	1379
891	4	8	30	8165	5069
892	4	8	50	8176	1375
893	3	1	35	8187	1396
894	4	8	30	8198	3516
895	4	14	35	8209	309
896	3	1	45	8220	10948
897	4	8	50	8231	7702
898	3	1	30	8242	1223
899	4	14	35	8253	1838
900	3	1	45	8264	539
901	4	8	30	8275	8226
902	4	14	30	8286	4883
903	4	14	30	8297	7994
904	4	14	35	8308	1714
905	4	8	30	8319	1947
906	4	14	30	8330	2766
907	0	12	50	8341	3467
908	4	14	45	8352	6489
909	4	14	30	8363	7434
910	4	8	50	8374	1049
911	3	1	45	8385	5557
912	4	14	45	8400	8649
913	4	14	35	8408	2627
914	3	1	35	8416	2889
915	0	12	30	8424	1945
916	0	12	35	8432	6921
917	3	1	45	8440	122
918	4	8	50	8448	1966
919	3	1	35	8456	3275
920	3	1	45	8464	2862
921	4	14	35	8472	281
922	4	8	50	8480	1747
923	4	14	30	8488	3810
924	4	14	30	8496	9737
925	3	1	50	8504	4788
926	4	14	45	8512	0
927	4	14	45	8520	2729
928	3	1	30	8528	364
929	4	14	35	8536	6529
930	4	14	35	8544	518
931	4	14	35	8552	7030
932	4	8	45	8560	5
933	4	14	50	8568	3441
934	4	14	30	8576	5761
935	3	1	30	8584	5194
936	4	14	30	8592	1535
937	3	1	50	8600	5820
938	3	1	45	8608	322
939	3	1	30	8616	4034
940	4	14	45	8624	17315
941	0	12	50	8632	267
942	3	1	35	8640	689
943	4	14	35	8648	598
944	0	12	45	8656	5748
945	3	1	45	8664	3113
946	3	1	35	8672	7169
947	3	1	35	8680	6633
948	4	14	30	8688	6061
949	4	8	30	8696	891
950	4	14	30	8704	1159
951	4	8	30	8712	9417
952	0	12	50	8720	2508
953	4	14	50	8728	4874
954	4	8	45	8736	7791
955	4	14	30	8744	239
956	4	14	30	8752	2920
957	4	14	30	8760	380
958	4	14	50	8768	12157
959	3	1	35	8776	4206
960	3	1	45	8784	1947
961	4	14	45	8800	18
962	4	14	50	8811	2713
963	4	8	30	8822	24942
964	0	12	50	8833	5128
965	3	1	45	8844	2064
966	3	1	50	8855	5536
967	4	14	50	8866	1472
968	4	14	30	8877	5068
969	4	14	30	8888	6190
970	3	1	50	8899	274
971	4	14	35	8910	231
972	4	14	30	8921	12197
973	3	1	50	8932	5594
974	3	1	45	8943	3397
975	3	1	50	8954	2365
976	3	1	50	8965	9615
977	3	1	45	8976	967
978	4	14	35	8987	7640
979	4	8	45	8998	1857
980	4	14	45	9009	7993
981	3	1	30	9020	845
982	0	12	45	9031	5011
983	4	8	50	9042	8734
984	4	8	35	9053	3219
985	4	14	35	9064	976
986	4	14	35	9075	1795
987	4	8	50	9086	1409
988	3	1	30	9097	5085
989	4	8	50	9108	4882
990	4	14	30	9119	937
991	4	14	50	9130	1035
992	3	1	50	9141	6738
993	4	8	30	9152	2227
994	4	8	45	9163	1149
995	0	12	50	9174	16108
996	3	1	30	9185	3395
997	4	8	30	9200	699
998	4	14	45	9212	2154
999	4	14	50	9224	1780
1000	4	8	50	9236	6269
1001	4	14	35	9248	2981
1002	3	1	35	9260	382
1003	4	14	50	9272	19857
1004	4	14	30	9284	572
1005	4	14	45	9296	870
1006	4	8	30	9308	12183
1007	3	1	30	9320	4990
1008	3	1	30	9332	566
1009	4	14	50	9344	2117
1010	3	1	35	9356	643
1011	3	1	45	9368	1445
1012	0	12	45	9380	1091
1013	3	1	35	9392	3476
1014	3	1	50	9404	6170
1015	4	14	35	9416	867
1016	4	14	30	9428	1371
1017	3	1	50	9440	3717
1018	4	14	50	9452	2356
1019	3	1	35	9464	2820
1020	4	14	30	9476	169
1021	4	8	50	9488	2409
1022	3	1	45	9500	3551
1023	4	14	35	9512	53
1024	4	8	30	9524	3453
1025	4	14	50	9536	7287
1026	0	12	35	9548	1106
1027	4	14	50	9560	2983
1028	3	1	30	9600	2799
1029	3	1	50	9607	3567
1030	4	14	45	9614	8294
1031	0	12	50	9621	5533
1032	3	1	30	9628	6405
1033	4	8	35	9635	2714
1034	4	8	50	9642	3471
1035	4	8	30	9649	1655
1036	4	8	50	9656	418
1037	4	8	45	9663	5110
1038	3	1	50	9670	5610
1039	4	8	45	9677	1768
1040	3	1	35	9684	1226
1041	4	8	30	9691	4186
1042	4	14	45	9698	720
1043	3	1	35	9705	1475
1044	4	14	45	9712	3251
1045	4	8	35	9719	9447
1046	4	14	30	9726	18149
1047	0	12	35	9733	1065
1048	4	14	30	9740	4095
1049	3	1	35	9747	225
1050	4	8	50	9754	4708
1051	0	12	35	9761	13630
1052	3	1	35	9768	5023
1053	3	1	30	9775	9655
1054	0	12	50	9782	1528
1055	4	14	50	9789	1655
1056	4	8	50	9796	11060
1057	4	14	50	9803	324
1058	3	1	50	9810	2142
1059	4	14	35	9817	1398
1060	4	14	35	9824	12310
1061	3	1	30	9831	2225
1062	0	12	30	9838	940
1063	0	12	35	9845	3123
1064	4	14	35	9852	3078
1065	3	1	45	9859	2038
1066	4	14	45	9866	2811
1067	4	14	30	9873	5482
1068	3	1	45	9880	2
1069	3	1	45	9887	2370
1070	3	1	45	9894	402
1071	4	14	35	9901	3366
1072	4	14	50	9908	7620
1073	4	14	30	9915	367
1074	4	14	50	9922	1107
1075	3	1	30	9929	1995
1076	4	14	30	9936	1356
1077	4	14	35	9943	1313
1078	4	14	45	9950	2442
1079	4	8	45	9957	4465
1080	4	8	50	9964	7561
1081	0	12	50	10000	31
1082	4	8	45	10010	8648
1083	4	14	50	10020	2380
1084	3	1	50	10030	9141
1085	4	14	35	10040	9517
1086	4	14	35	10050	138
1087	4	8	50	10060	8752
1088	4	8	45	10070	769
1089	3	1	50	10080	1104
1090	0	12	35	10090	2056
1091	3	1	50	10100	86
1092	4	14	50	10110	1464
1093	3	1	45	10120	2456
1094	3	1	35	10130	2065
1095	4	14	35	10140	7263
1096	4	8	30	10150	2314
1097	4	14	35	10160	3900
1098	4	14	50	10170	5908
1099	3	1	30	10180	683
1100	4	8	50	10190	2049
1101	4	14	50	10200	1114
1102	4	14	45	10210	1062
1103	4	8	45	10220	860
1104	4	14	45	10230	12790
1105	3	1	45	10240	524
1106	3	1	35	10250	491
1107	4	14	30	10260	3947
1108	3	1	35	10270	4417
1109	4	14	45	10280	10357
1110	4	8	45	10290	210
1111	4	8	35	10300	4281
1112	4	14	30	10310	3879
1113	3	1	30	10320	5421
1114	4	14	35	10330	2363
1115	4	14	35	10340	11688
1116	3	1	35	10350	3122
1117	0	12	35	10360	5725
1118	4	14	45	10370	4127
1119	0	12	30	10380	3970
1120	4	14	30	10400	1817
1121	4	14	50	10414	3838
1122	4	14	35	10428	3384
1123	4	14	50	10442	5697
1124	3	1	35	10456	185
1125	0	12	45	10470	308
1126	4	14	35	10484	1217
1127	4	8	35	10498	1992
1128	4	8	50	10512	4614
1129	0	12	45	10526	2074
1130	4	8	30	10540	12263
1131	4	14	50	10554	4371
1132	3	1	35	10568	2838
1133	4	14	45	10582	1426
1134	4	14	50	10596	1267
1135	3	1	50	10610	3722
1136	3	1	30	10624	5955
1137	4	14	30	10638	4702
1138	4	8	30	10652	2688
1139	4	14	30	10666	5974
1140	3	1	50	10680	6275
1141	4	8	30	10694	2088
1142	4	14	45	10708	990
1143	3	1	30	10722	1151
1144	4	8	35	10736	842
1145	4	14	30	10750	5463
1146	4	14	45	10764	2047
1147	4	8	45	10800	3324
1148	4	14	30	10810	51
1149	3	1	30	10820	2444
1150	3	1	30	10830	1400
1151	4	8	45	10840	4536
1152	4	14	45	10850	15489
1153	4	14	50	10860	614
1154	4	14	30	10870	6278
1155	3	1	30	10880	6130
1156	4	8	35	10890	4462
1157	4	14	50	10900	2570
1158	4	14	30	10910	642
1159	4	14	30	10920	8649
1160	3	1	30	10930	7876
1161	0	12	50	10940	5141
1162	3	1	35	10950	11443
1163	3	1	45	10960	1226
1164	3	1	45	10970	14237
1165	4	8	45	10980	1954
1166	4	14	50	10990	644
1167	4	14	45	11000	1548
1168	3	1	35	11010	2543
1169	3	1	45	11020	7339
1170	3	1	30	11030	753
1171	3	1	30	11040	7602
1172	4	14	30	11050	1268
1173	4	14	35	11060	8108
1174	3	1	30	11070	7272
1175	3	1	50	11080	12718
1176	4	8	30	11090	2027
1177	0	12	35	11100	1547
1178	4	14	35	11110	3370
1179	3	1	35	11120	1428
1180	4	8	30	11130	4478
1181	4	14	45	11140	4789
1182	3	1	35	11150	1908
1183	4	14	50	11160	1031
1184	3	1	45	11170	462
1185	4	14	35	11180	1286
1186	0	12	30	11200	4627
1187	4	14	45	11209	1821
1188	4	14	45	11218	2837
1189	3	1	50	11227	2674
1190	4	8	35	11236	10836
1191	4	14	35	11245	1428
1192	4	14	30	11254	3132
1193	3	1	30	11263	3709
1194	4	8	30	11272	9860
1195	3	1	50	11281	282
1196	4	14	50	11290	2494
1197	4	8	50	11299	12426
1198	0	12	35	11308	1306
1199	4	14	45	11317	6507
1200	0	12	30	11326	3624
1201	4	14	50	11335	332
1202	4	14	35	11344	394
1203	4	8	35	11353	757
1204	4	8	50	11362	1344
1205	4	14	50	11371	2354
1206	4	8	35	11380	2087
1207	0	12	35	11389	470
1208	4	8	50	11398	1453
1209	4	8	30	11407	7170
1210	4	8	50	11416	1953
1211	0	12	50	11425	1732
1212	4	14	45	11434	9401
1213	3	1	50	11443	7535
1214	4	14	30	11452	949
1215	4	14	35	11461	708
1216	3	1	35	11470	1686
1217	4	14	45	11479	5027
1218	4	14	30	11488	673
1219	3	1	35	11497	4768
1220	4	8	35	11506	4828
1221	4	8	35	11515	6112
1222	0	12	30	11524	6703
1223	4	14	35	11533	16291
1224	4	8	35	11542	9499
1225	4	14	50	11551	8204
1226	4	14	30	11560	1469
1227	4	14	30	11569	4401
1228	4	14	30	11578	12253
1229	4	14	30	11600	5868
1230	4	14	30	11610	2727
1231	4	14	35	11620	2336
1232	0	12	30	11630	172
1233	4	14	45	11640	5808
1234	3	1	30	11650	4875
1235	4	8	30	11660	3604
1236	4	14	35	11670	3706
1237	3	1	30	11680	927
1238	4	14	50	11690	11381
1239	4	14	45	11700	4364
1240	4	14	50	11710	8115
1241	4	14	50	11720	3419
1242	3	1	45	11730	252
1243	4	14	35	11740	4490
1244	3	1	30	11750	426
1245	4	8	35	11760	3488
1246	4	14	45	11770	2014
1247	3	1	30	11780	4749
1248	4	14	30	11790	1997
1249	3	1	45	11800	5586
1250	0	12	35	11810	5153
1251	4	8	30	11820	5522
1252	4	8	50	11830	6444
1253	3	1	50	11840	3490
1254	4	14	30	11850	432
1255	4	14	50	11860	6703
1256	4	14	50	11870	1241
1257	4	14	50	11880	470
1258	4	14	50	11890	1234
1259	3	1	50	11900	2137
1260	4	8	50	11910	591
1261	4	14	35	11920	5377
1262	3	1	30	11930	686
1263	3	1	45	11940	3065
1264	3	1	30	11950	1656
1265	4	8	35	11960	11525
1266	0	12	50	12000	1480
1267	0	12	50	12010	597
1268	4	8	45	12020	619
1269	3	1	30	12030	3843
1270	4	14	30	12040	3268
1271	4	8	35	12050	589
1272	4	14	45	12060	5941
1273	4	8	35	12070	2698
1274	4	14	45	12080	7039
1275	4	8	45	12090	540
1276	4	14	45	12100	5119
1277	4	8	50	12110	595
1278	3	1	35	12120	8539
1279	4	8	30	12130	1572
1280	4	14	30	12140	2582
1281	4	8	50	12150	3792
1282	0	12	30	12160	1282
1283	4	8	35	12170	896
1284	4	14	45	12180	184
1285	4	14	50	12190	5478
1286	4	14	45	12200	4109
1287	3	1	30	12210	2464
1288	0	12	35	12220	4355
1289	3	1	35	12230	8886
1290	4	8	30	12240	1584
1291	4	14	35	12250	2718
1292	3	1	30	12260	11352
1293	4	8	50	12270	3002
1294	3	1	45	12280	2992
1295	4	8	35	12290	553
1296	3	1	45	12300	2158
1297	4	8	30	12310	2985
1298	3	1	30	12320	1634
1299	0	12	45	12330	684
1300	0	12	35	12340	1272
1301	4	14	50	12350	1188
1302	4	8	45	12360	3207
1303	0	12	50	12370	5976
1304	4	14	45	12380	864
1305	4	14	30	12400	3539
1306	4	8	35	12412	14753
1307	4	14	35	12424	1482
1308	4	14	35	12436	5613
1309	3	1	45	12448	14951
1310	4	8	30	12460	381
1311	4	14	30	12472	550
1312	3	1	45	12484	1041
1313	4	14	50	12496	11281
1314	3	1	50	12508	11139
1315	0	12	30	12520	2977
1316	3	1	30	12532	2502
1317	3	1	45	12544	12580
1318	3	1	50	12556	2694
1319	4	14	35	12568	3598
1320	3	1	50	12580	1437
1321	3	1	45	12592	7570
1322	4	14	35	12604	2579
1323	4	14	35	12616	1161
1324	4	8	50	12628	1372
1325	4	14	50	12640	269
1326	4	14	30	12652	870
1327	4	14	50	12664	1127
1328	4	14	50	12676	13296
1329	4	14	30	12688	4799
1330	4	14	30	12700	4941
1331	3	1	45	12712	872
1332	4	14	45	12724	6493
1333	3	1	50	12736	5155
1334	0	12	45	12748	215
1335	0	12	35	12760	987
1336	0	12	35	12772	251
1337	4	14	30	12784	2761
1338	3	1	50	12800	25
1339	4	14	45	12808	2449
1340	3	1	35	12816	5892
1341	4	14	35	12824	1616
1342	4	14	50	12832	4893
1343	3	1	50	12840	4649
1344	4	8	30	12848	6449
1345	4	14	30	12856	885
1346	3	1	50	12864	1226
1347	4	14	35	12872	4
1348	4	14	30	12880	3562
1349	3	1	45	12888	7
1350	3	1	35	12896	4363
1351	4	8	50	12904	2465
1352	4	14	30	12912	145
1353	3	1	50	12920	5422
1354	3	1	50	12928	7735
1355	3	1	50	12936	2201
1356	4	14	45	12944	6086
1357	3	1	30	12952	1423
1358	4	14	30	12960	2655
1359	4	14	50	12968	553
1360	4	8	50	12976	1987
1361	3	1	45	12984	5227
1362	0	12	35	12992	1696
1363	0	12	35	13000	228
1364	4	14	35	13008	1241
1365	4	14	45	13016	9014
1366	4	14	35	13024	1576
1367	4	14	50	13032	2810
1368	4	14	30	13040	8753
1369	3	1	35	13048	5084
1370	0	12	50	13056	2493
1371	4	14	50	13064	13573
1372	4	14	50	13072	12024
1373	3	1	35	13080	130
1374	3	1	50	13088	6914
1375	4	14	45	13096	13956
1376	4	14	45	13104	619
1377	3	1	35	13112	6205
1378	3	1	35	13120	2401
1379	4	14	50	13128	385
1380	3	1	30	13136	6456
1381	0	12	50	13144	865
1382	4	8	45	13152	4269
1383	4	14	30	13160	13104
1384	4	8	45	13168	141
1385	4	14	35	13176	1146
1386	4	14	35	13184	698
1387	3	1	50	13200	249
1388	4	14	50	13211	8130
1389	4	14	45	13222	3969
1390	0	12	50	13233	2298
1391	3	1	30	13244	5734
1392	4	8	30	13255	54
1393	4	14	30	13266	8388
1394	4	14	45	13277	274
1395	4	8	50	13288	169
1396	4	14	50	13299	17296
1397	4	14	45	13310	4202
1398	4	14	45	13321	2181
1399	3	1	35	13332	9440
1400	4	14	45	13343	8248
1401	4	14	30	13354	5697
1402	4	14	30	13365	480
1403	0	12	45	13376	8164
1404	3	1	50	13387	3087
1405	4	14	35	13398	4785
1406	3	1	30	13409	2849
1407	4	8	45	13420	14
1408	4	8	50	13431	10088
1409	4	14	35	13442	8684
1410	4	14	30	13453	1312
1411	3	1	30	13464	20217
1412	4	14	50	13475	7536
1413	4	8	35	13486	1999
1414	3	1	50	13497	1591
1415	4	8	30	13508	878
1416	4	8	50	13519	304
1417	3	1	35	13530	1934
1418	4	14	45	13541	84
1419	4	14	30	13552	71
1420	0	12	30	13563	5308
1421	4	8	45	13574	1232
1422	4	14	50	13585	4039
1423	0	12	35	13600	1197
1424	3	1	45	13612	1327
1425	3	1	45	13624	4847
1426	3	1	50	13636	12223
1427	4	14	45	13648	304
1428	4	14	50	13660	13509
1429	4	8	30	13672	6074
1430	4	8	45	13684	16233
1431	0	12	30	13696	2719
1432	3	1	50	13708	1833
1433	4	8	50	13720	3156
1434	4	14	30	13732	988
1435	4	14	50	13744	169
1436	4	8	45	13756	339
1437	0	12	30	13768	6165
1438	4	8	35	13780	2209
1439	4	8	35	13792	1643
1440	3	1	35	13804	5383
1441	3	1	50	13816	681
1442	4	8	30	13828	607
1443	3	1	45	13840	16315
1444	0	12	45	13852	1720
1445	3	1	45	13864	2344
1446	4	14	35	13876	9791
1447	0	12	50	13888	3871
1448	3	1	35	13900	3184
1449	3	1	35	13912	8137
1450	4	14	50	13924	13797
1451	4	8	35	13936	3698
1452	4	14	50	13948	3970
1453	4	14	35	13960	2061
1454	3	1	35	14000	749
1455	4	14	30	14012	3742
1456	4	14	30	14024	528
1457	4	14	50	14036	7710
1458	4	14	50	14048	3544
1459	4	14	30	14060	7219
1460	3	1	35	14072	5462
1461	3	1	35	14084	2292
1462	4	8	50	14096	153
1463	4	14	45	14108	597
1464	3	1	45	14120	9341
1465	3	1	50	14132	6174
1466	0	12	30	14144	3933
1467	4	14	50	14156	1439
1468	3	1	30	14168	766
1469	4	14	50	14180	1351
1470	4	8	45	14192	491
1471	4	8	50	14204	1354
1472	4	8	30	14216	12782
1473	4	14	30	14228	4606
1474	3	1	50	14240	1302
1475	3	1	35	14252	3452
1476	4	14	35	14264	530
1477	4	14	30	14276	4229
1478	0	12	50	14288	9590
1479	4	14	50	14300	7303
1480	4	14	30	14312	6220
1481	3	1	30	14324	1618
1482	3	1	35	14336	2972
1483	3	1	35	14348	406
1484	3	1	35	14360	6701
1485	4	14	30	14372	1908
1486	4	8	35	14384	7975
1487	3	1	35	14400	13409
1488	4	14	45	14408	1880
1489	4	14	30	14416	3780
1490	0	12	45	14424	10000
1491	4	8	50	14432	1029
1492	3	1	30	14440	883
1493	3	1	30	14448	3555
1494	4	14	50	14456	3587
1495	0	12	50	14464	1446
1496	3	1	50	14472	506
1497	3	1	35	14480	8
1498	4	14	50	14488	332
1499	3	1	45	14496	3312
1500	3	1	45	14504	6805
1501	4	14	45	14512	3779
1502	3	1	45	14520	2360
1503	4	14	35	14528	1216
1504	4	8	50	14536	5602
1505	4	14	50	14544	4568
1506	4	8	35	14552	4134
1507	4	8	45	14560	11644
1508	3	1	45	14568	532
1509	4	14	50	14576	3591
1510	4	14	45	14584	2641
1511	0	12	30	14592	2547
1512	4	14	50	14600	11634
1513	4	14	50	14608	5526
1514	0	12	50	14616	191
1515	4	14	35	14624	2123
1516	4	14	50	14632	9713
1517	4	14	35	14640	11328
1518	4	14	35	14648	1577
1519	4	14	35	14656	2967
1520	3	1	45	14664	10233
1521	4	14	45	14672	4326
1522	4	14	35	14680	10481
1523	3	1	30	14688	3311
1524	3	1	30	14696	1840
1525	4	14	50	14704	8787
1526	4	14	50	14712	373
1527	4	14	50	14720	1849
1528	4	14	30	14728	384
1529	3	1	50	14736	14682
1530	4	8	35	14744	2460
1531	3	1	30	14752	521
1532	4	14	30	14760	3401
1533	4	14	35	14768	1697
1534	3	1	35	14776	86
1535	4	14	45	14784	781
1536	4	14	35	14800	8723
1537	3	1	50	14807	1216
1538	4	8	35	14814	1680
1539	3	1	35	14821	565
1540	4	14	50	14828	5314
1541	4	14	45	14835	10016
1542	0	12	50	14842	7337
1543	0	12	45	14849	6100
1544	4	8	35	14856	547
1545	0	12	45	14863	2368
1546	3	1	50	14870	1321
1547	4	14	30	14877	2386
1548	3	1	30	14884	3125
1549	4	14	45	14891	794
1550	4	8	30	14898	1987
1551	4	14	35	14905	782
1552	4	14	50	14912	4510
1553	4	8	45	14919	3248
1554	0	12	50	14926	4093
1555	4	14	50	14933	681
1556	0	12	35	14940	4608
1557	0	12	45	14947	8573
1558	4	8	35	14954	8955
1559	3	1	30	14961	8000
1560	4	8	30	14968	3583
1561	3	1	35	14975	1281
1562	3	1	45	14982	7694
1563	4	14	50	14989	650
1564	4	14	45	14996	571
1565	4	8	35	15003	1792
1566	4	8	50	15010	9141
1567	4	8	45	15017	3660
1568	3	1	35	15024	5199
1569	0	12	35	15031	8135
1570	0	12	30	15038	2977
1571	3	1	50	15045	4195
1572	3	1	30	15052	3645
1573	4	8	30	15059	863
1574	4	14	45	15066	6217
1575	3	1	30	15073	17
1576	3	1	50	15080	6873
1577	4	14	45	15087	625
1578	3	1	45	15094	2283
1579	3	1	35	15101	10198
1580	3	1	50	15108	3740
1581	4	14	45	15115	4083
1582	3	1	50	15122	7041
1583	0	12	45	15129	9694
1584	3	1	45	15136	3497
1585	3	1	50	15143	1323
1586	4	14	30	15150	2361
1587	4	14	45	15200	67
1588	3	1	35	15212	4887
1589	3	1	45	15224	8001
1590	4	14	35	15236	2720
1591	4	14	50	15248	17
1592	4	8	45	15260	1840
1593	4	14	35	15272	2603
1594	3	1	30	15284	3106
1595	3	1	35	15296	2472
1596	3	1	30	15308	265
1597	4	8	30	15320	4686
1598	4	8	30	15332	4189
1599	4	14	50	15344	5823
1600	4	14	50	15356	3181
1601	4	8	30	15368	4581
1602	3	1	45	15380	5119
1603	3	1	50	15392	4471
1604	4	14	45	15404	4260
1605	4	14	35	15416	5418
1606	4	8	35	15428	3467
1607	4	14	50	15440	2632
1608	4	8	30	15452	5832
1609	4	14	50	15464	4045
1610	3	1	50	15476	1637
1611	4	8	45	15488	3099
1612	4	14	50	15500	2374
1613	4	14	50	15512	14236
1614	4	14	30	15524	1189
1615	4	8	45	15536	12149
1616	0	12	45	15548	2362
1617	3	1	50	15560	11425
1618	3	1	30	15600	3350
1619	3	1	45	15613	7631
1620	3	1	35	15626	9872
1621	3	1	35	15639	8531
1622	4	14	35	15652	8987
1623	4	14	50	15665	7942
1624	4	8	50	15678	1884
1625	4	8	35	15691	2940
1626	0	12	30	15704	1318
1627	4	14	45	15717	509
1628	4	14	50	15730	4245
1629	3	1	30	15743	1587
1630	4	14	30	15756	11252
1631	3	1	50	15769	559
1632	4	14	35	15782	2737
1633	3	1	50	15795	4412
1634	4	14	45	15808	1869
1635	4	8	50	15821	10390
1636	3	1	50	15834	9992
1637	0	12	30	15847	673
1638	4	8	30	15860	1183
1639	3	1	35	15873	7353
1640	4	8	35	15886	4841
1641	4	8	30	15899	13276
1642	3	1	45	15912	1147
1643	4	14	35	15925	285
1644	4	8	45	15938	3009
1645	4	14	50	15951	12334
1646	4	8	50	15964	3252
1647	3	1	45	15977	2024
1648	4	14	30	16000	999
1649	4	8	45	16013	3547
1650	3	1	50	16026	60
1651	4	8	30	16039	519
1652	3	1	50	16052	524
1653	4	14	35	16065	6389
1654	4	14	45	16078	7630
1655	3	1	45	16091	4399
1656	3	1	50	16104	6197
1657	4	14	50	16117	7842
1658	4	8	50	16130	1411
1659	4	14	30	16143	578
1660	4	14	30	16156	2472
1661	3	1	50	16169	2465
1662	4	14	30	16182	7044
1663	4	14	50	16195	2317
1664	4	14	50	16208	4767
1665	4	14	30	16221	920
1666	3	1	30	16234	178
1667	4	8	30	16247	6048
1668	0	12	35	16260	3647
1669	4	14	35	16273	1612
1670	4	14	45	16286	139
1671	4	14	35	16299	1376
1672	4	8	45	16312	4639
1673	0	12	45	16325	5183
1674	0	12	30	16338	648
1675	4	8	30	16351	12099
1676	0	12	45	16364	3999
1677	4	14	50	16400	6978
1678	3	1	30	16411	1625
1679	3	1	30	16422	2189
1680	4	14	35	16433	13302
1681	3	1	45	16444	8604
1682	4	14	35	16455	9149
1683	4	14	35	16466	272
1684	4	8	35	16477	1499
1685	4	14	50	16488	6818
1686	4	14	50	16499	30
1687	4	14	50	16510	4790
1688	4	14	35	16521	6784
1689	3	1	30	16532	4899
1690	4	14	50	16543	593
1691	4	14	30	16554	241
1692	4	14	30	16565	7798
1693	3	1	50	16576	517
1694	4	14	35	16587	1911
1695	4	14	45	16598	1107
1696	3	1	30	16609	583
1697	4	14	45	16620	6637
1698	4	8	45	16631	1865
1699	3	1	45	16642	1561
1700	4	8	45	16653	9659
1701	4	14	50	16664	6002
1702	3	1	35	16675	6417
1703	4	8	50	16686	8807
1704	3	1	30	16697	3227
1705	3	1	35	16708	5147
1706	4	8	45	16719	2286
1707	3	1	30	16730	2020
1708	4	14	35	16741	4175
1709	3	1	35	16752	9215
1710	3	1	50	16763	142
1711	4	14	50	16774	13115
1712	4	8	45	16800	2979
1713	4	14	50	16810	8343
1714	4	14	50	16820	748
1715	3	1	35	16830	3445
1716	4	14	35	16840	3298
1717	4	8	50	16850	5745
1718	4	14	45	16860	543
1719	4	8	30	16870	8420
1720	4	14	30	16880	881
1721	4	14	35	16890	1695
1722	3	1	50	16900	13182
1723	4	14	30	16910	8905
1724	4	14	35	16920	861
1725	4	14	35	16930	14875
1726	0	12	35	16940	2272
1727	3	1	50	16950	3330
1728	3	1	35	16960	1701
1729	3	1	45	16970	9538
1730	4	14	30	16980	6766
1731	3	1	30	16990	6912
1732	3	1	35	17000	2410
1733	4	8	35	17010	43
1734	0	12	45	17020	2860
1735	4	14	35	17030	828
1736	4	14	30	17040	353
1737	4	14	45	17050	36
1738	3	1	30	17060	2870
1739	4	14	50	17070	3554
1740	3	1	35	17080	1930
1741	3	1	45	17090	3777
1742	4	14	45	17100	205
1743	4	8	50	17110	9930
1744	0	12	35	17120	4449
1745	4	14	30	17130	772
1746	4	14	35	17140	3048
1747	0	12	30	17150	16045
1748	4	14	30	17160	12040
1749	3	1	50	17170	6485
1750	4	14	35	17180	4559
1751	4	8	35	17200	1870
1752	0	12	50	17211	4591
1753	0	12	45	17222	2728
1754	3	1	45	17233	535
1755	3	1	35	17244	3330
1756	3	1	30	17255	6729
1757	4	14	30	17266	9495
1758	4	8	35	17277	4758
1759	3	1	45	17288	3451
1760	3	1	50	17299	1372
1761	3	1	45	17310	8170
1762	4	8	50	17321	205
1763	3	1	50	17332	5388
1764	4	14	35	17343	352
1765	4	14	45	17354	956
1766	3	1	35	17365	2850
1767	0	12	35	17376	2889
1768	4	14	35	17387	1815
1769	4	14	35	17398	16445
1770	3	1	35	17409	2715
1771	4	8	45	17420	3216
1772	4	14	45	17431	1151
1773	4	14	50	17442	3090
1774	4	14	45	17453	2735
1775	3	1	35	17464	3535
1776	0	12	45	17475	1400
1777	3	1	50	17486	190
1778	4	14	50	17497	998
1779	4	8	30	17508	73
1780	4	8	30	17519	2336
1781	0	12	35	17530	2402
1782	4	14	45	17541	3811
1783	4	14	35	17552	3142
1784	3	1	30	17563	1033
1785	3	1	45	17600	2335
1786	3	1	30	17611	601
1787	3	1	50	17622	12692
1788	4	14	50	17633	8667
1789	4	14	35	17644	11658
1790	3	1	35	17655	1867
1791	4	8	50	17666	783
1792	3	1	35	17677	1504
1793	4	14	45	17688	10875
1794	3	1	50	17699	1417
1795	4	14	45	17710	2873
1796	4	8	50	17721	3293
1797	3	1	50	17732	1485
1798	3	1	45	17743	7137
1799	4	8	45	17754	2454
1800	3	1	50	17765	4385
1801	3	1	30	17776	76
1802	4	8	50	17787	3838
1803	4	14	45	17798	13657
1804	4	8	35	17809	1481
1805	4	14	50	17820	545
1806	3	1	50	17831	526
1807	4	8	30	17842	624
1808	3	1	50	17853	28279
1809	4	14	30	17864	3093
1810	3	1	45	17875	1257
1811	0	12	30	17886	5836
1812	4	8	35	17897	4633
1813	0	12	30	17908	4526
1814	3	1	45	17919	582
1815	4	8	45	17930	7304
1816	4	14	30	17941	1182
1817	4	8	35	17952	2820
1818	0	12	45	17963	2872
1819	4	8	45	17974	4109
1820	3	1	35	17985	302
1821	0	12	45	18000	3208
1822	3	1	35	18009	3966
1823	4	8	30	18018	2172
1824	3	1	50	18027	3772
1825	4	8	45	18036	1513
1826	4	14	35	18045	1093
1827	0	12	50	18054	1519
1828	3	1	50	18063	1096
1829	4	14	30	18072	16262
1830	4	8	45	18081	104
1831	4	14	45	18090	16842
1832	4	14	35	18099	965
1833	3	1	30	18108	5747
1834	4	14	35	18117	1736
1835	3	1	50	18126	2203
1836	4	14	35	18135	7195
1837	4	14	30	18144	4167
1838	4	14	50	18153	1068
1839	4	14	30	18162	421
1840	0	12	50	18171	1536
1841	4	8	30	18180	21284
1842	0	12	30	18189	12774
1843	4	14	50	18198	1704
1844	4	8	45	18207	4507
1845	3	1	30	18216	3719
1846	0	12	35	18225	2707
1847	3	1	30	18234	4041
1848	3	1	30	18243	6406
1849	4	8	30	18252	2460
1850	0	12	45	18261	1185
1851	0	12	35	18270	226
1852	4	8	35	18279	6394
1853	3	1	50	18288	843
1854	4	14	30	18297	1948
1855	3	1	35	18306	485
1856	4	8	50	18315	1976
1857	0	12	50	18324	881
1858	4	14	45	18333	1763
1859	4	14	50	18342	20933
1860	0	12	45	18351	8772
1861	3	1	50	18360	6585
1862	4	14	35	18400	9404
1863	4	14	50	18408	65
1864	4	14	35	18416	2876
1865	4	14	30	18424	1339
1866	3	1	50	18432	3222
1867	3	1	30	18440	10290
1868	4	8	45	18448	1573
1869	4	14	45	18456	4978
1870	3	1	35	18464	17
1871	4	8	50	18472	3753
1872	3	1	35	18480	1266
1873	3	1	35	18488	2125
1874	4	8	45	18496	1560
1875	4	8	35	18504	324
1876	0	12	45	18512	3591
1877	4	14	45	18520	1325
1878	4	14	35	18528	5437
1879	4	14	50	18536	20
1880	0	12	30	18544	6928
1881	3	1	30	18552	3697
1882	4	14	45	18560	2916
1883	4	8	45	18568	6063
1884	4	14	45	18576	5183
1885	4	8	35	18584	14121
1886	3	1	35	18592	829
1887	3	1	35	18600	98
1888	4	14	30	18608	1890
1889	3	1	30	18616	1086
1890	3	1	30	18624	137
1891	4	14	45	18632	4049
1892	0	12	35	18640	1374
1893	4	14	50	18648	1096
1894	3	1	45	18656	951
1895	4	14	50	18664	2867
1896	3	1	45	18672	378
1897	3	1	30	18680	11436
1898	4	8	35	18688	7185
1899	3	1	35	18696	1986
1900	4	8	35	18704	214
1901	3	1	35	18712	3359
1902	4	8	35	18720	1487
1903	4	14	35	18728	361
1904	4	14	50	18736	2427
1905	4	14	45	18744	4174
1906	3	1	50	18752	6122
1907	4	14	50	18760	1948
1908	4	8	30	18768	8069
1909	3	1	45	18776	1471
1910	4	8	50	18800	2950
1911	3	1	30	18810	456
1912	4	8	35	18820	2425
1913	4	14	50	18830	1731
1914	4	14	50	18840	752
1915	4	14	35	18850	1343
1916	4	14	30	18860	1368
1917	3	1	45	18870	531
1918	4	14	35	18880	1369
1919	3	1	30	18890	3124
1920	4	8	50	18900	409
1921	4	14	35	18910	3010
1922	4	14	30	18920	3167
1923	4	14	45	18930	365
1924	3	1	45	18940	4535
1925	4	14	45	18950	1833
1926	0	12	45	18960	1530
1927	4	14	45	18970	128
1928	4	14	50	18980	895
1929	3	1	45	18990	6671
1930	4	14	50	19000	17511
1931	4	14	35	19010	4198
1932	3	1	30	19020	2376
1933	3	1	50	19030	1734
1934	4	14	45	19040	12224
1935	3	1	50	19050	1177
1936	4	8	50	19060	1384
1937	0	12	35	19070	2256
1938	3	1	45	19080	1574
1939	4	14	50	19090	327
1940	4	14	45	19100	828
1941	4	14	45	19110	6471
1942	0	12	35	19120	684
1943	4	8	35	19130	285
1944	4	8	35	19140	5036
1945	4	14	50	19150	10416
1946	3	1	35	19160	803
1947	3	1	35	19170	11215
1948	4	14	30	19200	282
1949	4	14	35	19207	10440
1950	4	14	50	19214	1004
1951	4	14	30	19221	13528
1952	3	1	50	19228	4230
1953	4	14	35	19235	1381
1954	4	8	45	19242	1392
1955	4	8	50	19249	2964
1956	4	14	30	19256	85
1957	3	1	50	19263	1010
1958	4	8	50	19270	2098
1959	4	14	35	19277	365
1960	4	14	50	19284	1600
1961	4	14	35	19291	5577
1962	4	14	50	19298	818
1963	4	14	35	19305	229
1964	4	14	50	19312	1544
1965	4	14	35	19319	8217
1966	0	12	30	19326	4312
1967	4	14	35	19333	434
1968	0	12	35	19340	2032
1969	4	8	30	19347	9938
1970	3	1	35	19354	19630
1971	4	14	50	19361	7821
1972	0	12	50	19368	6416
1973	4	8	35	19375	950
1974	4	14	45	19382	1753
1975	3	1	30	19389	1401
1976	4	14	30	19396	1858
1977	3	1	50	19403	2601
1978	3	1	30	19410	1856
1979	3	1	50	19417	5579
1980	4	8	35	19424	821
1981	4	14	30	19431	1902
1982	4	14	35	19438	13224
1983	4	14	35	19445	1281
1984	3	1	50	19452	3559
1985	4	14	45	19459	86
1986	3	1	35	19466	23565
1987	4	14	50	19473	678
1988	4	8	35	19480	237
1989	3	1	45	19487	2245
1990	4	14	45	19494	1064
1991	4	14	50	19501	287
1992	4	14	35	19508	92
1993	4	14	35	19515	1088
1994	4	14	30	19522	5524
1995	4	14	30	19529	2284
1996	4	14	45	19536	3834
1997	4	8	50	19543	428
1998	3	1	35	19550	5519
1999	4	14	50	19600	7438
