0	4	8	35	0	12413
1	4	14	50	3	48611
2	0	12	45	6	655
3	4	8	35	9	6125
4	4	8	35	12	1048
5	0	12	35	15	2171
6	3	1	45	18	29626
7	3	1	30	21	1718
8	4	14	45	24	14278
9	4	14	45	27	1916
10	0	12	50	30	7363
11	4	14	30	33	4623
12	4	14	35	36	663
13	4	14	35	39	247
14	4	14	50	42	17893
15	4	14	35	45	3858
16	4	14	45	48	13065
17	4	14	45	51	162
18	4	14	45	54	1624
19	3	1	30	57	3605
20	4	8	30	60	16416
21	4	14	30	63	5948
22	4	14	30	66	1498
23	4	14	35	69	23486
24	4	8	45	72	2969
25	4	14	45	75	4524
26	3	1	50	78	3198
27	3	1	30	81	1174
28	3	1	35	84	2636
29	3	1	50	87	4704
30	4	8	30	90	2829
31	4	14	45	93	3307
32	4	8	50	96	9663
33	3	1	50	99	1419
34	4	8	30	102	2916
35	4	14	45	105	875
36	4	14	30	108	379
37	4	14	35	111	1284
38	0	12	50	114	320
39	4	14	35	117	14943
40	4	8	35	120	2843
41	4	14	35	123	938
42	4	14	35	126	437
43	4	14	45	129	14848
44	4	14	50	132	1566
45	4	8	35	135	24138
46	4	14	45	138	16872
47	4	8	50	141	19140
48	3	1	35	144	26308
49	4	8	45	147	17070
50	4	8	35	150	4990
51	4	14	30	153	5290
52	4	14	35	156	10534
53	4	8	30	159	1244
54	0	12	50	162	3405
55	4	8	30	165	3636
56	4	14	50	168	6276
57	4	8	50	171	18084
58	4	14	30	174	8028
59	3	1	35	177	44
60	4	8	45	180	10614
61	4	8	45	183	2892
62	3	1	50	186	13692
63	4	14	35	189	14585
64	4	8	45	192	4654
65	4	14	30	195	371
66	3	1	30	198	5112
67	4	14	30	201	16053
68	3	1	30	204	8282
69	3	1	50	207	762
70	4	14	35	210	640
71	4	14	30	213	9786
72	3	1	50	216	581
73	0	12	50	219	1406
74	3	1	35	222	8243
75	4	14	50	225	2040
76	3	1	30	228	27434
77	3	1	50	231	2565
78	4	14	35	300	10094
79	3	1	45	303	4041
80	4	14	50	306	90
81	4	14	50	309	14314
82	3	1	30	312	3258
83	4	14	35	315	16524
84	4	14	30	318	17743
85	3	1	35	321	2710
86	3	1	30	324	1358
87	4	14	30	327	2751
88	4	14	30	330	6609
89	4	8	35	333	3855
90	4	14	30	336	15610
91	4	14	30	339	8554
92	4	8	45	342	12741
93	3	1	30	345	618
94	4	14	35	348	24454
95	4	14	50	351	8903
96	4	8	35	354	843
97	3	1	30	357	8435
98	4	8	30	360	10684
99	4	14	50	363	12281
100	4	8	30	366	9614
101	4	14	30	369	1475
102	0	12	50	372	46693
103	4	8	35	375	11100
104	3	1	50	378	37344
105	0	12	50	381	13027
106	3	1	35	384	5414
107	4	14	30	387	4
108	4	8	35	390	918
109	4	8	45	393	22641
110	4	14	35	396	9824
111	0	12	30	399	503
112	3	1	50	402	3003
113	4	14	45	405	16920
114	4	14	50	408	1772
115	3	1	50	411	854
116	4	14	30	414	4224
117	4	14	35	417	9195
118	4	8	35	420	66
119	4	14	45	423	14992
120	0	12	50	426	3939
121	0	12	35	429	17472
122	0	12	35	432	12182
123	4	14	45	435	13287
124	3	1	45	438	8776
125	4	14	35	441	1824
126	4	14	50	444	4080
127	0	12	45	447	4616
128	3	1	50	450	36597
129	0	12	45	453	15148
130	0	12	50	456	3176
131	3	1	45	459	17025
132	3	1	45	462	7518
133	3	1	35	465	4922
134	3	1	45	468	5955
135	4	14	35	471	18395
136	0	12	45	474	1208
137	4	14	50	477	15332
138	3	1	30	480	2130
139	4	14	45	483	3743
140	4	14	30	486	13217
141	4	14	50	489	21636
142	3	1	30	492	15340
143	4	14	30	495	10829
144	4	14	35	498	7026
145	4	14	45	501	20438
146	4	14	50	504	6978
147	4	8	30	507	298
148	4	14	30	510	22736
149	3	1	30	513	10281
150	4	14	45	516	254
151	4	8	35	519	3422
152	4	14	35	522	15021
153	3	1	30	525	5228
154	0	12	30	528	7721
155	3	1	30	531	3667
156	4	8	45	534	4447
157	3	1	30	537	8007
158	4	14	50	540	117
159	4	14	50	600	10207
160	4	14	30	604	9591
161	3	1	45	608	2016
162	3	1	30	612	3361
163	4	8	30	616	14986
164	4	14	45	620	38540
165	0	12	45	624	2079
166	3	1	30	628	3777
167	4	14	30	632	3177
168	4	14	45	636	17054
169	4	14	30	640	16167
170	0	12	35	644	24598
171	0	12	30	648	7314
172	3	1	50	652	5667
173	3	1	30	656	9157
174	4	8	45	660	11298
175	4	8	45	664	2502
176	3	1	50	668	12245
177	4	14	35	672	7753
178	3	1	45	676	710
179	3	1	45	680	40128
180	3	1	35	684	225
181	3	1	30	688	14496
182	4	14	45	692	9751
183	3	1	35	696	14755
184	4	14	30	700	729
185	4	14	50	704	4020
186	3	1	45	708	26774
187	4	14	45	712	2710
188	0	12	35	716	18426
189	3	1	50	720	4918
190	3	1	30	724	3356
191	3	1	30	728	11510
192	4	14	45	732	10002
193	4	14	35	736	73
194	3	1	50	740	4714
195	4	14	30	744	3994
196	3	1	45	748	13964
197	4	14	50	752	16375
198	0	12	45	756	16366
199	4	14	35	760	13866
200	4	14	45	764	14508
201	4	8	50	768	2291
202	3	1	35	772	33058
203	3	1	30	776	1818
204	4	14	45	780	3176
205	4	14	30	784	8156
206	4	14	30	788	1393
207	3	1	50	792	1270
208	4	14	50	796	5544
209	3	1	35	800	3841
210	4	14	50	804	2988
211	4	14	50	808	17891
212	4	8	35	812	55515
213	4	8	35	816	16973
214	3	1	30	820	7002
215	4	14	30	824	1029
216	3	1	30	828	11404
217	4	8	50	832	2398
218	4	14	35	836	9722
219	4	14	45	840	1836
220	4	14	30	844	15478
221	4	14	35	848	2486
222	4	14	50	852	10314
223	3	1	45	856	10399
224	3	1	45	860	11144
225	4	8	30	864	11280
226	3	1	30	868	12078
227	3	1	50	872	3749
228	0	12	50	900	20974
229	4	14	35	903	23812
230	3	1	35	906	6325
231	3	1	50	909	8495
232	3	1	45	912	16100
233	4	14	45	915	14437
234	3	1	30	918	27883
235	4	14	45	921	2033
236	4	8	35	924	17466
237	4	14	50	927	14690
238	3	1	30	930	10893
239	4	8	50	933	4080
240	3	1	45	936	20415
241	3	1	45	939	670
242	0	12	35	942	85
243	3	1	45	945	47123
244	3	1	50	948	5173
245	4	8	35	951	12331
246	4	8	35	954	3242
247	4	14	35	957	13890
248	0	12	50	960	3332
249	4	14	50	963	10601
250	4	14	30	966	17038
251	3	1	45	969	546
252	4	14	50	972	11709
253	4	14	45	975	2676
254	4	8	50	978	26034
255	4	14	30	981	490
256	3	1	30	984	10769
257	4	14	30	987	5503
258	0	12	45	990	1849
259	4	8	35	993	9304
260	4	14	35	996	5691
261	3	1	35	999	6023
262	4	8	30	1002	2927
263	3	1	35	1005	5593
264	0	12	35	1008	10276
265	0	12	45	1011	7712
266	4	14	30	1014	12131
267	4	8	35	1017	9579
268	4	14	50	1020	266
269	3	1	35	1023	31060
270	4	14	50	1026	8545
271	0	12	30	1029	3685
272	4	14	50	1032	5198
273	3	1	45	1035	1173
274	4	14	50	1038	17239
275	4	8	50	1041	8498
276	4	14	30	1044	1413
277	4	14	35	1047	1514
278	4	14	45	1050	82
279	4	14	35	1053	6637
280	3	1	50	1056	8360
281	3	1	45	1059	7970
282	4	14	50	1062	2918
283	3	1	35	1065	9010
284	4	8	35	1068	6139
285	4	14	35	1071	3792
286	4	14	50	1074	138
287	3	1	45	1077	4443
288	4	14	35	1080	6677
289	3	1	30	1083	8583
290	3	1	50	1086	7229
291	4	14	50	1089	29702
292	3	1	35	1092	5955
293	4	8	35	1095	26
294	3	1	35	1098	12840
295	3	1	35	1101	19333
296	4	14	35	1104	226
297	4	14	30	1107	7466
298	3	1	30	1110	1337
299	4	8	35	1113	2494
300	0	12	35	1116	12678
301	4	14	30	1119	2979
302	0	12	30	1122	4406
303	3	1	30	1125	138
304	4	14	45	1128	4218
305	0	12	30	1131	1821
306	4	14	35	1134	14024
307	3	1	35	1200	22384
308	4	8	50	1203	1512
309	3	1	35	1206	15877
310	4	8	50	1209	5035
311	4	14	30	1212	2383
312	4	14	45	1215	35560
313	3	1	50	1218	11162
314	4	14	45	1221	858
315	0	12	30	1224	3487
316	4	14	45	1227	3890
317	4	14	30	1230	5497
318	4	14	35	1233	6321
319	4	14	35	1236	5798
320	4	8	30	1239	7362
321	3	1	30	1242	7229
322	4	14	45	1245	3259
323	4	14	35	1248	7834
324	4	14	35	1251	11824
325	3	1	35	1254	12884
326	4	14	30	1257	10223
327	4	14	50	1260	15984
328	3	1	35	1263	11002
329	4	14	30	1266	14499
330	4	14	50	1269	535
331	3	1	30	1272	11002
332	4	8	45	1275	6064
333	3	1	35	1278	9693
334	0	12	50	1281	3337
335	4	14	30	1284	16357
336	4	14	30	1287	16505
337	4	14	30	1290	3191
338	4	14	35	1293	2255
339	4	14	50	1296	12261
340	4	14	45	1299	5135
341	3	1	30	1302	4645
342	3	1	35	1305	2008
343	0	12	35	1308	13689
344	4	8	35	1311	12890
345	0	12	50	1314	185
346	3	1	45	1317	1372
347	4	14	30	1320	25726
348	4	14	50	1323	21596
349	4	14	45	1326	12569
350	3	1	35	1329	14809
351	4	14	45	1332	13350
352	4	8	45	1335	17207
353	4	14	30	1338	16461
354	4	14	45	1341	19540
355	0	12	35	1344	12827
356	3	1	50	1347	7827
357	4	8	30	1350	1416
358	4	14	50	1353	4919
359	3	1	45	1356	260
360	3	1	50	1359	8534
361	3	1	45	1362	20650
362	4	14	45	1365	8133
363	4	14	50	1368	3237
364	4	8	45	1371	5573
365	3	1	30	1374	7095
366	0	12	50	1377	6454
367	4	8	30	1380	24346
368	4	8	35	1383	2200
369	4	14	30	1386	11246
370	3	1	45	1389	31702
371	4	14	35	1392	5918
372	4	8	30	1395	1551
373	4	14	30	1398	26623
374	4	8	45	1401	36003
375	4	8	30	1404	8086
376	4	14	35	1407	12418
377	4	14	35	1410	9245
378	3	1	35	1413	7036
379	4	14	35	1416	2700
380	4	14	35	1419	4313
381	4	14	45	1422	581
382	3	1	35	1425	2025
383	4	14	30	1428	370
384	3	1	30	1431	15291
385	3	1	50	1434	10051
386	4	14	50	1437	2583
387	4	14	50	1440	16682
388	4	14	35	1443	3169
389	3	1	35	1446	638
390	4	14	45	1449	22100
391	4	14	35	1452	13277
392	4	14	35	1500	5360
393	4	14	30	1504	22669
394	4	14	30	1508	16188
395	3	1	45	1512	4961
396	4	14	45	1516	8134
397	3	1	45	1520	8476
398	4	14	35	1524	54
399	4	14	30	1528	21666
400	4	14	45	1532	22785
401	4	14	50	1536	3619
402	4	14	35	1540	482
403	4	14	30	1544	885
404	3	1	35	1548	4209
405	4	8	45	1552	7844
406	3	1	35	1556	30788
407	4	14	45	1560	40785
408	4	14	35	1564	759
409	4	8	50	1568	3490
410	4	8	50	1572	5152
411	3	1	50	1576	5426
412	4	14	50	1580	1836
413	3	1	50	1584	3034
414	3	1	30	1588	7905
415	3	1	30	1592	932
416	4	8	50	1596	8916
417	3	1	45	1600	7330
418	4	14	30	1604	22307
419	4	14	45	1608	7921
420	4	8	45	1612	4712
421	4	14	50	1616	3300
422	4	14	50	1620	7597
423	4	14	30	1624	11536
424	3	1	50	1628	9959
425	4	14	35	1632	10314
426	3	1	35	1636	2517
427	4	14	50	1640	1290
428	4	14	45	1644	2670
429	4	14	45	1648	11154
430	3	1	30	1652	3160
431	3	1	35	1656	2230
432	4	14	45	1660	1525
433	4	8	50	1664	2664
434	3	1	35	1668	12293
435	4	14	30	1672	12279
436	4	14	35	1676	10183
437	4	8	45	1680	2038
438	3	1	35	1684	8781
439	4	8	30	1688	1734
440	0	12	50	1692	3281
441	4	14	35	1696	401
442	3	1	50	1700	7436
443	3	1	50	1704	15537
444	3	1	30	1708	9247
445	4	14	35	1712	8633
446	3	1	50	1716	9519
447	3	1	50	1720	3667
448	0	12	35	1724	7011
449	0	12	35	1728	38149
450	3	1	45	1732	8309
451	4	14	30	1736	598
452	4	14	45	1740	24125
453	4	14	35	1744	2344
454	4	8	35	1748	5528
455	4	14	45	1752	4587
456	3	1	35	1756	15107
457	0	12	50	1760	2605
458	3	1	45	1764	13969
459	4	14	50	1768	765
460	3	1	35	1772	6985
461	3	1	50	1776	1985
462	4	14	35	1800	500
463	4	8	35	1803	13718
464	4	14	30	1806	3064
465	4	14	35	1809	791
466	3	1	45	1812	13837
467	3	1	35	1815	2794
468	3	1	30	1818	501
469	4	14	30	1821	438
470	4	8	50	1824	28408
471	3	1	45	1827	11768
472	4	8	30	1830	12499
473	3	1	45	1833	15066
474	4	14	45	1836	9373
475	4	14	50	1839	3983
476	3	1	50	1842	3585
477	0	12	50	1845	15055
478	4	14	50	1848	56291
479	4	14	35	1851	803
480	3	1	30	1854	919
481	0	12	50	1857	3566
482	4	14	35	1860	3829
483	3	1	35	1863	815
484	3	1	30	1866	540
485	4	14	45	1869	28800
486	4	14	45	1872	3664
487	4	14	35	1875	4320
488	4	14	30	1878	2127
489	4	8	50	1881	11933
490	4	14	35	1884	13172
491	4	14	30	1887	6814
492	4	14	45	1890	7876
493	3	1	30	1893	5645
494	0	12	50	1896	5352
495	4	8	45	1899	13241
496	4	14	45	1902	3321
497	0	12	30	1905	12696
498	4	14	45	1908	12668
499	4	14	35	1911	12152
500	4	8	45	1914	5675
501	4	14	50	1917	24408
502	3	1	45	1920	17069
503	3	1	35	1923	107
504	3	1	35	1926	9204
505	4	14	45	1929	7590
506	4	14	35	1932	5767
507	3	1	35	1935	1900
508	3	1	45	1938	3642
509	0	12	50	1941	7208
510	4	14	50	1944	4387
511	4	14	30	1947	3577
512	4	14	35	1950	30736
513	3	1	50	1953	541
514	4	14	30	1956	4476
515	4	8	45	1959	17325
516	4	8	50	1962	23519
517	4	8	50	1965	14977
518	4	8	45	1968	3063
519	4	8	30	1971	1304
520	4	14	35	1974	12619
521	4	8	50	1977	2681
522	4	14	45	1980	914
523	3	1	50	1983	3039
524	4	14	35	1986	7243
525	3	1	45	1989	1616
526	4	14	30	1992	272
527	3	1	50	1995	291
528	4	14	45	1998	2196
529	3	1	45	2001	6732
530	0	12	45	2004	2152
531	4	14	50	2007	8675
532	3	1	45	2010	5802
533	4	8	45	2013	1245
534	4	14	50	2016	109
535	4	14	45	2019	4082
536	4	8	50	2022	1535
537	4	8	35	2025	529
538	4	8	30	2028	4726
539	4	14	45	2031	1583
540	0	12	30	2034	28721
541	3	1	35	2037	1457
542	0	12	50	2040	6317
543	4	14	30	2043	20553
544	4	8	50	2100	5787
545	4	14	50	2103	7089
546	4	8	50	2106	1981
547	4	14	35	2109	838
548	4	14	35	2112	4037
549	3	1	35	2115	15898
550	4	14	45	2118	2182
551	4	14	50	2121	14351
552	3	1	35	2124	2032
553	4	14	35	2127	16716
554	3	1	50	2130	14636
555	3	1	30	2133	14332
556	0	12	45	2136	1393
557	3	1	50	2139	2017
558	4	14	30	2142	10123
559	4	14	35	2145	5794
560	4	8	30	2148	15740
561	4	14	45	2151	8561
562	4	14	45	2154	14856
563	4	14	35	2157	4031
564	3	1	45	2160	6857
565	3	1	35	2163	6125
566	4	8	35	2166	3162
567	3	1	35	2169	14394
568	4	14	35	2172	11119
569	0	12	50	2175	14732
570	4	8	45	2178	900
571	4	14	35	2181	1763
572	0	12	45	2184	1973
573	4	8	45	2187	8431
574	4	14	35	2190	2037
575	4	14	50	2193	5929
576	4	14	35	2196	14547
577	4	8	45	2199	16425
578	4	8	45	2202	13427
579	0	12	30	2205	2647
580	4	14	50	2208	8581
581	0	12	45	2211	10074
582	4	8	45	2214	169
583	3	1	35	2217	11499
584	4	8	30	2220	19103
585	4	14	45	2223	968
586	3	1	50	2226	3475
587	4	8	35	2229	8446
588	0	12	50	2232	316
589	4	8	45	2235	12916
590	3	1	50	2238	6974
591	4	14	35	2241	12354
592	4	14	50	2244	15199
593	3	1	45	2247	4253
594	3	1	35	2250	151
595	0	12	50	2253	6550
596	4	14	35	2256	1412
597	4	14	35	2259	1802
598	4	14	45	2262	5931
599	0	12	50	2265	8600
600	4	14	30	2268	620
601	4	8	50	2271	3821
602	4	8	35	2274	14986
603	4	8	45	2277	8035
604	4	8	30	2280	4400
605	4	14	50	2283	319
606	3	1	50	2286	512
607	3	1	35	2289	543
608	4	14	45	2292	7330
609	3	1	30	2295	8415
610	4	8	50	2298	39259
611	4	8	50	2301	6364
612	3	1	30	2304	4011
613	4	14	50	2307	6798
614	4	14	50	2310	14294
615	3	1	35	2313	4107
616	4	14	50	2316	22175
617	3	1	35	2319	697
618	3	1	30	2322	11192
619	0	12	45	2325	2266
620	4	14	50	2328	3836
621	4	8	50	2331	11044
622	4	14	30	2334	1743
623	4	14	45	2337	7299
624	4	14	50	2340	237
625	3	1	50	2343	5765
626	4	8	30	2346	3789
627	4	8	45	2349	152
628	4	14	50	2352	7678
629	4	14	45	2355	13176
630	4	14	35	2358	7537
631	4	8	50	2361	688
632	4	8	45	2364	27919
633	4	14	45	2400	5672
634	4	14	45	2404	8548
635	4	14	30	2408	89
636	0	12	50	2412	16641
637	4	14	45	2416	13403
638	4	14	35	2420	12693
639	4	8	35	2424	3427
640	4	14	30	2428	17053
641	4	8	30	2432	15313
642	4	14	50	2436	14925
643	4	14	50	2440	21849
644	3	1	50	2444	38547
645	3	1	35	2448	10419
646	4	8	30	2452	15146
647	4	14	50	2456	5127
648	0	12	50	2460	3245
649	4	8	35	2464	27666
650	4	14	50	2468	2049
651	4	14	30	2472	3913
652	4	14	45	2476	4306
653	4	14	30	2480	2183
654	4	8	35	2484	543
655	4	14	35	2488	10588
656	4	14	35	2492	17500
657	0	12	50	2496	3303
658	3	1	45	2500	3388
659	3	1	30	2504	4352
660	3	1	35	2508	8039
661	4	14	50	2512	15023
662	4	14	50	2516	11852
663	4	14	50	2520	13688
664	3	1	35	2524	1413
665	3	1	45	2528	5918
666	3	1	30	2532	3771
667	4	14	35	2536	20186
668	0	12	45	2540	140
669	4	14	30	2544	4287
670	0	12	30	2548	5523
671	4	14	35	2552	9548
672	4	14	35	2556	6072
673	4	8	30	2560	11441
674	4	14	30	2564	7683
675	0	12	50	2568	6934
676	4	8	50	2572	310
677	4	14	30	2576	996
678	0	12	50	2580	22730
679	4	14	50	2584	3276
680	4	14	50	2588	8022
681	3	1	45	2592	10866
682	3	1	35	2596	1179
683	3	1	50	2600	3829
684	4	14	30	2604	17425
685	4	14	45	2608	3315
686	3	1	30	2612	17831
687	3	1	45	2616	2938
688	3	1	30	2620	1600
689	3	1	50	2624	4258
690	4	14	50	2628	7929
691	4	8	35	2632	4763
692	4	8	45	2636	7391
693	4	14	50	2640	5479
694	3	1	45	2644	23883
695	4	14	50	2648	21779
696	4	8	35	2652	2617
697	4	14	35	2656	12039
698	3	1	35	2660	723
699	3	1	30	2700	5974
700	3	1	35	2704	1475
701	3	1	45	2708	3624
702	0	12	35	2712	8525
703	4	14	35	2716	8712
704	3	1	45	2720	19012
705	3	1	50	2724	2566
706	4	8	30	2728	22661
707	4	8	30	2732	2922
708	3	1	30	2736	32117
709	4	14	45	2740	2592
710	4	14	35	2744	15382
711	4	14	45	2748	17612
712	4	14	35	2752	8689
713	4	14	35	2756	7467
714	4	8	45	2760	4264
715	4	14	45	2764	3983
716	4	14	50	2768	15381
717	4	8	35	2772	585
718	3	1	30	2776	3848
719	4	14	30	2780	11376
720	3	1	35	2784	8410
721	3	1	30	2788	31492
722	4	14	35	2792	32010
723	0	12	35	2796	4005
724	4	14	35	2800	13656
725	3	1	30	2804	3784
726	4	14	45	2808	5887
727	4	14	30	2812	20952
728	3	1	45	2816	17992
729	4	14	35	2820	11420
730	3	1	50	2824	4886
731	4	14	35	2828	25053
732	4	14	50	2832	7141
733	3	1	30	2836	1336
734	3	1	45	2840	3635
735	3	1	45	2844	29410
736	4	8	30	2848	24020
737	0	12	50	2852	7497
738	4	8	45	2856	3295
739	4	14	50	2860	8103
740	4	8	30	2864	34210
741	4	8	45	2868	5716
742	4	14	45	2872	1274
743	4	14	35	2876	2508
744	4	14	35	2880	5191
745	3	1	30	2884	4272
746	3	1	50	2888	45094
747	4	14	35	2892	2095
748	4	14	45	2896	128
749	4	14	45	2900	7902
750	4	14	35	2904	21735
751	4	14	35	2908	264
752	4	8	30	2912	1311
753	4	14	45	2916	16612
754	4	14	35	2920	15008
755	4	14	30	2924	5914
756	4	8	50	2928	6559
757	4	14	30	2932	28770
758	4	14	30	2936	7625
759	4	14	35	2940	31
760	3	1	30	2944	584
761	3	1	30	2948	1431
762	3	1	50	2952	1895
763	3	1	30	2956	892
764	4	8	45	2960	5413
765	4	8	30	2964	311
766	3	1	30	2968	3172
767	3	1	45	2972	13192
768	4	14	50	3000	55949
769	3	1	30	3004	6026
770	0	12	35	3008	11858
771	4	14	45	3012	13510
772	4	14	35	3016	2446
773	4	14	35	3020	3722
774	4	14	45	3024	1152
775	0	12	50	3028	1146
776	4	14	50	3032	26225
777	4	14	50	3036	792
778	0	12	50	3040	452
779	0	12	30	3044	1292
780	4	14	35	3048	7513
781	4	14	50	3052	8964
782	4	8	35	3056	10479
783	4	14	50	3060	11546
784	4	8	50	3064	2345
785	4	8	30	3068	3181
786	0	12	45	3072	1434
787	4	14	50	3076	3286
788	3	1	30	3080	3879
789	4	14	45	3084	16812
790	4	14	45	3088	1018
791	4	8	30	3092	471
792	4	14	50	3096	12645
793	3	1	50	3100	4585
794	3	1	30	3104	168
795	4	8	45	3108	226
796	4	14	50	3112	11951
797	4	14	50	3116	6411
798	4	14	50	3120	7158
799	4	8	35	3124	9130
800	4	8	45	3128	16022
801	4	14	50	3132	1536
802	4	14	30	3136	13338
803	4	8	45	3140	526
804	3	1	45	3144	19881
805	4	14	35	3148	17431
806	4	8	35	3152	7214
807	3	1	50	3156	12210
808	4	8	50	3160	10408
809	3	1	30	3164	4968
810	3	1	45	3168	7519
811	4	8	30	3172	3259
812	3	1	45	3176	1103
813	4	14	45	3180	6166
814	4	8	45	3184	2935
815	4	14	30	3188	4103
816	4	14	30	3192	3478
817	4	14	50	3196	894
818	0	12	50	3200	12369
819	0	12	45	3204	25887
820	3	1	30	3208	229
821	3	1	45	3212	96
822	3	1	35	3216	4341
823	3	1	30	3220	17524
824	4	14	35	3224	11210
825	0	12	30	3228	1114
826	3	1	35	3232	13174
827	3	1	50	3236	19063
828	4	8	50	3240	6984
829	3	1	30	3244	2635
830	3	1	35	3248	17546
831	4	8	35	3252	7997
832	3	1	50	3256	6
833	4	8	30	3260	13720
834	4	14	30	3264	536
835	3	1	50	3268	7127
836	3	1	30	3272	19227
837	4	14	45	3276	3200
838	4	8	30	3280	369
839	4	8	30	3284	18095
840	3	1	30	3288	4517
841	3	1	35	3300	25592
842	3	1	30	3304	5777
843	3	1	50	3308	7275
844	4	14	35	3312	4995
845	3	1	50	3316	4925
846	3	1	30	3320	499
847	4	8	35	3324	2464
848	4	14	30	3328	20722
849	3	1	30	3332	15034
850	4	14	45	3336	1864
851	4	8	45	3340	259
852	4	14	45	3344	3672
853	4	8	50	3348	5021
854	3	1	50	3352	935
855	4	14	30	3356	10598
856	3	1	50	3360	12983
857	3	1	30	3364	2674
858	3	1	50	3368	760
859	4	14	45	3372	4354
860	0	12	50	3376	1510
861	4	14	50	3380	1427
862	3	1	35	3384	18914
863	3	1	45	3388	2216
864	0	12	35	3392	1399
865	4	14	45	3396	3498
866	4	8	30	3400	6
867	4	8	30	3404	801
868	0	12	35	3408	7437
869	4	14	45	3412	10211
870	4	14	30	3416	37509
871	4	14	30	3420	20852
872	4	8	50	3424	2337
873	4	14	35	3428	9137
874	4	14	30	3432	4769
875	3	1	35	3436	15508
876	4	8	50	3440	2760
877	4	14	45	3444	5405
878	3	1	50	3448	18276
879	0	12	45	3452	5072
880	3	1	35	3456	11334
881	4	8	35	3460	4359
882	4	8	30	3464	1879
883	4	8	35	3468	11393
884	0	12	30	3472	10294
885	3	1	35	3476	594
886	4	14	45	3480	434
887	4	14	50	3484	21875
888	3	1	30	3488	5319
889	3	1	45	3492	2928
890	0	12	30	3496	2700
891	4	14	35	3500	320
892	4	14	45	3504	7673
893	0	12	35	3508	1517
894	4	14	50	3512	5847
895	3	1	45	3516	6361
896	4	14	30	3520	5218
897	4	14	35	3524	1058
898	3	1	50	3528	8719
899	4	14	50	3532	2729
900	4	14	45	3536	7519
901	4	14	30	3540	1457
902	3	1	35	3544	15487
903	4	14	35	3548	13579
904	3	1	45	3552	1909
905	4	14	30	3556	26342
906	3	1	50	3560	6660
907	4	14	35	3600	439
908	4	14	30	3603	2974
909	0	12	50	3606	6383
910	3	1	45	3609	326
911	4	14	35	3612	21453
912	4	14	45	3615	8417
913	4	8	30	3618	9815
914	4	14	45	3621	11315
915	3	1	50	3624	18186
916	4	14	45	3627	5199
917	3	1	35	3630	13515
918	4	14	35	3633	4211
919	3	1	50	3636	8465
920	4	14	45	3639	6791
921	4	14	35	3642	10196
922	4	14	45	3645	11684
923	3	1	35	3648	8560
924	4	14	30	3651	1273
925	4	14	50	3654	7221
926	3	1	35	3657	3105
927	3	1	30	3660	2296
928	0	12	30	3663	881
929	4	8	45	3666	1129
930	3	1	30	3669	36783
931	4	14	35	3672	3329
932	4	8	50	3675	3833
933	0	12	50	3678	2536
934	4	8	35	3681	2922
935	4	14	45	3684	3708
936	4	14	30	3687	5675
937	4	14	30	3690	3485
938	3	1	35	3693	6274
939	3	1	50	3696	2726
940	3	1	35	3699	22070
941	4	14	50	3702	2562
942	4	14	50	3705	11881
943	4	14	50	3708	20334
944	4	8	35	3711	9301
945	0	12	35	3714	11956
946	4	14	30	3717	7538
947	4	14	45	3720	7229
948	4	14	45	3723	158
949	4	14	45	3726	1159
950	4	14	50	3729	1700
951	0	12	35	3732	4150
952	3	1	45	3735	7394
953	0	12	30	3738	14009
954	4	14	50	3741	2926
955	3	1	45	3744	20440
956	4	14	35	3747	165
957	4	14	35	3750	7546
958	4	14	50	3753	14721
959	3	1	50	3756	1845
960	4	8	50	3759	973
961	4	14	30	3762	28564
962	4	14	30	3765	16578
963	4	8	45	3768	12198
964	4	8	50	3771	456
965	4	14	30	3774	14061
966	4	8	30	3777	897
967	4	8	50	3780	4726
968	4	8	30	3783	5766
969	4	14	35	3786	8799
970	3	1	50	3789	7649
971	3	1	50	3792	2308
972	4	14	50	3795	14816
973	3	1	50	3798	6196
974	0	12	35	3801	7327
975	4	8	45	3804	5187
976	3	1	50	3807	10208
977	0	12	30	3810	19135
978	0	12	30	3813	36732
979	4	14	45	3816	33235
980	3	1	30	3819	11720
981	4	8	45	3822	12287
982	4	8	50	3825	1142
983	4	14	30	3828	1548
984	4	14	50	3831	2345
985	3	1	30	3834	7876
986	4	14	50	3837	5352
987	0	12	30	3840	5805
988	4	14	45	3843	19281
989	4	14	35	3846	10529
990	4	8	50	3849	5942
991	4	14	50	3852	11776
992	4	14	50	3855	10586
993	4	14	30	3858	14135
994	3	1	45	3861	15660
995	4	14	45	3900	9122
996	4	14	50	3903	1209
997	4	14	35	3906	3832
998	4	14	35	3909	9458
999	0	12	50	3912	11411
1000	4	14	50	3915	1915
1001	3	1	30	3918	4268
1002	4	14	50	3921	321
1003	4	8	35	3924	3943
1004	4	8	30	3927	11276
1005	4	14	35	3930	21367
1006	3	1	45	3933	2798
1007	0	12	35	3936	7150
1008	3	1	50	3939	4630
1009	4	14	30	3942	4762
1010	0	12	45	3945	4533
1011	4	14	35	3948	2593
1012	4	14	50	3951	11521
1013	4	14	30	3954	8437
1014	4	14	35	3957	6982
1015	4	14	45	3960	1869
1016	4	14	50	3963	25907
1017	4	14	45	3966	2452
1018	3	1	50	3969	5643
1019	4	14	50	3972	1458
1020	4	14	30	3975	24542
1021	4	14	30	3978	8313
1022	4	14	30	3981	10076
1023	3	1	50	3984	9812
1024	4	8	35	3987	6753
1025	4	14	35	3990	21571
1026	0	12	50	3993	2965
1027	4	8	50	3996	659
1028	3	1	35	3999	503
1029	4	8	35	4002	8080
1030	4	14	35	4005	18573
1031	3	1	50	4008	32928
1032	4	14	50	4011	2889
1033	4	14	50	4014	5613
1034	3	1	30	4017	46032
1035	4	8	45	4020	2314
1036	4	14	50	4023	5834
1037	3	1	45	4026	1219
1038	4	14	50	4029	2062
1039	4	14	30	4032	16871
1040	3	1	50	4035	11400
1041	0	12	45	4038	11326
1042	4	14	45	4041	7017
1043	3	1	50	4044	5000
1044	4	14	30	4047	139
1045	4	14	45	4050	14542
1046	0	12	30	4053	13789
1047	4	14	35	4056	10831
1048	4	8	30	4059	8734
1049	4	14	45	4062	1598
1050	4	14	50	4065	15472
1051	3	1	35	4068	91
1052	4	14	35	4071	6041
1053	4	8	35	4074	26281
1054	4	14	30	4077	14825
1055	0	12	50	4080	7454
1056	4	8	30	4083	558
1057	3	1	50	4086	31537
1058	0	12	45	4089	3951
1059	0	12	50	4092	5410
1060	0	12	30	4095	21579
1061	3	1	50	4098	1732
1062	4	14	30	4101	10359
1063	0	12	30	4104	2805
1064	3	1	50	4107	10778
1065	4	14	30	4110	3074
1066	4	14	30	4113	3276
1067	0	12	45	4116	9477
1068	4	8	35	4119	206
1069	4	14	35	4122	9899
1070	4	14	45	4125	5668
1071	0	12	30	4128	5291
1072	0	12	35	4131	4201
1073	4	14	35	4134	11337
1074	4	14	30	4137	35871
1075	4	14	30	4140	40258
1076	4	8	30	4143	7778
1077	0	12	30	4146	20804
1078	4	8	30	4149	4742
1079	4	8	35	4152	4873
1080	4	8	50	4155	16540
1081	0	12	35	4158	3787
1082	4	14	35	4200	6513
1083	4	8	50	4203	45959
1084	4	14	50	4206	5073
1085	4	14	50	4209	4629
1086	4	14	30	4212	805
1087	3	1	50	4215	7044
1088	4	8	45	4218	9385
1089	4	14	35	4221	8589
1090	4	14	45	4224	3501
1091	0	12	50	4227	485
1092	4	8	30	4230	15996
1093	4	14	30	4233	4881
1094	3	1	45	4236	4313
1095	4	14	30	4239	7401
1096	0	12	50	4242	12883
1097	3	1	35	4245	2603
1098	4	14	50	4248	6025
1099	4	14	30	4251	9057
1100	3	1	30	4254	21104
1101	4	14	30	4257	3907
1102	4	14	50	4260	14875
1103	3	1	45	4263	11958
1104	3	1	30	4266	351
1105	4	14	50	4269	3290
1106	4	8	35	4272	4909
1107	0	12	45	4275	10863
1108	4	14	45	4278	1725
1109	0	12	35	4281	155
1110	3	1	35	4284	160
1111	4	8	35	4287	204
1112	3	1	45	4290	3828
1113	0	12	30	4293	2548
1114	4	14	45	4296	301
1115	0	12	45	4299	2139
1116	4	8	50	4302	44583
1117	4	8	45	4305	11419
1118	4	8	35	4308	5732
1119	4	8	30	4311	6657
1120	4	8	45	4314	6847
1121	4	14	50	4317	3055
1122	4	14	35	4320	18546
1123	0	12	30	4323	4988
1124	4	14	30	4326	2238
1125	4	8	35	4329	59
1126	4	14	50	4332	23388
1127	4	14	50	4335	4210
1128	0	12	35	4338	17221
1129	4	8	50	4341	45949
1130	3	1	35	4344	5669
1131	4	14	50	4347	6370
1132	4	14	50	4350	16248
1133	4	14	35	4353	4137
1134	3	1	30	4356	15975
1135	3	1	30	4359	5376
1136	3	1	30	4362	48069
1137	3	1	45	4365	2215
1138	3	1	30	4368	12201
1139	4	8	50	4371	5080
1140	3	1	35	4374	4482
1141	4	14	35	4377	16558
1142	4	14	30	4380	2989
1143	4	14	35	4383	4215
1144	4	8	50	4386	6599
1145	3	1	45	4389	9738
1146	3	1	35	4392	1575
1147	3	1	50	4395	25683
1148	4	14	30	4398	13466
1149	4	8	30	4401	9093
1150	4	14	45	4404	1937
1151	3	1	35	4407	19832
1152	4	14	35	4410	11877
1153	4	14	45	4413	809
1154	4	8	50	4416	7811
1155	4	14	35	4419	8529
1156	4	14	30	4422	8044
1157	0	12	45	4425	3343
1158	4	8	30	4428	8674
1159	3	1	50	4431	4264
1160	0	12	45	4434	21614
1161	4	14	50	4437	21196
1162	4	8	50	4440	8549
1163	4	14	45	4500	11103
1164	4	8	50	4503	9781
1165	4	14	35	4506	16697
1166	3	1	35	4509	6518
1167	4	8	30	4512	5022
1168	3	1	45	4515	3430
1169	4	14	45	4518	48770
1170	4	14	45	4521	844
1171	4	14	45	4524	17487
1172	4	14	45	4527	6342
1173	4	14	45	4530	2070
1174	3	1	50	4533	8302
1175	4	14	50	4536	4210
1176	3	1	50	4539	3504
1177	4	14	50	4542	5282
1178	4	14	45	4545	4560
1179	4	8	30	4548	6454
1180	3	1	35	4551	610
1181	3	1	50	4554	16562
1182	4	14	35	4557	1979
1183	4	14	30	4560	14002
1184	3	1	50	4563	15739
1185	3	1	50	4566	3030
1186	4	14	35	4569	13364
1187	4	14	30	4572	21055
1188	4	14	30	4575	13689
1189	4	14	50	4578	524
1190	3	1	35	4581	7757
1191	4	14	35	4584	3480
1192	4	8	50	4587	17773
1193	4	14	35	4590	6687
1194	4	8	45	4593	12673
1195	3	1	35	4596	1708
1196	4	14	45	4599	13853
1197	4	8	35	4602	8612
1198	4	14	45	4605	470
1199	4	8	50	4608	11638
1200	0	12	50	4611	3177
1201	4	8	35	4614	7475
1202	4	8	35	4617	5082
1203	3	1	30	4620	18202
1204	3	1	30	4623	585
1205	4	8	50	4626	6972
1206	4	8	30	4629	13344
1207	4	14	30	4632	4229
1208	4	8	35	4635	358
1209	4	14	35	4638	16249
1210	4	8	50	4641	2019
1211	4	8	45	4644	4383
1212	4	8	30	4647	3864
1213	4	8	35	4650	874
1214	4	14	30	4653	4993
1215	4	14	45	4656	3877
1216	3	1	35	4659	12272
1217	3	1	30	4662	9335
1218	4	14	35	4665	26259
1219	4	14	50	4668	64491
1220	3	1	30	4671	832
1221	3	1	30	4674	1917
1222	4	14	35	4677	4050
1223	4	14	30	4680	11835
1224	4	8	50	4683	15299
1225	4	14	50	4686	22190
1226	4	14	35	4689	9723
1227	4	14	35	4692	13085
1228	0	12	50	4695	29986
1229	3	1	30	4698	2595
1230	3	1	35	4701	1632
1231	3	1	45	4704	678
1232	0	12	30	4707	18858
1233	4	8	35	4710	4567
1234	4	14	50	4713	5661
1235	0	12	35	4716	525
1236	4	14	35	4719	7889
1237	0	12	50	4722	6536
1238	3	1	50	4725	16539
1239	3	1	45	4728	5846
1240	4	8	30	4731	1008
1241	4	8	30	4734	11394
1242	3	1	50	4737	3094
1243	4	14	45	4740	11511
1244	0	12	45	4743	970
1245	4	14	50	4800	3932
1246	3	1	35	4803	1003
1247	3	1	35	4806	5745
1248	4	14	30	4809	1765
1249	4	14	50	4812	9212
1250	3	1	35	4815	10271
1251	4	14	50	4818	7994
1252	3	1	50	4821	2972
1253	0	12	30	4824	18637
1254	3	1	30	4827	1885
1255	4	8	35	4830	16330
1256	0	12	45	4833	210
1257	0	12	45	4836	13781
1258	4	14	35	4839	6457
1259	4	8	35	4842	2838
1260	3	1	30	4845	2190
1261	4	14	35	4848	433
1262	4	14	50	4851	6971
1263	4	14	35	4854	22271
1264	0	12	45	4857	2535
1265	4	8	50	4860	3544
1266	4	8	45	4863	13831
1267	3	1	45	4866	1660
1268	4	14	35	4869	14110
1269	4	14	30	4872	4290
1270	0	12	30	4875	5298
1271	0	12	45	4878	1904
1272	4	14	45	4881	10571
1273	4	8	35	4884	7060
1274	4	8	30	4887	5279
1275	4	8	50	4890	50031
1276	3	1	45	4893	5759
1277	4	8	50	4896	11679
1278	3	1	30	4899	3849
1279	0	12	30	4902	408
1280	4	8	50	4905	10657
1281	4	8	50	4908	1174
1282	3	1	30	4911	115
1283	0	12	45	4914	3318
1284	4	14	30	4917	5275
1285	4	8	30	4920	7739
1286	4	14	45	4923	4045
1287	4	14	35	4926	5654
1288	4	14	50	4929	2482
1289	4	14	45	4932	3837
1290	4	14	45	4935	5109
1291	4	14	50	4938	3167
1292	4	14	30	4941	1844
1293	3	1	45	4944	23574
1294	4	14	35	4947	221
1295	4	8	45	4950	12999
1296	4	8	30	4953	1191
1297	4	14	35	4956	9758
1298	4	14	35	4959	8133
1299	4	8	35	4962	138
1300	4	14	50	4965	6928
1301	4	14	30	4968	29749
1302	4	14	50	4971	2642
1303	4	8	35	4974	21195
1304	3	1	35	4977	18633
1305	3	1	50	4980	18718
1306	3	1	45	4983	3713
1307	3	1	35	4986	2966
1308	4	8	30	4989	3050
1309	4	14	50	4992	5001
1310	4	14	45	4995	19433
1311	4	8	35	4998	19367
1312	3	1	35	5001	2852
1313	0	12	35	5004	7478
1314	3	1	30	5007	17240
1315	4	8	35	5010	22694
1316	4	14	30	5013	9403
1317	4	14	50	5016	6442
1318	4	14	35	5019	3443
1319	4	8	35	5022	1361
1320	4	14	30	5025	211
1321	4	14	35	5028	13204
1322	0	12	30	5031	29709
1323	4	14	30	5034	6132
1324	4	14	35	5037	5429
1325	4	14	50	5040	3189
1326	3	1	30	5043	10594
1327	3	1	50	5046	11364
1328	4	8	45	5100	9300
1329	3	1	50	5104	10001
1330	4	8	35	5108	5944
1331	4	14	50	5112	20441
1332	4	14	50	5116	4997
1333	3	1	35	5120	3632
1334	4	8	35	5124	18930
1335	4	14	30	5128	14026
1336	4	14	30	5132	54647
1337	4	14	35	5136	1939
1338	4	8	30	5140	4335
1339	4	14	30	5144	833
1340	4	8	30	5148	6689
1341	4	14	35	5152	1293
1342	4	14	50	5156	13141
1343	4	8	30	5160	5270
1344	4	8	45	5164	9476
1345	4	8	35	5168	10835
1346	3	1	45	5172	3932
1347	4	14	35	5176	7982
1348	4	14	35	5180	308
1349	4	8	35	5184	14984
1350	3	1	30	5188	7583
1351	3	1	35	5192	5797
1352	4	14	30	5196	19227
1353	4	14	50	5200	4250
1354	0	12	45	5204	676
1355	3	1	35	5208	12418
1356	3	1	30	5212	15139
1357	4	14	35	5216	6883
1358	4	14	35	5220	6909
1359	4	14	30	5224	26968
1360	4	8	45	5228	5019
1361	4	14	45	5232	64
1362	4	14	50	5236	2637
1363	4	8	35	5240	643
1364	4	14	50	5244	21265
1365	4	14	50	5248	12477
1366	3	1	30	5252	443
1367	4	8	45	5256	3764
1368	4	14	50	5260	14789
1369	0	12	45	5264	88
1370	4	14	50	5268	33482
1371	4	14	45	5272	2574
1372	4	14	30	5276	684
1373	0	12	45	5280	7835
1374	3	1	35	5284	8806
1375	4	14	50	5288	7487
1376	4	14	50	5292	6867
1377	4	14	35	5296	1217
1378	4	14	50	5300	13888
1379	0	12	50	5304	16128
1380	4	8	50	5308	2765
1381	4	8	30	5312	6993
1382	0	12	50	5316	1023
1383	4	14	30	5320	13154
1384	4	14	35	5324	5187
1385	3	1	50	5328	4305
1386	4	14	35	5332	30996
1387	4	8	35	5336	16847
1388	3	1	30	5340	5389
1389	4	14	30	5344	15902
1390	3	1	50	5348	993
1391	4	8	50	5352	16588
1392	3	1	35	5356	1245
1393	0	12	45	5360	34367
1394	3	1	50	5364	11727
1395	4	14	30	5368	31671
1396	4	14	35	5372	217
1397	3	1	35	5376	11092
1398	4	14	50	5380	5103
1399	3	1	50	5384	792
1400	0	12	30	5388	17457
1401	4	8	30	5392	1627
1402	0	12	35	5400	3498
1403	4	14	50	5404	3054
1404	3	1	45	5408	4756
1405	3	1	35	5412	42
1406	3	1	35	5416	17711
1407	4	14	45	5420	20102
1408	4	14	45	5424	11000
1409	4	14	30	5428	4974
1410	4	14	30	5432	22283
1411	0	12	45	5436	3751
1412	4	14	35	5440	9935
1413	3	1	30	5444	27317
1414	4	8	30	5448	21562
1415	4	14	45	5452	26493
1416	4	14	45	5456	9044
1417	4	8	35	5460	18228
1418	0	12	50	5464	169
1419	4	14	50	5468	12931
1420	3	1	30	5472	2909
1421	4	14	50	5476	9886
1422	3	1	35	5480	1607
1423	0	12	50	5484	33392
1424	3	1	50	5488	3336
1425	4	14	45	5492	4626
1426	4	14	50	5496	426
1427	4	14	30	5500	4291
1428	4	14	45	5504	16473
1429	0	12	50	5508	9940
1430	3	1	30	5512	10119
1431	4	14	30	5516	17101
1432	4	14	35	5520	3016
1433	4	8	45	5524	664
1434	4	14	45	5528	14574
1435	4	14	50	5532	4365
1436	3	1	30	5536	3809
1437	4	14	45	5540	22634
1438	4	14	45	5544	336
1439	4	14	30	5548	2056
1440	4	14	35	5552	6114
1441	3	1	45	5556	13169
1442	3	1	35	5560	12342
1443	3	1	30	5564	3224
1444	4	8	45	5568	2552
1445	4	14	50	5572	4902
1446	3	1	30	5576	19297
1447	3	1	35	5580	20669
1448	3	1	45	5584	4679
1449	4	14	30	5588	6104
1450	4	14	50	5592	1429
1451	0	12	35	5596	3004
1452	3	1	35	5600	28999
1453	0	12	35	5604	5137
1454	4	14	30	5608	18159
1455	0	12	35	5612	24800
1456	4	14	45	5616	9640
1457	4	14	35	5620	32998
1458	3	1	35	5624	16185
1459	3	1	30	5628	383
1460	3	1	45	5632	2470
1461	4	8	45	5636	5444
1462	4	8	30	5640	3556
1463	4	14	35	5644	10414
1464	3	1	45	5648	13396
1465	3	1	50	5652	4456
1466	0	12	35	5656	2077
1467	3	1	30	5660	5364
1468	4	14	30	5664	5529
1469	4	8	50	5668	401
1470	3	1	50	5672	1122
1471	4	14	45	5676	15119
1472	4	14	45	5700	40904
1473	3	1	35	5703	920
1474	4	14	50	5706	5661
1475	4	14	30	5709	5915
1476	3	1	45	5712	1778
1477	4	8	35	5715	4981
1478	4	14	45	5718	2770
1479	3	1	35	5721	5903
1480	4	14	50	5724	12166
1481	4	8	45	5727	4759
1482	3	1	30	5730	20594
1483	4	14	45	5733	10462
1484	4	14	30	5736	1533
1485	4	14	45	5739	13284
1486	4	14	45	5742	12161
1487	0	12	45	5745	6297
1488	4	14	45	5748	899
1489	4	14	45	5751	2914
1490	4	8	35	5754	85
1491	3	1	45	5757	5685
1492	3	1	35	5760	1268
1493	0	12	35	5763	892
1494	3	1	50	5766	57682
1495	3	1	30	5769	4593
1496	4	8	50	5772	957
1497	3	1	45	5775	23182
1498	4	14	45	5778	5477
1499	4	8	35	5781	2063
1500	3	1	45	5784	7718
1501	4	14	45	5787	1017
1502	4	14	35	5790	5224
1503	4	14	35	5793	3100
1504	4	14	45	5796	2467
1505	4	14	35	5799	13224
1506	3	1	35	5802	2976
1507	4	14	45	5805	7285
1508	4	8	45	5808	11272
1509	0	12	50	5811	22426
1510	0	12	30	5814	35111
1511	4	14	45	5817	11491
1512	3	1	50	5820	931
1513	4	14	50	5823	14365
1514	4	14	45	5826	6731
1515	4	14	50	5829	1085
1516	4	14	30	5832	2776
1517	4	14	45	5835	26289
1518	4	14	45	5838	20662
1519	0	12	35	5841	299
1520	3	1	45	5844	9855
1521	3	1	45	5847	3619
1522	3	1	45	5850	17572
1523	3	1	30	5853	5815
1524	4	14	45	5856	8255
1525	3	1	45	5859	1300
1526	0	12	35	5862	13629
1527	4	14	35	5865	10118
1528	4	14	35	5868	4375
1529	0	12	30	5871	1154
1530	4	14	35	5874	6512
1531	0	12	35	5877	2256
1532	4	8	35	5880	21108
1533	4	8	35	5883	1357
1534	4	8	30	5886	30203
1535	4	14	30	5889	1145
1536	3	1	35	5892	19399
1537	4	14	50	5895	752
1538	4	8	50	5898	1907
1539	4	14	50	5901	3869
1540	4	14	35	5904	11149
1541	4	14	45	5907	8959
1542	4	14	45	5910	1096
1543	3	1	35	5913	3208
1544	4	8	50	5916	18237
1545	4	14	35	5919	2421
1546	4	14	50	5922	3368
1547	4	8	45	5925	7475
1548	4	8	30	5928	6329
1549	3	1	50	5931	11037
1550	0	12	30	5934	7488
1551	3	1	30	5937	2235
1552	3	1	45	5940	5688
1553	4	8	35	6000	1777
1554	4	8	30	6003	166
1555	4	14	50	6006	25143
1556	4	8	45	6009	3069
1557	4	14	30	6012	8294
1558	4	14	45	6015	13179
1559	4	14	50	6018	9181
1560	4	14	50	6021	7818
1561	3	1	30	6024	12873
1562	4	14	30	6027	11177
1563	3	1	50	6030	200
1564	3	1	35	6033	6712
1565	4	14	45	6036	7431
1566	3	1	35	6039	14917
1567	4	8	45	6042	2515
1568	4	14	50	6045	13125
1569	0	12	30	6048	5442
1570	0	12	45	6051	14254
1571	3	1	35	6054	4506
1572	3	1	50	6057	18043
1573	4	8	35	6060	9288
1574	4	8	45	6063	11862
1575	4	8	30	6066	12652
1576	0	12	30	6069	29631
1577	4	8	30	6072	3507
1578	4	14	45	6075	2202
1579	3	1	45	6078	4495
1580	4	14	45	6081	1152
1581	4	8	35	6084	3944
1582	4	8	50	6087	29591
1583	4	8	30	6090	23558
1584	4	14	35	6093	1609
1585	4	8	30	6096	17
1586	3	1	45	6099	6995
1587	0	12	50	6102	22092
1588	3	1	50	6105	6804
1589	3	1	45	6108	12301
1590	4	8	35	6111	2397
1591	3	1	35	6114	12944
1592	3	1	50	6117	3461
1593	3	1	30	6120	2910
1594	4	14	50	6123	570
1595	0	12	45	6126	15728
1596	4	8	45	6129	8658
1597	4	8	50	6132	29557
1598	4	14	50	6135	7370
1599	4	8	50	6138	8544
1600	4	14	50	6141	2713
1601	4	8	50	6144	14912
1602	4	14	30	6147	216
1603	3	1	45	6150	471
1604	4	14	30	6153	6944
1605	4	8	30	6156	415
1606	4	14	35	6159	3142
1607	4	14	35	6162	131
1608	4	8	50	6165	5166
1609	4	8	45	6168	2997
1610	4	8	35	6171	2049
1611	4	14	45	6174	3012
1612	0	12	45	6177	41237
1613	4	8	35	6180	3023
1614	4	14	50	6183	203
1615	3	1	45	6186	10576
1616	3	1	45	6189	12863
1617	3	1	35	6192	3358
1618	3	1	30	6195	5253
1619	4	8	30	6198	45006
1620	3	1	35	6201	8367
1621	4	14	30	6204	3531
1622	4	14	50	6207	7826
1623	4	8	30	6210	9339
1624	0	12	45	6213	1073
1625	0	12	50	6216	7290
1626	4	14	45	6219	5045
1627	4	14	50	6222	278
1628	3	1	45	6225	29972
1629	4	14	35	6228	5113
1630	4	14	50	6231	5958
1631	4	14	50	6234	22828
1632	4	14	30	6300	53471
1633	4	14	50	6303	717
1634	4	14	45	6306	22146
1635	4	14	35	6309	16017
1636	4	8	45	6312	940
1637	4	14	30	6315	7339
1638	4	8	45	6318	2722
1639	3	1	30	6321	310
1640	4	14	30	6324	6279
1641	3	1	30	6327	3270
1642	4	14	45	6330	13354
1643	3	1	30	6333	12680
1644	3	1	50	6336	20
1645	4	14	50	6339	3463
1646	4	14	30	6342	3949
1647	3	1	50	6345	7725
1648	3	1	30	6348	4487
1649	3	1	50	6351	19481
1650	4	8	35	6354	38
1651	4	14	30	6357	13160
1652	3	1	35	6360	9201
1653	4	14	50	6363	11100
1654	0	12	45	6366	6687
1655	3	1	35	6369	1083
1656	3	1	45	6372	27997
1657	4	14	35	6375	1579
1658	4	14	35	6378	2230
1659	4	14	30	6381	25565
1660	4	14	35	6384	14655
1661	4	14	35	6387	12879
1662	4	14	35	6390	13736
1663	4	8	30	6393	3722
1664	4	14	35	6396	1303
1665	4	14	35	6399	3918
1666	0	12	30	6402	8907
1667	4	8	50	6405	3077
1668	4	14	35	6408	25412
1669	4	14	35	6411	16334
1670	3	1	45	6414	4585
1671	4	14	45	6417	4983
1672	4	14	30	6420	2707
1673	4	14	45	6423	433
1674	3	1	35	6426	8579
1675	4	14	35	6429	792
1676	0	12	30	6432	25679
1677	4	14	50	6435	35762
1678	3	1	45	6438	9472
1679	3	1	50	6441	856
1680	4	14	50	6444	1255
1681	4	14	45	6447	4447
1682	4	14	50	6450	10190
1683	4	14	45	6453	2206
1684	0	12	35	6456	5789
1685	3	1	50	6459	6729
1686	4	14	35	6462	29
1687	4	14	50	6465	2620
1688	4	14	45	6468	13380
1689	3	1	35	6471	605
1690	4	14	35	6474	2142
1691	4	8	50	6477	10370
1692	4	14	35	6480	9101
1693	4	8	45	6483	2979
1694	3	1	35	6486	3090
1695	4	14	50	6489	7935
1696	3	1	45	6492	10380
1697	4	8	50	6495	9324
1698	0	12	50	6498	860
1699	4	14	30	6501	26
1700	4	14	45	6504	8138
1701	4	14	50	6507	3887
1702	0	12	50	6510	3812
1703	4	14	45	6513	7453
1704	4	14	35	6516	9095
1705	4	14	35	6519	6246
1706	4	14	30	6522	21558
1707	4	8	50	6525	9535
1708	3	1	45	6528	7220
1709	3	1	30	6531	34803
1710	3	1	30	6534	3666
1711	4	14	45	6537	1521
1712	4	14	50	6540	4319
1713	4	14	45	6543	17027
1714	4	8	45	6546	628
1715	4	8	30	6549	4428
1716	0	12	35	6552	6499
1717	3	1	50	6555	19141
1718	0	12	35	6558	8482
1719	4	14	30	6600	490
1720	0	12	45	6604	1396
1721	3	1	35	6608	8619
1722	0	12	35	6612	8387
1723	3	1	30	6616	215
1724	3	1	45	6620	1249
1725	3	1	45	6624	2304
1726	3	1	35	6628	19044
1727	4	14	35	6632	25378
1728	4	8	35	6636	19502
1729	3	1	30	6640	13019
1730	3	1	30	6644	2708
1731	4	14	35	6648	12110
1732	4	8	45	6652	5072
1733	0	12	50	6656	12231
1734	4	8	45	6660	2854
1735	4	14	30	6664	29348
1736	4	14	50	6668	6323
1737	4	14	35	6672	13277
1738	4	8	30	6676	3905
1739	4	8	30	6680	1782
1740	4	14	35	6684	3772
1741	4	14	30	6688	2212
1742	4	14	45	6692	3103
1743	3	1	30	6696	36736
1744	4	14	35	6700	7117
1745	4	8	45	6704	9695
1746	4	14	35	6708	424
1747	4	14	50	6712	1365
1748	4	8	45	6716	9081
1749	3	1	50	6720	3316
1750	3	1	30	6724	3979
1751	4	8	35	6728	4852
1752	3	1	35	6732	7833
1753	0	12	50	6736	10531
1754	4	14	35	6740	11589
1755	3	1	30	6744	20011
1756	4	8	30	6748	4933
1757	4	14	45	6752	19228
1758	4	8	50	6756	9398
1759	4	8	45	6760	5111
1760	3	1	35	6764	11312
1761	4	14	30	6768	1652
1762	4	14	45	6772	1962
1763	4	8	45	6776	2284
1764	0	12	45	6780	4292
1765	3	1	35	6784	4186
1766	3	1	45	6788	9370
1767	4	14	35	6792	13256
1768	4	14	45	6796	5786
1769	3	1	30	6800	5920
1770	4	14	30	6804	18500
1771	4	8	35	6808	11213
1772	4	14	45	6812	4796
1773	3	1	50	6816	5530
1774	4	14	30	6820	3228
1775	4	8	45	6824	22720
1776	3	1	50	6828	7249
1777	4	8	50	6832	16680
1778	4	14	50	6836	101
1779	4	14	30	6840	3307
1780	4	14	30	6844	5000
1781	4	14	35	6848	6921
1782	3	1	50	6852	1393
1783	4	14	35	6856	7537
1784	4	14	50	6860	16636
1785	4	8	30	6864	1665
1786	3	1	45	6868	756
1787	3	1	50	6872	3743
1788	4	14	35	6876	4813
1789	4	14	35	6900	13267
1790	3	1	50	6903	4034
1791	0	12	30	6906	16606
1792	4	14	45	6909	3153
1793	4	14	45	6912	1019
1794	4	14	50	6915	32983
1795	4	8	45	6918	2103
1796	4	14	45	6921	574
1797	3	1	35	6924	6461
1798	4	8	50	6927	24559
1799	4	14	45	6930	1193
1800	3	1	30	6933	5406
1801	4	14	45	6936	448
1802	3	1	45	6939	14754
1803	3	1	30	6942	90
1804	4	8	35	6945	8163
1805	4	14	30	6948	2138
1806	3	1	45	6951	4224
1807	4	8	50	6954	16357
1808	4	14	30	6957	7156
1809	4	14	50	6960	2447
1810	4	14	50	6963	651
1811	4	8	35	6966	7247
1812	4	14	30	6969	1802
1813	4	14	50	6972	12
1814	3	1	45	6975	4557
1815	0	12	30	6978	32242
1816	4	14	45	6981	9681
1817	4	14	30	6984	21637
1818	4	14	30	6987	2707
1819	4	14	30	6990	4165
1820	3	1	45	6993	12660
1821	3	1	35	6996	1900
1822	4	14	30	6999	15617
1823	0	12	30	7002	2331
1824	0	12	45	7005	12178
1825	3	1	50	7008	3778
1826	3	1	45	7011	1466
1827	3	1	50	7014	2804
1828	3	1	30	7017	12857
1829	4	8	35	7020	4609
1830	4	8	30	7023	25597
1831	4	14	35	7026	4570
1832	4	8	50	7029	613
1833	4	8	30	7032	361
1834	4	8	50	7035	4563
1835	3	1	45	7038	9644
1836	4	8	35	7041	2620
1837	4	14	30	7044	4846
1838	4	8	50	7047	7813
1839	3	1	50	7050	2754
1840	3	1	50	7053	9028
1841	3	1	50	7056	612
1842	4	8	30	7059	1340
1843	3	1	30	7062	54516
1844	4	8	30	7065	7101
1845	4	8	35	7068	560
1846	4	14	30	7071	6076
1847	4	8	50	7074	418
1848	4	8	35	7077	18196
1849	3	1	45	7080	6269
1850	4	14	50	7083	16842
1851	4	14	50	7086	3627
1852	3	1	45	7089	1178
1853	3	1	30	7092	5784
1854	3	1	50	7095	2581
1855	4	8	45	7098	25407
1856	4	14	30	7101	6168
1857	3	1	45	7104	16505
1858	4	14	35	7107	13954
1859	3	1	35	7110	4212
1860	4	8	50	7113	8905
1861	4	14	45	7116	4128
1862	4	8	35	7119	5484
1863	4	8	45	7122	10898
1864	4	14	45	7125	36
1865	0	12	45	7128	1648
1866	4	8	50	7200	2922
1867	4	14	35	7204	670
1868	4	14	50	7208	11448
1869	3	1	50	7212	6560
1870	3	1	35	7216	10107
1871	4	8	45	7220	388
1872	4	14	50	7224	8063
1873	0	12	50	7228	1029
1874	0	12	35	7232	6452
1875	4	8	50	7236	1698
1876	3	1	45	7240	17699
1877	4	8	30	7244	7026
1878	3	1	35	7248	5379
1879	4	14	35	7252	16057
1880	4	14	50	7256	103
1881	3	1	45	7260	3499
1882	3	1	50	7264	10489
1883	4	14	30	7268	1457
1884	3	1	30	7272	311
1885	4	8	45	7276	16042
1886	3	1	35	7280	36022
1887	3	1	30	7284	2468
1888	4	14	35	7288	3422
1889	4	8	50	7292	1085
1890	3	1	50	7296	8655
1891	4	14	30	7300	17919
1892	0	12	45	7304	12507
1893	4	8	50	7308	199
1894	3	1	45	7312	7714
1895	4	14	45	7316	293
1896	3	1	30	7320	16563
1897	4	14	30	7324	13131
1898	4	14	35	7328	13946
1899	4	14	50	7332	3307
1900	0	12	35	7336	768
1901	3	1	30	7340	2180
1902	3	1	45	7344	15962
1903	4	8	30	7348	1161
1904	0	12	35	7352	11334
1905	4	14	30	7356	7008
1906	4	14	50	7360	9633
1907	4	8	45	7364	10775
1908	4	8	50	7368	11441
1909	4	14	50	7372	21796
1910	0	12	35	7376	8401
1911	3	1	30	7380	6615
1912	4	14	50	7384	7485
1913	3	1	30	7388	38502
1914	4	8	35	7392	966
1915	4	14	45	7396	18091
1916	0	12	50	7400	2466
1917	4	8	30	7404	27995
1918	4	14	45	7408	8951
1919	3	1	35	7412	923
1920	3	1	45	7416	14878
1921	4	14	30	7420	12378
1922	3	1	45	7424	1858
1923	4	8	30	7428	1512
1924	4	14	35	7432	13154
1925	4	14	30	7436	3052
1926	3	1	45	7440	5169
1927	4	14	50	7444	171
1928	4	14	50	7448	2212
1929	4	14	50	7452	5581
1930	4	14	45	7456	8407
1931	3	1	50	7460	6189
1932	4	8	35	7464	2499
1933	3	1	30	7468	20691
1934	4	14	50	7472	18405
1935	4	14	30	7500	14374
1936	0	12	45	7504	3571
1937	4	14	35	7508	2263
1938	3	1	45	7512	12645
1939	4	14	45	7516	4218
1940	4	8	45	7520	25993
1941	0	12	30	7524	14174
1942	4	14	50	7528	545
1943	4	8	35	7532	4310
1944	0	12	30	7536	1250
1945	3	1	45	7540	2576
1946	3	1	50	7544	8517
1947	4	14	30	7548	17137
1948	4	14	50	7552	6363
1949	3	1	30	7556	173
1950	3	1	50	7560	4000
1951	3	1	50	7564	11015
1952	0	12	35	7568	1628
1953	3	1	30	7572	2033
1954	4	14	50	7576	3051
1955	4	14	50	7580	195
1956	0	12	30	7584	389
1957	3	1	30	7588	16872
1958	4	14	35	7592	9336
1959	0	12	35	7596	1313
1960	4	8	30	7600	8473
1961	0	12	45	7604	2943
1962	0	12	45	7608	5070
1963	3	1	35	7612	1816
1964	0	12	50	7616	18379
1965	3	1	30	7620	1601
1966	3	1	50	7624	80
1967	3	1	35	7628	1826
1968	4	14	50	7632	17251
1969	3	1	45	7636	5181
1970	0	12	50	7640	1333
1971	0	12	35	7644	14091
1972	3	1	45	7648	2180
1973	0	12	50	7652	2285
1974	3	1	45	7656	11200
1975	4	14	35	7660	1800
1976	4	14	35	7664	1896
1977	3	1	45	7668	7473
1978	4	8	50	7672	17585
1979	3	1	30	7676	11809
1980	3	1	45	7680	524
1981	4	14	35	7684	4239
1982	0	12	30	7688	9028
1983	0	12	50	7692	5741
1984	4	14	45	7696	16001
1985	4	14	50	7700	11191
1986	3	1	30	7704	6865
1987	4	14	45	7708	2897
1988	4	8	45	7712	5153
1989	3	1	50	7716	6477
1990	4	14	30	7720	9096
1991	3	1	45	7724	4841
1992	4	8	45	7728	3277
1993	3	1	50	7732	4137
1994	3	1	50	7736	6898
1995	4	14	45	7740	33145
1996	4	14	35	7744	21261
1997	4	8	50	7748	26231
1998	4	8	50	7752	32655
1999	4	14	45	7756	13870
