0	3	1	5	0	4210
1	4	8	10	9	3291
2	4	14	15	18	2716
3	4	14	15	27	9528
4	3	1	20	36	5988
5	3	1	5	45	955
6	3	1	20	54	14224
7	4	14	5	63	12014
8	4	14	15	72	15117
9	3	1	5	81	8361
10	4	14	20	90	718
11	4	8	5	99	2279
12	4	14	20	108	1197
13	4	14	15	117	1974
14	4	14	5	126	2102
15	4	14	20	135	2794
16	4	14	10	144	6030
17	4	14	15	153	4103
18	3	1	10	162	3560
19	4	14	20	171	5730
20	0	12	20	180	1962
21	4	14	10	189	3398
22	4	14	5	198	1082
23	3	1	15	207	10921
24	0	12	20	216	4029
25	3	1	20	225	9822
26	3	1	5	234	2833
27	0	12	10	243	3991
28	4	14	10	252	3104
29	3	1	10	261	2299
30	4	14	5	270	4219
31	4	14	15	279	13748
32	3	1	15	288	2383
33	3	1	5	297	249
34	3	1	15	306	11770
35	3	1	5	315	4962
36	4	14	20	324	1976
37	3	1	5	333	9503
38	4	14	10	342	1609
39	3	1	10	351	4877
40	4	14	10	360	10064
41	3	1	20	369	5066
42	4	14	5	400	4765
43	4	14	15	408	144
44	4	14	10	416	881
45	4	14	10	424	3197
46	4	8	20	432	5560
47	4	14	15	440	1158
48	3	1	5	448	1190
49	3	1	10	456	6215
50	3	1	15	464	383
51	3	1	5	472	2616
52	4	8	20	480	1123
53	4	14	15	488	1738
54	4	14	10	496	963
55	4	14	15	504	327
56	3	1	5	512	1565
57	4	14	5	520	3267
58	4	14	15	528	1274
59	4	14	5	536	7922
60	4	14	20	544	4882
61	3	1	15	552	1662
62	3	1	15	560	2114
63	4	14	10	568	3105
64	4	14	20	576	1017
65	3	1	10	584	875
66	4	14	10	592	16914
67	3	1	15	600	883
68	4	14	20	608	2335
69	3	1	5	616	4790
70	4	14	5	624	479
71	3	1	10	632	8206
72	3	1	10	640	1485
73	3	1	5	648	8645
74	0	12	10	656	7382
75	4	14	5	664	4428
76	4	14	5	672	8357
77	4	14	10	680	900
78	4	14	5	688	5343
79	3	1	15	696	352
80	3	1	5	704	712
81	4	14	10	712	1183
82	4	14	5	720	1872
83	3	1	5	728	5565
84	4	14	15	736	1696
85	3	1	20	744	753
86	3	1	15	752	5135
87	3	1	5	760	405
88	4	14	20	768	7494
89	3	1	5	800	8120
90	4	8	20	808	1957
91	0	12	20	816	7128
92	4	14	15	824	4023
93	4	14	5	832	2533
94	3	1	10	840	31579
95	3	1	20	848	3461
96	4	8	5	856	1470
97	3	1	20	864	679
98	3	1	20	872	6659
99	3	1	20	880	4
100	4	14	5	888	3329
101	4	14	5	896	3218
102	0	12	20	904	6626
103	0	12	5	912	3278
104	3	1	10	920	4504
105	4	14	10	928	994
106	4	14	15	936	744
107	4	14	15	944	1784
108	4	14	5	952	2856
109	4	8	5	960	3145
110	4	14	10	968	904
111	3	1	20	976	521
112	3	1	5	984	6882
113	3	1	5	992	834
114	3	1	5	1000	4799
115	4	8	15	1008	2383
116	4	14	15	1016	13561
117	4	14	15	1024	4307
118	4	14	15	1032	863
119	3	1	20	1040	217
120	4	14	15	1048	2566
121	3	1	5	1056	8793
122	4	14	20	1064	1734
123	3	1	20	1072	3410
124	3	1	5	1080	1490
125	4	14	5	1088	1320
126	4	14	15	1096	1082
127	3	1	5	1104	7355
128	4	14	20	1112	8658
129	4	14	15	1120	1220
130	4	14	5	1128	1796
131	4	14	10	1136	5091
132	4	14	15	1144	1982
133	3	1	5	1152	5327
134	4	14	10	1160	2930
135	4	14	20	1168	3771
136	4	14	15	1176	2368
137	4	14	20	1200	6737
138	3	1	15	1208	314
139	3	1	5	1216	537
140	3	1	5	1224	7
141	4	14	5	1232	1804
142	4	14	20	1240	3527
143	4	14	15	1248	1437
144	4	14	15	1256	4390
145	4	14	5	1264	1230
146	4	14	20	1272	42
147	4	14	10	1280	2361
148	3	1	5	1288	5886
149	3	1	15	1296	3200
150	3	1	5	1304	3795
151	3	1	15	1312	4180
152	4	14	10	1320	13085
153	3	1	20	1328	5672
154	3	1	10	1336	2998
155	3	1	20	1344	4507
156	4	14	10	1352	896
157	4	14	20	1360	1074
158	4	14	5	1368	1141
159	3	1	5	1376	2007
160	3	1	15	1384	16272
161	4	14	15	1392	1594
162	3	1	20	1400	2575
163	4	8	15	1408	1137
164	3	1	5	1416	807
165	3	1	5	1424	2633
166	4	14	5	1432	5255
167	4	14	20	1440	355
168	4	14	15	1448	4421
169	4	14	5	1456	369
170	3	1	20	1464	8
171	3	1	20	1472	658
172	4	14	20	1480	3505
173	3	1	10	1488	284
174	4	14	20	1496	209
175	3	1	15	1504	468
176	4	14	10	1512	1444
177	3	1	5	1520	204
178	4	14	5	1528	9515
179	4	14	20	1536	189
180	4	14	10	1544	1261
181	4	14	10	1552	6266
182	4	14	20	1560	292
183	3	1	5	1600	1628
184	3	1	10	1611	4201
185	3	1	10	1622	5000
186	4	8	20	1633	5674
187	3	1	20	1644	4009
188	4	14	20	1655	935
189	3	1	15	1666	7416
190	4	14	10	1677	2108
191	0	12	15	1688	949
192	4	14	15	1699	3339
193	4	14	15	1710	4570
194	4	14	10	1721	616
195	4	14	15	1732	4471
196	3	1	5	1743	8767
197	4	14	5	1754	1652
198	3	1	15	1765	507
199	3	1	10	1776	813
200	4	14	20	1787	3050
201	0	12	20	1798	10394
202	4	8	15	1809	6002
203	4	14	20	1820	4584
204	4	14	15	1831	3182
205	3	1	10	1842	2471
206	4	14	15	1853	267
207	3	1	20	1864	8957
208	3	1	5	1875	4906
209	0	12	15	1886	2157
210	3	1	10	1897	1866
211	4	14	10	1908	654
212	4	14	15	1919	1591
213	4	14	10	1930	903
214	3	1	15	1941	530
215	3	1	10	1952	851
216	4	14	15	1963	1194
217	4	14	20	1974	604
218	4	14	5	1985	3637
219	3	1	15	2000	2533
220	3	1	5	2008	5155
221	3	1	10	2016	413
222	4	14	20	2024	8365
223	3	1	20	2032	6984
224	4	14	15	2040	4540
225	3	1	10	2048	6256
226	3	1	5	2056	3525
227	4	14	10	2064	9322
228	4	14	20	2072	10403
229	4	14	5	2080	1899
230	3	1	15	2088	1005
231	3	1	5	2096	13358
232	4	14	15	2104	10682
233	3	1	15	2112	5140
234	0	12	20	2120	2874
235	4	14	15	2128	1691
236	4	14	15	2136	57
237	3	1	20	2144	1966
238	3	1	10	2152	6162
239	4	14	5	2160	839
240	3	1	20	2168	4187
241	4	14	20	2176	7994
242	4	14	20	2184	10432
243	4	14	10	2192	6273
244	4	14	10	2200	2543
245	3	1	5	2208	1197
246	3	1	20	2216	8585
247	4	14	10	2224	1810
248	3	1	20	2232	3255
249	3	1	5	2240	12072
250	3	1	5	2248	2143
251	3	1	5	2256	5512
252	4	14	5	2264	5407
253	4	14	20	2272	4198
254	3	1	10	2280	2461
255	3	1	10	2288	2286
256	3	1	20	2296	201
257	4	14	20	2304	12101
258	0	12	10	2312	14
259	4	14	10	2320	5674
260	4	14	10	2328	8322
261	0	12	10	2336	706
262	3	1	5	2344	13730
263	4	14	20	2352	1593
264	4	14	5	2360	866
265	3	1	10	2368	2099
266	4	14	20	2376	994
267	3	1	20	2400	3713
268	4	14	10	2410	4678
269	4	14	5	2420	6044
270	4	14	15	2430	781
271	3	1	15	2440	8153
272	4	14	15	2450	1751
273	4	14	5	2460	2096
274	4	14	20	2470	6865
275	3	1	10	2480	7862
276	3	1	15	2490	754
277	4	14	15	2500	354
278	3	1	15	2510	1754
279	4	14	15	2520	2178
280	3	1	10	2530	9529
281	3	1	15	2540	1002
282	3	1	10	2550	1698
283	3	1	20	2560	14705
284	3	1	5	2570	13216
285	4	14	10	2580	2571
286	4	14	5	2590	1010
287	3	1	15	2600	1318
288	3	1	10	2610	1225
289	4	14	15	2620	321
290	4	14	15	2630	1402
291	4	14	20	2640	259
292	3	1	15	2650	1943
293	4	14	20	2660	112
294	4	8	15	2670	1508
295	3	1	15	2680	2670
296	3	1	20	2690	9083
297	3	1	20	2700	3642
298	0	12	5	2710	3633
299	4	14	5	2720	256
300	4	14	10	2730	157
301	4	14	20	2740	1304
302	4	8	5	2750	4489
303	4	14	15	2760	6012
304	4	14	10	2770	5943
305	0	12	10	2800	3150
306	4	14	15	2810	1999
307	4	14	20	2820	1621
308	4	8	20	2830	7079
309	4	8	5	2840	3660
310	4	14	20	2850	1223
311	3	1	5	2860	13324
312	4	14	5	2870	3629
313	4	14	15	2880	3504
314	3	1	20	2890	7595
315	4	14	15	2900	4238
316	4	14	20	2910	6768
317	3	1	5	2920	19855
318	3	1	20	2930	1818
319	3	1	15	2940	5098
320	3	1	5	2950	818
321	4	14	5	2960	11204
322	3	1	10	2970	1667
323	3	1	20	2980	3790
324	4	14	15	2990	2643
325	4	14	20	3000	486
326	3	1	20	3010	2653
327	4	14	15	3020	1582
328	4	14	10	3030	394
329	3	1	10	3040	1620
330	4	14	10	3050	13206
331	3	1	20	3060	3415
332	4	14	15	3070	2677
333	4	14	15	3080	1386
334	0	12	5	3090	1920
335	3	1	10	3100	3970
336	3	1	15	3110	3169
337	4	14	20	3120	3360
338	4	14	10	3130	897
339	3	1	15	3140	2166
340	4	14	15	3150	337
341	4	14	5	3160	8832
342	4	8	15	3200	2400
343	0	12	10	3211	4365
344	4	14	15	3222	6721
345	4	14	10	3233	1610
346	3	1	15	3244	2512
347	4	14	5	3255	6463
348	3	1	5	3266	781
349	4	14	5	3277	4323
350	4	14	15	3288	4449
351	3	1	15	3299	9363
352	4	14	5	3310	1057
353	4	14	15	3321	8362
354	3	1	20	3332	8383
355	4	14	5	3343	418
356	4	14	15	3354	11080
357	4	14	10	3365	256
358	3	1	5	3376	1392
359	3	1	15	3387	4304
360	4	14	15	3398	248
361	4	8	5	3409	275
362	4	14	15	3420	1094
363	4	14	15	3431	2744
364	3	1	15	3442	4046
365	4	14	20	3453	4675
366	3	1	15	3464	2586
367	4	8	15	3475	1446
368	4	14	10	3486	904
369	3	1	10	3497	998
370	3	1	5	3508	448
371	0	12	5	3519	1137
372	4	14	20	3530	6281
373	4	14	5	3541	11759
374	3	1	5	3552	4082
375	4	14	5	3563	1398
376	4	14	10	3574	2678
377	3	1	5	3600	4516
378	3	1	5	3613	6410
379	4	14	5	3626	660
380	3	1	5	3639	4179
381	4	14	20	3652	4602
382	3	1	15	3665	646
383	3	1	10	3678	2270
384	4	14	15	3691	4337
385	4	14	15	3704	245
386	3	1	20	3717	1673
387	0	12	5	3730	3783
388	3	1	15	3743	2150
389	4	8	5	3756	1324
390	4	14	20	3769	4711
391	3	1	5	3782	2655
392	3	1	15	3795	1283
393	3	1	20	3808	3122
394	3	1	5	3821	1772
395	4	14	15	3834	57
396	0	12	10	3847	4207
397	3	1	20	3860	12379
398	4	14	15	3873	113
399	3	1	20	3886	531
400	4	14	15	3899	7729
401	3	1	5	3912	711
402	3	1	15	3925	3654
403	3	1	15	3938	12553
404	3	1	20	3951	3234
405	4	14	15	3964	2204
406	4	14	20	4000	473
407	4	14	20	4011	1343
408	4	14	10	4022	1080
409	4	14	20	4033	3489
410	3	1	15	4044	3779
411	4	14	10	4055	1208
412	3	1	10	4066	1223
413	3	1	20	4077	611
414	4	14	10	4088	43
415	3	1	15	4099	1890
416	4	14	15	4110	9975
417	4	14	10	4121	6563
418	0	12	5	4132	7196
419	4	14	5	4143	3441
420	3	1	5	4154	1707
421	3	1	15	4165	7997
422	4	14	20	4176	8739
423	3	1	10	4187	10120
424	4	14	15	4198	3010
425	4	14	20	4209	3881
426	4	14	10	4220	14458
427	3	1	20	4231	1151
428	4	14	5	4242	3557
429	3	1	10	4253	3927
430	4	14	15	4264	4134
431	3	1	15	4275	3048
432	3	1	10	4286	4185
433	4	8	10	4297	4486
434	3	1	10	4308	1409
435	3	1	5	4319	2656
436	3	1	5	4330	353
437	4	8	20	4341	855
438	4	14	10	4352	8435
439	4	14	20	4363	1088
440	4	8	15	4400	11802
441	3	1	20	4411	233
442	3	1	15	4422	1879
443	4	14	20	4433	7179
444	4	14	10	4444	4442
445	4	14	10	4455	2258
446	0	12	20	4466	1002
447	3	1	15	4477	569
448	4	14	10	4488	3029
449	3	1	10	4499	15943
450	4	8	5	4510	407
451	3	1	5	4521	7445
452	3	1	20	4532	512
453	3	1	15	4543	2397
454	4	14	15	4554	6001
455	3	1	20	4565	18679
456	3	1	5	4576	1288
457	4	14	5	4587	4540
458	4	14	20	4598	2233
459	4	14	5	4609	10843
460	3	1	10	4620	2396
461	3	1	5	4631	7911
462	3	1	20	4642	4764
463	4	14	5	4653	3780
464	3	1	5	4664	11110
465	3	1	5	4675	324
466	3	1	5	4686	3786
467	3	1	20	4697	3559
468	4	14	10	4708	7449
469	4	14	10	4719	2982
470	4	14	10	4730	1381
471	4	14	15	4741	5161
472	4	14	20	4752	10499
473	3	1	5	4763	3628
474	4	14	10	4774	3969
475	0	12	5	4785	1374
476	4	14	5	4800	2691
477	3	1	5	4812	220
478	4	14	5	4824	1149
479	4	14	5	4836	410
480	4	14	20	4848	2039
481	3	1	15	4860	7338
482	4	14	10	4872	5077
483	3	1	15	4884	3742
484	3	1	10	4896	3008
485	3	1	10	4908	6431
486	4	14	15	4920	2132
487	3	1	15	4932	881
488	3	1	15	4944	9104
489	4	14	15	4956	1463
490	4	14	5	4968	942
491	4	14	20	4980	2083
492	4	14	5	4992	5789
493	3	1	10	5004	11609
494	4	14	10	5016	6196
495	4	14	15	5028	360
496	4	14	5	5040	1788
497	4	14	10	5052	5767
498	3	1	20	5064	9055
499	3	1	5	5076	3592
500	4	14	10	5088	6846
501	4	14	20	5100	4002
502	3	1	5	5112	1358
503	4	14	5	5124	22
504	3	1	5	5136	4676
505	3	1	15	5148	1860
506	4	14	5	5160	9955
507	3	1	15	5172	2967
508	4	14	5	5200	6895
509	4	14	10	5211	2663
510	3	1	20	5222	2779
511	0	12	20	5233	1003
512	4	14	5	5244	2240
513	4	14	20	5255	1603
514	4	14	5	5266	3055
515	4	14	15	5277	3769
516	4	14	15	5288	615
517	4	8	5	5299	370
518	4	14	20	5310	345
519	3	1	15	5321	594
520	3	1	15	5332	4371
521	4	14	10	5343	2138
522	3	1	10	5354	4709
523	4	14	20	5365	3091
524	4	14	10	5376	1517
525	3	1	10	5387	8688
526	3	1	15	5398	12879
527	3	1	15	5409	16169
528	4	14	20	5420	6617
529	4	14	20	5431	3134
530	3	1	5	5442	10654
531	3	1	20	5453	5181
532	4	8	10	5464	685
533	3	1	20	5475	4279
534	4	14	20	5486	1303
535	4	8	20	5497	5827
536	4	14	15	5508	3214
537	4	14	5	5519	4999
538	4	8	15	5530	10017
539	4	14	15	5541	681
540	3	1	10	5552	8571
541	4	14	20	5563	8806
542	4	14	15	5600	1888
543	3	1	5	5610	2118
544	4	14	15	5620	6548
545	4	14	5	5630	17715
546	4	14	20	5640	15095
547	4	14	5	5650	2279
548	3	1	5	5660	2117
549	4	14	20	5670	780
550	4	8	5	5680	11492
551	4	14	20	5690	1269
552	4	8	15	5700	4567
553	3	1	5	5710	5674
554	4	14	15	5720	10520
555	4	14	20	5730	2079
556	3	1	15	5740	11283
557	4	14	5	5750	5540
558	4	14	20	5760	4683
559	4	8	15	5770	6504
560	3	1	5	5780	2123
561	3	1	10	5790	10906
562	4	14	20	5800	5021
563	4	14	10	5810	1305
564	4	14	10	5820	3246
565	3	1	20	5830	5961
566	4	14	15	5840	265
567	4	14	5	5850	5912
568	4	14	5	5860	214
569	4	14	5	5870	5827
570	4	14	5	5880	239
571	4	14	10	5890	2242
572	0	12	15	5900	746
573	4	14	5	5910	10419
574	4	14	10	5920	1179
575	4	14	15	5930	5973
576	3	1	20	5940	154
577	4	14	5	5950	1318
578	3	1	5	5960	5280
579	3	1	10	5970	1587
580	3	1	15	5980	9589
581	3	1	10	6000	2982
582	3	1	10	6010	3389
583	4	14	20	6020	3993
584	4	14	20	6030	3662
585	3	1	5	6040	4295
586	3	1	10	6050	185
587	4	14	5	6060	2041
588	3	1	10	6070	5223
589	4	8	20	6080	8242
590	4	14	10	6090	7008
591	3	1	10	6100	6489
592	4	14	10	6110	95
593	4	14	5	6120	488
594	4	14	15	6130	5461
595	3	1	20	6140	11835
596	4	8	20	6150	766
597	4	14	10	6160	411
598	4	14	20	6170	7734
599	3	1	15	6180	124
600	4	14	10	6190	10301
601	0	12	15	6200	918
602	4	14	20	6210	1926
603	4	14	5	6220	4130
604	4	14	20	6230	507
605	3	1	15	6240	2888
606	4	14	5	6250	429
607	3	1	10	6260	5620
608	4	14	20	6270	2792
609	4	8	20	6280	661
610	4	14	5	6290	1832
611	3	1	10	6300	4311
612	3	1	20	6310	67
613	4	14	15	6320	1799
614	4	14	20	6330	8987
615	4	14	15	6340	8698
616	0	12	20	6350	1804
617	4	14	5	6360	348
618	4	14	15	6370	4541
619	3	1	5	6400	9112
620	4	14	15	6414	5227
621	4	8	15	6428	4369
622	3	1	20	6442	175
623	4	14	10	6456	792
624	3	1	20	6470	11282
625	3	1	15	6484	1179
626	0	12	5	6498	2080
627	0	12	15	6512	227
628	3	1	15	6526	800
629	3	1	15	6540	1468
630	4	14	20	6554	3675
631	3	1	15	6568	11250
632	3	1	10	6582	2215
633	4	14	10	6596	4844
634	4	14	20	6610	2068
635	3	1	5	6624	4868
636	3	1	10	6638	619
637	4	14	10	6652	10496
638	4	14	5	6666	2872
639	4	14	5	6680	357
640	3	1	20	6694	3252
641	4	14	20	6708	1373
642	3	1	10	6722	9098
643	3	1	15	6736	3437
644	4	14	20	6750	2813
645	3	1	20	6764	730
646	3	1	10	6778	6162
647	3	1	15	6800	4330
648	3	1	5	6812	997
649	4	14	20	6824	7817
650	3	1	20	6836	3518
651	3	1	20	6848	381
652	4	14	20	6860	2173
653	4	8	15	6872	12666
654	4	14	5	6884	1434
655	4	14	20	6896	1200
656	4	14	20	6908	708
657	3	1	15	6920	904
658	3	1	10	6932	4862
659	4	14	5	6944	7973
660	4	8	15	6956	460
661	4	14	15	6968	190
662	3	1	20	6980	3406
663	3	1	10	6992	868
664	3	1	20	7004	3207
665	3	1	15	7016	2231
666	3	1	5	7028	1068
667	3	1	10	7040	1511
668	4	14	15	7052	12735
669	3	1	20	7064	844
670	3	1	10	7076	5433
671	3	1	15	7088	2288
672	4	14	20	7100	3386
673	3	1	10	7112	3598
674	4	14	10	7124	1668
675	4	14	20	7136	2309
676	4	14	5	7148	5833
677	3	1	5	7160	2511
678	3	1	10	7172	4491
679	4	14	20	7184	5940
680	3	1	5	7200	2537
681	4	14	10	7212	5455
682	4	14	15	7224	7196
683	3	1	15	7236	1560
684	4	14	15	7248	5124
685	4	14	20	7260	2853
686	3	1	15	7272	2942
687	3	1	15	7284	2520
688	3	1	10	7296	2048
689	0	12	5	7308	623
690	4	14	10	7320	3120
691	3	1	15	7332	11317
692	3	1	5	7344	1014
693	3	1	20	7356	4182
694	4	14	10	7368	15027
695	4	14	10	7380	2852
696	4	14	20	7392	5055
697	3	1	5	7404	4842
698	4	14	15	7416	101
699	3	1	10	7428	322
700	4	8	15	7440	10783
701	4	14	5	7452	2547
702	3	1	5	7464	4851
703	3	1	10	7476	123
704	4	14	15	7488	490
705	4	14	10	7500	647
706	3	1	5	7512	2934
707	4	14	10	7524	6992
708	4	8	10	7536	3837
709	4	14	5	7548	7946
710	4	14	15	7560	2708
711	4	14	15	7572	4761
712	4	14	10	7584	3001
713	3	1	10	7600	10635
714	3	1	20	7608	2003
715	3	1	10	7616	1813
716	3	1	5	7624	953
717	4	14	10	7632	1151
718	3	1	15	7640	2561
719	4	14	5	7648	169
720	4	14	20	7656	9494
721	4	14	10	7664	5825
722	4	8	20	7672	9813
723	4	14	10	7680	6731
724	3	1	10	7688	4183
725	4	14	15	7696	6477
726	3	1	10	7704	951
727	4	14	20	7712	10235
728	4	14	5	7720	3834
729	3	1	20	7728	7113
730	0	12	20	7736	5108
731	4	14	5	7744	270
732	3	1	15	7752	2328
733	4	14	5	7760	3637
734	4	14	5	7768	7356
735	4	14	5	7776	26436
736	3	1	5	7784	170
737	3	1	10	7792	6521
738	4	14	20	7800	930
739	3	1	10	7808	3402
740	3	1	20	7816	18533
741	4	14	10	7824	4748
742	3	1	10	7832	7606
743	4	14	10	7840	3087
744	3	1	15	7848	4227
745	3	1	20	7856	7478
746	3	1	10	7864	2131
747	4	14	15	7872	1392
748	4	8	5	7880	1174
749	3	1	20	7888	3788
750	4	14	10	7896	1414
751	4	8	15	7904	2518
752	4	14	15	7912	1040
753	3	1	15	7920	16431
754	4	14	10	7928	747
755	3	1	10	7936	724
756	4	14	5	7944	3257
757	3	1	15	7952	8775
758	4	14	20	7960	1923
759	4	14	5	8000	1504
760	4	14	20	8013	11109
761	4	14	5	8026	3637
762	4	14	5	8039	939
763	4	14	10	8052	6162
764	4	14	10	8065	611
765	3	1	15	8078	2224
766	3	1	20	8091	1175
767	4	8	5	8104	10671
768	4	14	5	8117	372
769	4	14	20	8130	2012
770	4	14	10	8143	1559
771	4	14	15	8156	2095
772	4	14	15	8169	174
773	3	1	5	8182	9210
774	3	1	10	8195	210
775	4	14	10	8208	952
776	4	14	20	8221	9919
777	3	1	15	8234	1887
778	4	14	20	8247	705
779	3	1	15	8260	6494
780	4	14	5	8273	1969
781	4	14	15	8286	9984
782	4	14	20	8299	4412
783	4	14	10	8312	17
784	4	14	15	8325	3047
785	4	14	10	8338	1172
786	4	14	15	8351	7239
787	4	14	5	8364	2448
788	3	1	15	8400	2225
789	4	14	20	8407	4500
790	4	14	5	8414	2330
791	0	12	15	8421	664
792	4	14	15	8428	2195
793	3	1	15	8435	8984
794	4	14	15	8442	4032
795	4	14	15	8449	1997
796	4	14	5	8456	2658
797	3	1	5	8463	268
798	4	14	5	8470	2018
799	4	14	20	8477	1024
800	4	14	20	8484	3578
801	3	1	10	8491	2635
802	3	1	15	8498	918
803	3	1	5	8505	7837
804	3	1	15	8512	1366
805	4	14	15	8519	8831
806	3	1	5	8526	2210
807	4	14	10	8533	1596
808	4	14	5	8540	10775
809	4	14	5	8547	12735
810	4	14	10	8554	1147
811	3	1	10	8561	798
812	4	14	15	8568	5190
813	4	14	5	8575	3459
814	4	14	5	8582	10340
815	4	14	5	8589	81
816	0	12	10	8596	10583
817	3	1	20	8603	916
818	3	1	15	8610	1164
819	4	14	5	8617	8745
820	4	14	5	8624	3568
821	3	1	20	8631	6374
822	4	14	15	8638	2804
823	4	14	10	8645	2134
824	4	14	20	8652	12301
825	4	14	15	8659	744
826	0	12	5	8666	16918
827	4	14	20	8673	642
828	4	14	10	8680	1231
829	4	14	15	8687	4292
830	4	8	10	8694	5183
831	4	8	20	8701	7623
832	3	1	15	8708	15626
833	4	8	5	8715	10983
834	3	1	20	8722	950
835	3	1	20	8729	9472
836	3	1	5	8736	4986
837	3	1	15	8743	6623
838	3	1	15	8750	5022
839	4	14	5	8757	4121
840	4	14	5	8764	7073
841	4	14	5	8771	2830
842	3	1	20	8800	2980
843	4	14	15	8809	2525
844	4	14	10	8818	2220
845	4	14	15	8827	1207
846	3	1	20	8836	2222
847	4	14	10	8845	7417
848	3	1	15	8854	13970
849	4	14	15	8863	3817
850	4	14	10	8872	2494
851	4	14	5	8881	1318
852	3	1	10	8890	6693
853	3	1	5	8899	2841
854	4	14	20	8908	4038
855	4	14	20	8917	6328
856	3	1	20	8926	15376
857	3	1	5	8935	6272
858	4	14	10	8944	9424
859	3	1	20	8953	509
860	4	14	10	8962	9400
861	4	14	5	8971	1292
862	3	1	20	8980	265
863	4	14	15	8989	1282
864	4	14	15	8998	1056
865	4	14	15	9007	2030
866	4	14	20	9016	897
867	4	14	15	9025	6261
868	4	14	5	9034	1831
869	4	14	5	9043	73
870	4	14	20	9052	1470
871	4	14	15	9061	511
872	4	14	10	9070	2691
873	4	14	15	9079	3760
874	4	14	20	9088	240
875	0	12	20	9097	346
876	4	8	5	9106	1266
877	3	1	20	9115	145
878	3	1	20	9124	17524
879	0	12	5	9133	4726
880	4	14	20	9142	5441
881	3	1	15	9151	612
882	3	1	10	9160	788
883	4	8	20	9169	4199
884	3	1	5	9200	862
885	3	1	5	9209	2359
886	4	14	10	9218	158
887	3	1	15	9227	2549
888	3	1	5	9236	1427
889	4	14	5	9245	2159
890	4	14	5	9254	10510
891	3	1	5	9263	10152
892	3	1	10	9272	9367
893	4	14	20	9281	3620
894	4	14	15	9290	5364
895	4	8	5	9299	3222
896	4	14	5	9308	2341
897	3	1	10	9317	1156
898	4	8	20	9326	1076
899	3	1	20	9335	113
900	4	14	20	9344	245
901	4	14	10	9353	4034
902	3	1	10	9362	2585
903	4	14	10	9371	12089
904	0	12	15	9380	1468
905	4	14	20	9389	1686
906	4	14	20	9398	6260
907	4	14	20	9407	907
908	3	1	10	9416	2393
909	4	14	20	9425	3217
910	4	14	20	9434	2961
911	3	1	20	9443	11443
912	0	12	5	9452	6519
913	4	14	5	9461	953
914	4	14	5	9470	1887
915	4	14	15	9479	5752
916	3	1	15	9488	409
917	3	1	5	9497	2138
918	4	14	10	9506	334
919	3	1	10	9515	6177
920	4	14	5	9524	1779
921	4	14	5	9533	5233
922	3	1	10	9542	2700
923	0	12	20	9551	12003
924	4	14	5	9560	379
925	3	1	20	9600	1955
926	3	1	5	9613	973
927	4	14	15	9626	8989
928	4	14	5	9639	8191
929	4	14	15	9652	2813
930	3	1	20	9665	4085
931	4	14	20	9678	82
932	4	8	20	9691	6435
933	4	14	5	9704	12827
934	3	1	10	9717	4016
935	4	14	10	9730	457
936	4	14	10	9743	4385
937	4	14	20	9756	1032
938	0	12	10	9769	1679
939	3	1	10	9782	7588
940	4	14	10	9795	4253
941	3	1	10	9808	7232
942	4	14	10	9821	85
943	3	1	10	9834	5504
944	4	14	10	9847	8981
945	4	14	5	9860	16788
946	3	1	20	9873	497
947	4	14	10	9886	4708
948	3	1	15	9899	990
949	4	14	20	9912	14887
950	4	14	10	9925	2434
951	3	1	5	9938	117
952	4	14	20	9951	749
953	4	14	15	9964	2386
954	3	1	15	9977	4420
955	3	1	15	10000	1601
956	3	1	20	10008	624
957	3	1	10	10016	2984
958	4	14	5	10024	7887
959	4	14	20	10032	10130
960	3	1	20	10040	547
961	4	14	10	10048	9078
962	4	14	20	10056	1613
963	3	1	15	10064	11617
964	3	1	5	10072	9756
965	4	14	20	10080	2794
966	3	1	20	10088	616
967	4	8	5	10096	7445
968	4	14	15	10104	3454
969	3	1	15	10112	1248
970	0	12	10	10120	407
971	4	14	20	10128	8155
972	3	1	15	10136	296
973	3	1	5	10144	1046
974	3	1	20	10152	565
975	4	14	20	10160	2961
976	4	14	20	10168	4933
977	4	8	5	10176	5440
978	4	8	15	10184	231
979	3	1	5	10192	446
980	4	14	20	10200	1257
981	4	14	15	10208	2971
982	4	14	20	10216	4496
983	4	14	5	10224	9022
984	3	1	5	10232	201
985	4	8	15	10240	3776
986	3	1	20	10248	7574
987	3	1	10	10256	1726
988	4	14	10	10264	1373
989	4	14	20	10272	1448
990	3	1	15	10280	13258
991	3	1	20	10288	603
992	4	14	20	10296	1827
993	3	1	15	10304	2194
994	4	8	15	10312	5121
995	4	8	5	10320	5675
996	3	1	15	10328	2805
997	3	1	15	10336	315
998	4	14	5	10344	7200
999	3	1	10	10352	1986
1000	3	1	5	10360	7382
1001	3	1	20	10368	1271
1002	4	8	20	10400	481
1003	0	12	5	10410	12084
1004	4	14	15	10420	8449
1005	4	14	15	10430	3527
1006	3	1	10	10440	12646
1007	3	1	20	10450	11294
1008	4	14	15	10460	1527
1009	4	14	20	10470	630
1010	4	14	15	10480	3882
1011	3	1	15	10490	2050
1012	3	1	20	10500	2537
1013	3	1	5	10510	5630
1014	4	14	20	10520	4208
1015	3	1	5	10530	3701
1016	4	14	10	10540	1002
1017	4	14	15	10550	2296
1018	3	1	10	10560	9054
1019	3	1	10	10570	1437
1020	4	14	5	10580	4236
1021	3	1	15	10590	6287
1022	3	1	15	10600	3228
1023	4	14	15	10610	1284
1024	4	14	5	10620	1451
1025	4	14	10	10630	12557
1026	3	1	20	10640	2797
1027	4	14	5	10650	4189
1028	3	1	15	10660	2838
1029	3	1	20	10670	1872
1030	3	1	5	10680	76
1031	3	1	5	10690	4007
1032	3	1	20	10700	9572
1033	4	14	10	10710	4371
1034	4	8	20	10720	1223
1035	4	14	5	10730	23775
1036	4	14	20	10740	2116
1037	4	14	20	10750	5146
1038	4	8	15	10760	65
1039	3	1	15	10770	2488
1040	4	14	10	10800	4237
1041	4	14	5	10812	9582
1042	4	14	20	10824	134
1043	0	12	15	10836	626
1044	0	12	5	10848	4590
1045	4	14	20	10860	3307
1046	3	1	5	10872	4439
1047	3	1	15	10884	3781
1048	4	14	15	10896	5903
1049	4	14	10	10908	504
1050	3	1	20	10920	3075
1051	3	1	20	10932	278
1052	3	1	5	10944	792
1053	4	14	20	10956	3044
1054	3	1	10	10968	5360
1055	3	1	15	10980	204
1056	4	14	5	10992	5070
1057	3	1	5	11004	7300
1058	4	8	5	11016	4163
1059	3	1	5	11028	10223
1060	4	14	15	11040	346
1061	3	1	10	11052	1475
1062	4	14	10	11064	2265
1063	3	1	20	11076	11499
1064	3	1	15	11088	541
1065	4	14	10	11100	17816
1066	3	1	15	11112	2712
1067	3	1	10	11124	6538
1068	3	1	10	11136	2707
1069	4	14	15	11148	4238
1070	4	14	5	11160	856
1071	4	8	10	11172	2755
1072	4	14	5	11184	2183
1073	4	14	20	11200	2268
1074	4	14	5	11209	4182
1075	4	14	20	11218	5455
1076	4	14	20	11227	5695
1077	3	1	5	11236	2103
1078	4	14	15	11245	3586
1079	3	1	5	11254	5416
1080	3	1	10	11263	1349
1081	4	14	10	11272	8890
1082	3	1	10	11281	8404
1083	4	14	5	11290	1975
1084	0	12	5	11299	7266
1085	3	1	10	11308	12116
1086	4	14	20	11317	2413
1087	4	14	5	11326	1884
1088	4	14	20	11335	10442
1089	4	14	10	11344	961
1090	0	12	5	11353	1307
1091	3	1	20	11362	3395
1092	4	14	20	11371	320
1093	4	14	15	11380	393
1094	4	14	20	11389	1913
1095	3	1	20	11398	1691
1096	4	14	20	11407	2588
1097	3	1	5	11416	375
1098	4	14	20	11425	73
1099	3	1	15	11434	4739
1100	4	14	5	11443	290
1101	4	14	15	11452	8022
1102	4	14	10	11461	509
1103	4	14	5	11470	502
1104	4	14	10	11479	10395
1105	3	1	10	11488	157
1106	3	1	15	11497	4162
1107	3	1	10	11506	5496
1108	4	8	15	11515	8630
1109	4	14	10	11524	20390
1110	4	14	15	11533	1373
1111	3	1	20	11542	1481
1112	3	1	10	11551	1133
1113	4	14	20	11560	9416
1114	4	14	20	11600	4043
1115	4	14	10	11608	849
1116	3	1	20	11616	2254
1117	3	1	5	11624	174
1118	3	1	20	11632	448
1119	4	8	10	11640	769
1120	4	14	15	11648	3066
1121	4	14	15	11656	496
1122	4	14	15	11664	8429
1123	3	1	20	11672	1303
1124	4	14	10	11680	1877
1125	3	1	10	11688	3877
1126	3	1	15	11696	2185
1127	3	1	15	11704	1583
1128	0	12	5	11712	216
1129	3	1	5	11720	1448
1130	4	14	5	11728	1247
1131	3	1	20	11736	4430
1132	4	14	10	11744	1981
1133	3	1	20	11752	9124
1134	4	14	20	11760	4455
1135	3	1	15	11768	2184
1136	4	14	20	11776	5913
1137	4	14	10	11784	5702
1138	4	14	15	11792	2495
1139	4	14	15	11800	6415
1140	4	14	15	11808	1454
1141	3	1	15	11816	4897
1142	3	1	10	11824	2704
1143	0	12	10	11832	10789
1144	3	1	15	11840	10265
1145	4	14	10	11848	13930
1146	4	14	10	11856	1574
1147	4	14	20	11864	754
1148	4	14	15	11872	2447
1149	4	14	10	11880	837
1150	3	1	20	11888	9808
1151	4	14	15	11896	2274
1152	4	14	5	11904	16400
1153	4	14	10	11912	7410
1154	4	14	5	11920	691
1155	4	14	15	11928	12269
1156	3	1	5	11936	17366
1157	4	14	10	11944	7371
1158	4	14	15	11952	5441
1159	4	14	5	11960	1454
1160	4	14	15	11968	3845
1161	3	1	5	12000	1542
1162	3	1	10	12008	4740
1163	4	14	10	12016	3476
1164	4	14	10	12024	5178
1165	3	1	20	12032	3879
1166	4	14	10	12040	10048
1167	3	1	15	12048	1716
1168	3	1	5	12056	1062
1169	3	1	5	12064	969
1170	4	8	10	12072	2173
1171	3	1	15	12080	4449
1172	4	14	15	12088	3456
1173	3	1	5	12096	1468
1174	3	1	20	12104	8166
1175	3	1	20	12112	7071
1176	3	1	5	12120	3926
1177	4	14	5	12128	11661
1178	4	8	10	12136	1753
1179	3	1	5	12144	2078
1180	3	1	20	12152	1400
1181	4	14	15	12160	1145
1182	3	1	20	12168	8135
1183	3	1	15	12176	7970
1184	3	1	5	12184	1976
1185	3	1	10	12192	7187
1186	3	1	15	12200	4636
1187	4	14	20	12208	3172
1188	4	14	15	12216	5372
1189	4	14	5	12224	5067
1190	3	1	10	12232	2275
1191	3	1	10	12240	10658
1192	3	1	15	12248	65
1193	4	14	15	12256	693
1194	4	8	5	12264	799
1195	3	1	15	12272	16794
1196	4	8	10	12280	47
1197	4	14	20	12288	9662
1198	3	1	5	12296	925
1199	3	1	15	12304	1439
1200	4	14	20	12312	206
1201	4	14	20	12320	14985
1202	3	1	20	12328	11158
1203	3	1	15	12336	1110
1204	4	14	20	12344	5873
1205	4	14	10	12352	1111
1206	4	14	5	12360	7727
1207	4	14	5	12400	4510
1208	3	1	10	12409	14446
1209	4	14	10	12418	1599
1210	3	1	15	12427	1590
1211	3	1	5	12436	168
1212	4	14	5	12445	2668
1213	3	1	10	12454	1650
1214	3	1	5	12463	38
1215	3	1	20	12472	1839
1216	4	8	5	12481	2396
1217	3	1	20	12490	7102
1218	4	14	10	12499	846
1219	3	1	5	12508	8895
1220	4	14	10	12517	10915
1221	0	12	15	12526	1856
1222	4	14	20	12535	3765
1223	3	1	20	12544	2894
1224	4	8	20	12553	6080
1225	4	14	5	12562	2684
1226	3	1	5	12571	4256
1227	4	14	20	12580	2175
1228	3	1	5	12589	538
1229	4	14	10	12598	8657
1230	3	1	15	12607	6805
1231	4	14	5	12616	5015
1232	3	1	5	12625	5375
1233	4	14	15	12634	216
1234	4	14	10	12643	1753
1235	3	1	5	12652	1536
1236	3	1	20	12661	1487
1237	4	14	10	12670	3941
1238	3	1	15	12679	394
1239	3	1	20	12688	636
1240	4	14	10	12697	15464
1241	4	14	10	12706	40
1242	3	1	10	12715	3418
1243	4	14	10	12724	2106
1244	3	1	15	12733	1977
1245	4	14	10	12742	1995
1246	4	14	10	12751	2345
1247	0	12	5	12760	4533
1248	4	14	15	12800	648
1249	4	14	5	12807	6699
1250	3	1	10	12814	3056
1251	4	14	10	12821	799
1252	4	14	15	12828	5089
1253	3	1	20	12835	1512
1254	3	1	10	12842	1832
1255	4	14	10	12849	4544
1256	3	1	20	12856	1825
1257	4	8	5	12863	2203
1258	3	1	15	12870	2473
1259	4	14	20	12877	1318
1260	4	14	5	12884	3543
1261	3	1	5	12891	2288
1262	3	1	5	12898	3195
1263	3	1	5	12905	367
1264	3	1	15	12912	2869
1265	4	14	15	12919	3802
1266	3	1	5	12926	1437
1267	4	14	15	12933	2277
1268	4	14	5	12940	16354
1269	0	12	5	12947	4691
1270	4	8	5	12954	239
1271	3	1	15	12961	6951
1272	0	12	10	12968	5337
1273	3	1	10	12975	178
1274	4	14	20	12982	9756
1275	4	14	20	12989	10342
1276	4	14	5	12996	6375
1277	4	14	10	13003	895
1278	0	12	10	13010	533
1279	3	1	10	13017	1967
1280	3	1	15	13024	185
1281	3	1	20	13031	15082
1282	3	1	10	13038	1257
1283	3	1	20	13045	1503
1284	4	14	20	13052	1729
1285	3	1	5	13059	4047
1286	4	14	10	13066	21008
1287	4	8	5	13073	2209
1288	4	14	5	13080	4621
1289	4	14	5	13087	4507
1290	3	1	5	13094	12192
1291	4	8	20	13101	8721
1292	3	1	15	13108	723
1293	3	1	15	13115	6709
1294	4	14	20	13122	3279
1295	3	1	5	13129	3135
1296	4	14	10	13136	2464
1297	0	12	10	13143	2667
1298	3	1	15	13150	9111
1299	4	14	20	13157	5995
1300	4	14	10	13164	380
1301	4	8	20	13171	37
1302	3	1	5	13178	4747
1303	4	14	10	13200	2458
1304	4	14	20	13210	5619
1305	0	12	15	13220	4953
1306	4	14	5	13230	2351
1307	4	14	10	13240	4510
1308	4	14	5	13250	2057
1309	3	1	15	13260	2340
1310	3	1	10	13270	8552
1311	3	1	10	13280	725
1312	0	12	15	13290	1418
1313	3	1	5	13300	301
1314	4	14	10	13310	1074
1315	4	14	5	13320	3773
1316	0	12	20	13330	725
1317	4	14	5	13340	1080
1318	4	14	5	13350	5340
1319	4	8	15	13360	8333
1320	4	14	10	13370	3857
1321	3	1	20	13380	8401
1322	0	12	10	13390	5531
1323	4	14	20	13400	1468
1324	4	14	20	13410	5357
1325	0	12	10	13420	750
1326	4	14	5	13430	4299
1327	4	14	15	13440	10282
1328	4	14	10	13450	2648
1329	3	1	15	13460	1844
1330	3	1	15	13470	2499
1331	4	14	15	13480	1484
1332	3	1	20	13490	1443
1333	3	1	10	13500	1712
1334	4	14	5	13510	1414
1335	3	1	20	13520	145
1336	4	14	20	13530	1326
1337	4	14	20	13540	6657
1338	4	14	5	13550	3273
1339	4	14	10	13560	4095
1340	4	14	20	13570	852
1341	3	1	20	13580	1534
1342	4	14	20	13590	90
1343	3	1	15	13600	1108
1344	4	14	20	13610	6316
1345	4	14	20	13620	6177
1346	4	8	5	13630	3551
1347	3	1	10	13640	389
1348	4	14	10	13650	3447
1349	3	1	15	13660	11884
1350	3	1	5	13670	1896
1351	4	14	5	13680	1010
1352	3	1	5	13690	5543
1353	3	1	5	13700	89
1354	4	14	15	13710	687
1355	4	14	10	13720	958
1356	0	12	10	13730	1206
1357	3	1	5	13740	1960
1358	4	14	15	13750	5107
1359	4	14	15	13760	3503
1360	3	1	15	13770	211
1361	0	12	15	13780	2943
1362	3	1	20	13790	852
1363	3	1	15	13800	132
1364	4	8	20	13810	15299
1365	4	14	15	13820	3394
1366	4	14	15	13830	7950
1367	4	14	5	13840	12000
1368	4	14	5	13850	5962
1369	4	14	10	13860	890
1370	4	14	10	13870	1593
1371	3	1	20	13880	1755
1372	3	1	5	13890	4532
1373	3	1	20	13900	403
1374	3	1	15	13910	4601
1375	4	14	15	13920	1427
1376	4	14	20	13930	7731
1377	4	14	15	13940	2828
1378	3	1	5	13950	2881
1379	4	14	5	13960	12096
1380	4	14	10	13970	3494
1381	4	14	15	13980	3336
1382	4	8	10	14000	1697
1383	3	1	20	14011	3066
1384	4	14	10	14022	19243
1385	4	14	10	14033	1105
1386	3	1	10	14044	3286
1387	0	12	20	14055	1319
1388	4	14	20	14066	845
1389	4	14	20	14077	353
1390	3	1	10	14088	5975
1391	3	1	20	14099	9001
1392	4	14	10	14110	375
1393	4	14	10	14121	14799
1394	3	1	20	14132	3559
1395	4	14	10	14143	4447
1396	4	8	20	14154	541
1397	3	1	10	14165	18282
1398	4	8	15	14176	1225
1399	4	14	5	14187	1003
1400	4	14	5	14198	10286
1401	3	1	20	14209	4067
1402	4	14	10	14220	1531
1403	4	14	20	14231	1898
1404	4	14	10	14242	3872
1405	4	14	5	14253	90
1406	4	14	20	14264	3151
1407	3	1	10	14275	4243
1408	4	14	10	14286	1653
1409	4	14	5	14297	7798
1410	0	12	10	14308	1772
1411	3	1	20	14319	5598
1412	3	1	20	14330	8287
1413	3	1	10	14341	5873
1414	4	14	10	14352	3
1415	4	14	5	14363	2660
1416	4	14	5	14374	769
1417	4	14	5	14385	4274
1418	3	1	5	14400	166
1419	4	14	10	14409	5336
1420	3	1	5	14418	47
1421	4	14	20	14427	3489
1422	4	14	10	14436	5703
1423	4	14	5	14445	4686
1424	4	14	5	14454	2207
1425	3	1	10	14463	2276
1426	4	14	15	14472	1234
1427	3	1	15	14481	4851
1428	4	14	5	14490	2826
1429	4	14	10	14499	50
1430	4	14	15	14508	762
1431	3	1	15	14517	8028
1432	4	14	5	14526	1113
1433	3	1	20	14535	1379
1434	4	14	20	14544	112
1435	4	14	10	14553	11556
1436	0	12	5	14562	1138
1437	3	1	15	14571	13758
1438	4	14	15	14580	9872
1439	4	14	5	14589	13961
1440	4	14	15	14598	4766
1441	3	1	5	14607	9474
1442	3	1	10	14616	11421
1443	4	14	20	14625	1618
1444	4	14	10	14634	5189
1445	4	14	15	14643	89
1446	3	1	20	14652	83
1447	4	14	20	14661	1541
1448	4	8	5	14670	14655
1449	4	14	20	14679	437
1450	4	14	5	14688	2740
1451	3	1	15	14697	2540
1452	3	1	10	14706	11890
1453	4	14	10	14715	2997
1454	4	14	5	14724	943
1455	0	12	10	14733	1671
1456	3	1	15	14742	8431
1457	4	14	10	14751	3954
1458	3	1	15	14760	12297
1459	3	1	20	14769	824
1460	3	1	15	14778	5654
1461	3	1	5	14800	7395
1462	3	1	10	14809	636
1463	3	1	20	14818	1578
1464	3	1	10	14827	4609
1465	4	14	20	14836	2711
1466	3	1	20	14845	2855
1467	4	14	20	14854	3493
1468	3	1	15	14863	5417
1469	3	1	20	14872	232
1470	4	14	20	14881	1087
1471	4	14	15	14890	928
1472	3	1	15	14899	5407
1473	3	1	20	14908	295
1474	4	14	20	14917	164
1475	3	1	5	14926	445
1476	4	14	10	14935	4081
1477	3	1	10	14944	2226
1478	4	14	20	14953	13228
1479	4	14	15	14962	2056
1480	3	1	10	14971	2133
1481	4	14	15	14980	11655
1482	3	1	15	14989	5212
1483	4	14	10	14998	2064
1484	3	1	10	15007	2906
1485	3	1	20	15016	4862
1486	4	14	5	15025	9945
1487	3	1	15	15034	5031
1488	4	14	20	15043	340
1489	4	14	10	15052	4636
1490	4	8	20	15061	272
1491	0	12	20	15070	3868
1492	4	14	20	15079	56
1493	4	14	15	15088	5222
1494	4	14	15	15097	956
1495	4	14	10	15106	7689
1496	4	14	15	15115	5696
1497	0	12	15	15124	3832
1498	3	1	10	15133	4184
1499	4	8	15	15142	1068
1500	4	14	20	15151	2868
1501	4	14	5	15160	2305
1502	3	1	10	15169	3450
1503	4	14	10	15178	9995
1504	3	1	20	15187	8024
1505	4	14	10	15200	1363
1506	4	8	5	15212	5220
1507	4	8	15	15224	8399
1508	4	14	10	15236	2669
1509	3	1	20	15248	442
1510	3	1	5	15260	4843
1511	3	1	5	15272	2402
1512	3	1	10	15284	4368
1513	4	14	5	15296	3209
1514	4	14	10	15308	5930
1515	4	14	5	15320	6664
1516	0	12	15	15332	485
1517	4	14	5	15344	5448
1518	0	12	15	15356	6635
1519	4	14	10	15368	15784
1520	4	14	15	15380	3427
1521	0	12	5	15392	6330
1522	4	14	5	15404	2779
1523	4	14	5	15416	229
1524	3	1	20	15428	18696
1525	3	1	20	15440	3851
1526	3	1	20	15452	857
1527	3	1	20	15464	49
1528	4	14	5	15476	7823
1529	4	14	15	15488	826
1530	4	14	15	15500	1699
1531	4	14	15	15512	93
1532	4	14	5	15524	6024
1533	4	14	5	15536	5221
1534	4	14	20	15548	8833
1535	4	14	10	15560	14787
1536	4	14	10	15600	1834
1537	3	1	10	15610	6652
1538	3	1	10	15620	3086
1539	3	1	5	15630	1032
1540	3	1	20	15640	14694
1541	4	14	15	15650	160
1542	3	1	10	15660	1038
1543	4	14	20	15670	15058
1544	4	14	10	15680	16581
1545	4	14	20	15690	3810
1546	4	14	10	15700	12427
1547	4	14	20	15710	2482
1548	4	14	10	15720	12496
1549	4	8	15	15730	2054
1550	4	14	15	15740	5380
1551	4	14	10	15750	62
1552	0	12	5	15760	6574
1553	4	14	5	15770	4410
1554	4	8	20	15780	4303
1555	4	14	15	15790	5053
1556	4	14	20	15800	11071
1557	4	14	10	15810	2954
1558	4	14	10	15820	10478
1559	4	14	20	15830	1136
1560	4	14	10	15840	403
1561	4	14	10	15850	5043
1562	3	1	10	15860	76
1563	3	1	20	15870	1429
1564	4	14	10	15880	5685
1565	3	1	10	15890	4544
1566	4	14	20	15900	4475
1567	4	14	10	15910	10971
1568	4	8	5	15920	4334
1569	3	1	20	15930	6393
1570	4	14	20	15940	2342
1571	4	14	10	15950	1448
1572	3	1	20	15960	923
1573	4	14	10	16000	3490
1574	3	1	15	16008	24
1575	3	1	5	16016	3073
1576	4	14	15	16024	3337
1577	3	1	5	16032	2970
1578	4	8	15	16040	296
1579	3	1	5	16048	1888
1580	4	14	15	16056	4350
1581	4	14	5	16064	5246
1582	4	14	10	16072	231
1583	4	14	15	16080	2441
1584	3	1	20	16088	2370
1585	4	14	5	16096	1606
1586	4	14	15	16104	975
1587	4	14	20	16112	467
1588	4	14	10	16120	290
1589	3	1	5	16128	758
1590	4	14	15	16136	154
1591	4	8	5	16144	7470
1592	4	14	20	16152	8592
1593	3	1	10	16160	1372
1594	4	14	15	16168	564
1595	4	14	15	16176	1193
1596	3	1	5	16184	81
1597	3	1	10	16192	10542
1598	0	12	10	16200	984
1599	3	1	5	16208	1456
1600	3	1	20	16216	11316
1601	3	1	5	16224	79
1602	4	14	15	16232	6451
1603	3	1	10	16240	689
1604	3	1	15	16248	12727
1605	4	8	10	16256	2288
1606	4	14	15	16264	6626
1607	3	1	15	16272	1017
1608	3	1	10	16280	4338
1609	4	14	15	16288	523
1610	4	14	20	16296	657
1611	4	14	20	16304	2131
1612	4	14	15	16312	2396
1613	3	1	10	16320	3200
1614	3	1	10	16328	3511
1615	4	8	10	16336	1817
1616	4	14	20	16344	4318
1617	4	14	15	16352	3303
1618	4	14	20	16360	7677
1619	4	14	10	16368	2233
1620	4	14	20	16376	2483
1621	4	14	5	16384	3312
1622	3	1	20	16400	8029
1623	4	14	5	16408	2684
1624	3	1	10	16416	5704
1625	4	14	15	16424	3642
1626	4	14	10	16432	2182
1627	4	14	10	16440	9895
1628	4	14	20	16448	2394
1629	4	14	5	16456	5513
1630	4	14	5	16464	2902
1631	4	14	5	16472	4058
1632	4	8	15	16480	1460
1633	4	14	15	16488	5814
1634	3	1	5	16496	2286
1635	4	14	10	16504	4123
1636	4	14	15	16512	10633
1637	3	1	5	16520	9130
1638	3	1	20	16528	2759
1639	3	1	10	16536	46
1640	3	1	10	16544	2948
1641	4	14	20	16552	19211
1642	4	14	15	16560	2378
1643	4	14	20	16568	11768
1644	3	1	5	16576	85
1645	3	1	15	16584	3922
1646	4	14	10	16592	2008
1647	4	14	15	16600	1617
1648	3	1	5	16608	4898
1649	4	14	10	16616	5817
1650	4	14	15	16624	3642
1651	3	1	10	16632	2450
1652	3	1	15	16640	311
1653	3	1	5	16648	6248
1654	4	14	5	16656	7400
1655	4	14	20	16664	1898
1656	4	14	5	16672	668
1657	4	14	15	16680	1494
1658	0	12	5	16688	2033
1659	3	1	5	16696	1789
1660	3	1	5	16704	61
1661	4	14	10	16712	8958
1662	3	1	15	16720	5952
1663	4	14	10	16728	9811
1664	4	8	15	16736	3733
1665	3	1	15	16744	2886
1666	4	14	5	16752	453
1667	4	14	20	16760	4614
1668	4	14	5	16768	490
1669	4	14	20	16800	11319
1670	3	1	20	16812	2285
1671	3	1	20	16824	5747
1672	4	14	15	16836	263
1673	4	14	10	16848	7377
1674	4	14	5	16860	9476
1675	0	12	20	16872	2544
1676	0	12	10	16884	487
1677	4	14	5	16896	10024
1678	3	1	20	16908	2521
1679	3	1	15	16920	579
1680	3	1	10	16932	907
1681	3	1	15	16944	368
1682	4	14	10	16956	940
1683	3	1	15	16968	4607
1684	4	14	10	16980	651
1685	3	1	15	16992	238
1686	3	1	15	17004	3306
1687	4	14	15	17016	2899
1688	3	1	10	17028	10281
1689	4	14	5	17040	237
1690	4	14	10	17052	2688
1691	4	8	5	17064	3850
1692	3	1	20	17076	2768
1693	4	14	20	17088	592
1694	4	14	10	17100	22361
1695	4	14	20	17112	3955
1696	3	1	10	17124	981
1697	4	14	10	17136	3057
1698	4	14	10	17148	1665
1699	4	8	10	17160	2830
1700	4	14	15	17172	2916
1701	4	14	15	17184	4955
1702	4	14	15	17200	979
1703	4	14	5	17209	5795
1704	3	1	10	17218	1608
1705	4	14	20	17227	7217
1706	4	14	20	17236	2005
1707	4	14	5	17245	1061
1708	3	1	20	17254	8612
1709	4	14	10	17263	1861
1710	4	14	10	17272	1220
1711	3	1	5	17281	1074
1712	3	1	15	17290	7436
1713	4	14	10	17299	1224
1714	3	1	15	17308	686
1715	3	1	10	17317	10480
1716	4	14	5	17326	4606
1717	0	12	5	17335	378
1718	3	1	20	17344	5770
1719	4	14	20	17353	3184
1720	4	14	5	17362	12110
1721	4	14	10	17371	3582
1722	3	1	10	17380	5724
1723	3	1	20	17389	237
1724	4	14	15	17398	2403
1725	3	1	15	17407	6797
1726	4	8	20	17416	1219
1727	4	14	15	17425	10429
1728	4	14	5	17434	7472
1729	3	1	5	17443	1305
1730	4	14	15	17452	1167
1731	3	1	5	17461	3474
1732	4	14	20	17470	3450
1733	3	1	10	17479	12916
1734	3	1	5	17488	3840
1735	3	1	15	17497	2714
1736	3	1	5	17506	8184
1737	4	14	10	17515	2351
1738	4	14	5	17524	1740
1739	4	14	10	17533	1512
1740	4	14	20	17542	4357
1741	4	14	15	17551	1597
1742	3	1	15	17560	3995
1743	3	1	5	17569	3206
1744	3	1	20	17600	6332
1745	3	1	5	17610	1170
1746	4	14	10	17620	5947
1747	3	1	15	17630	1075
1748	4	14	10	17640	15607
1749	4	14	20	17650	286
1750	4	14	20	17660	11536
1751	3	1	10	17670	544
1752	3	1	10	17680	5890
1753	4	14	10	17690	6273
1754	3	1	10	17700	3244
1755	0	12	5	17710	10414
1756	3	1	5	17720	11928
1757	3	1	15	17730	695
1758	4	14	10	17740	1504
1759	3	1	15	17750	2885
1760	3	1	5	17760	3400
1761	4	8	5	17770	2524
1762	4	14	20	17780	1961
1763	3	1	20	17790	3719
1764	4	14	20	17800	506
1765	3	1	10	17810	4588
1766	3	1	5	17820	4287
1767	4	14	5	17830	8609
1768	3	1	10	17840	4158
1769	4	14	20	17850	4375
1770	4	14	10	17860	232
1771	0	12	15	17870	1094
1772	3	1	20	17880	5349
1773	3	1	10	17890	2383
1774	4	8	5	17900	8662
1775	3	1	10	17910	3894
1776	3	1	20	17920	12873
1777	0	12	10	17930	940
1778	3	1	5	17940	1220
1779	4	14	15	17950	882
1780	3	1	10	17960	176
1781	4	14	10	18000	109
1782	0	12	10	18011	11710
1783	0	12	5	18022	5993
1784	4	14	5	18033	1628
1785	4	14	10	18044	537
1786	4	14	20	18055	6639
1787	4	8	15	18066	6173
1788	3	1	5	18077	2075
1789	3	1	20	18088	4700
1790	4	14	15	18099	3135
1791	4	14	15	18110	4968
1792	3	1	5	18121	561
1793	4	14	10	18132	7301
1794	4	14	10	18143	5422
1795	3	1	15	18154	870
1796	0	12	15	18165	11370
1797	3	1	20	18176	106
1798	4	14	10	18187	2265
1799	4	14	15	18198	475
1800	4	14	5	18209	3626
1801	4	14	10	18220	8834
1802	3	1	5	18231	3560
1803	4	14	10	18242	1511
1804	3	1	15	18253	50
1805	4	14	10	18264	4878
1806	4	14	10	18275	1976
1807	3	1	20	18286	1553
1808	4	14	5	18297	9469
1809	4	14	5	18308	10834
1810	4	14	10	18319	13528
1811	3	1	20	18330	5384
1812	3	1	10	18341	9072
1813	4	14	20	18352	491
1814	4	14	10	18363	2544
1815	4	14	15	18374	3155
1816	4	8	15	18400	2948
1817	4	14	20	18412	3777
1818	4	14	15	18424	1264
1819	3	1	15	18436	19949
1820	3	1	10	18448	8242
1821	3	1	15	18460	8202
1822	4	14	5	18472	2608
1823	4	14	15	18484	12425
1824	0	12	10	18496	519
1825	4	14	20	18508	1693
1826	4	14	15	18520	459
1827	4	14	10	18532	9155
1828	4	14	20	18544	4905
1829	4	14	15	18556	4681
1830	3	1	15	18568	4564
1831	4	14	5	18580	10855
1832	3	1	5	18592	6003
1833	3	1	15	18604	654
1834	3	1	10	18616	3682
1835	4	14	5	18628	664
1836	3	1	5	18640	2301
1837	3	1	5	18652	3996
1838	4	14	15	18664	5774
1839	4	8	20	18676	3973
1840	4	14	20	18688	5325
1841	4	14	20	18700	2678
1842	3	1	10	18712	8482
1843	3	1	5	18724	2549
1844	4	14	15	18736	5166
1845	3	1	20	18748	6510
1846	4	14	5	18760	6744
1847	3	1	5	18772	61
1848	4	14	5	18784	1836
1849	4	14	15	18800	875
1850	3	1	20	18812	4484
1851	3	1	20	18824	1606
1852	4	14	5	18836	5629
1853	3	1	15	18848	2314
1854	4	14	5	18860	1095
1855	3	1	10	18872	5160
1856	3	1	10	18884	2118
1857	3	1	15	18896	4022
1858	4	14	20	18908	857
1859	3	1	20	18920	4403
1860	4	14	15	18932	3627
1861	3	1	5	18944	2703
1862	3	1	20	18956	3819
1863	3	1	15	18968	976
1864	4	14	10	18980	1165
1865	4	14	5	18992	131
1866	4	14	20	19004	13153
1867	4	8	15	19016	5476
1868	4	14	10	19028	2884
1869	3	1	10	19040	1528
1870	3	1	15	19052	457
1871	4	14	15	19064	8820
1872	4	14	10	19076	7512
1873	4	14	20	19088	4101
1874	3	1	15	19100	1189
1875	4	14	15	19112	1941
1876	3	1	10	19124	18981
1877	3	1	20	19136	30
1878	3	1	20	19148	1045
1879	4	14	15	19160	1531
1880	4	14	15	19172	3023
1881	4	14	10	19200	390
1882	0	12	10	19208	3024
1883	3	1	10	19216	2853
1884	3	1	15	19224	63
1885	4	14	20	19232	1722
1886	3	1	5	19240	786
1887	4	8	10	19248	1648
1888	4	14	15	19256	9689
1889	4	14	5	19264	8382
1890	4	14	20	19272	5419
1891	3	1	15	19280	6506
1892	3	1	5	19288	2310
1893	3	1	15	19296	405
1894	3	1	10	19304	136
1895	3	1	20	19312	1122
1896	3	1	20	19320	8251
1897	4	8	15	19328	4356
1898	4	14	20	19336	986
1899	4	14	10	19344	4722
1900	4	14	20	19352	7353
1901	4	14	10	19360	286
1902	3	1	20	19368	2784
1903	3	1	15	19376	207
1904	3	1	5	19384	370
1905	4	14	5	19392	6135
1906	3	1	10	19400	2643
1907	4	14	5	19408	483
1908	4	14	5	19416	803
1909	4	14	15	19424	7724
1910	3	1	5	19432	5288
1911	4	14	10	19440	2066
1912	4	14	15	19448	2070
1913	3	1	10	19456	8314
1914	4	14	5	19464	589
1915	3	1	5	19472	2797
1916	3	1	15	19480	12949
1917	3	1	15	19488	444
1918	4	8	20	19496	896
1919	4	14	10	19504	9332
1920	3	1	5	19512	7690
1921	4	14	10	19520	3922
1922	3	1	5	19528	7191
1923	0	12	10	19536	4051
1924	4	14	15	19544	3428
1925	3	1	20	19552	1453
1926	3	1	10	19560	2398
1927	4	14	15	19568	5555
1928	3	1	15	19576	3744
1929	0	12	20	19584	50
1930	3	1	15	19600	2866
1931	4	8	15	19610	1588
1932	4	14	5	19620	6225
1933	4	14	10	19630	3081
1934	0	12	15	19640	2593
1935	3	1	5	19650	2474
1936	4	8	15	19660	3582
1937	4	14	15	19670	2615
1938	0	12	5	19680	2189
1939	4	14	10	19690	1052
1940	3	1	15	19700	8047
1941	4	14	20	19710	267
1942	3	1	5	19720	677
1943	4	14	5	19730	231
1944	4	14	20	19740	619
1945	4	14	10	19750	1653
1946	3	1	20	19760	2038
1947	3	1	20	19770	3319
1948	4	14	15	19780	12824
1949	3	1	5	19790	3023
1950	3	1	5	19800	1335
1951	3	1	5	19810	5841
1952	4	14	15	19820	2484
1953	4	14	10	19830	1516
1954	3	1	10	19840	7308
1955	4	14	10	19850	973
1956	3	1	10	19860	1070
1957	3	1	15	19870	8000
1958	4	14	5	19880	2576
1959	4	8	10	19890	6127
1960	0	12	20	19900	1621
1961	4	14	15	19910	5281
1962	4	14	15	19920	2820
1963	4	14	10	19930	742
1964	4	14	20	19940	1682
1965	4	8	10	19950	2081
1966	0	12	5	19960	3811
1967	3	1	5	19970	8067
1968	3	1	15	20000	2028
1969	3	1	20	20012	4503
1970	3	1	15	20024	9696
1971	4	14	5	20036	2621
1972	3	1	10	20048	4602
1973	3	1	10	20060	13951
1974	4	14	20	20072	149
1975	4	14	10	20084	6224
1976	4	14	10	20096	2533
1977	4	14	5	20108	6021
1978	3	1	10	20120	2719
1979	4	14	5	20132	1082
1980	4	14	20	20144	9429
1981	3	1	15	20156	8726
1982	4	14	5	20168	6264
1983	3	1	10	20180	322
1984	4	14	15	20192	5218
1985	4	14	10	20204	5447
1986	4	8	20	20216	8014
1987	3	1	15	20228	2566
1988	3	1	5	20240	4790
1989	3	1	5	20252	1210
1990	3	1	20	20264	1027
1991	4	14	5	20276	5191
1992	4	14	10	20288	20
1993	4	14	20	20300	4060
1994	4	14	15	20312	9135
1995	3	1	20	20324	572
1996	4	14	5	20336	3272
1997	3	1	20	20348	17181
1998	4	8	5	20360	4992
1999	4	14	15	20372	5356
