0	4	8	5	0	23474
1	3	1	15	5	2918
2	4	14	5	10	31864
3	4	8	10	15	12165
4	3	1	5	20	9667
5	4	8	20	25	3428
6	4	14	15	30	10428
7	3	1	15	35	3870
8	4	8	20	40	11459
9	4	8	15	45	20579
10	3	1	10	50	2664
11	4	14	20	55	13797
12	4	8	5	60	4006
13	4	14	10	65	14107
14	4	8	20	70	1853
15	4	8	5	75	9488
16	3	1	10	80	19872
17	3	1	5	85	26637
18	4	14	15	90	15438
19	3	1	10	95	10591
20	4	14	20	100	8004
21	4	8	15	105	17562
22	3	1	15	110	3968
23	4	14	20	115	11392
24	4	14	20	120	5076
25	4	14	10	125	14060
26	4	8	20	130	17477
27	0	12	15	135	2336
28	0	12	5	140	3839
29	3	1	20	145	1643
30	4	14	15	150	16708
31	4	14	10	155	8733
32	4	8	5	160	1679
33	3	1	20	165	9159
34	4	8	15	170	7249
35	4	8	10	175	3750
36	3	1	5	180	4432
37	0	12	10	185	8295
38	4	14	15	190	498
39	3	1	5	195	9586
40	3	1	5	200	21966
41	4	8	20	205	6287
42	4	14	10	210	11616
43	4	14	15	215	4728
44	3	1	20	220	1913
45	4	8	20	225	995
46	4	14	20	230	12566
47	0	12	20	235	17267
48	4	14	20	240	1673
49	4	8	20	245	18618
50	3	1	20	250	38934
51	3	1	20	255	12059
52	4	14	5	260	15764
53	0	12	10	265	3056
54	4	14	15	270	5560
55	4	14	10	275	14138
56	3	1	15	280	15633
57	4	14	15	285	4007
58	4	14	10	290	5525
59	0	12	10	295	49980
60	4	8	15	300	5910
61	4	14	10	305	18720
62	3	1	20	310	25284
63	3	1	15	315	14151
64	3	1	15	320	7852
65	3	1	10	325	525
66	3	1	20	330	7214
67	3	1	20	335	4140
68	0	12	15	340	4426
69	4	14	15	345	5937
70	4	8	15	350	18001
71	4	14	20	355	15516
72	4	14	20	360	5485
73	3	1	15	365	8198
74	4	14	20	370	584
75	0	12	15	375	28692
76	4	14	10	380	1701
77	3	1	15	385	8278
78	3	1	20	390	14781
79	0	12	20	400	12202
80	4	14	10	404	26067
81	4	8	15	408	219
82	4	8	5	412	1207
83	4	8	5	416	7916
84	4	14	5	420	4482
85	0	12	5	424	8435
86	4	8	20	428	20196
87	4	14	5	432	15913
88	4	14	5	436	13672
89	4	14	20	440	9936
90	0	12	20	444	12234
91	4	14	10	448	5460
92	4	14	5	452	9538
93	4	14	5	456	13072
94	4	8	5	460	47663
95	3	1	10	464	5820
96	3	1	10	468	10203
97	4	14	20	472	47
98	4	14	20	476	2666
99	4	8	10	480	9719
100	3	1	5	484	4535
101	3	1	10	488	2781
102	4	14	20	492	16568
103	4	14	5	496	26815
104	4	14	10	500	20823
105	4	8	15	504	46529
106	4	14	10	508	17804
107	4	8	10	512	8522
108	4	14	5	516	412
109	4	14	20	520	7668
110	4	8	20	524	16602
111	4	14	10	528	535
112	3	1	15	532	32710
113	4	14	15	536	6026
114	4	14	15	540	2664
115	4	14	20	544	6692
116	4	8	15	548	1032
117	4	8	10	552	352
118	4	14	5	556	12571
119	4	14	15	560	257
120	4	8	5	564	35596
121	4	8	20	568	3677
122	4	8	20	572	1449
123	4	14	20	576	533
124	0	12	20	580	22426
125	3	1	15	584	29026
126	3	1	10	588	6337
127	4	14	10	592	3480
128	3	1	20	596	6402
129	4	14	5	600	4498
130	3	1	15	604	1645
131	4	14	15	608	5520
132	3	1	10	612	18533
133	4	14	15	616	23936
134	3	1	10	620	24645
135	0	12	5	624	6520
136	4	8	10	628	5787
137	4	14	10	632	3160
138	4	14	15	636	16806
139	4	14	20	640	21511
140	4	14	10	644	16726
141	4	14	10	648	3599
142	4	14	5	652	5694
143	3	1	20	656	4289
144	4	8	10	660	17874
145	3	1	10	664	675
146	3	1	10	668	17698
147	4	14	15	672	19792
148	4	14	15	676	560
149	4	14	10	680	420
150	4	14	15	684	7679
151	4	14	5	688	1436
152	4	8	15	692	176
153	4	14	5	696	535
154	0	12	15	700	7651
155	0	12	15	704	1571
156	3	1	5	708	3843
157	4	14	10	712	9211
158	0	12	20	716	26065
159	4	14	20	720	15692
160	4	8	5	724	21206
161	3	1	20	728	2417
162	3	1	15	800	1466
163	4	14	15	804	5413
164	4	8	20	808	5365
165	3	1	10	812	28073
166	4	8	5	816	20691
167	4	14	5	820	9859
168	3	1	5	824	2691
169	4	14	20	828	4563
170	4	14	20	832	3662
171	4	14	15	836	3665
172	4	14	15	840	2054
173	4	8	15	844	26493
174	4	8	5	848	8510
175	4	8	10	852	4583
176	4	8	5	856	29140
177	3	1	15	860	6995
178	4	14	15	864	1304
179	0	12	5	868	8563
180	4	14	15	872	12222
181	4	14	5	876	13431
182	4	8	10	880	444
183	0	12	15	884	21525
184	4	14	20	888	10679
185	4	14	15	892	47783
186	0	12	5	896	12592
187	4	14	15	900	16202
188	3	1	10	904	2138
189	4	14	20	908	730
190	4	8	15	912	4857
191	4	14	10	916	81
192	4	8	10	920	25045
193	4	14	5	924	2
194	4	8	5	928	10558
195	0	12	15	932	18255
196	4	14	20	936	2210
197	4	8	20	940	54354
198	4	14	5	944	33468
199	4	14	10	948	25212
200	3	1	10	952	7116
201	4	14	20	956	36496
202	3	1	5	960	10097
203	3	1	15	964	2196
204	4	8	5	968	850
205	4	14	15	972	7515
206	4	8	10	976	15531
207	3	1	20	980	2490
208	4	14	5	984	17035
209	3	1	20	988	4769
210	0	12	10	992	35273
211	4	14	10	996	22918
212	3	1	10	1000	3438
213	4	14	15	1004	8529
214	4	8	10	1008	1564
215	0	12	5	1012	15706
216	4	14	5	1016	6577
217	3	1	15	1020	841
218	4	8	5	1024	4450
219	4	8	5	1028	27453
220	4	8	5	1032	4489
221	4	8	15	1036	4758
222	4	8	5	1040	26884
223	4	8	5	1044	4252
224	4	8	15	1048	16588
225	4	8	5	1052	14404
226	0	12	20	1056	271
227	0	12	10	1060	10302
228	4	14	15	1064	11320
229	4	14	20	1068	2613
230	3	1	10	1072	2941
231	3	1	10	1076	6542
232	4	8	20	1080	16912
233	4	14	20	1084	28779
234	4	14	15	1088	1451
235	4	8	10	1092	2976
236	3	1	20	1096	38483
237	4	14	5	1100	2627
238	4	14	5	1104	15901
239	4	14	10	1108	30166
240	4	14	10	1112	3622
241	4	14	15	1116	19547
242	0	12	20	1120	1050
243	3	1	5	1124	2638
244	4	14	10	1128	1384
245	4	8	15	1200	4050
246	4	14	20	1205	120392
247	3	1	10	1210	5251
248	4	8	15	1215	15819
249	3	1	10	1220	30319
250	3	1	5	1225	20104
251	4	14	5	1230	2821
252	3	1	20	1235	7847
253	3	1	5	1240	13658
254	3	1	20	1245	5590
255	3	1	20	1250	6945
256	0	12	5	1255	5676
257	3	1	15	1260	16994
258	4	14	20	1265	3032
259	4	14	10	1270	14533
260	3	1	15	1275	6399
261	3	1	10	1280	819
262	4	8	15	1285	13750
263	3	1	20	1290	14017
264	4	14	5	1295	23196
265	3	1	20	1300	5641
266	4	14	15	1305	14881
267	4	8	10	1310	1718
268	3	1	20	1315	10221
269	0	12	15	1320	1819
270	4	14	15	1325	15070
271	4	14	5	1330	11381
272	4	8	5	1335	11893
273	3	1	5	1340	3103
274	4	14	15	1345	2917
275	4	14	15	1350	7745
276	4	14	15	1355	1476
277	4	14	15	1360	9512
278	4	14	5	1365	1330
279	4	8	20	1370	6508
280	3	1	5	1375	33094
281	3	1	10	1380	3316
282	4	14	5	1385	47980
283	4	8	5	1390	13761
284	4	14	15	1395	8808
285	3	1	15	1400	22822
286	4	14	20	1405	4788
287	0	12	5	1410	731
288	0	12	5	1415	567
289	4	8	20	1420	34244
290	3	1	20	1425	4203
291	4	8	20	1430	54145
292	4	8	5	1435	1193
293	4	14	15	1440	10047
294	3	1	15	1445	10208
295	3	1	5	1450	50967
296	0	12	15	1455	11384
297	4	8	10	1460	47484
298	0	12	10	1465	776
299	4	14	15	1470	4736
300	4	8	20	1475	3328
301	0	12	15	1480	841
302	3	1	15	1485	23754
303	3	1	5	1490	4620
304	4	14	20	1495	1829
305	4	14	15	1500	8171
306	3	1	15	1505	440
307	0	12	5	1510	3903
308	3	1	10	1515	11738
309	3	1	5	1520	6513
310	4	14	10	1525	14425
311	4	14	20	1530	28613
312	3	1	10	1535	31014
313	3	1	5	1540	10014
314	4	8	10	1545	4579
315	4	8	10	1550	6518
316	4	14	10	1555	18784
317	3	1	10	1560	31101
318	4	8	5	1565	13146
319	4	14	15	1570	7878
320	4	14	20	1600	5684
321	3	1	20	1604	12410
322	4	14	20	1608	19
323	4	14	15	1612	20189
324	4	8	20	1616	8095
325	4	14	15	1620	34223
326	4	8	15	1624	4448
327	3	1	10	1628	15617
328	4	14	20	1632	26389
329	4	8	10	1636	22804
330	0	12	20	1640	15288
331	3	1	10	1644	1224
332	4	8	20	1648	5931
333	4	8	15	1652	9219
334	4	8	5	1656	3526
335	0	12	15	1660	7955
336	4	8	15	1664	2067
337	3	1	20	1668	17787
338	4	14	5	1672	9152
339	4	14	20	1676	451
340	4	14	15	1680	5649
341	4	8	15	1684	22293
342	0	12	20	1688	7494
343	3	1	15	1692	14805
344	3	1	5	1696	35325
345	4	14	5	1700	927
346	3	1	15	1704	1002
347	3	1	5	1708	24261
348	4	14	15	1712	20508
349	4	14	15	1716	2279
350	3	1	15	1720	49208
351	3	1	10	1724	61493
352	4	8	5	1728	9656
353	3	1	20	1732	22279
354	0	12	15	1736	41091
355	3	1	20	1740	18762
356	4	14	20	1744	72676
357	3	1	5	1748	2326
358	4	14	10	1752	11644
359	3	1	10	1756	1162
360	0	12	5	1760	4883
361	4	8	20	1764	910
362	4	14	5	1768	19832
363	4	14	15	1772	1898
364	3	1	5	1776	12172
365	4	8	10	1780	4159
366	4	14	5	1784	11538
367	0	12	5	1788	10471
368	4	8	5	1792	5497
369	4	14	10	1796	19
370	3	1	15	1800	12029
371	3	1	10	1804	22611
372	3	1	15	1808	27365
373	4	14	15	1812	16759
374	4	14	20	1816	5651
375	4	14	20	1820	1446
376	3	1	15	1824	40814
377	3	1	15	1828	2921
378	3	1	20	1832	298
379	4	14	5	1836	15539
380	4	14	20	1840	19484
381	4	14	15	1844	38614
382	3	1	5	1848	13562
383	4	14	15	1852	12793
384	3	1	5	1856	8775
385	4	14	5	1860	3445
386	4	8	10	1864	2186
387	4	8	10	1868	13524
388	0	12	5	1872	554
389	3	1	20	1876	5910
390	4	14	20	1880	11375
391	4	8	5	1884	19672
392	4	14	5	1888	4143
393	3	1	10	1892	25092
394	3	1	15	1896	60268
395	3	1	20	1900	11053
396	4	14	15	1904	36052
397	4	14	15	1908	18853
398	3	1	10	1912	12591
399	4	8	20	1916	9199
400	4	14	5	1920	940
401	4	8	20	1924	41962
402	0	12	5	1928	20375
403	4	14	20	1932	24569
404	4	14	20	1936	51141
405	4	8	20	1940	8777
406	4	14	15	1944	1423
407	0	12	15	2000	6699
408	4	14	15	2005	11496
409	3	1	5	2010	18186
410	4	14	10	2015	18464
411	3	1	5	2020	20147
412	4	14	5	2025	8092
413	4	14	10	2030	2812
414	4	8	20	2035	9103
415	4	14	5	2040	24302
416	4	8	20	2045	5872
417	3	1	20	2050	5997
418	3	1	10	2055	36657
419	3	1	5	2060	16496
420	4	14	20	2065	36401
421	3	1	5	2070	11898
422	3	1	20	2075	4484
423	4	8	5	2080	1069
424	4	14	5	2085	39924
425	4	14	20	2090	15659
426	4	14	20	2095	8314
427	4	14	5	2100	2424
428	3	1	15	2105	8996
429	3	1	5	2110	15143
430	4	14	10	2115	33016
431	4	14	5	2120	4442
432	4	8	15	2125	21876
433	4	14	5	2130	5141
434	3	1	5	2135	12807
435	3	1	15	2140	13983
436	3	1	15	2145	7725
437	4	8	10	2150	2571
438	4	8	20	2155	18621
439	4	14	5	2160	9398
440	4	8	5	2165	10495
441	3	1	10	2170	26328
442	4	8	5	2175	1384
443	4	14	15	2180	1581
444	4	14	20	2185	17492
445	4	8	5	2190	2074
446	3	1	5	2195	405
447	4	14	20	2200	11158
448	4	8	15	2205	30855
449	4	14	10	2210	2752
450	3	1	10	2215	9239
451	4	8	20	2220	30181
452	4	14	20	2225	14051
453	4	14	5	2230	8242
454	3	1	20	2235	67323
455	3	1	10	2240	6488
456	3	1	5	2245	13460
457	4	14	5	2250	968
458	3	1	10	2255	3271
459	4	14	10	2260	15218
460	4	14	10	2265	10091
461	4	14	5	2270	1141
462	3	1	15	2275	2561
463	4	14	10	2280	3150
464	3	1	20	2285	33552
465	3	1	10	2290	2500
466	4	14	20	2295	4328
467	3	1	10	2300	6136
468	3	1	20	2305	3389
469	3	1	20	2310	9293
470	4	14	20	2315	11253
471	4	14	20	2320	16482
472	4	14	15	2325	12300
473	4	14	20	2330	16108
474	4	8	15	2335	14853
475	3	1	5	2340	7909
476	4	8	20	2345	23
477	0	12	10	2350	7433
478	3	1	10	2355	1109
479	4	8	10	2360	3316
480	4	14	5	2365	19890
481	4	14	20	2400	5084
482	4	14	20	2404	6388
483	3	1	5	2408	5290
484	0	12	20	2412	2938
485	3	1	5	2416	27595
486	0	12	10	2420	22271
487	3	1	15	2424	66143
488	3	1	10	2428	13103
489	4	8	10	2432	3036
490	3	1	10	2436	3571
491	4	14	15	2440	14553
492	4	8	10	2444	12425
493	4	14	10	2448	4716
494	4	14	20	2452	51578
495	4	14	15	2456	39954
496	3	1	15	2460	4138
497	3	1	20	2464	7127
498	4	8	10	2468	5760
499	3	1	10	2472	8538
500	4	14	10	2476	7485
501	4	8	20	2480	24127
502	0	12	10	2484	2525
503	3	1	5	2488	9880
504	4	8	5	2492	1189
505	3	1	10	2496	11644
506	0	12	15	2500	14154
507	4	14	20	2504	16823
508	4	14	5	2508	3807
509	4	14	15	2512	3576
510	3	1	20	2516	66586
511	4	8	5	2520	24046
512	4	14	20	2524	46603
513	4	8	15	2528	5580
514	4	14	20	2532	7759
515	4	14	5	2536	27244
516	3	1	15	2540	31762
517	4	14	10	2544	20579
518	4	14	20	2548	15709
519	4	14	10	2552	17408
520	3	1	10	2556	21487
521	4	14	5	2560	6674
522	3	1	5	2564	23521
523	4	8	15	2568	14366
524	4	14	20	2572	42265
525	3	1	20	2576	18202
526	4	8	5	2580	709
527	3	1	10	2584	28805
528	3	1	15	2588	5005
529	4	8	10	2592	3599
530	4	8	5	2596	8682
531	4	8	15	2600	5762
532	3	1	20	2604	18087
533	0	12	5	2608	100
534	0	12	5	2612	38525
535	4	8	5	2616	9891
536	4	14	10	2620	676
537	4	14	10	2624	693
538	4	14	5	2628	21508
539	4	14	15	2632	11996
540	0	12	10	2636	19287
541	3	1	5	2640	8486
542	4	8	10	2644	5414
543	3	1	20	2648	1047
544	0	12	5	2652	433
545	0	12	10	2656	4836
546	4	14	5	2660	7015
547	4	14	10	2664	20811
548	4	8	5	2668	15200
549	3	1	15	2672	4400
550	3	1	15	2676	3273
551	4	8	20	2680	17999
552	4	8	10	2684	370
553	3	1	5	2688	14082
554	4	8	10	2692	15017
555	4	14	20	2696	2743
556	0	12	15	2700	25598
557	3	1	20	2704	8464
558	4	8	10	2708	772
559	4	14	10	2712	28632
560	4	14	15	2716	30639
561	0	12	5	2720	2192
562	4	14	20	2724	3679
563	4	8	20	2728	27628
564	3	1	10	2732	606
565	4	14	15	2736	820
566	4	8	5	2740	3273
567	3	1	10	2744	22485
568	3	1	5	2748	12285
569	4	14	20	2752	12878
570	4	14	15	2800	7261
571	4	8	5	2805	4347
572	0	12	15	2810	14500
573	4	14	5	2815	2482
574	4	8	10	2820	21719
575	3	1	15	2825	20967
576	4	8	20	2830	15528
577	3	1	15	2835	4119
578	4	14	15	2840	9369
579	0	12	20	2845	3280
580	3	1	20	2850	4634
581	4	14	15	2855	9429
582	0	12	15	2860	10100
583	0	12	20	2865	32089
584	4	14	10	2870	12415
585	3	1	5	2875	12876
586	4	8	20	2880	13008
587	3	1	20	2885	1877
588	4	8	5	2890	545
589	4	8	10	2895	8972
590	4	14	20	2900	10068
591	3	1	5	2905	3169
592	4	14	10	2910	22241
593	4	8	10	2915	298
594	4	8	5	2920	2022
595	4	14	20	2925	3594
596	4	14	15	2930	9522
597	4	14	20	2935	1810
598	3	1	5	2940	22451
599	4	8	15	2945	4609
600	3	1	20	2950	4117
601	0	12	10	2955	23614
602	3	1	5	2960	3889
603	3	1	10	2965	16649
604	4	14	20	2970	8344
605	4	14	5	2975	18781
606	4	14	15	2980	7051
607	4	14	15	2985	16838
608	4	14	20	2990	598
609	3	1	20	2995	1070
610	3	1	15	3000	19062
611	3	1	20	3005	6347
612	4	14	5	3010	25329
613	4	8	10	3015	9068
614	4	14	5	3020	1886
615	4	14	5	3025	352
616	4	14	20	3030	32024
617	0	12	5	3035	343
618	4	14	15	3040	5829
619	3	1	5	3045	6582
620	4	14	20	3050	5005
621	4	8	5	3055	17473
622	4	14	10	3060	1176
623	0	12	20	3065	30490
624	4	14	15	3070	858
625	4	14	20	3075	4010
626	4	14	5	3080	19859
627	0	12	20	3085	34679
628	4	8	10	3090	8444
629	4	14	15	3095	977
630	0	12	5	3100	1958
631	3	1	10	3105	8230
632	4	8	20	3110	2782
633	3	1	20	3115	18104
634	4	14	15	3120	453
635	0	12	5	3125	8102
636	4	14	20	3130	28957
637	4	8	20	3135	25673
638	4	14	20	3140	1899
639	3	1	5	3145	14265
640	4	8	5	3150	12280
641	3	1	10	3200	27847
642	3	1	15	3205	3615
643	4	14	10	3210	4335
644	4	14	5	3215	24459
645	4	8	5	3220	909
646	3	1	20	3225	16007
647	0	12	20	3230	2146
648	3	1	15	3235	7350
649	3	1	20	3240	14103
650	3	1	5	3245	29421
651	4	14	5	3250	8615
652	4	14	10	3255	10323
653	4	8	20	3260	18051
654	3	1	15	3265	18101
655	4	14	10	3270	9888
656	4	8	10	3275	14655
657	0	12	10	3280	13615
658	4	8	10	3285	44710
659	4	8	5	3290	12013
660	3	1	20	3295	23852
661	3	1	10	3300	4174
662	3	1	20	3305	70623
663	3	1	10	3310	14009
664	3	1	5	3315	430
665	4	14	15	3320	3017
666	3	1	15	3325	3304
667	4	14	10	3330	7319
668	4	14	10	3335	16147
669	4	8	20	3340	10469
670	3	1	15	3345	5130
671	4	14	20	3350	24760
672	4	14	20	3355	1227
673	3	1	5	3360	8809
674	3	1	20	3365	1050
675	0	12	15	3370	4318
676	4	14	5	3375	14497
677	4	14	20	3380	7744
678	3	1	15	3385	12528
679	3	1	15	3390	51443
680	3	1	5	3395	765
681	3	1	20	3400	11699
682	3	1	15	3405	4538
683	4	8	5	3410	33891
684	4	8	20	3415	6848
685	4	14	10	3420	7282
686	3	1	20	3425	23462
687	3	1	15	3430	11122
688	4	14	20	3435	20919
689	4	14	15	3440	3392
690	4	8	15	3445	2681
691	4	8	20	3450	1074
692	3	1	5	3455	803
693	3	1	15	3460	529
694	4	14	10	3465	2195
695	4	14	15	3470	43397
696	0	12	15	3475	2898
697	4	8	5	3480	11391
698	4	8	5	3485	9901
699	3	1	15	3490	469
700	4	14	10	3495	82290
701	0	12	20	3500	9199
702	4	14	5	3505	41822
703	3	1	10	3510	2433
704	3	1	20	3515	4184
705	4	14	10	3520	1414
706	3	1	5	3525	2012
707	4	14	20	3530	25592
708	0	12	5	3535	7730
709	3	1	20	3540	20180
710	3	1	5	3545	11444
711	0	12	15	3550	2780
712	0	12	20	3555	9416
713	4	14	5	3560	11431
714	0	12	15	3565	6305
715	3	1	15	3600	446
716	4	14	15	3606	25898
717	3	1	5	3612	16740
718	4	8	10	3618	3002
719	3	1	15	3624	22310
720	4	14	20	3630	3199
721	4	8	20	3636	101851
722	4	8	10	3642	9274
723	4	14	10	3648	460
724	4	8	5	3654	2529
725	4	14	20	3660	19227
726	4	14	5	3666	3976
727	4	14	20	3672	23941
728	4	14	5	3678	22007
729	4	8	20	3684	1184
730	4	8	10	3690	14995
731	4	14	10	3696	37002
732	4	14	5	3702	5874
733	0	12	5	3708	4609
734	3	1	20	3714	3091
735	4	14	5	3720	66335
736	3	1	15	3726	7884
737	3	1	20	3732	7054
738	3	1	20	3738	40753
739	3	1	10	3744	15878
740	4	8	5	3750	7404
741	3	1	15	3756	1784
742	3	1	10	3762	8981
743	4	8	20	3768	19657
744	3	1	15	3774	22806
745	4	14	10	3780	956
746	4	14	5	3786	57729
747	4	14	15	3792	5138
748	4	14	20	3798	6756
749	4	8	5	3804	13685
750	4	14	15	3810	21295
751	4	14	20	3816	773
752	4	14	5	3822	4508
753	0	12	15	3828	19275
754	3	1	10	3834	15867
755	4	14	5	3840	5921
756	3	1	15	3846	7349
757	4	14	15	3852	1462
758	4	14	10	3858	11250
759	4	8	20	3864	18049
760	4	14	5	3870	4222
761	4	14	5	3876	2268
762	4	14	20	3882	10513
763	4	14	5	3888	4161
764	4	14	15	3894	11397
765	4	8	10	3900	3067
766	4	14	20	3906	18359
767	0	12	15	3912	9218
768	4	8	5	3918	25255
769	4	14	20	3924	11703
770	3	1	15	3930	3010
771	3	1	10	3936	7554
772	3	1	15	3942	975
773	3	1	15	3948	3505
774	4	14	20	3954	8183
775	4	8	5	3960	2456
776	3	1	15	3966	33818
777	3	1	10	3972	27112
778	4	14	15	3978	5744
779	4	14	15	3984	1954
780	3	1	10	4000	28345
781	4	14	5	4005	13472
782	4	14	15	4010	8195
783	4	14	20	4015	13170
784	0	12	10	4020	10277
785	0	12	10	4025	16578
786	4	14	10	4030	30665
787	3	1	5	4035	324
788	3	1	5	4040	10022
789	4	8	20	4045	6821
790	0	12	15	4050	24091
791	3	1	5	4055	1456
792	4	14	15	4060	1345
793	4	14	5	4065	48155
794	4	14	10	4070	4350
795	0	12	15	4075	2221
796	3	1	20	4080	4673
797	3	1	5	4085	6098
798	4	8	20	4090	2498
799	4	14	15	4095	23703
800	4	8	15	4100	10706
801	0	12	20	4105	1921
802	4	14	15	4110	3320
803	3	1	5	4115	21162
804	4	14	15	4120	2812
805	4	14	20	4125	18293
806	4	14	10	4130	11044
807	3	1	20	4135	53590
808	4	8	15	4140	9239
809	3	1	5	4145	2960
810	4	14	20	4150	53248
811	4	8	20	4155	11762
812	3	1	15	4160	11196
813	4	8	10	4165	24845
814	4	14	5	4170	14974
815	3	1	20	4175	5753
816	4	8	10	4180	474
817	3	1	5	4185	5069
818	4	8	15	4190	16622
819	4	14	20	4195	3868
820	4	14	10	4200	10887
821	0	12	15	4205	3893
822	4	14	10	4210	30522
823	3	1	15	4215	769
824	4	8	15	4220	58406
825	4	14	10	4225	18698
826	4	8	15	4230	15126
827	4	8	10	4235	25353
828	4	8	15	4240	18024
829	4	14	20	4245	1357
830	4	14	20	4250	17719
831	3	1	15	4255	34719
832	4	8	20	4260	8041
833	3	1	15	4265	6750
834	3	1	15	4270	14932
835	4	14	5	4275	10697
836	3	1	15	4280	3312
837	4	14	10	4285	4864
838	3	1	10	4290	687
839	4	14	20	4295	167
840	3	1	5	4300	6389
841	4	14	15	4305	17067
842	4	8	20	4310	258
843	0	12	10	4315	10011
844	3	1	20	4320	39682
845	4	8	15	4325	13390
846	4	8	5	4330	4121
847	4	8	10	4335	7244
848	4	14	20	4340	7478
849	3	1	20	4345	1135
850	4	14	15	4400	10968
851	4	14	20	4404	1053
852	0	12	10	4408	37264
853	4	8	10	4412	13456
854	3	1	15	4416	10764
855	4	14	20	4420	2379
856	0	12	10	4424	6026
857	4	8	10	4428	11784
858	4	14	15	4432	4244
859	4	14	20	4436	12015
860	3	1	20	4440	9946
861	3	1	5	4444	16150
862	0	12	10	4448	4483
863	0	12	20	4452	4324
864	4	14	20	4456	5189
865	4	14	20	4460	6952
866	4	8	15	4464	972
867	3	1	15	4468	1468
868	4	14	15	4472	975
869	4	14	20	4476	2762
870	4	14	5	4480	5167
871	3	1	15	4484	6487
872	4	8	5	4488	12035
873	4	14	20	4492	5134
874	4	14	20	4496	13169
875	0	12	10	4500	14536
876	4	8	20	4504	27001
877	4	14	15	4508	2946
878	3	1	5	4512	2669
879	3	1	10	4516	7645
880	4	14	5	4520	16085
881	4	8	10	4524	11458
882	4	14	15	4528	637
883	4	14	20	4532	9955
884	4	14	10	4536	17612
885	4	14	15	4540	19610
886	3	1	20	4544	3975
887	3	1	15	4548	18668
888	3	1	20	4552	6835
889	4	8	20	4556	13666
890	4	8	15	4560	19210
891	4	8	5	4564	25248
892	4	14	20	4568	12038
893	0	12	5	4572	14905
894	4	14	10	4576	1855
895	3	1	5	4580	4886
896	3	1	20	4584	8841
897	3	1	20	4588	10612
898	4	8	10	4592	5458
899	4	14	20	4596	5586
900	4	8	20	4600	20430
901	3	1	15	4604	2090
902	4	14	15	4608	2414
903	4	14	5	4612	18066
904	4	8	10	4616	14093
905	3	1	15	4620	5326
906	4	14	20	4624	25091
907	0	12	15	4628	34327
908	4	8	20	4632	13051
909	4	8	20	4636	28259
910	3	1	15	4640	40902
911	4	8	20	4644	4611
912	4	14	10	4648	11787
913	4	14	15	4652	6272
914	4	8	15	4656	14655
915	4	14	5	4660	11046
916	4	14	15	4664	9864
917	0	12	10	4668	20242
918	3	1	5	4672	1760
919	4	14	5	4676	26668
920	3	1	15	4680	13364
921	4	8	10	4684	7380
922	4	14	20	4688	8994
923	3	1	15	4692	7102
924	4	14	15	4696	6431
925	3	1	20	4700	1634
926	4	8	10	4704	11017
927	0	12	10	4708	5251
928	3	1	15	4712	5297
929	4	8	20	4716	18678
930	4	8	5	4720	808
931	4	14	10	4724	133
932	4	14	20	4728	2348
933	4	8	20	4732	4494
934	0	12	15	4736	33981
935	4	14	10	4800	1037
936	0	12	10	4805	1461
937	3	1	5	4810	11985
938	3	1	5	4815	12438
939	4	14	5	4820	1550
940	4	14	10	4825	1686
941	3	1	20	4830	3454
942	4	14	10	4835	10823
943	4	8	15	4840	36409
944	3	1	15	4845	4705
945	3	1	5	4850	13027
946	4	14	10	4855	17158
947	4	8	10	4860	52
948	4	14	15	4865	4996
949	3	1	20	4870	32156
950	3	1	20	4875	1327
951	4	14	20	4880	56682
952	4	14	5	4885	13887
953	4	8	5	4890	38670
954	3	1	20	4895	9381
955	4	8	5	4900	8870
956	3	1	20	4905	26365
957	4	14	5	4910	22347
958	3	1	10	4915	1781
959	4	8	20	4920	3249
960	4	14	10	4925	7608
961	4	14	15	4930	33442
962	4	14	15	4935	19611
963	3	1	15	4940	466
964	4	14	15	4945	2891
965	4	14	20	4950	6466
966	3	1	10	4955	11099
967	4	14	5	4960	2313
968	0	12	10	4965	14649
969	4	8	15	4970	6121
970	4	14	15	4975	4656
971	3	1	5	4980	17141
972	3	1	20	4985	2712
973	4	14	10	4990	9759
974	4	14	20	4995	739
975	4	14	5	5000	7670
976	4	14	15	5005	12037
977	4	14	15	5010	6670
978	4	14	5	5015	4875
979	4	8	15	5020	3752
980	4	8	15	5025	467
981	3	1	10	5030	1207
982	4	14	15	5035	5983
983	3	1	10	5040	33539
984	4	8	20	5045	1798
985	0	12	5	5050	1043
986	4	8	5	5055	6636
987	4	8	15	5060	38861
988	4	14	5	5065	47626
989	4	14	20	5070	1747
990	3	1	5	5075	2759
991	4	14	10	5080	15644
992	3	1	10	5085	8171
993	4	14	5	5090	7804
994	0	12	5	5095	3453
995	4	14	15	5100	19733
996	4	8	15	5105	56729
997	4	8	5	5110	6714
998	4	14	5	5115	37929
999	0	12	15	5120	5136
1000	4	8	20	5125	15006
1001	4	8	5	5130	1446
1002	4	14	10	5135	8016
1003	3	1	15	5140	18621
1004	3	1	5	5145	710
1005	4	8	10	5200	28772
1006	0	12	10	5205	14848
1007	4	8	5	5210	53
1008	0	12	5	5215	3242
1009	4	14	5	5220	2940
1010	4	14	15	5225	15057
1011	3	1	5	5230	18881
1012	3	1	10	5235	1075
1013	3	1	10	5240	2255
1014	3	1	5	5245	9599
1015	4	14	15	5250	5616
1016	0	12	5	5255	260
1017	3	1	15	5260	28083
1018	4	14	5	5265	9145
1019	4	8	10	5270	12679
1020	3	1	5	5275	23024
1021	4	8	10	5280	18127
1022	3	1	5	5285	802
1023	4	8	15	5290	1226
1024	4	14	15	5295	39101
1025	3	1	20	5300	32925
1026	3	1	5	5305	11213
1027	4	14	20	5310	993
1028	4	8	10	5315	48118
1029	4	14	20	5320	2615
1030	4	8	10	5325	39582
1031	3	1	20	5330	1519
1032	3	1	5	5335	21947
1033	4	14	15	5340	10696
1034	3	1	15	5345	5333
1035	4	14	15	5350	330
1036	4	14	5	5355	543
1037	3	1	15	5360	4683
1038	0	12	15	5365	3296
1039	4	14	5	5370	32562
1040	4	14	15	5375	1379
1041	4	14	5	5380	4283
1042	4	8	10	5385	11933
1043	4	14	5	5390	30639
1044	0	12	15	5395	8801
1045	0	12	15	5400	3075
1046	4	14	10	5405	17240
1047	4	14	20	5410	20213
1048	4	8	15	5415	14332
1049	4	14	10	5420	5280
1050	4	14	15	5425	33259
1051	4	14	20	5430	22937
1052	3	1	10	5435	14835
1053	0	12	20	5440	2377
1054	3	1	5	5445	23742
1055	4	8	15	5450	42168
1056	4	14	5	5455	968
1057	0	12	5	5460	21274
1058	4	8	20	5465	19192
1059	4	8	15	5470	5364
1060	4	14	10	5475	20
1061	4	8	20	5480	13525
1062	4	14	5	5485	14787
1063	4	14	15	5490	1449
1064	3	1	15	5495	7877
1065	3	1	15	5500	17611
1066	4	14	5	5505	2096
1067	4	14	20	5510	5362
1068	4	8	20	5515	8107
1069	4	8	15	5520	1690
1070	0	12	5	5525	15398
1071	3	1	10	5530	4212
1072	4	8	5	5535	1747
1073	4	8	5	5540	4467
1074	4	8	5	5545	8124
1075	4	14	10	5550	5954
1076	3	1	10	5600	226
1077	4	14	15	5605	24292
1078	3	1	15	5610	17438
1079	4	14	20	5615	18177
1080	4	8	15	5620	16245
1081	0	12	20	5625	10841
1082	4	14	20	5630	11973
1083	4	8	5	5635	19196
1084	4	8	15	5640	17312
1085	3	1	10	5645	29723
1086	4	8	15	5650	36996
1087	4	14	15	5655	2934
1088	3	1	15	5660	11507
1089	3	1	15	5665	19098
1090	4	14	5	5670	5280
1091	4	14	20	5675	584
1092	4	14	15	5680	2229
1093	3	1	10	5685	15929
1094	4	14	5	5690	1487
1095	4	8	10	5695	24060
1096	4	8	20	5700	4189
1097	4	14	10	5705	7193
1098	4	14	5	5710	1068
1099	3	1	15	5715	5312
1100	4	14	15	5720	7234
1101	4	14	10	5725	945
1102	3	1	15	5730	28028
1103	4	14	15	5735	11216
1104	4	14	15	5740	2592
1105	4	8	20	5745	6305
1106	4	8	5	5750	1244
1107	4	14	5	5755	13745
1108	3	1	20	5760	13382
1109	4	14	20	5765	9168
1110	4	14	10	5770	42439
1111	4	14	15	5775	14641
1112	4	8	5	5780	17537
1113	0	12	20	5785	30618
1114	4	14	10	5790	5249
1115	4	14	5	5795	24917
1116	4	8	15	5800	3710
1117	4	14	10	5805	12070
1118	4	8	5	5810	6799
1119	4	14	10	5815	8446
1120	3	1	15	5820	15798
1121	3	1	20	5825	1162
1122	4	14	20	5830	879
1123	3	1	20	5835	23300
1124	4	14	5	5840	4493
1125	4	8	20	5845	20859
1126	3	1	20	5850	23108
1127	4	14	15	5855	2654
1128	4	8	10	5860	55404
1129	3	1	15	5865	4614
1130	4	8	15	5870	18628
1131	4	8	15	5875	3318
1132	4	8	15	5880	12065
1133	4	8	5	5885	2223
1134	4	14	20	5890	13281
1135	3	1	5	5895	5447
1136	3	1	5	5900	6904
1137	4	14	10	5905	8782
1138	4	14	15	5910	26324
1139	3	1	5	5915	7574
1140	4	8	10	5920	5775
1141	4	14	5	5925	6661
1142	0	12	10	5930	6585
1143	0	12	20	5935	2621
1144	4	8	5	5940	17289
1145	4	14	20	5945	25581
1146	3	1	20	5950	3452
1147	3	1	20	6000	9250
1148	3	1	10	6005	16337
1149	0	12	15	6010	13508
1150	4	14	15	6015	11801
1151	4	14	15	6020	9292
1152	4	8	10	6025	13218
1153	4	8	5	6030	43193
1154	3	1	15	6035	7254
1155	0	12	5	6040	9472
1156	0	12	20	6045	4897
1157	3	1	20	6050	14461
1158	4	8	5	6055	11191
1159	4	8	20	6060	2958
1160	4	14	15	6065	16505
1161	4	14	20	6070	8954
1162	3	1	20	6075	34700
1163	3	1	20	6080	13996
1164	4	8	10	6085	17691
1165	3	1	5	6090	1123
1166	0	12	10	6095	3435
1167	4	8	5	6100	29276
1168	3	1	10	6105	16588
1169	4	14	15	6110	4138
1170	4	14	5	6115	7322
1171	3	1	15	6120	9400
1172	4	8	15	6125	16342
1173	4	14	20	6130	4883
1174	4	14	15	6135	19631
1175	4	14	5	6140	15220
1176	4	14	15	6145	846
1177	3	1	5	6150	9132
1178	4	14	15	6155	9123
1179	4	14	10	6160	11466
1180	4	14	10	6165	3068
1181	4	14	10	6170	21047
1182	4	8	20	6175	16212
1183	4	8	10	6180	7405
1184	3	1	5	6185	9972
1185	4	14	15	6190	5315
1186	4	8	15	6195	1747
1187	0	12	20	6200	1400
1188	4	8	10	6205	1358
1189	4	14	10	6210	34520
1190	0	12	10	6215	5571
1191	4	8	5	6220	5309
1192	4	8	20	6225	4006
1193	4	14	10	6230	6416
1194	4	14	15	6235	2670
1195	4	14	5	6240	23892
1196	4	14	5	6245	44516
1197	4	8	15	6250	12127
1198	3	1	15	6255	6129
1199	4	8	10	6260	53003
1200	4	14	10	6265	4091
1201	4	14	5	6270	39347
1202	0	12	5	6275	58
1203	4	8	20	6280	12527
1204	0	12	5	6285	3925
1205	4	14	5	6290	4195
1206	4	14	15	6295	3353
1207	4	8	20	6300	6634
1208	4	14	20	6305	13088
1209	4	14	15	6310	6219
1210	4	14	20	6315	8789
1211	4	8	10	6320	1358
1212	4	8	5	6325	7943
1213	4	8	15	6330	37075
1214	4	14	20	6335	3436
1215	3	1	5	6340	10924
1216	3	1	20	6345	14207
1217	4	8	5	6350	20136
1218	4	14	10	6355	5211
1219	4	14	20	6360	5758
1220	4	8	10	6365	10086
1221	4	14	5	6370	20100
1222	4	8	20	6375	24556
1223	3	1	20	6400	1214
1224	4	14	20	6404	21064
1225	3	1	15	6408	19123
1226	4	14	15	6412	39975
1227	3	1	20	6416	16488
1228	4	8	20	6420	18275
1229	4	14	5	6424	21850
1230	4	14	10	6428	1659
1231	3	1	20	6432	17262
1232	3	1	10	6436	335
1233	4	14	5	6440	17061
1234	3	1	10	6444	13139
1235	3	1	15	6448	6650
1236	4	14	15	6452	43055
1237	3	1	5	6456	9469
1238	4	14	5	6460	11713
1239	3	1	5	6464	20231
1240	3	1	20	6468	5491
1241	4	8	15	6472	5056
1242	4	14	5	6476	35277
1243	0	12	20	6480	4906
1244	4	14	5	6484	5271
1245	4	8	20	6488	11668
1246	0	12	20	6492	2541
1247	3	1	5	6496	6383
1248	4	14	10	6500	3062
1249	3	1	15	6504	14486
1250	4	8	20	6508	317
1251	4	8	10	6512	6934
1252	3	1	10	6516	13781
1253	3	1	10	6520	7409
1254	3	1	20	6524	12482
1255	4	14	15	6528	2193
1256	4	8	15	6532	2816
1257	0	12	10	6536	4424
1258	4	14	5	6540	14730
1259	4	14	10	6544	4935
1260	4	8	10	6548	10125
1261	4	8	20	6552	80666
1262	3	1	15	6556	14635
1263	4	14	20	6560	11676
1264	4	14	20	6564	10031
1265	4	14	20	6568	2885
1266	4	14	5	6572	11498
1267	0	12	10	6576	1943
1268	3	1	5	6580	11264
1269	4	14	15	6584	4012
1270	4	14	10	6588	25126
1271	3	1	5	6592	40548
1272	4	14	5	6596	29066
1273	4	14	10	6600	1733
1274	3	1	10	6604	14739
1275	3	1	5	6608	10248
1276	4	14	20	6612	2279
1277	3	1	5	6616	2421
1278	4	14	5	6620	55875
1279	3	1	20	6624	18547
1280	3	1	15	6628	41062
1281	3	1	5	6632	5681
1282	4	14	15	6636	9765
1283	4	14	20	6640	12460
1284	3	1	5	6644	27839
1285	3	1	15	6648	1526
1286	3	1	20	6652	943
1287	0	12	20	6656	14265
1288	4	8	5	6660	3422
1289	4	14	15	6664	1846
1290	4	14	10	6668	7796
1291	4	8	10	6672	15961
1292	4	8	5	6676	1118
1293	3	1	20	6680	7600
1294	0	12	5	6684	668
1295	3	1	5	6688	878
1296	4	8	5	6692	7497
1297	4	14	20	6696	22740
1298	4	14	10	6700	11480
1299	4	8	10	6704	35028
1300	4	8	5	6708	41441
1301	3	1	15	6712	5527
1302	4	8	5	6716	23610
1303	4	8	10	6720	9682
1304	0	12	5	6724	779
1305	4	14	5	6728	21601
1306	4	14	15	6732	589
1307	4	8	20	6800	3563
1308	4	8	15	6804	7310
1309	3	1	15	6808	2021
1310	4	14	15	6812	13010
1311	4	8	5	6816	9496
1312	3	1	5	6820	6262
1313	4	14	15	6824	3134
1314	4	14	15	6828	4467
1315	4	14	10	6832	4443
1316	4	14	20	6836	10695
1317	3	1	10	6840	3694
1318	4	14	20	6844	27394
1319	4	14	15	6848	1533
1320	4	14	20	6852	5365
1321	3	1	10	6856	4459
1322	4	8	10	6860	20053
1323	3	1	5	6864	8976
1324	0	12	5	6868	3779
1325	4	8	5	6872	4142
1326	4	14	15	6876	5583
1327	4	8	20	6880	21379
1328	3	1	10	6884	3625
1329	3	1	10	6888	5910
1330	4	14	15	6892	10701
1331	4	8	20	6896	23157
1332	4	14	15	6900	6136
1333	0	12	10	6904	32269
1334	3	1	10	6908	16045
1335	0	12	10	6912	4385
1336	4	14	15	6916	12101
1337	4	14	20	6920	46485
1338	4	14	15	6924	1346
1339	3	1	20	6928	42869
1340	0	12	20	6932	1096
1341	3	1	15	6936	9677
1342	4	14	20	6940	1005
1343	3	1	5	6944	9716
1344	4	14	20	6948	2669
1345	3	1	15	6952	8103
1346	0	12	15	6956	26465
1347	4	14	10	6960	11146
1348	4	14	5	6964	18903
1349	4	14	15	6968	5176
1350	4	14	10	6972	20822
1351	3	1	20	6976	7922
1352	4	14	5	6980	9151
1353	4	8	5	6984	11261
1354	4	8	15	6988	7430
1355	0	12	15	6992	22503
1356	4	14	10	6996	65458
1357	4	14	10	7000	3979
1358	0	12	5	7004	8171
1359	3	1	15	7008	13905
1360	4	14	10	7012	3736
1361	4	14	15	7016	27670
1362	4	14	10	7020	62800
1363	4	14	15	7024	10262
1364	4	14	20	7028	5650
1365	4	8	15	7032	20745
1366	4	8	15	7036	4772
1367	4	14	20	7040	3151
1368	3	1	5	7044	28345
1369	3	1	10	7048	23240
1370	4	14	10	7052	6233
1371	4	14	10	7056	19356
1372	3	1	10	7060	29286
1373	3	1	10	7064	3473
1374	4	14	5	7068	14962
1375	3	1	15	7072	8914
1376	4	14	20	7076	5473
1377	4	14	10	7080	65645
1378	3	1	20	7084	8191
1379	0	12	10	7088	9137
1380	4	14	5	7092	1491
1381	4	8	15	7096	3179
1382	4	8	5	7100	8010
1383	3	1	20	7104	3182
1384	4	14	15	7108	4710
1385	0	12	5	7112	17504
1386	3	1	20	7116	7754
1387	3	1	15	7120	9455
1388	3	1	10	7124	286
1389	3	1	10	7128	11275
1390	3	1	10	7132	1541
1391	3	1	15	7136	2076
1392	4	8	15	7140	4928
1393	3	1	10	7144	9518
1394	0	12	10	7148	23698
1395	4	8	20	7152	16966
1396	4	14	10	7156	15265
1397	0	12	5	7200	3291
1398	3	1	10	7205	4702
1399	3	1	5	7210	24424
1400	3	1	10	7215	4393
1401	4	14	5	7220	13862
1402	3	1	15	7225	17685
1403	0	12	10	7230	7594
1404	3	1	5	7235	5600
1405	3	1	15	7240	305
1406	4	14	20	7245	38436
1407	0	12	20	7250	14926
1408	3	1	5	7255	1049
1409	0	12	10	7260	37893
1410	3	1	10	7265	18682
1411	3	1	10	7270	6289
1412	3	1	15	7275	152
1413	3	1	5	7280	14622
1414	3	1	10	7285	6955
1415	4	14	10	7290	168
1416	4	14	5	7295	16544
1417	4	8	20	7300	4101
1418	4	14	15	7305	8035
1419	3	1	10	7310	830
1420	4	14	10	7315	3381
1421	4	14	15	7320	29020
1422	4	14	20	7325	15868
1423	4	14	20	7330	922
1424	0	12	10	7335	15830
1425	4	8	10	7340	5488
1426	4	8	20	7345	12278
1427	0	12	5	7350	5140
1428	4	8	5	7355	10174
1429	3	1	15	7360	28630
1430	4	14	20	7365	2103
1431	4	14	20	7370	24640
1432	3	1	15	7375	25421
1433	3	1	5	7380	8685
1434	4	8	20	7385	3397
1435	4	14	10	7390	9379
1436	3	1	15	7395	672
1437	4	8	10	7400	8505
1438	3	1	15	7405	2581
1439	4	14	15	7410	4592
1440	3	1	5	7415	4961
1441	4	14	5	7420	26170
1442	4	14	5	7425	9004
1443	4	14	20	7430	16263
1444	3	1	15	7435	19430
1445	4	8	20	7440	3347
1446	4	8	15	7445	34321
1447	0	12	20	7450	45808
1448	4	14	20	7455	11754
1449	4	14	15	7460	3356
1450	4	14	15	7465	1654
1451	3	1	5	7470	23843
1452	4	8	10	7475	23322
1453	3	1	20	7480	2978
1454	0	12	15	7485	23482
1455	3	1	15	7490	10411
1456	4	14	10	7495	16256
1457	4	14	20	7500	854
1458	3	1	10	7505	3247
1459	3	1	20	7510	3394
1460	4	8	10	7515	9509
1461	4	8	5	7520	3209
1462	4	14	20	7525	9669
1463	4	14	20	7530	4886
1464	3	1	15	7535	17868
1465	4	14	5	7540	3404
1466	4	8	15	7545	2163
1467	0	12	20	7550	2960
1468	3	1	15	7555	17446
1469	0	12	5	7560	25417
1470	4	14	20	7565	7913
1471	4	14	5	7570	8335
1472	4	14	15	7575	8635
1473	4	14	15	7580	14786
1474	0	12	20	7585	5203
1475	0	12	15	7600	9813
1476	4	14	5	7605	17459
1477	0	12	15	7610	4900
1478	4	14	10	7615	14298
1479	3	1	15	7620	15578
1480	4	14	15	7625	5684
1481	3	1	15	7630	32331
1482	3	1	10	7635	21161
1483	3	1	20	7640	13614
1484	0	12	20	7645	3639
1485	4	14	10	7650	5321
1486	4	14	10	7655	17951
1487	4	14	20	7660	9317
1488	4	14	20	7665	27082
1489	4	14	15	7670	6258
1490	4	14	5	7675	9216
1491	3	1	20	7680	1928
1492	4	14	10	7685	522
1493	4	8	15	7690	4244
1494	4	14	10	7695	5042
1495	0	12	5	7700	20891
1496	0	12	20	7705	33513
1497	3	1	15	7710	6129
1498	4	14	20	7715	18320
1499	4	14	15	7720	19936
1500	0	12	20	7725	19268
1501	3	1	15	7730	17452
1502	4	8	15	7735	845
1503	4	8	20	7740	36470
1504	3	1	10	7745	16598
1505	3	1	20	7750	6519
1506	4	8	15	7755	28189
1507	0	12	15	7760	13400
1508	3	1	15	7765	6445
1509	4	8	10	7770	20984
1510	3	1	5	7775	18356
1511	4	8	5	7780	11522
1512	3	1	10	7785	17460
1513	3	1	20	7790	5742
1514	4	14	20	7795	649
1515	4	14	5	7800	3125
1516	4	14	10	7805	714
1517	3	1	15	7810	1434
1518	4	14	20	7815	4211
1519	4	8	20	7820	188
1520	3	1	5	7825	2612
1521	4	8	15	7830	18133
1522	4	8	5	7835	3577
1523	4	8	20	7840	11680
1524	4	14	15	7845	11202
1525	3	1	10	7850	12308
1526	4	14	10	7855	9116
1527	4	8	10	7860	47840
1528	4	14	5	7865	6855
1529	4	14	10	7870	3754
1530	3	1	10	7875	5232
1531	4	14	5	7880	33669
1532	4	8	15	7885	2877
1533	4	8	20	7890	33622
1534	4	14	15	7895	8164
1535	3	1	15	7900	245
1536	3	1	10	7905	12679
1537	4	14	15	7910	7696
1538	3	1	5	7915	8829
1539	4	8	10	7920	16406
1540	3	1	10	7925	16939
1541	4	14	20	7930	11218
1542	4	8	20	7935	6018
1543	4	14	10	7940	19280
1544	3	1	10	7945	13056
1545	3	1	5	7950	40817
1546	3	1	10	7955	4130
1547	4	14	5	8000	3711
1548	4	14	10	8005	7860
1549	4	14	10	8010	1597
1550	4	14	20	8015	1810
1551	0	12	20	8020	11283
1552	4	14	5	8025	4611
1553	4	8	5	8030	5817
1554	4	8	20	8035	35076
1555	3	1	10	8040	458
1556	4	14	15	8045	7337
1557	3	1	10	8050	8233
1558	4	14	5	8055	13271
1559	4	8	20	8060	11074
1560	4	14	10	8065	10101
1561	4	8	20	8070	511
1562	4	14	20	8075	7516
1563	0	12	20	8080	1362
1564	3	1	20	8085	878
1565	4	8	15	8090	3218
1566	3	1	10	8095	1407
1567	3	1	5	8100	11006
1568	4	14	15	8105	13161
1569	4	14	10	8110	13519
1570	4	14	15	8115	929
1571	4	14	10	8120	21152
1572	4	14	5	8125	32753
1573	4	14	15	8130	5664
1574	3	1	15	8135	21622
1575	3	1	20	8140	5877
1576	3	1	15	8145	13788
1577	3	1	20	8150	12149
1578	3	1	10	8155	4256
1579	4	14	10	8160	4926
1580	3	1	5	8165	14848
1581	4	14	5	8170	4817
1582	0	12	15	8175	9822
1583	4	8	10	8180	9387
1584	3	1	10	8185	17552
1585	4	14	20	8190	7671
1586	4	14	10	8195	12900
1587	4	8	5	8200	16143
1588	4	14	15	8205	13480
1589	3	1	5	8210	28437
1590	3	1	20	8215	9662
1591	3	1	15	8220	5001
1592	4	14	20	8225	9931
1593	3	1	10	8230	2475
1594	4	14	5	8235	1811
1595	4	8	5	8240	6941
1596	4	14	20	8245	10477
1597	4	14	5	8250	1742
1598	4	14	5	8255	79091
1599	4	14	20	8260	9667
1600	4	14	15	8265	8755
1601	4	14	15	8270	9428
1602	4	14	15	8275	26121
1603	3	1	5	8280	1115
1604	4	14	10	8285	114261
1605	3	1	10	8290	416
1606	3	1	20	8295	5604
1607	4	8	15	8300	7551
1608	3	1	15	8305	12363
1609	3	1	20	8310	6783
1610	3	1	15	8315	50874
1611	0	12	20	8320	15372
1612	4	14	5	8325	7646
1613	3	1	5	8330	6764
1614	3	1	10	8335	14037
1615	3	1	20	8340	34234
1616	4	8	5	8345	12477
1617	4	14	10	8350	34673
1618	4	8	10	8355	308
1619	0	12	10	8360	106
1620	4	14	15	8365	18300
1621	3	1	5	8370	5579
1622	4	8	20	8375	6382
1623	4	8	20	8380	3851
1624	3	1	10	8400	12522
1625	4	8	10	8405	35248
1626	3	1	10	8410	2915
1627	4	14	10	8415	724
1628	4	8	20	8420	1980
1629	4	8	20	8425	709
1630	3	1	5	8430	23935
1631	4	14	10	8435	15780
1632	0	12	10	8440	7809
1633	4	8	20	8445	22131
1634	0	12	20	8450	20205
1635	4	14	15	8455	2045
1636	4	8	5	8460	1423
1637	4	14	15	8465	1927
1638	0	12	10	8470	13484
1639	4	14	15	8475	12514
1640	3	1	15	8480	9077
1641	4	8	20	8485	7506
1642	3	1	20	8490	2269
1643	4	14	5	8495	803
1644	3	1	10	8500	8228
1645	3	1	20	8505	6975
1646	4	8	10	8510	3152
1647	4	14	20	8515	11766
1648	4	14	15	8520	6210
1649	4	14	15	8525	18597
1650	0	12	5	8530	10566
1651	4	14	20	8535	1307
1652	3	1	20	8540	906
1653	3	1	10	8545	26286
1654	4	14	5	8550	77
1655	0	12	10	8555	5603
1656	4	14	15	8560	11003
1657	4	8	15	8565	5943
1658	3	1	15	8570	13664
1659	4	14	10	8575	2056
1660	0	12	15	8580	2182
1661	3	1	20	8585	59132
1662	3	1	15	8590	8265
1663	3	1	5	8595	1048
1664	3	1	20	8600	25541
1665	3	1	5	8605	18617
1666	4	14	20	8610	3877
1667	0	12	5	8615	32948
1668	4	8	20	8620	9176
1669	4	8	10	8625	2844
1670	3	1	10	8630	6904
1671	4	14	10	8635	14294
1672	4	14	15	8640	5164
1673	0	12	15	8645	15108
1674	4	14	10	8650	12954
1675	3	1	20	8655	17124
1676	3	1	5	8660	9122
1677	4	14	10	8665	7140
1678	4	14	5	8670	12498
1679	4	8	5	8675	453
1680	3	1	10	8680	3036
1681	4	8	20	8685	12849
1682	4	14	10	8690	11200
1683	4	8	15	8695	6355
1684	3	1	15	8700	4817
1685	3	1	5	8705	19570
1686	4	8	15	8710	37613
1687	4	14	15	8715	4997
1688	4	14	15	8720	1508
1689	4	14	5	8725	3582
1690	0	12	10	8730	6182
1691	3	1	15	8735	3997
1692	3	1	15	8740	4103
1693	0	12	20	8745	6398
1694	4	8	10	8750	7231
1695	4	8	10	8755	13765
1696	4	8	10	8760	24901
1697	4	14	20	8765	8966
1698	0	12	15	8770	10973
1699	4	14	15	8775	6910
1700	3	1	15	8780	6513
1701	3	1	5	8785	1666
1702	3	1	10	8800	21958
1703	4	8	15	8804	47220
1704	3	1	10	8808	14738
1705	4	14	15	8812	13138
1706	4	14	5	8816	53759
1707	4	8	5	8820	6743
1708	4	14	15	8824	4293
1709	4	14	5	8828	26335
1710	0	12	15	8832	48153
1711	4	8	10	8836	30016
1712	4	14	15	8840	2242
1713	3	1	5	8844	3623
1714	4	14	20	8848	21647
1715	3	1	10	8852	5116
1716	0	12	15	8856	5282
1717	4	8	20	8860	137
1718	4	14	15	8864	5696
1719	4	8	10	8868	25803
1720	0	12	10	8872	498
1721	4	14	5	8876	55864
1722	4	14	5	8880	1097
1723	4	14	20	8884	777
1724	3	1	10	8888	46578
1725	4	14	10	8892	2023
1726	3	1	5	8896	4148
1727	4	14	20	8900	10535
1728	3	1	20	8904	17071
1729	4	14	10	8908	19563
1730	3	1	15	8912	4887
1731	4	8	10	8916	15159
1732	4	8	5	8920	14623
1733	4	14	10	8924	1021
1734	4	8	10	8928	14887
1735	4	8	15	8932	9708
1736	0	12	20	8936	4205
1737	4	8	15	8940	2394
1738	3	1	5	8944	9599
1739	3	1	10	8948	5518
1740	4	8	5	8952	16244
1741	4	8	5	8956	4169
1742	4	14	5	8960	453
1743	4	8	15	8964	3326
1744	3	1	15	8968	13543
1745	4	8	15	8972	10619
1746	4	14	5	8976	1555
1747	4	8	20	8980	8692
1748	3	1	10	8984	853
1749	4	8	15	8988	3982
1750	4	8	20	8992	11231
1751	3	1	15	8996	6906
1752	3	1	20	9000	682
1753	3	1	15	9004	8545
1754	3	1	20	9008	7611
1755	0	12	20	9012	22024
1756	3	1	10	9016	6376
1757	4	14	15	9020	2371
1758	4	8	5	9024	1125
1759	4	8	20	9028	32218
1760	4	8	15	9032	8622
1761	4	14	5	9036	16380
1762	4	14	5	9040	1759
1763	4	8	20	9044	15162
1764	3	1	10	9048	13445
1765	4	14	15	9052	2215
1766	0	12	10	9056	9459
1767	4	8	15	9060	4540
1768	4	14	5	9064	2391
1769	3	1	5	9068	10580
1770	3	1	5	9072	2703
1771	4	8	5	9076	56165
1772	4	14	20	9080	13465
1773	4	14	10	9084	12834
1774	4	14	10	9088	8554
1775	4	14	10	9092	1623
1776	3	1	15	9096	5000
1777	4	14	5	9100	4625
1778	3	1	20	9104	31124
1779	4	8	20	9108	26741
1780	3	1	5	9112	321
1781	3	1	20	9116	16988
1782	3	1	10	9120	3674
1783	4	14	15	9124	30860
1784	3	1	10	9128	435
1785	3	1	5	9200	15422
1786	3	1	10	9206	2225
1787	4	14	15	9212	32018
1788	0	12	20	9218	28997
1789	4	14	15	9224	5200
1790	4	14	5	9230	2735
1791	3	1	15	9236	14463
1792	3	1	5	9242	1290
1793	3	1	10	9248	14984
1794	3	1	10	9254	2412
1795	4	8	10	9260	7471
1796	4	14	5	9266	6787
1797	3	1	5	9272	6305
1798	4	14	5	9278	8515
1799	4	14	5	9284	8862
1800	0	12	5	9290	7186
1801	3	1	10	9296	27175
1802	4	8	10	9302	4036
1803	3	1	5	9308	95904
1804	4	14	20	9314	840
1805	3	1	10	9320	4859
1806	4	14	20	9326	5561
1807	3	1	5	9332	8545
1808	4	14	10	9338	1411
1809	4	14	10	9344	13094
1810	4	8	15	9350	480
1811	3	1	10	9356	2905
1812	4	8	20	9362	30602
1813	4	8	20	9368	261
1814	4	8	10	9374	27678
1815	3	1	15	9380	1288
1816	3	1	10	9386	17162
1817	4	8	5	9392	3964
1818	4	8	15	9398	35380
1819	4	14	10	9404	35032
1820	4	14	10	9410	38522
1821	4	14	5	9416	9996
1822	4	14	5	9422	9802
1823	4	14	5	9428	4541
1824	3	1	10	9434	129
1825	3	1	10	9440	19206
1826	4	14	10	9446	15598
1827	0	12	10	9452	954
1828	4	14	5	9458	6689
1829	4	14	10	9464	18305
1830	4	8	10	9470	8252
1831	4	14	15	9476	7692
1832	0	12	15	9482	2652
1833	3	1	10	9488	13721
1834	3	1	10	9494	3076
1835	3	1	20	9500	13690
1836	4	8	20	9506	5769
1837	4	8	10	9512	55312
1838	4	8	20	9518	47606
1839	4	14	15	9524	2140
1840	4	8	5	9530	11399
1841	4	14	15	9536	24690
1842	4	14	10	9542	39182
1843	3	1	10	9548	14984
1844	3	1	10	9554	186
1845	0	12	10	9560	40448
1846	4	14	10	9566	3497
1847	4	14	10	9572	11817
1848	3	1	5	9578	54381
1849	3	1	20	9584	15478
1850	3	1	5	9590	21870
1851	4	14	15	9600	39532
1852	4	8	10	9604	3785
1853	4	8	20	9608	4361
1854	4	14	5	9612	8626
1855	4	8	15	9616	821
1856	4	14	20	9620	10526
1857	4	14	10	9624	5939
1858	4	14	15	9628	11276
1859	4	8	5	9632	7030
1860	3	1	5	9636	16643
1861	3	1	15	9640	9301
1862	3	1	15	9644	1525
1863	3	1	10	9648	9424
1864	4	14	5	9652	4239
1865	3	1	10	9656	8586
1866	4	14	15	9660	20321
1867	4	14	5	9664	14625
1868	3	1	5	9668	7703
1869	4	14	5	9672	550
1870	3	1	5	9676	4327
1871	4	14	15	9680	14066
1872	3	1	5	9684	8475
1873	4	14	15	9688	26277
1874	4	14	10	9692	6980
1875	0	12	5	9696	3737
1876	0	12	10	9700	2632
1877	0	12	5	9704	6611
1878	4	14	15	9708	461
1879	0	12	5	9712	8719
1880	0	12	20	9716	12159
1881	0	12	5	9720	5145
1882	4	8	20	9724	6905
1883	4	14	20	9728	3262
1884	0	12	20	9732	95341
1885	4	14	20	9736	28331
1886	4	8	10	9740	17322
1887	4	8	15	9744	9020
1888	4	14	10	9748	30042
1889	4	14	5	9752	27756
1890	4	14	15	9756	24074
1891	4	14	20	9760	23500
1892	4	8	20	9764	2290
1893	0	12	20	9768	5257
1894	4	14	10	9772	16148
1895	4	14	5	9776	4045
1896	3	1	15	9780	16621
1897	4	8	20	9784	35657
1898	4	14	20	9788	3384
1899	4	8	5	9792	21536
1900	3	1	10	9796	13819
1901	3	1	20	9800	3367
1902	3	1	5	9804	445
1903	4	8	15	9808	949
1904	4	14	5	9812	7747
1905	3	1	10	9816	1592
1906	4	14	20	9820	2118
1907	4	14	10	9824	8335
1908	4	8	15	9828	15555
1909	4	14	5	9832	594
1910	4	14	5	9836	12442
1911	3	1	15	9840	6886
1912	4	14	10	9844	9082
1913	3	1	15	9848	989
1914	4	8	10	9852	269
1915	4	14	10	9856	11340
1916	3	1	10	9860	7924
1917	4	8	10	9864	4946
1918	4	14	20	9868	28489
1919	4	8	10	9872	6832
1920	3	1	10	9876	18004
1921	4	14	15	9880	9174
1922	3	1	10	9884	8541
1923	0	12	15	9888	1034
1924	3	1	10	9892	4324
1925	0	12	10	9896	2264
1926	3	1	10	9900	1539
1927	4	8	10	9904	26944
1928	3	1	10	9908	20764
1929	3	1	15	9912	23881
1930	3	1	10	9916	28678
1931	0	12	20	9920	1678
1932	3	1	10	9924	16909
1933	3	1	5	9928	99
1934	4	8	10	9932	11150
1935	3	1	15	10000	13402
1936	4	8	10	10006	32
1937	3	1	10	10012	900
1938	4	14	20	10018	12439
1939	4	8	15	10024	7557
1940	4	8	15	10030	16326
1941	0	12	10	10036	3983
1942	4	14	5	10042	1462
1943	4	14	15	10048	1061
1944	4	14	20	10054	32288
1945	0	12	10	10060	3770
1946	4	8	10	10066	863
1947	3	1	15	10072	2432
1948	4	8	20	10078	10388
1949	4	14	20	10084	3767
1950	4	14	10	10090	2834
1951	4	14	5	10096	4590
1952	4	14	20	10102	7128
1953	0	12	15	10108	8292
1954	3	1	10	10114	21496
1955	4	14	15	10120	4653
1956	4	8	20	10126	6983
1957	3	1	5	10132	3266
1958	3	1	20	10138	1699
1959	3	1	20	10144	9202
1960	4	14	5	10150	5236
1961	4	14	5	10156	4269
1962	4	14	5	10162	25882
1963	4	14	5	10168	10996
1964	4	14	5	10174	23100
1965	3	1	20	10180	2797
1966	3	1	5	10186	2176
1967	4	8	15	10192	419
1968	4	14	10	10198	2837
1969	4	14	10	10204	2801
1970	4	8	10	10210	24585
1971	4	14	10	10216	10208
1972	4	8	15	10222	2450
1973	3	1	5	10228	11381
1974	3	1	15	10234	14615
1975	4	14	15	10240	28614
1976	3	1	20	10246	932
1977	4	14	5	10252	16193
1978	3	1	10	10258	9367
1979	3	1	5	10264	31197
1980	0	12	20	10270	9780
1981	4	14	10	10276	15158
1982	4	14	20	10282	21224
1983	4	8	10	10288	713
1984	0	12	20	10294	2005
1985	3	1	20	10300	47857
1986	3	1	20	10306	14825
1987	3	1	15	10312	13022
1988	4	8	10	10318	2613
1989	4	8	15	10324	23951
1990	0	12	20	10330	14269
1991	4	8	10	10336	1829
1992	0	12	20	10342	1228
1993	4	14	5	10348	12413
1994	0	12	5	10354	6174
1995	4	14	20	10400	25240
1996	3	1	20	10480	1414
1997	4	14	10	10560	7424
1998	4	8	20	10640	41913
1999	3	1	15	10720	18980
