0	4	8	30	0	2147483647
1	4	14	30	5	2147483647
2	4	14	30	10	2147483647
3	3	1	35	15	2147483647
4	4	8	30	20	2147483647
5	4	14	45	25	2147483647
6	4	14	50	30	2147483647
7	4	14	30	35	2147483647
8	3	1	35	40	2147483647
9	4	8	30	45	2147483647
10	4	8	30	50	2147483647
11	4	8	45	55	2147483647
12	3	1	35	60	2147483647
13	4	14	45	65	2147483647
14	4	14	50	70	2147483647
15	3	1	45	75	2147483647
16	4	14	35	80	2147483647
17	3	1	30	85	2147483647
18	3	1	35	90	2147483647
19	4	14	30	95	2147483647
20	3	1	45	100	2147483647
21	4	14	30	105	2147483647
22	4	14	35	110	2147483647
23	3	1	45	115	2147483647
24	3	1	45	120	2147483647
25	4	14	45	125	2147483647
26	4	14	35	130	2147483647
27	0	12	30	135	2147483647
28	4	14	35	140	2147483647
29	3	1	35	145	2147483647
30	3	1	50	150	2147483647
31	3	1	35	155	2147483647
32	4	14	30	160	2147483647
33	4	14	45	165	2147483647
34	4	8	45	170	2147483647
35	4	14	30	175	2147483647
36	4	14	30	180	2147483647
37	4	14	45	185	2147483647
38	3	1	30	190	2147483647
39	4	14	30	195	2147483647
40	4	14	30	200	2147483647
41	4	8	35	205	2147483647
42	4	8	50	210	2147483647
43	4	14	30	215	2147483647
44	3	1	35	220	2147483647
45	4	8	30	225	2147483647
46	4	14	35	230	2147483647
47	4	14	45	235	2147483647
48	0	12	35	240	2147483647
49	4	8	50	245	2147483647
50	3	1	30	250	2147483647
51	3	1	50	255	2147483647
52	4	14	45	260	2147483647
53	0	12	45	265	2147483647
54	4	14	45	270	2147483647
55	4	14	45	275	2147483647
56	4	14	35	280	2147483647
57	4	14	35	285	2147483647
58	4	14	30	290	2147483647
59	4	8	30	295	2147483647
60	4	8	50	300	2147483647
61	4	8	50	305	2147483647
62	3	1	45	310	2147483647
63	4	8	35	315	2147483647
64	3	1	30	320	2147483647
65	3	1	30	325	2147483647
66	4	14	50	330	2147483647
67	4	14	50	335	2147483647
68	4	14	35	340	2147483647
69	4	14	45	345	2147483647
70	4	14	30	350	2147483647
71	3	1	50	355	2147483647
72	4	14	45	360	2147483647
73	3	1	45	365	2147483647
74	4	14	35	370	2147483647
75	0	12	50	375	2147483647
76	0	12	35	380	2147483647
77	3	1	45	385	2147483647
78	4	14	35	390	2147483647
79	3	1	30	395	2147483647
80	3	1	45	400	2147483647
81	3	1	45	405	2147483647
82	0	12	45	410	2147483647
83	4	14	45	415	2147483647
84	3	1	50	420	2147483647
85	3	1	35	425	2147483647
86	3	1	45	430	2147483647
87	4	8	50	435	2147483647
88	3	1	35	440	2147483647
89	4	8	50	445	2147483647
90	4	8	45	450	2147483647
91	4	14	50	455	2147483647
92	4	14	45	460	2147483647
93	4	14	45	465	2147483647
94	3	1	35	470	2147483647
95	4	14	35	475	2147483647
96	4	14	45	480	2147483647
97	4	8	30	485	2147483647
98	4	14	45	490	2147483647
99	4	14	50	495	2147483647
100	4	14	45	500	2147483647
101	0	12	50	505	2147483647
102	4	14	50	510	2147483647
103	3	1	35	515	2147483647
104	4	14	45	520	2147483647
105	4	8	35	525	2147483647
106	4	8	45	530	2147483647
107	4	14	45	535	2147483647
108	4	14	35	540	2147483647
109	4	14	45	545	2147483647
110	4	14	30	550	2147483647
111	3	1	30	555	2147483647
112	4	14	30	560	2147483647
113	3	1	50	565	2147483647
114	3	1	30	570	2147483647
115	4	8	45	575	2147483647
116	4	14	35	580	2147483647
117	0	12	45	585	2147483647
118	4	14	50	590	2147483647
119	0	12	30	595	2147483647
120	0	12	35	600	2147483647
121	4	14	45	605	2147483647
122	4	8	45	610	2147483647
123	0	12	35	615	2147483647
124	4	14	45	620	2147483647
125	3	1	35	625	2147483647
126	4	14	30	630	2147483647
127	0	12	45	635	2147483647
128	4	8	50	640	2147483647
129	4	14	45	645	2147483647
130	3	1	45	650	2147483647
131	0	12	50	655	2147483647
132	3	1	45	660	2147483647
133	4	14	50	665	2147483647
134	3	1	30	670	2147483647
135	4	14	50	675	2147483647
136	3	1	45	680	2147483647
137	3	1	35	685	2147483647
138	3	1	45	690	2147483647
139	4	14	35	695	2147483647
140	4	8	30	700	2147483647
141	0	12	50	705	2147483647
142	4	14	50	710	2147483647
143	4	14	35	715	2147483647
144	4	8	35	720	2147483647
145	3	1	50	725	2147483647
146	0	12	35	730	2147483647
147	4	14	45	735	2147483647
148	3	1	50	740	2147483647
149	4	8	45	745	2147483647
150	4	14	30	750	2147483647
151	4	14	45	755	2147483647
152	3	1	35	760	2147483647
153	4	14	35	765	2147483647
154	4	14	50	770	2147483647
155	3	1	45	775	2147483647
156	4	14	45	780	2147483647
157	3	1	35	785	2147483647
158	3	1	30	790	2147483647
159	4	14	45	795	2147483647
160	4	14	30	800	2147483647
161	4	14	30	805	2147483647
162	4	14	30	810	2147483647
163	4	14	30	815	2147483647
164	4	14	50	820	2147483647
165	4	14	45	825	2147483647
166	3	1	35	830	2147483647
167	3	1	30	835	2147483647
168	3	1	35	840	2147483647
169	4	8	35	845	2147483647
170	4	14	35	850	2147483647
171	4	14	35	855	2147483647
172	0	12	50	860	2147483647
173	4	14	45	865	2147483647
174	4	14	45	870	2147483647
175	4	8	35	875	2147483647
176	4	14	45	880	2147483647
177	4	14	45	885	2147483647
178	3	1	45	890	2147483647
179	4	14	35	895	2147483647
180	4	14	50	900	2147483647
181	4	14	50	905	2147483647
182	4	14	50	910	2147483647
183	0	12	45	915	2147483647
184	0	12	35	920	2147483647
185	4	14	30	925	2147483647
186	4	14	45	930	2147483647
187	4	14	45	935	2147483647
188	3	1	35	940	2147483647
189	4	8	50	945	2147483647
190	4	8	30	950	2147483647
191	4	8	30	955	2147483647
192	4	14	45	960	2147483647
193	4	14	50	965	2147483647
194	4	14	50	970	2147483647
195	4	14	50	975	2147483647
196	3	1	50	980	2147483647
197	4	14	30	985	2147483647
198	4	14	30	990	2147483647
199	3	1	35	995	2147483647
200	4	14	35	1000	2147483647
201	3	1	35	1005	2147483647
202	4	14	30	1010	2147483647
203	3	1	35	1015	2147483647
204	4	14	30	1020	2147483647
205	4	8	30	1025	2147483647
206	3	1	30	1030	2147483647
207	4	8	35	1035	2147483647
208	4	14	35	1040	2147483647
209	0	12	35	1045	2147483647
210	4	8	30	1050	2147483647
211	4	14	30	1055	2147483647
212	4	14	30	1060	2147483647
213	4	14	30	1065	2147483647
214	4	14	45	1070	2147483647
215	4	14	35	1075	2147483647
216	4	14	50	1080	2147483647
217	4	8	50	1085	2147483647
218	4	14	50	1090	2147483647
219	4	14	45	1095	2147483647
220	0	12	35	1100	2147483647
221	4	8	35	1105	2147483647
222	4	14	45	1110	2147483647
223	3	1	35	1115	2147483647
224	3	1	30	1120	2147483647
225	3	1	30	1125	2147483647
226	0	12	35	1130	2147483647
227	4	8	45	1135	2147483647
228	3	1	35	1140	2147483647
229	4	14	45	1145	2147483647
230	3	1	35	1150	2147483647
231	3	1	30	1155	2147483647
232	4	8	50	1160	2147483647
233	4	8	45	1165	2147483647
234	4	14	35	1170	2147483647
235	4	14	50	1175	2147483647
236	4	14	35	1180	2147483647
237	4	8	50	1185	2147483647
238	0	12	35	1190	2147483647
239	3	1	50	1195	2147483647
240	3	1	35	1200	2147483647
241	3	1	45	1205	2147483647
242	4	8	45	1210	2147483647
243	3	1	35	1215	2147483647
244	4	14	45	1220	2147483647
245	3	1	45	1225	2147483647
246	0	12	50	1230	2147483647
247	4	8	45	1235	2147483647
248	4	14	30	1240	2147483647
249	4	8	50	1245	2147483647
250	3	1	50	1250	2147483647
251	4	8	30	1255	2147483647
252	3	1	45	1260	2147483647
253	3	1	45	1265	2147483647
254	0	12	35	1270	2147483647
255	3	1	50	1275	2147483647
256	4	14	45	1280	2147483647
257	0	12	30	1285	2147483647
258	4	14	45	1290	2147483647
259	4	14	45	1295	2147483647
260	3	1	50	1300	2147483647
261	4	14	35	1305	2147483647
262	4	8	30	1310	2147483647
263	4	14	50	1315	2147483647
264	4	8	45	1320	2147483647
265	4	14	50	1325	2147483647
266	4	8	35	1330	2147483647
267	3	1	45	1335	2147483647
268	4	8	35	1340	2147483647
269	4	8	45	1345	2147483647
270	4	8	45	1350	2147483647
271	3	1	35	1355	2147483647
272	0	12	35	1360	2147483647
273	4	14	35	1365	2147483647
274	4	14	30	1370	2147483647
275	4	14	35	1375	2147483647
276	4	8	45	1380	2147483647
277	3	1	45	1385	2147483647
278	4	14	50	1390	2147483647
279	4	14	35	1395	2147483647
280	4	14	45	1400	2147483647
281	3	1	45	1405	2147483647
282	4	14	35	1410	2147483647
283	4	14	35	1415	2147483647
284	4	8	35	1420	2147483647
285	4	14	35	1425	2147483647
286	3	1	35	1430	2147483647
287	4	8	50	1435	2147483647
288	3	1	45	1440	2147483647
289	3	1	50	1445	2147483647
290	3	1	35	1450	2147483647
291	4	14	30	1455	2147483647
292	4	14	45	1460	2147483647
293	4	14	45	1465	2147483647
294	4	14	50	1470	2147483647
295	4	14	35	1475	2147483647
296	3	1	50	1480	2147483647
297	4	14	45	1485	2147483647
298	4	8	50	1490	2147483647
299	4	14	45	1495	2147483647
300	4	14	35	1500	2147483647
301	4	8	45	1505	2147483647
302	4	8	35	1510	2147483647
303	4	14	50	1515	2147483647
304	3	1	45	1520	2147483647
305	3	1	35	1525	2147483647
306	3	1	30	1530	2147483647
307	4	14	45	1535	2147483647
308	4	14	35	1540	2147483647
309	4	14	30	1545	2147483647
310	4	14	30	1550	2147483647
311	3	1	35	1555	2147483647
312	3	1	45	1560	2147483647
313	4	14	45	1565	2147483647
314	3	1	45	1570	2147483647
315	3	1	35	1575	2147483647
316	0	12	45	1580	2147483647
317	4	8	30	1585	2147483647
318	4	8	30	1590	2147483647
319	4	14	35	1595	2147483647
320	4	14	50	1600	2147483647
321	4	8	30	1605	2147483647
322	3	1	45	1610	2147483647
323	4	14	35	1615	2147483647
324	4	14	30	1620	2147483647
325	4	14	45	1625	2147483647
326	4	8	45	1630	2147483647
327	4	14	45	1635	2147483647
328	4	14	50	1640	2147483647
329	4	8	45	1645	2147483647
330	3	1	30	1650	2147483647
331	3	1	50	1655	2147483647
332	4	8	50	1660	2147483647
333	4	8	50	1665	2147483647
334	4	14	45	1670	2147483647
335	3	1	45	1675	2147483647
336	4	14	30	1680	2147483647
337	3	1	50	1685	2147483647
338	4	14	35	1690	2147483647
339	4	14	30	1695	2147483647
340	4	14	45	1700	2147483647
341	4	14	35	1705	2147483647
342	4	14	50	1710	2147483647
343	4	8	35	1715	2147483647
344	4	14	45	1720	2147483647
345	3	1	30	1725	2147483647
346	0	12	30	1730	2147483647
347	4	8	45	1735	2147483647
348	3	1	35	1740	2147483647
349	0	12	45	1745	2147483647
350	4	8	50	1750	2147483647
351	3	1	30	1755	2147483647
352	4	14	30	1760	2147483647
353	0	12	50	1765	2147483647
354	4	8	50	1770	2147483647
355	3	1	45	1775	2147483647
356	4	8	30	1780	2147483647
357	4	14	50	1785	2147483647
358	3	1	50	1790	2147483647
359	4	14	35	1795	2147483647
360	4	14	50	1800	2147483647
361	4	14	35	1805	2147483647
362	3	1	30	1810	2147483647
363	4	14	45	1815	2147483647
364	0	12	50	1820	2147483647
365	3	1	45	1825	2147483647
366	4	8	30	1830	2147483647
367	4	14	50	1835	2147483647
368	4	8	35	1840	2147483647
369	4	14	45	1845	2147483647
370	4	14	30	1850	2147483647
371	3	1	50	1855	2147483647
372	0	12	45	1860	2147483647
373	4	14	50	1865	2147483647
374	4	8	35	1870	2147483647
375	0	12	45	1875	2147483647
376	3	1	45	1880	2147483647
377	4	14	45	1885	2147483647
378	0	12	30	1890	2147483647
379	4	14	45	1895	2147483647
380	3	1	35	1900	2147483647
381	4	14	35	1905	2147483647
382	3	1	30	1910	2147483647
383	3	1	30	1915	2147483647
384	3	1	30	1920	2147483647
385	4	14	30	1925	2147483647
386	4	8	35	1930	2147483647
387	3	1	45	1935	2147483647
388	3	1	30	1940	2147483647
389	3	1	45	1945	2147483647
390	4	8	45	1950	2147483647
391	3	1	45	1955	2147483647
392	4	14	50	1960	2147483647
393	4	8	45	1965	2147483647
394	4	8	30	1970	2147483647
395	4	14	30	1975	2147483647
396	4	14	30	1980	2147483647
397	4	8	35	1985	2147483647
398	3	1	50	1990	2147483647
399	3	1	50	1995	2147483647
400	3	1	50	2000	2147483647
401	3	1	30	2005	2147483647
402	4	14	30	2010	2147483647
403	3	1	30	2015	2147483647
404	4	8	35	2020	2147483647
405	0	12	50	2025	2147483647
406	4	14	30	2030	2147483647
407	4	8	50	2035	2147483647
408	0	12	30	2040	2147483647
409	3	1	45	2045	2147483647
410	4	14	50	2050	2147483647
411	4	14	30	2055	2147483647
412	4	8	45	2060	2147483647
413	3	1	30	2065	2147483647
414	4	8	30	2070	2147483647
415	4	8	35	2075	2147483647
416	4	14	35	2080	2147483647
417	3	1	35	2085	2147483647
418	4	8	35	2090	2147483647
419	4	14	50	2095	2147483647
420	4	14	30	2100	2147483647
421	3	1	50	2105	2147483647
422	4	8	50	2110	2147483647
423	4	8	45	2115	2147483647
424	4	14	35	2120	2147483647
425	3	1	30	2125	2147483647
426	3	1	50	2130	2147483647
427	4	8	45	2135	2147483647
428	4	14	35	2140	2147483647
429	4	14	30	2145	2147483647
430	4	14	35	2150	2147483647
431	4	14	50	2155	2147483647
432	4	8	45	2160	2147483647
433	0	12	35	2165	2147483647
434	4	14	50	2170	2147483647
435	4	14	50	2175	2147483647
436	4	8	45	2180	2147483647
437	4	14	50	2185	2147483647
438	3	1	30	2190	2147483647
439	0	12	35	2195	2147483647
440	3	1	50	2200	2147483647
441	0	12	50	2205	2147483647
442	4	14	30	2210	2147483647
443	4	14	50	2215	2147483647
444	4	8	50	2220	2147483647
445	3	1	50	2225	2147483647
446	3	1	50	2230	2147483647
447	4	8	35	2235	2147483647
448	0	12	45	2240	2147483647
449	3	1	45	2245	2147483647
450	4	14	50	2250	2147483647
451	4	14	30	2255	2147483647
452	3	1	45	2260	2147483647
453	4	14	50	2265	2147483647
454	4	14	30	2270	2147483647
455	4	8	50	2275	2147483647
456	3	1	45	2280	2147483647
457	4	14	50	2285	2147483647
458	4	8	30	2290	2147483647
459	4	14	30	2295	2147483647
460	4	14	30	2300	2147483647
461	4	8	50	2305	2147483647
462	3	1	50	2310	2147483647
463	3	1	35	2315	2147483647
464	3	1	35	2320	2147483647
465	4	14	45	2325	2147483647
466	3	1	35	2330	2147483647
467	3	1	35	2335	2147483647
468	4	8	50	2340	2147483647
469	3	1	35	2345	2147483647
470	3	1	30	2350	2147483647
471	0	12	50	2355	2147483647
472	3	1	45	2360	2147483647
473	3	1	50	2365	2147483647
474	4	8	35	2370	2147483647
475	4	8	30	2375	2147483647
476	4	14	45	2380	2147483647
477	4	14	50	2385	2147483647
478	4	14	50	2390	2147483647
479	4	14	45	2395	2147483647
480	4	8	35	2400	2147483647
481	4	8	35	2405	2147483647
482	3	1	35	2410	2147483647
483	4	8	50	2415	2147483647
484	4	8	30	2420	2147483647
485	4	14	35	2425	2147483647
486	4	14	45	2430	2147483647
487	4	14	45	2435	2147483647
488	0	12	30	2440	2147483647
489	3	1	45	2445	2147483647
490	3	1	45	2450	2147483647
491	4	8	30	2455	2147483647
492	3	1	50	2460	2147483647
493	0	12	30	2465	2147483647
494	3	1	45	2470	2147483647
495	4	14	35	2475	2147483647
496	4	8	45	2480	2147483647
497	4	8	50	2485	2147483647
498	4	14	45	2490	2147483647
499	3	1	30	2495	2147483647
500	3	1	35	2500	2147483647
501	4	14	50	2505	2147483647
502	4	14	50	2510	2147483647
503	3	1	30	2515	2147483647
504	4	14	35	2520	2147483647
505	4	14	45	2525	2147483647
506	3	1	30	2530	2147483647
507	4	8	45	2535	2147483647
508	4	8	30	2540	2147483647
509	4	8	45	2545	2147483647
510	3	1	30	2550	2147483647
511	3	1	35	2555	2147483647
512	3	1	35	2560	2147483647
513	0	12	30	2565	2147483647
514	3	1	50	2570	2147483647
515	4	14	45	2575	2147483647
516	4	14	35	2580	2147483647
517	4	8	30	2585	2147483647
518	4	14	35	2590	2147483647
519	3	1	35	2595	2147483647
520	3	1	50	2600	2147483647
521	4	8	30	2605	2147483647
522	4	14	30	2610	2147483647
523	4	14	30	2615	2147483647
524	3	1	45	2620	2147483647
525	4	14	50	2625	2147483647
526	3	1	50	2630	2147483647
527	4	14	35	2635	2147483647
528	0	12	35	2640	2147483647
529	3	1	35	2645	2147483647
530	4	14	35	2650	2147483647
531	4	14	50	2655	2147483647
532	4	14	30	2660	2147483647
533	4	14	30	2665	2147483647
534	4	14	30	2670	2147483647
535	4	14	50	2675	2147483647
536	4	14	45	2680	2147483647
537	4	8	35	2685	2147483647
538	4	14	30	2690	2147483647
539	3	1	35	2695	2147483647
540	3	1	50	2700	2147483647
541	3	1	45	2705	2147483647
542	0	12	50	2710	2147483647
543	4	8	45	2715	2147483647
544	4	14	50	2720	2147483647
545	4	14	45	2725	2147483647
546	4	14	30	2730	2147483647
547	4	14	30	2735	2147483647
548	4	8	35	2740	2147483647
549	3	1	45	2745	2147483647
550	4	8	50	2750	2147483647
551	4	8	35	2755	2147483647
552	4	14	50	2760	2147483647
553	4	8	45	2765	2147483647
554	4	14	30	2770	2147483647
555	3	1	50	2775	2147483647
556	4	14	30	2780	2147483647
557	0	12	50	2785	2147483647
558	4	14	30	2790	2147483647
559	4	14	50	2795	2147483647
560	4	8	30	2800	2147483647
561	3	1	30	2805	2147483647
562	4	8	30	2810	2147483647
563	4	8	45	2815	2147483647
564	0	12	30	2820	2147483647
565	3	1	45	2825	2147483647
566	4	14	45	2830	2147483647
567	4	14	35	2835	2147483647
568	4	14	50	2840	2147483647
569	4	14	35	2845	2147483647
570	4	14	35	2850	2147483647
571	0	12	35	2855	2147483647
572	3	1	30	2860	2147483647
573	4	14	45	2865	2147483647
574	4	14	50	2870	2147483647
575	4	8	50	2875	2147483647
576	3	1	45	2880	2147483647
577	4	14	30	2885	2147483647
578	3	1	30	2890	2147483647
579	3	1	50	2895	2147483647
580	4	14	45	2900	2147483647
581	4	14	45	2905	2147483647
582	4	14	45	2910	2147483647
583	4	8	30	2915	2147483647
584	4	8	45	2920	2147483647
585	4	14	50	2925	2147483647
586	3	1	45	2930	2147483647
587	0	12	45	2935	2147483647
588	4	8	30	2940	2147483647
589	3	1	30	2945	2147483647
590	4	8	45	2950	2147483647
591	4	14	30	2955	2147483647
592	4	14	35	2960	2147483647
593	3	1	30	2965	2147483647
594	4	8	50	2970	2147483647
595	0	12	50	2975	2147483647
596	4	14	45	2980	2147483647
597	4	14	30	2985	2147483647
598	4	14	35	2990	2147483647
599	4	14	50	2995	2147483647
600	4	14	50	3000	2147483647
601	3	1	35	3005	2147483647
602	4	14	35	3010	2147483647
603	3	1	45	3015	2147483647
604	3	1	50	3020	2147483647
605	4	14	35	3025	2147483647
606	3	1	35	3030	2147483647
607	4	14	30	3035	2147483647
608	4	14	45	3040	2147483647
609	4	14	35	3045	2147483647
610	3	1	30	3050	2147483647
611	4	14	35	3055	2147483647
612	4	14	30	3060	2147483647
613	4	8	50	3065	2147483647
614	4	14	50	3070	2147483647
615	4	14	50	3075	2147483647
616	3	1	45	3080	2147483647
617	4	8	35	3085	2147483647
618	0	12	35	3090	2147483647
619	4	8	35	3095	2147483647
620	4	14	45	3100	2147483647
621	3	1	30	3105	2147483647
622	0	12	45	3110	2147483647
623	3	1	35	3115	2147483647
624	0	12	45	3120	2147483647
625	3	1	30	3125	2147483647
626	3	1	30	3130	2147483647
627	3	1	50	3135	2147483647
628	4	14	30	3140	2147483647
629	4	14	50	3145	2147483647
630	4	8	45	3150	2147483647
631	4	14	50	3155	2147483647
632	4	14	30	3160	2147483647
633	4	14	45	3165	2147483647
634	0	12	35	3170	2147483647
635	0	12	45	3175	2147483647
636	4	8	45	3180	2147483647
637	3	1	45	3185	2147483647
638	3	1	45	3190	2147483647
639	4	8	50	3195	2147483647
640	4	14	50	3200	2147483647
641	4	14	35	3205	2147483647
642	3	1	50	3210	2147483647
643	3	1	30	3215	2147483647
644	4	8	35	3220	2147483647
645	3	1	50	3225	2147483647
646	4	14	35	3230	2147483647
647	4	8	30	3235	2147483647
648	4	14	50	3240	2147483647
649	3	1	50	3245	2147483647
650	4	14	50	3250	2147483647
651	4	8	45	3255	2147483647
652	3	1	45	3260	2147483647
653	4	14	50	3265	2147483647
654	4	14	50	3270	2147483647
655	3	1	30	3275	2147483647
656	4	14	45	3280	2147483647
657	4	8	30	3285	2147483647
658	4	14	35	3290	2147483647
659	4	8	30	3295	2147483647
660	4	14	45	3300	2147483647
661	3	1	45	3305	2147483647
662	4	14	30	3310	2147483647
663	4	14	50	3315	2147483647
664	4	8	30	3320	2147483647
665	4	14	45	3325	2147483647
666	3	1	30	3330	2147483647
667	4	8	50	3335	2147483647
668	4	14	50	3340	2147483647
669	4	14	50	3345	2147483647
670	4	14	35	3350	2147483647
671	3	1	35	3355	2147483647
672	4	14	35	3360	2147483647
673	4	14	30	3365	2147483647
674	4	8	30	3370	2147483647
675	4	8	35	3375	2147483647
676	3	1	30	3380	2147483647
677	4	8	30	3385	2147483647
678	4	8	45	3390	2147483647
679	0	12	35	3395	2147483647
680	4	14	30	3400	2147483647
681	4	14	45	3405	2147483647
682	4	14	45	3410	2147483647
683	4	14	45	3415	2147483647
684	3	1	35	3420	2147483647
685	4	14	30	3425	2147483647
686	3	1	35	3430	2147483647
687	4	8	35	3435	2147483647
688	4	8	30	3440	2147483647
689	4	14	35	3445	2147483647
690	4	8	50	3450	2147483647
691	3	1	30	3455	2147483647
692	4	14	35	3460	2147483647
693	4	8	30	3465	2147483647
694	4	14	35	3470	2147483647
695	4	14	30	3475	2147483647
696	4	14	45	3480	2147483647
697	4	14	50	3485	2147483647
698	4	14	50	3490	2147483647
699	3	1	35	3495	2147483647
700	4	14	35	3500	2147483647
701	4	14	50	3505	2147483647
702	3	1	30	3510	2147483647
703	4	8	30	3515	2147483647
704	4	14	50	3520	2147483647
705	4	14	30	3525	2147483647
706	4	14	50	3530	2147483647
707	4	8	50	3535	2147483647
708	3	1	35	3540	2147483647
709	3	1	35	3545	2147483647
710	3	1	45	3550	2147483647
711	4	14	30	3555	2147483647
712	4	14	45	3560	2147483647
713	0	12	45	3565	2147483647
714	3	1	35	3570	2147483647
715	3	1	30	3575	2147483647
716	4	14	35	3580	2147483647
717	3	1	50	3585	2147483647
718	4	8	45	3590	2147483647
719	4	14	50	3595	2147483647
720	3	1	30	3600	2147483647
721	4	8	30	3605	2147483647
722	3	1	45	3610	2147483647
723	4	8	30	3615	2147483647
724	3	1	30	3620	2147483647
725	4	8	35	3625	2147483647
726	3	1	30	3630	2147483647
727	4	14	30	3635	2147483647
728	3	1	45	3640	2147483647
729	4	8	50	3645	2147483647
730	4	8	35	3650	2147483647
731	3	1	35	3655	2147483647
732	3	1	45	3660	2147483647
733	3	1	35	3665	2147483647
734	4	8	35	3670	2147483647
735	3	1	50	3675	2147483647
736	4	14	45	3680	2147483647
737	0	12	35	3685	2147483647
738	4	8	45	3690	2147483647
739	4	14	30	3695	2147483647
740	4	8	50	3700	2147483647
741	3	1	35	3705	2147483647
742	4	8	35	3710	2147483647
743	4	14	45	3715	2147483647
744	3	1	35	3720	2147483647
745	3	1	50	3725	2147483647
746	3	1	50	3730	2147483647
747	4	14	50	3735	2147483647
748	3	1	50	3740	2147483647
749	4	14	50	3745	2147483647
750	0	12	50	3750	2147483647
751	0	12	30	3755	2147483647
752	3	1	35	3760	2147483647
753	4	14	45	3765	2147483647
754	4	14	45	3770	2147483647
755	4	14	50	3775	2147483647
756	4	14	30	3780	2147483647
757	4	14	30	3785	2147483647
758	0	12	30	3790	2147483647
759	4	8	30	3795	2147483647
760	4	14	50	3800	2147483647
761	4	14	45	3805	2147483647
762	0	12	50	3810	2147483647
763	3	1	45	3815	2147483647
764	0	12	30	3820	2147483647
765	4	14	35	3825	2147483647
766	0	12	45	3830	2147483647
767	4	8	35	3835	2147483647
768	4	14	35	3840	2147483647
769	4	14	30	3845	2147483647
770	4	14	30	3850	2147483647
771	3	1	50	3855	2147483647
772	3	1	35	3860	2147483647
773	4	14	35	3865	2147483647
774	3	1	35	3870	2147483647
775	4	14	35	3875	2147483647
776	4	14	45	3880	2147483647
777	0	12	30	3885	2147483647
778	0	12	35	3890	2147483647
779	4	14	45	3895	2147483647
780	4	14	50	3900	2147483647
781	4	14	50	3905	2147483647
782	4	14	45	3910	2147483647
783	4	14	30	3915	2147483647
784	4	14	30	3920	2147483647
785	3	1	45	3925	2147483647
786	3	1	30	3930	2147483647
787	3	1	50	3935	2147483647
788	3	1	50	3940	2147483647
789	4	8	45	3945	2147483647
790	4	14	30	3950	2147483647
791	3	1	45	3955	2147483647
792	3	1	45	3960	2147483647
793	4	14	35	3965	2147483647
794	4	14	50	3970	2147483647
795	3	1	45	3975	2147483647
796	3	1	30	3980	2147483647
797	4	8	45	3985	2147483647
798	3	1	45	3990	2147483647
799	4	8	50	3995	2147483647
800	3	1	50	4000	2147483647
801	3	1	30	4005	2147483647
802	0	12	30	4010	2147483647
803	4	14	45	4015	2147483647
804	4	8	35	4020	2147483647
805	4	14	30	4025	2147483647
806	0	12	35	4030	2147483647
807	4	14	45	4035	2147483647
808	3	1	30	4040	2147483647
809	3	1	30	4045	2147483647
810	4	14	35	4050	2147483647
811	3	1	30	4055	2147483647
812	4	14	50	4060	2147483647
813	3	1	30	4065	2147483647
814	4	14	45	4070	2147483647
815	3	1	45	4075	2147483647
816	4	14	35	4080	2147483647
817	0	12	30	4085	2147483647
818	4	14	35	4090	2147483647
819	3	1	30	4095	2147483647
820	3	1	30	4100	2147483647
821	4	8	35	4105	2147483647
822	0	12	35	4110	2147483647
823	3	1	30	4115	2147483647
824	3	1	45	4120	2147483647
825	4	8	35	4125	2147483647
826	4	8	30	4130	2147483647
827	4	8	30	4135	2147483647
828	3	1	35	4140	2147483647
829	4	8	35	4145	2147483647
830	4	14	50	4150	2147483647
831	4	14	35	4155	2147483647
832	4	14	35	4160	2147483647
833	3	1	50	4165	2147483647
834	4	8	45	4170	2147483647
835	4	14	30	4175	2147483647
836	3	1	35	4180	2147483647
837	4	14	45	4185	2147483647
838	4	8	30	4190	2147483647
839	4	14	45	4195	2147483647
840	4	8	30	4200	2147483647
841	4	14	30	4205	2147483647
842	3	1	30	4210	2147483647
843	3	1	45	4215	2147483647
844	0	12	50	4220	2147483647
845	4	14	35	4225	2147483647
846	4	8	35	4230	2147483647
847	3	1	50	4235	2147483647
848	3	1	50	4240	2147483647
849	3	1	50	4245	2147483647
850	4	14	50	4250	2147483647
851	4	14	45	4255	2147483647
852	4	14	50	4260	2147483647
853	4	14	50	4265	2147483647
854	3	1	45	4270	2147483647
855	0	12	30	4275	2147483647
856	3	1	45	4280	2147483647
857	4	8	45	4285	2147483647
858	4	14	35	4290	2147483647
859	4	14	50	4295	2147483647
860	4	14	50	4300	2147483647
861	4	14	35	4305	2147483647
862	0	12	30	4310	2147483647
863	4	8	30	4315	2147483647
864	0	12	50	4320	2147483647
865	4	14	35	4325	2147483647
866	4	14	30	4330	2147483647
867	4	14	35	4335	2147483647
868	3	1	30	4340	2147483647
869	4	8	45	4345	2147483647
870	4	8	35	4350	2147483647
871	4	8	35	4355	2147483647
872	4	14	35	4360	2147483647
873	4	8	45	4365	2147483647
874	4	8	45	4370	2147483647
875	4	14	30	4375	2147483647
876	4	14	45	4380	2147483647
877	4	14	50	4385	2147483647
878	0	12	35	4390	2147483647
879	3	1	45	4395	2147483647
880	4	14	50	4400	2147483647
881	4	14	45	4405	2147483647
882	4	14	45	4410	2147483647
883	4	14	35	4415	2147483647
884	4	14	45	4420	2147483647
885	4	8	45	4425	2147483647
886	4	8	30	4430	2147483647
887	3	1	35	4435	2147483647
888	4	14	35	4440	2147483647
889	4	14	45	4445	2147483647
890	4	8	45	4450	2147483647
891	4	14	35	4455	2147483647
892	0	12	50	4460	2147483647
893	3	1	50	4465	2147483647
894	4	8	50	4470	2147483647
895	3	1	30	4475	2147483647
896	4	14	45	4480	2147483647
897	4	14	35	4485	2147483647
898	4	14	45	4490	2147483647
899	4	14	30	4495	2147483647
900	4	14	50	4500	2147483647
901	4	14	35	4505	2147483647
902	3	1	30	4510	2147483647
903	0	12	45	4515	2147483647
904	4	8	35	4520	2147483647
905	3	1	50	4525	2147483647
906	4	14	30	4530	2147483647
907	4	14	30	4535	2147483647
908	4	14	45	4540	2147483647
909	3	1	50	4545	2147483647
910	4	8	50	4550	2147483647
911	0	12	30	4555	2147483647
912	3	1	30	4560	2147483647
913	4	8	45	4565	2147483647
914	4	8	30	4570	2147483647
915	4	14	30	4575	2147483647
916	4	14	35	4580	2147483647
917	4	14	35	4585	2147483647
918	4	14	35	4590	2147483647
919	4	14	50	4595	2147483647
920	4	14	50	4600	2147483647
921	4	14	50	4605	2147483647
922	3	1	45	4610	2147483647
923	3	1	45	4615	2147483647
924	4	14	50	4620	2147483647
925	3	1	30	4625	2147483647
926	4	14	50	4630	2147483647
927	4	14	30	4635	2147483647
928	4	14	45	4640	2147483647
929	0	12	45	4645	2147483647
930	4	14	35	4650	2147483647
931	3	1	50	4655	2147483647
932	3	1	30	4660	2147483647
933	4	8	30	4665	2147483647
934	3	1	35	4670	2147483647
935	4	8	35	4675	2147483647
936	4	14	45	4680	2147483647
937	4	8	35	4685	2147483647
938	0	12	30	4690	2147483647
939	4	14	50	4695	2147483647
940	4	14	45	4700	2147483647
941	4	14	35	4705	2147483647
942	4	14	45	4710	2147483647
943	4	8	50	4715	2147483647
944	3	1	45	4720	2147483647
945	3	1	35	4725	2147483647
946	3	1	30	4730	2147483647
947	4	14	35	4735	2147483647
948	4	8	50	4740	2147483647
949	4	8	30	4745	2147483647
950	3	1	30	4750	2147483647
951	4	8	45	4755	2147483647
952	3	1	30	4760	2147483647
953	3	1	35	4765	2147483647
954	4	14	45	4770	2147483647
955	0	12	45	4775	2147483647
956	4	14	30	4780	2147483647
957	4	14	35	4785	2147483647
958	3	1	30	4790	2147483647
959	4	8	50	4795	2147483647
960	4	8	35	4800	2147483647
961	4	14	45	4805	2147483647
962	4	14	50	4810	2147483647
963	4	8	45	4815	2147483647
964	4	14	45	4820	2147483647
965	4	8	30	4825	2147483647
966	4	14	35	4830	2147483647
967	3	1	35	4835	2147483647
968	3	1	30	4840	2147483647
969	4	14	50	4845	2147483647
970	3	1	50	4850	2147483647
971	4	8	50	4855	2147483647
972	3	1	50	4860	2147483647
973	3	1	30	4865	2147483647
974	4	8	35	4870	2147483647
975	4	14	50	4875	2147483647
976	4	14	35	4880	2147483647
977	0	12	30	4885	2147483647
978	3	1	35	4890	2147483647
979	4	14	45	4895	2147483647
980	4	14	50	4900	2147483647
981	3	1	50	4905	2147483647
982	3	1	50	4910	2147483647
983	4	14	45	4915	2147483647
984	4	14	45	4920	2147483647
985	4	8	35	4925	2147483647
986	3	1	35	4930	2147483647
987	3	1	35	4935	2147483647
988	4	8	50	4940	2147483647
989	4	8	30	4945	2147483647
990	4	14	50	4950	2147483647
991	3	1	35	4955	2147483647
992	4	14	30	4960	2147483647
993	3	1	45	4965	2147483647
994	3	1	35	4970	2147483647
995	4	14	50	4975	2147483647
996	3	1	30	4980	2147483647
997	4	14	45	4985	2147483647
998	4	8	30	4990	2147483647
999	3	1	45	4995	2147483647
1000	4	8	45	5000	2147483647
1001	3	1	45	5005	2147483647
1002	3	1	35	5010	2147483647
1003	3	1	35	5015	2147483647
1004	4	14	50	5020	2147483647
1005	4	14	45	5025	2147483647
1006	4	8	45	5030	2147483647
1007	4	14	50	5035	2147483647
1008	3	1	35	5040	2147483647
1009	4	8	30	5045	2147483647
1010	3	1	30	5050	2147483647
1011	4	8	30	5055	2147483647
1012	4	14	35	5060	2147483647
1013	4	14	35	5065	2147483647
1014	3	1	50	5070	2147483647
1015	0	12	50	5075	2147483647
1016	4	8	35	5080	2147483647
1017	4	14	50	5085	2147483647
1018	3	1	45	5090	2147483647
1019	4	14	35	5095	2147483647
1020	4	14	30	5100	2147483647
1021	4	14	45	5105	2147483647
1022	3	1	30	5110	2147483647
1023	3	1	30	5115	2147483647
1024	4	8	50	5120	2147483647
1025	4	8	50	5125	2147483647
1026	4	8	35	5130	2147483647
1027	3	1	30	5135	2147483647
1028	3	1	30	5140	2147483647
1029	0	12	30	5145	2147483647
1030	4	14	30	5150	2147483647
1031	4	14	50	5155	2147483647
1032	4	14	30	5160	2147483647
1033	3	1	50	5165	2147483647
1034	3	1	30	5170	2147483647
1035	3	1	45	5175	2147483647
1036	3	1	45	5180	2147483647
1037	3	1	30	5185	2147483647
1038	3	1	45	5190	2147483647
1039	4	14	35	5195	2147483647
1040	4	14	50	5200	2147483647
1041	4	8	35	5205	2147483647
1042	4	14	30	5210	2147483647
1043	4	14	50	5215	2147483647
1044	4	14	50	5220	2147483647
1045	3	1	35	5225	2147483647
1046	4	14	50	5230	2147483647
1047	4	14	35	5235	2147483647
1048	4	8	50	5240	2147483647
1049	4	14	45	5245	2147483647
1050	4	14	45	5250	2147483647
1051	3	1	30	5255	2147483647
1052	3	1	45	5260	2147483647
1053	3	1	35	5265	2147483647
1054	4	14	30	5270	2147483647
1055	4	14	50	5275	2147483647
1056	3	1	45	5280	2147483647
1057	4	8	50	5285	2147483647
1058	0	12	45	5290	2147483647
1059	4	8	45	5295	2147483647
1060	4	8	45	5300	2147483647
1061	4	14	45	5305	2147483647
1062	4	14	30	5310	2147483647
1063	0	12	45	5315	2147483647
1064	4	14	30	5320	2147483647
1065	0	12	35	5325	2147483647
1066	4	14	30	5330	2147483647
1067	3	1	30	5335	2147483647
1068	3	1	30	5340	2147483647
1069	4	14	30	5345	2147483647
1070	3	1	35	5350	2147483647
1071	4	14	45	5355	2147483647
1072	3	1	35	5360	2147483647
1073	4	14	50	5365	2147483647
1074	3	1	30	5370	2147483647
1075	3	1	45	5375	2147483647
1076	4	14	30	5380	2147483647
1077	3	1	35	5385	2147483647
1078	4	14	50	5390	2147483647
1079	4	8	45	5395	2147483647
1080	3	1	30	5400	2147483647
1081	3	1	50	5405	2147483647
1082	4	8	35	5410	2147483647
1083	4	8	35	5415	2147483647
1084	4	8	30	5420	2147483647
1085	3	1	50	5425	2147483647
1086	4	14	50	5430	2147483647
1087	4	8	50	5435	2147483647
1088	3	1	30	5440	2147483647
1089	4	8	35	5445	2147483647
1090	4	8	30	5450	2147483647
1091	4	14	50	5455	2147483647
1092	4	14	35	5460	2147483647
1093	4	14	45	5465	2147483647
1094	4	14	35	5470	2147483647
1095	3	1	35	5475	2147483647
1096	4	14	35	5480	2147483647
1097	4	14	35	5485	2147483647
1098	4	14	30	5490	2147483647
1099	3	1	30	5495	2147483647
1100	4	8	35	5500	2147483647
1101	4	14	35	5505	2147483647
1102	4	14	35	5510	2147483647
1103	4	14	50	5515	2147483647
1104	4	14	35	5520	2147483647
1105	4	14	45	5525	2147483647
1106	4	14	50	5530	2147483647
1107	3	1	35	5535	2147483647
1108	4	8	45	5540	2147483647
1109	4	8	45	5545	2147483647
1110	4	14	45	5550	2147483647
1111	3	1	50	5555	2147483647
1112	4	14	50	5560	2147483647
1113	0	12	35	5565	2147483647
1114	4	8	50	5570	2147483647
1115	4	14	35	5575	2147483647
1116	3	1	30	5580	2147483647
1117	4	8	45	5585	2147483647
1118	3	1	35	5590	2147483647
1119	4	8	30	5595	2147483647
1120	3	1	45	5600	2147483647
1121	4	14	35	5605	2147483647
1122	3	1	45	5610	2147483647
1123	4	14	50	5615	2147483647
1124	4	14	30	5620	2147483647
1125	4	8	30	5625	2147483647
1126	4	14	50	5630	2147483647
1127	3	1	45	5635	2147483647
1128	4	14	50	5640	2147483647
1129	4	14	45	5645	2147483647
1130	3	1	45	5650	2147483647
1131	4	14	30	5655	2147483647
1132	3	1	30	5660	2147483647
1133	0	12	35	5665	2147483647
1134	4	14	45	5670	2147483647
1135	4	8	45	5675	2147483647
1136	3	1	30	5680	2147483647
1137	4	8	50	5685	2147483647
1138	4	14	30	5690	2147483647
1139	3	1	30	5695	2147483647
1140	4	8	30	5700	2147483647
1141	3	1	50	5705	2147483647
1142	3	1	45	5710	2147483647
1143	4	14	50	5715	2147483647
1144	4	14	45	5720	2147483647
1145	4	14	35	5725	2147483647
1146	4	14	45	5730	2147483647
1147	4	14	30	5735	2147483647
1148	0	12	45	5740	2147483647
1149	4	14	35	5745	2147483647
1150	4	14	35	5750	2147483647
1151	4	8	35	5755	2147483647
1152	4	8	45	5760	2147483647
1153	4	14	50	5765	2147483647
1154	4	14	35	5770	2147483647
1155	4	14	50	5775	2147483647
1156	3	1	35	5780	2147483647
1157	3	1	30	5785	2147483647
1158	0	12	45	5790	2147483647
1159	3	1	50	5795	2147483647
1160	3	1	35	5800	2147483647
1161	3	1	30	5805	2147483647
1162	4	14	45	5810	2147483647
1163	4	14	45	5815	2147483647
1164	4	8	30	5820	2147483647
1165	4	14	35	5825	2147483647
1166	4	8	30	5830	2147483647
1167	3	1	50	5835	2147483647
1168	4	14	30	5840	2147483647
1169	4	14	50	5845	2147483647
1170	4	14	50	5850	2147483647
1171	4	8	35	5855	2147483647
1172	4	14	50	5860	2147483647
1173	0	12	35	5865	2147483647
1174	4	8	45	5870	2147483647
1175	4	14	35	5875	2147483647
1176	4	8	30	5880	2147483647
1177	4	14	35	5885	2147483647
1178	4	14	30	5890	2147483647
1179	3	1	45	5895	2147483647
1180	4	14	30	5900	2147483647
1181	4	14	35	5905	2147483647
1182	3	1	35	5910	2147483647
1183	4	14	35	5915	2147483647
1184	0	12	45	5920	2147483647
1185	3	1	50	5925	2147483647
1186	4	14	35	5930	2147483647
1187	4	14	50	5935	2147483647
1188	0	12	30	5940	2147483647
1189	4	8	30	5945	2147483647
1190	3	1	35	5950	2147483647
1191	3	1	35	5955	2147483647
1192	4	8	45	5960	2147483647
1193	4	8	30	5965	2147483647
1194	3	1	30	5970	2147483647
1195	0	12	50	5975	2147483647
1196	4	14	35	5980	2147483647
1197	4	8	45	5985	2147483647
1198	4	8	45	5990	2147483647
1199	4	14	45	5995	2147483647
1200	4	8	45	6000	2147483647
1201	3	1	45	6005	2147483647
1202	3	1	30	6010	2147483647
1203	3	1	45	6015	2147483647
1204	4	8	50	6020	2147483647
1205	3	1	45	6025	2147483647
1206	4	14	35	6030	2147483647
1207	4	14	45	6035	2147483647
1208	3	1	35	6040	2147483647
1209	4	8	50	6045	2147483647
1210	4	8	35	6050	2147483647
1211	4	14	50	6055	2147483647
1212	3	1	45	6060	2147483647
1213	4	8	45	6065	2147483647
1214	3	1	30	6070	2147483647
1215	4	14	35	6075	2147483647
1216	3	1	45	6080	2147483647
1217	4	14	50	6085	2147483647
1218	4	14	30	6090	2147483647
1219	4	8	30	6095	2147483647
1220	4	8	35	6100	2147483647
1221	0	12	35	6105	2147483647
1222	4	14	35	6110	2147483647
1223	4	14	35	6115	2147483647
1224	3	1	45	6120	2147483647
1225	4	8	50	6125	2147483647
1226	3	1	50	6130	2147483647
1227	4	8	45	6135	2147483647
1228	4	14	35	6140	2147483647
1229	4	14	45	6145	2147483647
1230	4	14	50	6150	2147483647
1231	3	1	50	6155	2147483647
1232	4	8	50	6160	2147483647
1233	4	8	30	6165	2147483647
1234	4	14	30	6170	2147483647
1235	3	1	35	6175	2147483647
1236	4	8	30	6180	2147483647
1237	4	14	50	6185	2147483647
1238	3	1	45	6190	2147483647
1239	4	8	30	6195	2147483647
1240	4	14	50	6200	2147483647
1241	4	8	50	6205	2147483647
1242	0	12	50	6210	2147483647
1243	4	14	35	6215	2147483647
1244	3	1	30	6220	2147483647
1245	4	8	45	6225	2147483647
1246	4	8	35	6230	2147483647
1247	4	8	35	6235	2147483647
1248	4	8	30	6240	2147483647
1249	4	8	50	6245	2147483647
1250	4	8	45	6250	2147483647
1251	4	14	35	6255	2147483647
1252	0	12	45	6260	2147483647
1253	4	14	35	6265	2147483647
1254	3	1	35	6270	2147483647
1255	4	8	30	6275	2147483647
1256	4	8	50	6280	2147483647
1257	4	14	50	6285	2147483647
1258	3	1	45	6290	2147483647
1259	4	14	35	6295	2147483647
1260	4	8	50	6300	2147483647
1261	4	14	45	6305	2147483647
1262	4	14	30	6310	2147483647
1263	4	8	45	6315	2147483647
1264	4	14	30	6320	2147483647
1265	4	14	35	6325	2147483647
1266	3	1	35	6330	2147483647
1267	4	14	30	6335	2147483647
1268	4	8	30	6340	2147483647
1269	4	14	35	6345	2147483647
1270	0	12	35	6350	2147483647
1271	4	14	30	6355	2147483647
1272	4	14	50	6360	2147483647
1273	4	8	35	6365	2147483647
1274	3	1	35	6370	2147483647
1275	4	14	45	6375	2147483647
1276	4	8	45	6380	2147483647
1277	4	14	30	6385	2147483647
1278	4	14	30	6390	2147483647
1279	3	1	50	6395	2147483647
1280	3	1	30	6400	2147483647
1281	4	14	30	6405	2147483647
1282	3	1	50	6410	2147483647
1283	4	14	50	6415	2147483647
1284	4	14	50	6420	2147483647
1285	4	14	35	6425	2147483647
1286	4	14	45	6430	2147483647
1287	3	1	50	6435	2147483647
1288	4	14	45	6440	2147483647
1289	4	14	50	6445	2147483647
1290	4	14	50	6450	2147483647
1291	4	8	35	6455	2147483647
1292	4	8	30	6460	2147483647
1293	4	8	50	6465	2147483647
1294	4	14	45	6470	2147483647
1295	4	8	30	6475	2147483647
1296	4	14	50	6480	2147483647
1297	4	14	30	6485	2147483647
1298	3	1	50	6490	2147483647
1299	3	1	50	6495	2147483647
1300	4	8	35	6500	2147483647
1301	3	1	45	6505	2147483647
1302	3	1	35	6510	2147483647
1303	4	14	45	6515	2147483647
1304	4	8	50	6520	2147483647
1305	4	8	30	6525	2147483647
1306	4	8	35	6530	2147483647
1307	0	12	45	6535	2147483647
1308	4	14	35	6540	2147483647
1309	4	14	35	6545	2147483647
1310	4	14	30	6550	2147483647
1311	4	8	30	6555	2147483647
1312	3	1	45	6560	2147483647
1313	4	14	50	6565	2147483647
1314	4	14	35	6570	2147483647
1315	4	8	30	6575	2147483647
1316	4	8	50	6580	2147483647
1317	4	14	45	6585	2147483647
1318	3	1	45	6590	2147483647
1319	4	14	50	6595	2147483647
1320	4	8	45	6600	2147483647
1321	3	1	50	6605	2147483647
1322	3	1	30	6610	2147483647
1323	4	14	35	6615	2147483647
1324	4	14	35	6620	2147483647
1325	4	8	35	6625	2147483647
1326	4	14	30	6630	2147483647
1327	3	1	30	6635	2147483647
1328	0	12	35	6640	2147483647
1329	4	14	50	6645	2147483647
1330	4	14	30	6650	2147483647
1331	4	14	50	6655	2147483647
1332	3	1	30	6660	2147483647
1333	0	12	35	6665	2147483647
1334	4	14	45	6670	2147483647
1335	4	8	30	6675	2147483647
1336	3	1	30	6680	2147483647
1337	4	8	50	6685	2147483647
1338	3	1	35	6690	2147483647
1339	4	14	45	6695	2147483647
1340	4	14	45	6700	2147483647
1341	0	12	35	6705	2147483647
1342	0	12	50	6710	2147483647
1343	4	8	30	6715	2147483647
1344	3	1	45	6720	2147483647
1345	3	1	50	6725	2147483647
1346	4	14	50	6730	2147483647
1347	4	8	30	6735	2147483647
1348	4	14	45	6740	2147483647
1349	4	8	30	6745	2147483647
1350	4	14	35	6750	2147483647
1351	4	14	30	6755	2147483647
1352	4	8	30	6760	2147483647
1353	4	14	50	6765	2147483647
1354	4	14	35	6770	2147483647
1355	4	14	45	6775	2147483647
1356	4	14	35	6780	2147483647
1357	4	8	30	6785	2147483647
1358	4	14	35	6790	2147483647
1359	4	14	45	6795	2147483647
1360	0	12	30	6800	2147483647
1361	4	14	30	6805	2147483647
1362	0	12	30	6810	2147483647
1363	3	1	35	6815	2147483647
1364	4	14	30	6820	2147483647
1365	4	8	50	6825	2147483647
1366	4	8	45	6830	2147483647
1367	3	1	35	6835	2147483647
1368	4	14	50	6840	2147483647
1369	3	1	50	6845	2147483647
1370	4	14	35	6850	2147483647
1371	4	8	30	6855	2147483647
1372	4	14	50	6860	2147483647
1373	3	1	30	6865	2147483647
1374	4	14	30	6870	2147483647
1375	4	8	35	6875	2147483647
1376	4	14	45	6880	2147483647
1377	4	8	50	6885	2147483647
1378	3	1	35	6890	2147483647
1379	4	8	50	6895	2147483647
1380	4	14	45	6900	2147483647
1381	4	14	50	6905	2147483647
1382	4	8	50	6910	2147483647
1383	3	1	30	6915	2147483647
1384	4	14	50	6920	2147483647
1385	4	8	30	6925	2147483647
1386	0	12	50	6930	2147483647
1387	4	14	45	6935	2147483647
1388	4	14	50	6940	2147483647
1389	3	1	30	6945	2147483647
1390	4	14	35	6950	2147483647
1391	4	14	50	6955	2147483647
1392	4	14	50	6960	2147483647
1393	4	8	45	6965	2147483647
1394	3	1	45	6970	2147483647
1395	4	14	35	6975	2147483647
1396	4	14	35	6980	2147483647
1397	3	1	35	6985	2147483647
1398	3	1	35	6990	2147483647
1399	4	14	30	6995	2147483647
1400	3	1	35	7000	2147483647
1401	4	8	45	7005	2147483647
1402	4	14	30	7010	2147483647
1403	3	1	50	7015	2147483647
1404	4	14	35	7020	2147483647
1405	4	8	45	7025	2147483647
1406	0	12	50	7030	2147483647
1407	4	8	35	7035	2147483647
1408	4	14	50	7040	2147483647
1409	4	14	35	7045	2147483647
1410	3	1	50	7050	2147483647
1411	4	14	35	7055	2147483647
1412	4	8	50	7060	2147483647
1413	3	1	45	7065	2147483647
1414	3	1	35	7070	2147483647
1415	4	8	35	7075	2147483647
1416	0	12	35	7080	2147483647
1417	4	14	35	7085	2147483647
1418	4	14	30	7090	2147483647
1419	4	8	45	7095	2147483647
1420	3	1	35	7100	2147483647
1421	4	14	50	7105	2147483647
1422	3	1	35	7110	2147483647
1423	3	1	50	7115	2147483647
1424	3	1	50	7120	2147483647
1425	4	14	45	7125	2147483647
1426	3	1	35	7130	2147483647
1427	3	1	35	7135	2147483647
1428	4	14	50	7140	2147483647
1429	3	1	50	7145	2147483647
1430	4	14	50	7150	2147483647
1431	3	1	45	7155	2147483647
1432	4	8	45	7160	2147483647
1433	3	1	50	7165	2147483647
1434	0	12	45	7170	2147483647
1435	3	1	45	7175	2147483647
1436	4	14	35	7180	2147483647
1437	4	8	30	7185	2147483647
1438	0	12	45	7190	2147483647
1439	4	14	50	7195	2147483647
1440	3	1	45	7200	2147483647
1441	4	8	45	7205	2147483647
1442	3	1	45	7210	2147483647
1443	0	12	45	7215	2147483647
1444	4	14	35	7220	2147483647
1445	4	14	30	7225	2147483647
1446	3	1	30	7230	2147483647
1447	4	14	45	7235	2147483647
1448	0	12	30	7240	2147483647
1449	4	14	50	7245	2147483647
1450	4	14	45	7250	2147483647
1451	4	14	45	7255	2147483647
1452	3	1	30	7260	2147483647
1453	0	12	30	7265	2147483647
1454	3	1	35	7270	2147483647
1455	3	1	50	7275	2147483647
1456	4	8	45	7280	2147483647
1457	3	1	30	7285	2147483647
1458	3	1	50	7290	2147483647
1459	4	14	45	7295	2147483647
1460	3	1	50	7300	2147483647
1461	4	14	45	7305	2147483647
1462	4	14	35	7310	2147483647
1463	0	12	35	7315	2147483647
1464	4	8	45	7320	2147483647
1465	4	8	50	7325	2147483647
1466	0	12	50	7330	2147483647
1467	4	14	50	7335	2147483647
1468	4	14	45	7340	2147483647
1469	4	14	35	7345	2147483647
1470	3	1	50	7350	2147483647
1471	3	1	35	7355	2147483647
1472	4	14	50	7360	2147483647
1473	4	14	50	7365	2147483647
1474	4	14	45	7370	2147483647
1475	4	14	30	7375	2147483647
1476	4	8	50	7380	2147483647
1477	3	1	50	7385	2147483647
1478	4	14	30	7390	2147483647
1479	4	14	30	7395	2147483647
1480	0	12	45	7400	2147483647
1481	4	14	45	7405	2147483647
1482	4	8	45	7410	2147483647
1483	4	14	35	7415	2147483647
1484	4	14	45	7420	2147483647
1485	3	1	50	7425	2147483647
1486	4	14	35	7430	2147483647
1487	4	8	45	7435	2147483647
1488	3	1	35	7440	2147483647
1489	4	14	30	7445	2147483647
1490	3	1	30	7450	2147483647
1491	4	14	45	7455	2147483647
1492	4	14	50	7460	2147483647
1493	3	1	30	7465	2147483647
1494	4	14	50	7470	2147483647
1495	4	8	45	7475	2147483647
1496	4	14	50	7480	2147483647
1497	3	1	50	7485	2147483647
1498	4	8	45	7490	2147483647
1499	4	8	35	7495	2147483647
1500	4	14	45	7500	2147483647
1501	4	8	30	7505	2147483647
1502	4	8	50	7510	2147483647
1503	3	1	50	7515	2147483647
1504	4	14	50	7520	2147483647
1505	3	1	30	7525	2147483647
1506	3	1	45	7530	2147483647
1507	4	14	50	7535	2147483647
1508	4	14	35	7540	2147483647
1509	0	12	30	7545	2147483647
1510	4	14	50	7550	2147483647
1511	4	14	45	7555	2147483647
1512	3	1	30	7560	2147483647
1513	0	12	30	7565	2147483647
1514	0	12	35	7570	2147483647
1515	3	1	50	7575	2147483647
1516	4	8	35	7580	2147483647
1517	3	1	30	7585	2147483647
1518	0	12	45	7590	2147483647
1519	3	1	45	7595	2147483647
1520	3	1	50	7600	2147483647
1521	4	8	50	7605	2147483647
1522	3	1	30	7610	2147483647
1523	0	12	35	7615	2147483647
1524	4	8	45	7620	2147483647
1525	4	14	50	7625	2147483647
1526	3	1	30	7630	2147483647
1527	3	1	50	7635	2147483647
1528	4	14	35	7640	2147483647
1529	4	14	30	7645	2147483647
1530	4	14	35	7650	2147483647
1531	4	14	35	7655	2147483647
1532	3	1	35	7660	2147483647
1533	4	14	30	7665	2147483647
1534	4	8	45	7670	2147483647
1535	4	14	35	7675	2147483647
1536	4	14	35	7680	2147483647
1537	4	14	30	7685	2147483647
1538	4	14	50	7690	2147483647
1539	4	8	30	7695	2147483647
1540	4	14	50	7700	2147483647
1541	4	14	45	7705	2147483647
1542	3	1	35	7710	2147483647
1543	3	1	30	7715	2147483647
1544	4	14	35	7720	2147483647
1545	4	8	45	7725	2147483647
1546	4	14	30	7730	2147483647
1547	4	14	30	7735	2147483647
1548	0	12	50	7740	2147483647
1549	3	1	30	7745	2147483647
1550	4	8	50	7750	2147483647
1551	4	14	45	7755	2147483647
1552	4	14	45	7760	2147483647
1553	0	12	35	7765	2147483647
1554	3	1	30	7770	2147483647
1555	4	8	30	7775	2147483647
1556	4	8	35	7780	2147483647
1557	4	8	30	7785	2147483647
1558	3	1	30	7790	2147483647
1559	4	14	50	7795	2147483647
1560	4	8	45	7800	2147483647
1561	3	1	50	7805	2147483647
1562	3	1	35	7810	2147483647
1563	3	1	50	7815	2147483647
1564	3	1	45	7820	2147483647
1565	4	8	45	7825	2147483647
1566	3	1	30	7830	2147483647
1567	0	12	30	7835	2147483647
1568	4	14	35	7840	2147483647
1569	4	14	50	7845	2147483647
1570	3	1	30	7850	2147483647
1571	4	14	45	7855	2147483647
1572	4	8	30	7860	2147483647
1573	3	1	35	7865	2147483647
1574	4	14	50	7870	2147483647
1575	4	14	50	7875	2147483647
1576	4	14	45	7880	2147483647
1577	4	14	35	7885	2147483647
1578	3	1	30	7890	2147483647
1579	4	8	35	7895	2147483647
1580	0	12	35	7900	2147483647
1581	4	14	50	7905	2147483647
1582	0	12	45	7910	2147483647
1583	4	14	30	7915	2147483647
1584	3	1	30	7920	2147483647
1585	4	8	30	7925	2147483647
1586	4	8	30	7930	2147483647
1587	3	1	30	7935	2147483647
1588	4	14	50	7940	2147483647
1589	4	14	35	7945	2147483647
1590	4	14	30	7950	2147483647
1591	4	14	50	7955	2147483647
1592	4	14	35	7960	2147483647
1593	4	14	50	7965	2147483647
1594	4	8	45	7970	2147483647
1595	4	14	45	7975	2147483647
1596	4	8	45	7980	2147483647
1597	4	14	30	7985	2147483647
1598	3	1	30	7990	2147483647
1599	3	1	45	7995	2147483647
1600	3	1	35	8000	2147483647
1601	4	14	50	8005	2147483647
1602	3	1	35	8010	2147483647
1603	3	1	50	8015	2147483647
1604	0	12	50	8020	2147483647
1605	3	1	45	8025	2147483647
1606	3	1	50	8030	2147483647
1607	3	1	30	8035	2147483647
1608	3	1	50	8040	2147483647
1609	4	14	45	8045	2147483647
1610	4	14	50	8050	2147483647
1611	4	14	50	8055	2147483647
1612	3	1	45	8060	2147483647
1613	0	12	45	8065	2147483647
1614	4	8	35	8070	2147483647
1615	4	14	50	8075	2147483647
1616	4	8	50	8080	2147483647
1617	4	14	45	8085	2147483647
1618	0	12	30	8090	2147483647
1619	4	8	35	8095	2147483647
1620	4	14	50	8100	2147483647
1621	4	14	35	8105	2147483647
1622	4	14	50	8110	2147483647
1623	0	12	30	8115	2147483647
1624	4	8	50	8120	2147483647
1625	4	14	35	8125	2147483647
1626	4	8	50	8130	2147483647
1627	0	12	35	8135	2147483647
1628	3	1	30	8140	2147483647
1629	3	1	50	8145	2147483647
1630	3	1	50	8150	2147483647
1631	3	1	45	8155	2147483647
1632	4	8	45	8160	2147483647
1633	3	1	45	8165	2147483647
1634	0	12	50	8170	2147483647
1635	4	14	35	8175	2147483647
1636	4	14	45	8180	2147483647
1637	4	14	45	8185	2147483647
1638	4	8	45	8190	2147483647
1639	4	14	35	8195	2147483647
1640	3	1	50	8200	2147483647
1641	3	1	45	8205	2147483647
1642	3	1	35	8210	2147483647
1643	4	14	35	8215	2147483647
1644	4	14	35	8220	2147483647
1645	4	8	30	8225	2147483647
1646	3	1	35	8230	2147483647
1647	4	14	50	8235	2147483647
1648	3	1	30	8240	2147483647
1649	0	12	30	8245	2147483647
1650	3	1	35	8250	2147483647
1651	4	8	35	8255	2147483647
1652	4	14	35	8260	2147483647
1653	4	14	45	8265	2147483647
1654	4	14	35	8270	2147483647
1655	4	8	45	8275	2147483647
1656	0	12	30	8280	2147483647
1657	3	1	45	8285	2147483647
1658	3	1	30	8290	2147483647
1659	4	8	50	8295	2147483647
1660	0	12	30	8300	2147483647
1661	4	14	45	8305	2147483647
1662	3	1	50	8310	2147483647
1663	4	14	35	8315	2147483647
1664	4	14	50	8320	2147483647
1665	3	1	30	8325	2147483647
1666	3	1	45	8330	2147483647
1667	4	14	30	8335	2147483647
1668	4	14	30	8340	2147483647
1669	4	14	30	8345	2147483647
1670	4	14	30	8350	2147483647
1671	3	1	45	8355	2147483647
1672	4	8	45	8360	2147483647
1673	4	14	45	8365	2147483647
1674	0	12	35	8370	2147483647
1675	3	1	35	8375	2147483647
1676	4	14	30	8380	2147483647
1677	4	8	35	8385	2147483647
1678	3	1	45	8390	2147483647
1679	4	14	50	8395	2147483647
1680	3	1	30	8400	2147483647
1681	4	14	30	8405	2147483647
1682	4	14	30	8410	2147483647
1683	4	8	35	8415	2147483647
1684	4	8	30	8420	2147483647
1685	4	14	35	8425	2147483647
1686	3	1	30	8430	2147483647
1687	4	8	50	8435	2147483647
1688	4	14	30	8440	2147483647
1689	3	1	50	8445	2147483647
1690	0	12	30	8450	2147483647
1691	3	1	30	8455	2147483647
1692	3	1	30	8460	2147483647
1693	3	1	35	8465	2147483647
1694	3	1	45	8470	2147483647
1695	4	14	30	8475	2147483647
1696	0	12	50	8480	2147483647
1697	3	1	45	8485	2147483647
1698	4	8	35	8490	2147483647
1699	4	14	30	8495	2147483647
1700	3	1	45	8500	2147483647
1701	3	1	50	8505	2147483647
1702	3	1	30	8510	2147483647
1703	4	14	50	8515	2147483647
1704	0	12	35	8520	2147483647
1705	4	14	35	8525	2147483647
1706	0	12	30	8530	2147483647
1707	4	14	35	8535	2147483647
1708	4	14	45	8540	2147483647
1709	3	1	50	8545	2147483647
1710	4	14	50	8550	2147483647
1711	4	14	45	8555	2147483647
1712	3	1	45	8560	2147483647
1713	4	8	35	8565	2147483647
1714	3	1	45	8570	2147483647
1715	4	14	35	8575	2147483647
1716	3	1	35	8580	2147483647
1717	3	1	35	8585	2147483647
1718	4	14	35	8590	2147483647
1719	4	14	35	8595	2147483647
1720	4	8	45	8600	2147483647
1721	4	8	30	8605	2147483647
1722	4	14	30	8610	2147483647
1723	4	8	30	8615	2147483647
1724	0	12	30	8620	2147483647
1725	4	14	45	8625	2147483647
1726	4	14	45	8630	2147483647
1727	3	1	35	8635	2147483647
1728	4	14	50	8640	2147483647
1729	3	1	50	8645	2147483647
1730	4	14	35	8650	2147483647
1731	3	1	35	8655	2147483647
1732	4	14	35	8660	2147483647
1733	4	14	45	8665	2147483647
1734	3	1	35	8670	2147483647
1735	4	14	35	8675	2147483647
1736	0	12	35	8680	2147483647
1737	4	14	30	8685	2147483647
1738	4	14	45	8690	2147483647
1739	4	14	35	8695	2147483647
1740	3	1	35	8700	2147483647
1741	3	1	35	8705	2147483647
1742	4	14	30	8710	2147483647
1743	4	14	50	8715	2147483647
1744	4	8	30	8720	2147483647
1745	4	14	50	8725	2147483647
1746	0	12	50	8730	2147483647
1747	3	1	45	8735	2147483647
1748	4	8	45	8740	2147483647
1749	3	1	45	8745	2147483647
1750	3	1	45	8750	2147483647
1751	3	1	45	8755	2147483647
1752	3	1	30	8760	2147483647
1753	3	1	35	8765	2147483647
1754	4	14	30	8770	2147483647
1755	4	14	30	8775	2147483647
1756	4	8	30	8780	2147483647
1757	4	8	45	8785	2147483647
1758	0	12	30	8790	2147483647
1759	3	1	45	8795	2147483647
1760	4	14	50	8800	2147483647
1761	3	1	45	8805	2147483647
1762	4	14	45	8810	2147483647
1763	3	1	35	8815	2147483647
1764	4	14	30	8820	2147483647
1765	4	14	50	8825	2147483647
1766	4	8	30	8830	2147483647
1767	4	14	30	8835	2147483647
1768	4	14	45	8840	2147483647
1769	4	14	50	8845	2147483647
1770	3	1	30	8850	2147483647
1771	4	14	30	8855	2147483647
1772	4	8	50	8860	2147483647
1773	4	14	50	8865	2147483647
1774	3	1	50	8870	2147483647
1775	4	14	30	8875	2147483647
1776	4	8	50	8880	2147483647
1777	4	14	35	8885	2147483647
1778	4	8	50	8890	2147483647
1779	0	12	50	8895	2147483647
1780	4	14	35	8900	2147483647
1781	4	14	50	8905	2147483647
1782	4	8	50	8910	2147483647
1783	4	14	50	8915	2147483647
1784	3	1	30	8920	2147483647
1785	4	14	35	8925	2147483647
1786	3	1	45	8930	2147483647
1787	0	12	45	8935	2147483647
1788	4	8	35	8940	2147483647
1789	4	8	50	8945	2147483647
1790	4	14	35	8950	2147483647
1791	4	14	50	8955	2147483647
1792	3	1	50	8960	2147483647
1793	4	14	35	8965	2147483647
1794	4	8	35	8970	2147483647
1795	4	14	50	8975	2147483647
1796	4	14	50	8980	2147483647
1797	4	14	35	8985	2147483647
1798	3	1	30	8990	2147483647
1799	4	14	35	8995	2147483647
1800	4	14	50	9000	2147483647
1801	4	14	35	9005	2147483647
1802	4	8	35	9010	2147483647
1803	4	14	45	9015	2147483647
1804	4	14	35	9020	2147483647
1805	3	1	50	9025	2147483647
1806	4	14	30	9030	2147483647
1807	4	14	35	9035	2147483647
1808	3	1	45	9040	2147483647
1809	3	1	35	9045	2147483647
1810	0	12	45	9050	2147483647
1811	4	14	50	9055	2147483647
1812	3	1	50	9060	2147483647
1813	4	14	45	9065	2147483647
1814	4	14	45	9070	2147483647
1815	0	12	30	9075	2147483647
1816	3	1	50	9080	2147483647
1817	4	14	30	9085	2147483647
1818	4	14	35	9090	2147483647
1819	4	14	30	9095	2147483647
1820	0	12	30	9100	2147483647
1821	3	1	50	9105	2147483647
1822	0	12	30	9110	2147483647
1823	4	8	35	9115	2147483647
1824	4	14	35	9120	2147483647
1825	4	14	50	9125	2147483647
1826	4	14	45	9130	2147483647
1827	3	1	35	9135	2147483647
1828	4	8	45	9140	2147483647
1829	4	14	30	9145	2147483647
1830	4	14	35	9150	2147483647
1831	4	14	30	9155	2147483647
1832	3	1	35	9160	2147483647
1833	3	1	50	9165	2147483647
1834	4	8	50	9170	2147483647
1835	4	14	30	9175	2147483647
1836	4	14	30	9180	2147483647
1837	3	1	50	9185	2147483647
1838	0	12	50	9190	2147483647
1839	4	14	30	9195	2147483647
1840	4	14	30	9200	2147483647
1841	3	1	35	9205	2147483647
1842	4	14	30	9210	2147483647
1843	3	1	50	9215	2147483647
1844	3	1	45	9220	2147483647
1845	4	14	30	9225	2147483647
1846	3	1	45	9230	2147483647
1847	3	1	50	9235	2147483647
1848	3	1	35	9240	2147483647
1849	3	1	50	9245	2147483647
1850	4	14	35	9250	2147483647
1851	4	8	30	9255	2147483647
1852	4	14	50	9260	2147483647
1853	4	14	35	9265	2147483647
1854	4	8	45	9270	2147483647
1855	3	1	35	9275	2147483647
1856	4	14	45	9280	2147483647
1857	3	1	35	9285	2147483647
1858	4	14	35	9290	2147483647
1859	4	8	30	9295	2147483647
1860	4	14	35	9300	2147483647
1861	3	1	45	9305	2147483647
1862	4	14	35	9310	2147483647
1863	3	1	30	9315	2147483647
1864	4	14	45	9320	2147483647
1865	4	8	50	9325	2147483647
1866	3	1	30	9330	2147483647
1867	3	1	35	9335	2147483647
1868	4	14	35	9340	2147483647
1869	3	1	30	9345	2147483647
1870	4	8	30	9350	2147483647
1871	4	14	45	9355	2147483647
1872	4	8	45	9360	2147483647
1873	3	1	50	9365	2147483647
1874	0	12	50	9370	2147483647
1875	0	12	30	9375	2147483647
1876	4	14	35	9380	2147483647
1877	4	14	35	9385	2147483647
1878	4	14	35	9390	2147483647
1879	4	8	35	9395	2147483647
1880	3	1	45	9400	2147483647
1881	4	14	45	9405	2147483647
1882	3	1	35	9410	2147483647
1883	4	14	45	9415	2147483647
1884	4	8	30	9420	2147483647
1885	3	1	35	9425	2147483647
1886	4	14	30	9430	2147483647
1887	4	14	50	9435	2147483647
1888	3	1	50	9440	2147483647
1889	3	1	30	9445	2147483647
1890	4	8	45	9450	2147483647
1891	4	8	45	9455	2147483647
1892	3	1	30	9460	2147483647
1893	4	14	30	9465	2147483647
1894	4	8	30	9470	2147483647
1895	3	1	35	9475	2147483647
1896	4	8	30	9480	2147483647
1897	4	14	45	9485	2147483647
1898	3	1	30	9490	2147483647
1899	4	8	45	9495	2147483647
1900	4	14	45	9500	2147483647
1901	3	1	50	9505	2147483647
1902	3	1	50	9510	2147483647
1903	4	8	50	9515	2147483647
1904	3	1	30	9520	2147483647
1905	4	14	50	9525	2147483647
1906	4	14	30	9530	2147483647
1907	4	8	45	9535	2147483647
1908	3	1	50	9540	2147483647
1909	0	12	35	9545	2147483647
1910	4	14	45	9550	2147483647
1911	3	1	35	9555	2147483647
1912	4	14	30	9560	2147483647
1913	4	8	50	9565	2147483647
1914	3	1	35	9570	2147483647
1915	3	1	35	9575	2147483647
1916	3	1	50	9580	2147483647
1917	4	8	45	9585	2147483647
1918	0	12	35	9590	2147483647
1919	3	1	45	9595	2147483647
1920	4	14	30	9600	2147483647
1921	4	14	50	9605	2147483647
1922	4	8	45	9610	2147483647
1923	3	1	50	9615	2147483647
1924	4	14	50	9620	2147483647
1925	4	14	35	9625	2147483647
1926	4	8	50	9630	2147483647
1927	0	12	30	9635	2147483647
1928	0	12	35	9640	2147483647
1929	4	8	35	9645	2147483647
1930	4	14	35	9650	2147483647
1931	3	1	30	9655	2147483647
1932	4	14	45	9660	2147483647
1933	3	1	30	9665	2147483647
1934	4	14	45	9670	2147483647
1935	4	14	35	9675	2147483647
1936	4	14	35	9680	2147483647
1937	3	1	45	9685	2147483647
1938	0	12	45	9690	2147483647
1939	4	8	30	9695	2147483647
1940	3	1	30	9700	2147483647
1941	0	12	35	9705	2147483647
1942	3	1	30	9710	2147483647
1943	4	8	45	9715	2147483647
1944	4	14	30	9720	2147483647
1945	3	1	45	9725	2147483647
1946	0	12	50	9730	2147483647
1947	4	14	35	9735	2147483647
1948	4	14	45	9740	2147483647
1949	4	8	45	9745	2147483647
1950	4	8	35	9750	2147483647
1951	0	12	30	9755	2147483647
1952	4	8	45	9760	2147483647
1953	4	14	50	9765	2147483647
1954	3	1	35	9770	2147483647
1955	4	8	45	9775	2147483647
1956	4	8	30	9780	2147483647
1957	4	14	45	9785	2147483647
1958	3	1	50	9790	2147483647
1959	4	14	45	9795	2147483647
1960	3	1	45	9800	2147483647
1961	3	1	50	9805	2147483647
1962	4	8	30	9810	2147483647
1963	4	8	45	9815	2147483647
1964	3	1	30	9820	2147483647
1965	4	14	35	9825	2147483647
1966	3	1	45	9830	2147483647
1967	4	14	30	9835	2147483647
1968	4	8	50	9840	2147483647
1969	4	8	50	9845	2147483647
1970	4	8	35	9850	2147483647
1971	3	1	35	9855	2147483647
1972	4	14	50	9860	2147483647
1973	3	1	50	9865	2147483647
1974	4	8	35	9870	2147483647
1975	4	14	45	9875	2147483647
1976	4	14	35	9880	2147483647
1977	4	8	45	9885	2147483647
1978	0	12	30	9890	2147483647
1979	4	14	30	9895	2147483647
1980	3	1	30	9900	2147483647
1981	3	1	30	9905	2147483647
1982	3	1	45	9910	2147483647
1983	4	8	45	9915	2147483647
1984	3	1	45	9920	2147483647
1985	3	1	35	9925	2147483647
1986	4	14	30	9930	2147483647
1987	3	1	30	9935	2147483647
1988	3	1	30	9940	2147483647
1989	0	12	35	9945	2147483647
1990	3	1	35	9950	2147483647
1991	3	1	50	9955	2147483647
1992	4	8	30	9960	2147483647
1993	4	14	50	9965	2147483647
1994	3	1	30	9970	2147483647
1995	4	8	50	9975	2147483647
1996	0	12	50	9980	2147483647
1997	3	1	30	9985	2147483647
1998	4	14	30	9990	2147483647
1999	4	14	30	9995	2147483647
