0	0	18	160	0	24264
1	5	13	160	5	4273
2	0	18	40	10	2124
3	1	11	120	15	7080
4	1	11	160	20	10923
5	19	8	120	25	19839
6	0	18	120	30	36734
7	0	18	160	35	4298
8	0	18	40	40	18019
9	1	11	160	45	32121
10	0	18	80	50	64242
11	1	11	120	55	2539
12	15	0	40	60	19836
13	19	8	80	65	17253
14	1	11	120	70	19703
15	1	11	160	75	94550
16	19	8	40	80	111265
17	0	18	80	85	3785
18	5	13	160	90	54235
19	19	8	160	95	12149
20	4	7	40	100	40636
21	6	19	40	105	10635
22	15	0	160	110	34737
23	0	18	80	115	10718
24	0	18	120	120	10340
25	6	19	120	125	41450
26	15	0	120	130	31168
27	1	11	120	135	7022
28	15	0	160	140	17913
29	4	7	120	145	27046
30	1	11	160	150	26195
31	0	18	40	155	18758
32	6	19	80	160	6985
33	4	7	160	165	34423
34	4	7	120	170	17163
35	0	18	160	175	9235
36	19	8	120	180	60660
37	1	11	40	185	16435
38	4	7	80	190	10105
39	5	13	40	195	14703
40	5	13	120	200	14816
41	15	0	80	205	29961
42	4	7	120	210	10796
43	6	19	160	215	41441
44	5	13	120	220	32025
45	0	18	80	225	30316
46	15	0	120	230	10542
47	4	7	120	235	4220
48	0	18	40	240	35632
49	5	13	80	245	4320
50	19	8	160	250	36096
51	15	0	160	255	14423
52	5	13	40	260	529
53	0	18	120	265	2689
54	15	0	80	270	67456
55	3	16	120	275	7823
56	15	0	40	280	12191
57	19	8	160	285	30942
58	1	11	40	290	56604
59	4	7	40	295	18817
60	1	11	40	300	43297
61	19	8	40	305	18116
62	3	16	40	310	24390
63	6	19	120	315	45859
64	0	18	40	320	1831
65	19	8	80	325	11819
66	5	13	80	330	45193
67	4	7	40	335	38712
68	4	7	120	340	44
69	0	18	120	345	6604
70	3	16	40	350	1495
71	6	19	160	355	16372
72	5	13	160	360	38897
73	19	8	160	365	13811
74	4	7	80	370	66202
75	6	19	160	375	2609
76	3	16	120	380	130888
77	0	18	160	385	68618
78	5	13	120	400	23444
79	19	8	80	404	24045
80	19	8	160	408	15088
81	4	7	160	412	20025
82	0	18	80	416	15705
83	1	11	80	420	10756
84	5	13	120	424	54838
85	3	16	40	428	5735
86	4	7	40	432	17640
87	5	13	120	436	3802
88	6	19	120	440	41408
89	0	18	40	444	6357
90	1	11	160	448	60960
91	0	18	160	452	5224
92	19	8	40	456	21420
93	0	18	40	460	38652
94	4	7	160	464	23393
95	6	19	80	468	64063
96	5	13	40	472	1870
97	6	19	40	476	17131
98	6	19	160	480	33144
99	5	13	80	484	10257
100	5	13	160	488	48848
101	4	7	120	492	19420
102	19	8	160	496	4167
103	0	18	120	500	18266
104	3	16	40	504	2644
105	1	11	160	508	7993
106	3	16	160	512	25159
107	6	19	40	516	21065
108	6	19	80	520	4454
109	1	11	120	524	43507
110	0	18	40	528	7965
111	15	0	40	532	14594
112	4	7	40	536	2555
113	3	16	120	540	7639
114	5	13	80	544	1916
115	6	19	80	548	7536
116	19	8	120	552	1222
117	0	18	120	556	7779
118	1	11	40	560	73806
119	6	19	40	564	47341
120	5	13	40	568	48668
121	19	8	120	572	29003
122	15	0	80	576	92517
123	3	16	120	580	35182
124	15	0	160	584	9235
125	1	11	80	588	48022
126	6	19	160	592	56266
127	4	7	120	596	48
128	4	7	160	600	40478
129	15	0	160	604	142
130	0	18	120	608	682
131	5	13	80	612	15949
132	3	16	40	616	5176
133	19	8	80	620	7741
134	3	16	120	624	34597
135	4	7	40	628	58308
136	5	13	40	632	12519
137	19	8	160	636	70675
138	19	8	40	640	7125
139	3	16	120	644	22904
140	0	18	40	648	19872
141	15	0	160	652	66062
142	15	0	80	656	90684
143	4	7	160	660	100920
144	0	18	160	664	72019
145	4	7	120	668	15035
146	6	19	120	672	2384
147	6	19	120	676	9176
148	5	13	160	680	30850
149	6	19	120	684	10457
150	6	19	160	688	51091
151	4	7	120	692	38404
152	5	13	160	696	19508
153	19	8	120	700	52494
154	0	18	40	704	15667
155	6	19	40	708	4414
156	6	19	40	712	20590
157	5	13	80	716	11873
158	1	11	120	720	5761
159	0	18	160	724	6571
160	4	7	40	728	11441
161	15	0	80	732	25020
162	1	11	80	736	35211
163	19	8	120	800	4284
164	0	18	160	804	39702
165	5	13	120	808	38264
166	5	13	160	812	7278
167	4	7	160	816	41873
168	19	8	40	820	17080
169	0	18	40	824	4322
170	1	11	80	828	47716
171	19	8	160	832	2589
172	1	11	120	836	484
173	15	0	80	840	9931
174	6	19	40	844	8485
175	15	0	80	848	64568
176	0	18	80	852	30913
177	3	16	120	856	121784
178	3	16	120	860	41006
179	4	7	40	864	46164
180	5	13	160	868	35292
181	0	18	80	872	21185
182	19	8	160	876	7836
183	15	0	80	880	14862
184	0	18	40	884	3201
185	6	19	40	888	6269
186	19	8	120	892	63513
187	3	16	120	896	8774
188	19	8	40	900	38185
189	6	19	80	904	21717
190	15	0	40	908	9826
191	19	8	120	912	391
192	15	0	40	916	31778
193	19	8	80	920	419
194	19	8	120	924	6452
195	1	11	120	928	59344
196	6	19	120	932	4380
197	19	8	160	936	40324
198	4	7	160	940	4655
199	5	13	80	944	3993
200	19	8	160	948	5473
201	1	11	120	952	7529
202	15	0	80	956	39677
203	4	7	120	960	19629
204	4	7	80	964	16166
205	15	0	160	968	36200
206	3	16	160	972	36139
207	6	19	120	976	5886
208	3	16	120	980	21395
209	1	11	120	984	19019
210	5	13	160	988	14080
211	3	16	120	992	20946
212	1	11	120	996	20333
213	15	0	120	1000	10692
214	4	7	40	1004	15207
215	4	7	120	1008	37782
216	15	0	80	1012	11045
217	4	7	160	1016	8827
218	15	0	120	1020	944
219	4	7	160	1024	20755
220	5	13	40	1028	48573
221	1	11	80	1032	74630
222	5	13	160	1036	706
223	1	11	160	1040	58815
224	3	16	40	1044	42366
225	3	16	120	1048	45035
226	1	11	160	1052	11025
227	3	16	80	1056	63
228	19	8	120	1060	2612
229	4	7	80	1064	11557
230	1	11	160	1068	34788
231	1	11	120	1072	57934
232	19	8	120	1076	40815
233	6	19	40	1080	26288
234	4	7	80	1084	25195
235	4	7	40	1088	16679
236	1	11	160	1092	36097
237	4	7	40	1096	30544
238	3	16	40	1100	85402
239	3	16	40	1104	10197
240	3	16	40	1108	14423
241	3	16	160	1112	29839
242	0	18	160	1116	30233
243	6	19	80	1120	6872
244	1	11	80	1124	3945
245	4	7	80	1128	33633
246	6	19	160	1132	14121
247	0	18	80	1136	11258
248	4	7	40	1140	19057
249	4	7	160	1144	14041
250	4	7	80	1148	18992
251	1	11	160	1152	47027
252	0	18	80	1156	35806
253	19	8	40	1160	21837
254	0	18	80	1164	8065
255	15	0	80	1168	6857
256	6	19	160	1172	6595
257	5	13	120	1200	54047
258	1	11	120	1206	31404
259	1	11	120	1212	24738
260	6	19	40	1218	12679
261	0	18	120	1224	35855
262	6	19	160	1230	2915
263	15	0	80	1236	5590
264	0	18	120	1242	36553
265	3	16	80	1248	18288
266	4	7	40	1254	34733
267	5	13	80	1260	56698
268	3	16	80	1266	29669
269	19	8	160	1272	82932
270	1	11	120	1278	364
271	3	16	40	1284	25123
272	0	18	120	1290	9836
273	5	13	80	1296	28297
274	1	11	120	1302	3263
275	1	11	40	1308	4078
276	0	18	120	1314	6558
277	15	0	80	1320	36338
278	0	18	80	1326	34468
279	15	0	120	1332	1873
280	5	13	120	1338	12343
281	1	11	80	1344	122351
282	15	0	40	1350	14551
283	5	13	160	1356	25906
284	0	18	160	1362	43303
285	19	8	40	1368	56811
286	1	11	80	1374	3493
287	19	8	80	1380	5963
288	6	19	160	1386	11478
289	6	19	160	1392	12318
290	15	0	80	1398	7247
291	6	19	80	1404	51486
292	1	11	120	1410	110859
293	0	18	120	1416	9548
294	6	19	40	1422	65886
295	1	11	120	1428	27064
296	5	13	40	1434	21822
297	1	11	80	1440	17046
298	6	19	120	1446	15104
299	19	8	40	1452	23115
300	19	8	40	1458	108181
301	1	11	80	1464	18583
302	6	19	40	1470	26240
303	4	7	80	1476	20795
304	3	16	40	1482	13400
305	0	18	40	1488	54744
306	1	11	40	1494	17757
307	4	7	160	1500	2069
308	15	0	80	1506	15250
309	15	0	40	1512	3318
310	6	19	160	1518	227
311	19	8	80	1524	14801
312	5	13	40	1530	3415
313	4	7	160	1536	25518
314	6	19	40	1542	6623
315	4	7	160	1548	12929
316	3	16	80	1554	9286
317	1	11	40	1560	14531
318	15	0	80	1566	11179
319	1	11	120	1572	50042
320	1	11	40	1578	12172
321	5	13	160	1600	18887
322	15	0	120	1605	17899
323	5	13	80	1610	8838
324	1	11	80	1615	29527
325	5	13	80	1620	3400
326	0	18	120	1625	25807
327	19	8	160	1630	192
328	19	8	80	1635	33919
329	19	8	40	1640	14388
330	6	19	160	1645	19654
331	15	0	40	1650	31479
332	1	11	120	1655	9007
333	1	11	80	1660	3727
334	15	0	120	1665	2161
335	3	16	40	1670	47725
336	4	7	40	1675	9574
337	4	7	120	1680	49921
338	1	11	120	1685	6346
339	19	8	160	1690	66576
340	6	19	160	1695	11605
341	6	19	80	1700	1302
342	0	18	160	1705	33241
343	15	0	160	1710	6936
344	0	18	160	1715	11943
345	19	8	160	1720	38668
346	0	18	40	1725	33301
347	15	0	160	1730	9807
348	4	7	80	1735	2186
349	1	11	80	1740	17578
350	19	8	40	1745	10536
351	3	16	40	1750	3703
352	4	7	160	1755	3511
353	4	7	40	1760	21477
354	6	19	160	1765	5978
355	4	7	80	1770	14096
356	3	16	160	1775	321
357	1	11	160	1780	10592
358	1	11	160	1785	49294
359	6	19	160	1790	8415
360	19	8	80	1795	6555
361	1	11	40	1800	17358
362	5	13	120	1805	9467
363	19	8	80	1810	469
364	1	11	40	1815	20258
365	15	0	160	1820	7843
366	6	19	160	1825	3825
367	4	7	120	1830	107789
368	5	13	80	1835	20174
369	3	16	160	1840	11398
370	0	18	120	1845	2198
371	19	8	160	1850	14165
372	19	8	80	1855	6019
373	15	0	120	1860	13693
374	4	7	120	1865	16267
375	5	13	120	1870	10153
376	4	7	160	1875	38043
377	0	18	160	1880	7706
378	4	7	80	1885	59457
379	3	16	80	1890	57118
380	5	13	40	1895	11541
381	3	16	160	1900	9374
382	5	13	120	1905	60896
383	6	19	40	1910	6504
384	19	8	40	1915	2411
385	3	16	160	1920	12912
386	4	7	40	1925	21664
387	6	19	80	1930	30687
388	4	7	80	1935	61644
389	4	7	40	1940	24649
390	0	18	40	1945	45496
391	1	11	80	1950	85927
392	1	11	120	1955	79
393	5	13	120	1960	66200
394	0	18	80	1965	28781
395	5	13	120	1970	48705
396	0	18	160	1975	31147
397	1	11	120	1980	31451
398	6	19	120	1985	27418
399	3	16	40	1990	2884
400	1	11	40	2000	25402
401	5	13	120	2005	34403
402	3	16	80	2010	34952
403	1	11	120	2015	29625
404	0	18	120	2020	13564
405	0	18	80	2025	57665
406	4	7	120	2030	60978
407	5	13	80	2035	29001
408	0	18	120	2040	2503
409	1	11	80	2045	50007
410	19	8	120	2050	25135
411	3	16	40	2055	32206
412	6	19	80	2060	13950
413	15	0	120	2065	80001
414	1	11	160	2070	58874
415	6	19	120	2075	59350
416	6	19	120	2080	21628
417	15	0	80	2085	2225
418	0	18	40	2090	61783
419	19	8	80	2095	4012
420	4	7	120	2100	27669
421	0	18	80	2105	13313
422	0	18	40	2110	1624
423	0	18	40	2115	62687
424	3	16	120	2120	18033
425	15	0	80	2125	2942
426	6	19	40	2130	14023
427	4	7	160	2135	8058
428	15	0	40	2140	31982
429	19	8	160	2145	23456
430	4	7	160	2150	23102
431	3	16	40	2155	1607
432	3	16	40	2160	21616
433	1	11	80	2165	38964
434	1	11	40	2170	7046
435	19	8	120	2175	23237
436	19	8	80	2180	19509
437	4	7	160	2185	5716
438	6	19	80	2190	39315
439	15	0	120	2195	4940
440	19	8	80	2200	16391
441	15	0	120	2205	53679
442	6	19	160	2210	23381
443	3	16	40	2215	1176
444	5	13	120	2220	118479
445	6	19	40	2225	2827
446	5	13	160	2230	18188
447	3	16	40	2235	954
448	3	16	160	2240	549
449	3	16	160	2245	36658
450	19	8	40	2250	7707
451	1	11	80	2255	24406
452	1	11	80	2260	39422
453	15	0	80	2265	17967
454	19	8	80	2270	13447
455	1	11	160	2275	6186
456	5	13	80	2280	28584
457	1	11	80	2285	44027
458	15	0	160	2290	4783
459	3	16	40	2295	9127
460	4	7	80	2300	15102
461	19	8	160	2305	24253
462	15	0	80	2310	80541
463	1	11	120	2315	15481
464	6	19	120	2320	7143
465	5	13	120	2325	21069
466	0	18	160	2330	3758
467	5	13	160	2335	24387
468	6	19	80	2340	29699
469	3	16	40	2345	8345
470	6	19	80	2350	10681
471	3	16	120	2355	11549
472	1	11	40	2360	7981
473	1	11	120	2365	32121
474	19	8	160	2400	25826
475	5	13	160	2405	37580
476	4	7	80	2410	39019
477	6	19	40	2415	426
478	5	13	120	2420	65157
479	6	19	120	2425	12956
480	3	16	80	2430	21053
481	4	7	160	2435	12401
482	0	18	160	2440	7310
483	5	13	80	2445	73534
484	19	8	160	2450	10302
485	3	16	80	2455	93642
486	1	11	120	2460	7169
487	5	13	160	2465	1657
488	3	16	160	2470	11235
489	0	18	80	2475	661
490	3	16	40	2480	61901
491	6	19	40	2485	30221
492	5	13	40	2490	761
493	3	16	80	2495	16127
494	4	7	80	2500	30468
495	19	8	80	2505	47000
496	0	18	80	2510	63167
497	5	13	80	2515	3819
498	6	19	120	2520	37501
499	19	8	160	2525	12601
500	6	19	40	2530	81268
501	0	18	40	2535	53710
502	6	19	160	2540	9578
503	0	18	120	2545	31327
504	5	13	80	2550	13226
505	6	19	80	2555	53570
506	19	8	80	2560	10538
507	19	8	160	2565	1710
508	15	0	80	2570	48583
509	3	16	120	2575	24378
510	15	0	80	2580	13239
511	15	0	40	2585	27232
512	6	19	120	2590	56878
513	1	11	80	2595	34607
514	19	8	120	2600	31627
515	19	8	80	2605	1574
516	15	0	40	2610	11218
517	3	16	160	2615	285
518	1	11	120	2620	3241
519	3	16	40	2625	7805
520	4	7	160	2630	9472
521	4	7	40	2635	1955
522	1	11	160	2640	7362
523	6	19	160	2645	27549
524	19	8	40	2650	11071
525	19	8	40	2655	24726
526	15	0	120	2660	10366
527	15	0	120	2665	37870
528	15	0	40	2670	453
529	19	8	120	2675	38645
530	5	13	80	2680	47711
531	19	8	40	2685	25618
532	0	18	120	2690	6186
533	5	13	120	2695	17882
534	19	8	120	2700	14391
535	1	11	80	2705	28165
536	15	0	40	2710	1856
537	0	18	40	2715	18308
538	19	8	160	2720	18100
539	4	7	120	2725	14625
540	3	16	40	2730	23501
541	3	16	120	2735	5041
542	6	19	80	2740	5319
543	0	18	80	2745	31960
544	3	16	160	2750	22184
545	4	7	160	2755	6767
546	0	18	80	2760	39809
547	3	16	160	2765	7477
548	4	7	120	2770	33955
549	4	7	40	2775	25578
550	0	18	80	2800	15950
551	15	0	120	2805	59514
552	3	16	120	2810	504
553	3	16	80	2815	17256
554	5	13	40	2820	2063
555	1	11	160	2825	52523
556	15	0	40	2830	23807
557	0	18	160	2835	24949
558	1	11	120	2840	10686
559	5	13	80	2845	36403
560	19	8	120	2850	18738
561	0	18	120	2855	19802
562	1	11	160	2860	1233
563	15	0	160	2865	1683
564	15	0	40	2870	35782
565	19	8	80	2875	35052
566	15	0	120	2880	14402
567	1	11	40	2885	11519
568	1	11	160	2890	8993
569	6	19	80	2895	1018
570	1	11	40	2900	108370
571	15	0	160	2905	43940
572	3	16	160	2910	15796
573	15	0	40	2915	26610
574	0	18	40	2920	25418
575	0	18	40	2925	3526
576	6	19	120	2930	50777
577	1	11	120	2935	18028
578	3	16	40	2940	1987
579	4	7	40	2945	3173
580	19	8	160	2950	43022
581	4	7	160	2955	2080
582	4	7	40	2960	894
583	3	16	160	2965	10829
584	19	8	40	2970	9067
585	6	19	160	2975	70403
586	5	13	120	2980	24209
587	15	0	40	2985	30080
588	19	8	120	2990	14042
589	15	0	120	2995	19872
590	4	7	80	3000	1525
591	15	0	80	3005	13408
592	19	8	120	3010	4597
593	3	16	120	3015	33177
594	5	13	160	3020	58984
595	1	11	80	3025	1551
596	1	11	160	3030	3602
597	19	8	120	3035	3370
598	3	16	80	3040	77938
599	4	7	120	3045	43291
600	6	19	80	3050	37968
601	15	0	80	3055	13424
602	0	18	40	3060	74507
603	6	19	80	3065	30167
604	3	16	160	3070	26352
605	1	11	120	3075	24908
606	4	7	120	3080	13660
607	5	13	80	3085	10366
608	1	11	40	3090	47106
609	5	13	160	3095	69928
610	4	7	40	3100	203
611	6	19	120	3105	2554
612	6	19	160	3110	20083
613	6	19	120	3115	6444
614	6	19	80	3120	70550
615	4	7	160	3125	14739
616	6	19	120	3130	17878
617	15	0	160	3135	27871
618	19	8	120	3140	33571
619	0	18	40	3145	42253
620	3	16	120	3200	3413
621	19	8	80	3204	32036
622	3	16	120	3208	66833
623	4	7	40	3212	33218
624	3	16	40	3216	93834
625	4	7	160	3220	19759
626	19	8	80	3224	26275
627	0	18	80	3228	31709
628	3	16	40	3232	33820
629	15	0	160	3236	21435
630	19	8	80	3240	141757
631	15	0	160	3244	33119
632	19	8	40	3248	20092
633	19	8	80	3252	6718
634	15	0	120	3256	9590
635	0	18	120	3260	12462
636	4	7	120	3264	3284
637	15	0	160	3268	9294
638	0	18	160	3272	28632
639	6	19	120	3276	26524
640	3	16	80	3280	17256
641	19	8	40	3284	8036
642	5	13	40	3288	46331
643	4	7	120	3292	16502
644	3	16	80	3296	19412
645	6	19	160	3300	77637
646	0	18	120	3304	47381
647	1	11	160	3308	67055
648	6	19	80	3312	38856
649	0	18	40	3316	14587
650	5	13	120	3320	18499
651	4	7	160	3324	14455
652	19	8	40	3328	11392
653	1	11	80	3332	3427
654	0	18	160	3336	29117
655	6	19	160	3340	1424
656	5	13	160	3344	16168
657	6	19	160	3348	5527
658	3	16	40	3352	31920
659	15	0	40	3356	2674
660	3	16	80	3360	94360
661	4	7	80	3364	28961
662	3	16	80	3368	21698
663	4	7	80	3372	7516
664	5	13	120	3376	71163
665	6	19	80	3380	7227
666	15	0	80	3384	18319
667	15	0	80	3388	9353
668	19	8	160	3392	56767
669	5	13	160	3396	18744
670	19	8	40	3400	9647
671	15	0	160	3404	5480
672	6	19	160	3408	111067
673	3	16	160	3412	2112
674	6	19	160	3416	9090
675	4	7	120	3420	45214
676	4	7	80	3424	51265
677	15	0	160	3428	13960
678	0	18	160	3432	5200
679	6	19	80	3436	468
680	3	16	80	3440	28885
681	6	19	80	3444	31121
682	3	16	40	3448	64266
683	1	11	40	3452	8566
684	3	16	40	3456	1314
685	5	13	80	3460	18890
686	15	0	160	3464	11107
687	6	19	160	3468	13659
688	15	0	80	3472	18709
689	0	18	160	3476	7611
690	5	13	160	3480	59130
691	15	0	120	3484	61286
692	5	13	120	3488	21139
693	1	11	160	3492	21471
694	3	16	80	3496	27989
695	15	0	40	3500	40102
696	6	19	160	3504	28066
697	1	11	120	3508	21167
698	15	0	40	3512	19098
699	6	19	40	3516	8375
700	19	8	80	3520	13354
701	3	16	40	3524	18552
702	3	16	40	3528	799
703	0	18	80	3532	7221
704	1	11	160	3536	3190
705	15	0	160	3540	9726
706	6	19	160	3544	14887
707	6	19	80	3548	8343
708	5	13	120	3552	40862
709	6	19	80	3600	46304
710	3	16	120	3604	4638
711	6	19	160	3608	1209
712	5	13	40	3612	262
713	6	19	160	3616	30228
714	5	13	160	3620	12483
715	5	13	160	3624	7026
716	0	18	40	3628	35224
717	1	11	40	3632	8386
718	1	11	40	3636	5828
719	0	18	40	3640	12404
720	15	0	80	3644	52874
721	1	11	120	3648	2525
722	19	8	40	3652	36488
723	15	0	160	3656	24142
724	0	18	40	3660	23679
725	1	11	120	3664	12614
726	1	11	40	3668	23134
727	5	13	40	3672	12219
728	19	8	120	3676	12092
729	19	8	120	3680	16797
730	6	19	120	3684	4143
731	3	16	120	3688	8418
732	0	18	160	3692	53473
733	3	16	120	3696	55315
734	15	0	160	3700	21548
735	19	8	40	3704	4227
736	3	16	40	3708	28407
737	3	16	120	3712	26712
738	0	18	40	3716	4637
739	4	7	40	3720	30558
740	15	0	80	3724	2069
741	1	11	120	3728	1918
742	1	11	80	3732	22984
743	1	11	40	3736	27849
744	15	0	80	3740	2422
745	15	0	160	3744	48193
746	1	11	120	3748	58143
747	19	8	120	3752	48842
748	6	19	160	3756	4929
749	6	19	80	3760	13687
750	6	19	160	3764	1039
751	5	13	120	3768	12042
752	0	18	120	3772	11105
753	6	19	160	3776	3764
754	19	8	120	3780	12462
755	6	19	160	3784	9500
756	4	7	40	3788	33953
757	5	13	40	3792	12197
758	0	18	80	3796	24036
759	19	8	80	3800	30183
760	5	13	160	3804	30092
761	1	11	120	3808	1567
762	15	0	160	3812	54755
763	5	13	160	3816	9060
764	19	8	120	3820	28593
765	19	8	160	3824	50867
766	6	19	40	3828	4095
767	1	11	80	3832	2814
768	15	0	40	3836	3167
769	5	13	160	3840	6715
770	3	16	120	3844	19702
771	15	0	120	3848	2478
772	0	18	40	3852	3045
773	6	19	40	3856	16421
774	1	11	160	3860	9291
775	6	19	160	3864	40202
776	0	18	80	3868	15863
777	6	19	160	3872	2388
778	19	8	120	3876	18546
779	1	11	40	3880	34393
780	19	8	160	3884	16515
781	3	16	120	3888	33201
782	15	0	80	3892	5758
783	1	11	40	3896	77949
784	1	11	160	3900	14831
785	1	11	40	3904	34653
786	1	11	40	3908	62301
787	3	16	160	3912	32994
788	4	7	40	3916	16404
789	0	18	40	3920	7411
790	5	13	40	3924	12440
791	15	0	40	3928	8402
792	3	16	40	3932	948
793	0	18	160	3936	14790
794	19	8	80	3940	132
795	6	19	120	3944	469
796	3	16	160	3948	4732
797	5	13	80	3952	8621
798	3	16	80	3956	111575
799	15	0	80	4000	5843
800	1	11	160	4005	29616
801	19	8	40	4010	38704
802	0	18	120	4015	32860
803	0	18	40	4020	68172
804	4	7	160	4025	49844
805	19	8	80	4030	69297
806	4	7	120	4035	7730
807	3	16	120	4040	49888
808	4	7	40	4045	41715
809	3	16	160	4050	21535
810	6	19	120	4055	44470
811	15	0	40	4060	26053
812	5	13	120	4065	47216
813	15	0	80	4070	49196
814	19	8	80	4075	5907
815	3	16	80	4080	80677
816	3	16	80	4085	45520
817	5	13	120	4090	66244
818	4	7	40	4095	46092
819	6	19	80	4100	64592
820	6	19	160	4105	74152
821	3	16	40	4110	12653
822	15	0	80	4115	22938
823	15	0	160	4120	46843
824	0	18	120	4125	43917
825	5	13	120	4130	7375
826	5	13	80	4135	1468
827	19	8	40	4140	25830
828	15	0	120	4145	16161
829	5	13	40	4150	8616
830	3	16	40	4155	24105
831	4	7	160	4160	4817
832	4	7	80	4165	2643
833	1	11	40	4170	9332
834	0	18	80	4175	1295
835	19	8	160	4180	28643
836	1	11	160	4185	86
837	6	19	80	4190	7609
838	6	19	80	4195	2170
839	3	16	80	4200	17450
840	6	19	120	4205	16095
841	19	8	120	4210	1244
842	19	8	160	4215	61519
843	1	11	40	4220	55951
844	3	16	120	4225	13174
845	6	19	160	4230	32534
846	1	11	120	4235	13711
847	5	13	160	4240	4400
848	1	11	120	4245	6645
849	5	13	40	4250	983
850	4	7	80	4255	4455
851	6	19	40	4260	6657
852	1	11	80	4265	14274
853	5	13	40	4270	1439
854	0	18	120	4275	7279
855	19	8	120	4280	8529
856	1	11	120	4285	4914
857	3	16	120	4290	52477
858	0	18	80	4295	2582
859	19	8	40	4300	22604
860	4	7	160	4305	51894
861	5	13	80	4310	22984
862	5	13	160	4315	11662
863	19	8	40	4320	17741
864	19	8	120	4325	76429
865	1	11	120	4330	25986
866	4	7	120	4335	19593
867	4	7	80	4340	18533
868	6	19	160	4345	40983
869	0	18	80	4350	17682
870	0	18	80	4355	78312
871	5	13	40	4360	20718
872	19	8	80	4365	45571
873	0	18	120	4370	9855
874	19	8	160	4375	14069
875	15	0	80	4380	56234
876	4	7	80	4385	16010
877	6	19	40	4400	29930
878	4	7	80	4405	13725
879	3	16	160	4410	2458
880	3	16	40	4415	42438
881	0	18	120	4420	53376
882	15	0	120	4425	12961
883	1	11	80	4430	14342
884	0	18	120	4435	3403
885	5	13	40	4440	11921
886	3	16	120	4445	31743
887	15	0	80	4450	1132
888	0	18	80	4455	1498
889	1	11	120	4460	33602
890	15	0	40	4465	17202
891	19	8	80	4470	2956
892	6	19	160	4475	4462
893	15	0	40	4480	15527
894	19	8	120	4485	23976
895	1	11	40	4490	49413
896	3	16	120	4495	26293
897	19	8	160	4500	12277
898	1	11	120	4505	69274
899	1	11	160	4510	34360
900	3	16	40	4515	4886
901	6	19	40	4520	54599
902	15	0	160	4525	10294
903	0	18	40	4530	30595
904	5	13	160	4535	1960
905	15	0	40	4540	21469
906	15	0	120	4545	11941
907	0	18	120	4550	2838
908	5	13	40	4555	22885
909	1	11	80	4560	10623
910	4	7	80	4565	40149
911	4	7	120	4570	15350
912	19	8	40	4575	14442
913	15	0	120	4580	112
914	5	13	40	4585	36417
915	4	7	40	4590	119465
916	6	19	160	4595	5323
917	4	7	80	4600	65603
918	19	8	80	4605	11875
919	3	16	120	4610	20094
920	19	8	40	4615	63071
921	5	13	80	4620	17213
922	4	7	160	4625	15579
923	5	13	40	4630	1619
924	1	11	80	4635	233
925	1	11	40	4640	44873
926	19	8	40	4645	12604
927	1	11	80	4650	11236
928	1	11	160	4655	29300
929	15	0	120	4660	20320
930	5	13	120	4665	6533
931	5	13	80	4670	2168
932	4	7	120	4675	35109
933	3	16	120	4680	26933
934	19	8	120	4685	58641
935	6	19	160	4690	64578
936	1	11	120	4695	18794
937	6	19	80	4700	28637
938	6	19	120	4705	11143
939	3	16	80	4710	18688
940	15	0	80	4715	182246
941	3	16	160	4720	23351
942	1	11	80	4725	13551
943	15	0	40	4730	29124
944	6	19	80	4735	67981
945	4	7	120	4740	959
946	19	8	40	4745	26156
947	19	8	80	4750	4327
948	1	11	40	4755	28550
949	5	13	80	4760	24429
950	5	13	40	4800	26860
951	19	8	40	4804	31480
952	0	18	80	4808	244
953	19	8	160	4812	11361
954	3	16	120	4816	43000
955	6	19	160	4820	26777
956	1	11	40	4824	13061
957	1	11	120	4828	8002
958	19	8	160	4832	29778
959	3	16	120	4836	6354
960	19	8	40	4840	4840
961	6	19	40	4844	438
962	19	8	120	4848	12521
963	15	0	80	4852	1066
964	6	19	120	4856	3050
965	19	8	160	4860	31063
966	19	8	160	4864	29223
967	6	19	120	4868	36091
968	15	0	160	4872	2304
969	19	8	40	4876	45299
970	1	11	120	4880	14352
971	19	8	80	4884	16740
972	15	0	120	4888	19899
973	5	13	160	4892	45421
974	5	13	40	4896	20122
975	6	19	80	4900	8757
976	3	16	40	4904	2013
977	6	19	160	4908	35761
978	19	8	160	4912	3180
979	15	0	120	4916	84559
980	1	11	40	4920	4824
981	0	18	120	4924	6699
982	19	8	80	4928	27213
983	5	13	120	4932	1648
984	1	11	120	4936	54721
985	6	19	120	4940	17007
986	4	7	40	4944	1903
987	5	13	120	4948	11915
988	19	8	40	4952	44149
989	3	16	160	4956	6612
990	4	7	120	4960	17241
991	19	8	160	4964	7209
992	15	0	120	4968	102314
993	3	16	40	4972	3586
994	3	16	80	4976	10648
995	0	18	40	4980	95601
996	3	16	40	4984	5825
997	4	7	160	4988	11783
998	1	11	80	4992	21021
999	6	19	80	4996	5816
1000	4	7	160	5000	9794
1001	3	16	80	5004	52120
1002	0	18	120	5008	1831
1003	3	16	160	5012	45073
1004	4	7	160	5016	5014
1005	6	19	160	5020	4508
1006	1	11	80	5024	4386
1007	4	7	120	5028	4207
1008	4	7	160	5032	39794
1009	6	19	40	5036	17997
1010	4	7	160	5040	21507
1011	5	13	40	5044	24859
1012	3	16	160	5048	4167
1013	0	18	40	5052	32361
1014	1	11	120	5056	1243
1015	15	0	80	5060	67157
1016	15	0	160	5064	9968
1017	3	16	40	5068	9976
1018	6	19	160	5072	3780
1019	19	8	40	5076	22700
1020	5	13	160	5080	25172
1021	4	7	80	5084	9001
1022	6	19	120	5088	66200
1023	5	13	160	5092	45648
1024	5	13	80	5096	9830
1025	1	11	120	5100	5075
1026	0	18	160	5104	17429
1027	4	7	120	5108	13271
1028	3	16	80	5112	16205
1029	4	7	160	5116	21179
1030	3	16	80	5120	2268
1031	19	8	40	5124	28301
1032	5	13	120	5128	5090
1033	1	11	80	5132	57501
1034	4	7	160	5136	24214
1035	15	0	120	5140	8426
1036	19	8	40	5144	4475
1037	6	19	80	5200	42683
1038	1	11	160	5204	50457
1039	5	13	160	5208	31111
1040	5	13	40	5212	9995
1041	0	18	80	5216	59289
1042	1	11	160	5220	20924
1043	3	16	160	5224	9028
1044	15	0	40	5228	25123
1045	15	0	80	5232	48492
1046	6	19	40	5236	2530
1047	6	19	120	5240	6763
1048	1	11	80	5244	2218
1049	4	7	40	5248	13043
1050	3	16	80	5252	24618
1051	19	8	40	5256	49984
1052	15	0	40	5260	6657
1053	1	11	40	5264	85696
1054	1	11	120	5268	20009
1055	19	8	80	5272	542
1056	6	19	160	5276	71615
1057	5	13	120	5280	6047
1058	15	0	120	5284	17171
1059	1	11	80	5288	148185
1060	5	13	40	5292	25540
1061	6	19	120	5296	32540
1062	1	11	80	5300	26596
1063	19	8	160	5304	6063
1064	3	16	160	5308	13803
1065	4	7	120	5312	55113
1066	0	18	120	5316	14519
1067	1	11	80	5320	6920
1068	6	19	40	5324	2660
1069	3	16	40	5328	33699
1070	19	8	40	5332	35165
1071	0	18	80	5336	17061
1072	1	11	80	5340	14890
1073	0	18	40	5344	13043
1074	4	7	160	5348	7586
1075	4	7	120	5352	31801
1076	3	16	80	5356	31506
1077	3	16	160	5360	23417
1078	6	19	160	5364	5409
1079	6	19	160	5368	15176
1080	5	13	80	5372	2278
1081	3	16	40	5376	7575
1082	3	16	80	5380	9844
1083	15	0	80	5384	1785
1084	1	11	120	5388	69506
1085	3	16	80	5392	5803
1086	0	18	40	5396	14359
1087	4	7	80	5400	5940
1088	0	18	160	5404	10094
1089	4	7	80	5408	22786
1090	1	11	120	5412	10216
1091	3	16	120	5416	70674
1092	19	8	160	5420	9258
1093	19	8	80	5424	50869
1094	19	8	160	5428	1779
1095	19	8	120	5432	21893
1096	19	8	40	5436	6764
1097	1	11	160	5440	10657
1098	0	18	160	5444	50127
1099	3	16	80	5448	33229
1100	15	0	160	5452	12805
1101	5	13	160	5456	45460
1102	0	18	80	5460	3637
1103	15	0	40	5464	9750
1104	5	13	160	5468	25215
1105	1	11	160	5472	3416
1106	15	0	120	5476	12790
1107	6	19	160	5480	41550
1108	6	19	80	5484	28963
1109	6	19	40	5488	42718
1110	6	19	160	5492	8267
1111	4	7	40	5496	9480
1112	19	8	160	5500	507
1113	0	18	120	5504	1038
1114	6	19	160	5508	57094
1115	1	11	160	5512	11640
1116	3	16	80	5516	12493
1117	4	7	160	5520	21879
1118	6	19	80	5600	7834
1119	19	8	120	5604	6042
1120	4	7	120	5608	14309
1121	6	19	40	5612	6418
1122	0	18	80	5616	57044
1123	1	11	120	5620	16250
1124	0	18	80	5624	12571
1125	5	13	120	5628	41367
1126	1	11	120	5632	5019
1127	1	11	160	5636	20956
1128	0	18	80	5640	10258
1129	5	13	80	5644	26801
1130	4	7	80	5648	16094
1131	0	18	120	5652	11179
1132	3	16	160	5656	32978
1133	3	16	80	5660	14444
1134	19	8	40	5664	1362
1135	0	18	120	5668	6618
1136	3	16	120	5672	3343
1137	5	13	40	5676	62
1138	1	11	120	5680	13132
1139	0	18	120	5684	40122
1140	5	13	120	5688	38830
1141	4	7	40	5692	23688
1142	6	19	40	5696	17536
1143	3	16	160	5700	17218
1144	15	0	80	5704	9313
1145	15	0	120	5708	493
1146	4	7	120	5712	62633
1147	15	0	80	5716	7807
1148	3	16	120	5720	86303
1149	15	0	160	5724	27888
1150	5	13	80	5728	5133
1151	5	13	40	5732	25023
1152	5	13	120	5736	2002
1153	0	18	40	5740	25441
1154	19	8	160	5744	8575
1155	0	18	120	5748	4728
1156	4	7	80	5752	68501
1157	15	0	120	5756	25108
1158	6	19	160	5760	62531
1159	19	8	40	5764	42344
1160	0	18	80	5768	69158
1161	6	19	160	5772	42631
1162	5	13	120	5776	15469
1163	1	11	160	5780	686
1164	1	11	120	5784	10072
1165	5	13	80	5788	60336
1166	0	18	40	5792	20786
1167	5	13	80	5796	20184
1168	1	11	120	5800	104577
1169	6	19	80	5804	26343
1170	19	8	40	5808	7040
1171	15	0	40	5812	12388
1172	1	11	40	5816	4666
1173	5	13	120	5820	15075
1174	4	7	40	5824	13110
1175	0	18	80	5828	41398
1176	0	18	40	5832	30231
1177	6	19	120	5836	12067
1178	4	7	80	5840	4480
1179	3	16	160	5844	11761
1180	1	11	160	5848	54123
1181	3	16	40	5852	58063
1182	19	8	80	5856	22586
1183	3	16	80	5860	25939
1184	19	8	40	5864	15698
1185	19	8	40	5868	44150
1186	4	7	40	5872	8297
1187	1	11	120	5876	2352
1188	3	16	120	5880	3950
1189	15	0	80	5884	50166
1190	5	13	40	5888	8512
1191	5	13	160	5892	15756
1192	15	0	80	5896	1909
1193	1	11	120	5900	21557
1194	0	18	80	5904	48621
1195	19	8	160	5908	84932
1196	15	0	120	5912	3962
1197	4	7	40	5916	16170
1198	0	18	80	5920	4449
1199	1	11	40	5924	12362
1200	6	19	80	5928	13955
1201	15	0	80	5932	10625
1202	6	19	120	5936	8237
1203	5	13	40	6000	8774
1204	19	8	120	6004	13613
1205	15	0	40	6008	37381
1206	4	7	40	6012	15271
1207	19	8	160	6016	22824
1208	6	19	40	6020	6356
1209	19	8	80	6024	15630
1210	0	18	120	6028	14903
1211	6	19	160	6032	19016
1212	4	7	80	6036	15621
1213	4	7	160	6040	18570
1214	15	0	40	6044	65074
1215	6	19	40	6048	803
1216	15	0	120	6052	5991
1217	3	16	40	6056	40424
1218	1	11	160	6060	19064
1219	3	16	80	6064	16713
1220	0	18	80	6068	23652
1221	19	8	80	6072	15974
1222	3	16	120	6076	12947
1223	3	16	40	6080	2819
1224	1	11	80	6084	11002
1225	3	16	40	6088	35577
1226	19	8	160	6092	9495
1227	19	8	120	6096	21049
1228	5	13	80	6100	21888
1229	5	13	80	6104	14345
1230	1	11	160	6108	26580
1231	5	13	160	6112	6149
1232	6	19	80	6116	6146
1233	1	11	40	6120	35036
1234	5	13	80	6124	70258
1235	3	16	120	6128	18502
1236	6	19	80	6132	23253
1237	3	16	40	6136	8683
1238	4	7	120	6140	6203
1239	1	11	40	6144	28165
1240	5	13	40	6148	11102
1241	5	13	80	6152	27245
1242	5	13	120	6156	47304
1243	4	7	80	6160	26837
1244	15	0	120	6164	12816
1245	15	0	80	6168	33403
1246	1	11	80	6172	69
1247	3	16	80	6176	18518
1248	4	7	80	6180	25831
1249	3	16	40	6184	43270
1250	0	18	40	6188	33273
1251	5	13	80	6192	9891
1252	1	11	80	6196	68370
1253	15	0	40	6200	26434
1254	0	18	160	6204	35885
1255	15	0	160	6208	74370
1256	5	13	160	6212	67829
1257	3	16	80	6216	4753
1258	4	7	160	6220	66924
1259	5	13	120	6224	25890
1260	15	0	40	6228	14904
1261	4	7	80	6232	52277
1262	4	7	80	6236	371
1263	0	18	160	6240	36640
1264	6	19	80	6244	39731
1265	4	7	160	6248	6478
1266	0	18	80	6252	9301
1267	1	11	80	6256	29766
1268	15	0	80	6260	21531
1269	4	7	120	6264	12105
1270	0	18	120	6268	12762
1271	4	7	120	6272	59834
1272	15	0	120	6276	21203
1273	0	18	160	6280	46743
1274	15	0	40	6284	3377
1275	5	13	40	6288	71008
1276	4	7	160	6292	23562
1277	15	0	40	6296	32683
1278	4	7	120	6300	28663
1279	3	16	160	6304	22992
1280	1	11	120	6308	35272
1281	6	19	80	6312	37343
1282	4	7	40	6316	62119
1283	1	11	80	6320	34562
1284	4	7	40	6324	28888
1285	6	19	120	6328	9678
1286	4	7	80	6332	8016
1287	19	8	80	6336	19612
1288	1	11	80	6340	115684
1289	15	0	80	6344	114623
1290	15	0	120	6348	21791
1291	3	16	160	6352	13950
1292	15	0	40	6356	10902
1293	19	8	40	6400	20132
1294	3	16	160	6405	6214
1295	0	18	160	6410	15861
1296	0	18	160	6415	26124
1297	5	13	120	6420	1947
1298	6	19	160	6425	47907
1299	4	7	160	6430	4681
1300	15	0	160	6435	13494
1301	19	8	40	6440	8294
1302	4	7	160	6445	69816
1303	0	18	160	6450	7324
1304	3	16	80	6455	13187
1305	6	19	120	6460	42907
1306	6	19	160	6465	33377
1307	1	11	120	6470	2123
1308	19	8	160	6475	18446
1309	5	13	160	6480	42202
1310	4	7	40	6485	9594
1311	6	19	120	6490	5264
1312	19	8	160	6495	15814
1313	1	11	160	6500	9331
1314	3	16	160	6505	52971
1315	1	11	160	6510	26870
1316	0	18	40	6515	78422
1317	1	11	40	6520	6977
1318	5	13	120	6525	2075
1319	19	8	160	6530	15562
1320	0	18	80	6535	73183
1321	0	18	40	6540	34549
1322	0	18	160	6545	30445
1323	0	18	40	6550	22032
1324	6	19	160	6555	38563
1325	15	0	120	6560	85484
1326	6	19	80	6565	19284
1327	19	8	80	6570	457
1328	6	19	40	6575	23814
1329	6	19	80	6580	25036
1330	4	7	40	6585	8045
1331	15	0	40	6590	19027
1332	1	11	80	6595	50819
1333	0	18	120	6600	17609
1334	4	7	40	6605	4947
1335	3	16	80	6610	15592
1336	1	11	120	6615	44519
1337	4	7	80	6620	26021
1338	19	8	160	6625	9985
1339	15	0	80	6630	48460
1340	0	18	160	6635	20863
1341	1	11	160	6640	5333
1342	19	8	80	6645	533
1343	5	13	120	6650	4306
1344	4	7	80	6655	26035
1345	0	18	40	6660	12248
1346	3	16	40	6665	76213
1347	6	19	40	6670	1053
1348	5	13	80	6675	27182
1349	1	11	160	6680	19407
1350	0	18	120	6685	17700
1351	19	8	160	6690	12704
1352	19	8	160	6695	127681
1353	6	19	40	6700	11745
1354	4	7	80	6705	6104
1355	6	19	120	6710	26398
1356	19	8	80	6715	20448
1357	4	7	160	6720	10146
1358	4	7	40	6725	14946
1359	4	7	120	6730	14397
1360	0	18	80	6735	7898
1361	6	19	80	6740	31624
1362	4	7	120	6745	14586
1363	1	11	120	6750	52687
1364	0	18	120	6755	18786
1365	5	13	160	6760	36570
1366	5	13	80	6765	9160
1367	19	8	40	6800	78937
1368	15	0	160	6804	3504
1369	0	18	80	6808	12752
1370	0	18	80	6812	42533
1371	5	13	160	6816	8562
1372	3	16	40	6820	58308
1373	15	0	40	6824	5827
1374	19	8	160	6828	54407
1375	15	0	120	6832	33595
1376	1	11	160	6836	32420
1377	4	7	80	6840	19406
1378	6	19	120	6844	66991
1379	5	13	160	6848	12250
1380	4	7	120	6852	323
1381	19	8	40	6856	17085
1382	4	7	40	6860	10010
1383	5	13	40	6864	1863
1384	6	19	120	6868	3231
1385	5	13	40	6872	49681
1386	19	8	40	6876	19287
1387	4	7	40	6880	16285
1388	5	13	80	6884	8399
1389	6	19	80	6888	17573
1390	3	16	40	6892	56324
1391	6	19	120	6896	16576
1392	0	18	80	6900	5304
1393	4	7	40	6904	52803
1394	15	0	40	6908	21212
1395	3	16	80	6912	45294
1396	15	0	80	6916	32684
1397	6	19	120	6920	3433
1398	5	13	160	6924	23310
1399	19	8	80	6928	50870
1400	4	7	120	6932	2064
1401	4	7	160	6936	129784
1402	19	8	80	6940	57028
1403	5	13	40	6944	7408
1404	1	11	120	6948	30939
1405	4	7	120	6952	6013
1406	6	19	160	6956	16591
1407	1	11	120	6960	36286
1408	15	0	40	6964	16189
1409	6	19	160	6968	15293
1410	5	13	120	6972	62529
1411	5	13	40	6976	458
1412	15	0	40	6980	12505
1413	15	0	40	6984	1581
1414	0	18	40	6988	13819
1415	0	18	40	6992	35390
1416	3	16	80	6996	11909
1417	19	8	80	7000	11500
1418	5	13	160	7004	34523
1419	4	7	120	7008	26537
1420	5	13	120	7012	6266
1421	1	11	40	7016	41780
1422	3	16	160	7020	26420
1423	0	18	80	7024	23015
1424	6	19	40	7028	17016
1425	3	16	120	7032	9657
1426	5	13	120	7036	2576
1427	15	0	160	7040	551
1428	19	8	40	7044	23782
1429	5	13	120	7048	1177
1430	19	8	80	7052	229
1431	4	7	40	7056	22456
1432	15	0	80	7060	64916
1433	6	19	80	7064	1452
1434	0	18	40	7068	9162
1435	0	18	160	7072	432
1436	0	18	160	7076	22123
1437	15	0	160	7080	1882
1438	3	16	80	7084	10346
1439	3	16	40	7088	56324
1440	19	8	80	7092	11269
1441	6	19	120	7096	35566
1442	5	13	40	7100	48
1443	19	8	80	7104	41702
1444	1	11	160	7108	21576
1445	15	0	40	7112	51989
1446	19	8	80	7116	2333
1447	1	11	40	7120	3467
1448	4	7	40	7124	14411
1449	6	19	40	7128	40586
1450	0	18	40	7132	14670
1451	19	8	160	7136	10827
1452	1	11	120	7140	11111
1453	1	11	80	7144	73058
1454	3	16	160	7148	25203
1455	1	11	120	7200	7154
1456	0	18	160	7204	9543
1457	19	8	160	7208	8232
1458	15	0	160	7212	34024
1459	19	8	40	7216	11990
1460	19	8	160	7220	3064
1461	15	0	160	7224	15527
1462	1	11	120	7228	3921
1463	1	11	120	7232	14034
1464	6	19	120	7236	14864
1465	1	11	80	7240	9201
1466	6	19	160	7244	2153
1467	0	18	160	7248	10242
1468	6	19	160	7252	32930
1469	0	18	40	7256	13068
1470	19	8	80	7260	4441
1471	4	7	80	7264	9105
1472	5	13	40	7268	743
1473	3	16	160	7272	46911
1474	5	13	40	7276	8365
1475	19	8	40	7280	14655
1476	6	19	40	7284	41505
1477	4	7	120	7288	44491
1478	15	0	120	7292	575
1479	19	8	40	7296	23379
1480	3	16	40	7300	6543
1481	4	7	120	7304	82060
1482	4	7	120	7308	20325
1483	3	16	160	7312	40251
1484	5	13	80	7316	21429
1485	0	18	80	7320	24952
1486	1	11	120	7324	6494
1487	6	19	160	7328	94814
1488	4	7	80	7332	12607
1489	15	0	120	7336	1473
1490	19	8	40	7340	28090
1491	1	11	160	7344	8968
1492	0	18	40	7348	9175
1493	4	7	80	7352	75513
1494	4	7	40	7356	36831
1495	0	18	120	7360	54868
1496	5	13	160	7364	23352
1497	3	16	80	7368	19663
1498	1	11	160	7372	10799
1499	0	18	80	7376	7704
1500	0	18	80	7380	38574
1501	19	8	120	7384	32821
1502	4	7	40	7388	11788
1503	4	7	40	7392	770
1504	15	0	120	7396	24973
1505	5	13	120	7400	3664
1506	3	16	120	7404	9704
1507	19	8	160	7408	17228
1508	6	19	80	7412	25754
1509	4	7	120	7416	5149
1510	5	13	120	7420	13709
1511	6	19	80	7424	15913
1512	0	18	80	7428	7444
1513	19	8	160	7432	3487
1514	5	13	160	7436	4030
1515	4	7	80	7440	3973
1516	4	7	40	7444	56526
1517	19	8	160	7448	9886
1518	6	19	40	7452	45892
1519	5	13	40	7456	40532
1520	19	8	160	7460	2036
1521	0	18	160	7464	2664
1522	5	13	80	7468	67030
1523	15	0	80	7472	27866
1524	0	18	40	7476	31434
1525	6	19	120	7480	46698
1526	4	7	80	7484	149180
1527	0	18	160	7488	1832
1528	19	8	120	7492	1842
1529	4	7	80	7496	12098
1530	3	16	80	7500	43234
1531	3	16	120	7504	7335
1532	1	11	160	7508	15740
1533	15	0	80	7512	33185
1534	15	0	160	7516	41547
1535	4	7	120	7520	16318
1536	19	8	80	7524	20772
1537	19	8	120	7528	18619
1538	4	7	40	7532	4366
1539	19	8	160	7536	14301
1540	15	0	160	7600	9039
1541	1	11	120	7604	30972
1542	0	18	120	7608	9351
1543	0	18	160	7612	5825
1544	3	16	160	7616	23500
1545	3	16	160	7620	5506
1546	1	11	80	7624	1107
1547	0	18	80	7628	4835
1548	19	8	120	7632	38915
1549	19	8	160	7636	23983
1550	6	19	120	7640	119832
1551	6	19	40	7644	8031
1552	5	13	80	7648	29462
1553	6	19	120	7652	19009
1554	0	18	80	7656	5152
1555	0	18	80	7660	28459
1556	3	16	40	7664	39420
1557	5	13	120	7668	28994
1558	3	16	40	7672	8610
1559	0	18	40	7676	37412
1560	0	18	80	7680	3720
1561	1	11	160	7684	7197
1562	0	18	80	7688	13842
1563	1	11	160	7692	7295
1564	0	18	80	7696	10642
1565	3	16	160	7700	4524
1566	4	7	80	7704	89
1567	3	16	40	7708	17495
1568	0	18	40	7712	8986
1569	0	18	40	7716	25979
1570	5	13	160	7720	20447
1571	5	13	80	7724	10916
1572	4	7	120	7728	4509
1573	15	0	80	7732	12393
1574	6	19	80	7736	16704
1575	6	19	80	7740	10579
1576	19	8	80	7744	36599
1577	5	13	120	7748	30831
1578	5	13	80	7752	1548
1579	15	0	80	7756	17870
1580	5	13	40	7760	40112
1581	4	7	160	7764	40565
1582	1	11	80	7768	7589
1583	19	8	120	7772	14003
1584	6	19	160	7776	12369
1585	6	19	80	7780	19191
1586	6	19	80	7784	19504
1587	5	13	40	7788	65206
1588	6	19	40	7792	19480
1589	6	19	80	7796	3298
1590	1	11	120	7800	27865
1591	3	16	120	7804	50477
1592	5	13	120	7808	6530
1593	4	7	40	7812	11346
1594	19	8	80	7816	8743
1595	5	13	160	7820	1351
1596	1	11	80	7824	8104
1597	15	0	160	7828	1500
1598	19	8	80	7832	46732
1599	19	8	160	7836	14460
1600	15	0	80	7840	5394
1601	19	8	80	7844	17994
1602	19	8	80	7848	48991
1603	19	8	80	7852	3651
1604	3	16	40	7856	1445
1605	1	11	40	7860	23716
1606	1	11	120	7864	2881
1607	15	0	160	7868	8687
1608	19	8	80	7872	1121
1609	4	7	160	7876	43493
1610	1	11	40	7880	58364
1611	15	0	80	7884	2086
1612	19	8	80	7888	24437
1613	5	13	120	7892	35946
1614	5	13	40	7896	91188
1615	6	19	80	7900	9542
1616	0	18	120	7904	106103
1617	0	18	120	7908	134078
1618	5	13	160	7912	47079
1619	4	7	40	7916	39563
1620	6	19	120	7920	22939
1621	19	8	80	8000	1736
1622	6	19	40	8004	78296
1623	4	7	120	8008	4877
1624	15	0	80	8012	87966
1625	1	11	40	8016	28536
1626	19	8	160	8020	3266
1627	19	8	120	8024	37984
1628	19	8	160	8028	2475
1629	1	11	80	8032	14203
1630	5	13	40	8036	1739
1631	0	18	80	8040	30704
1632	5	13	80	8044	48225
1633	6	19	80	8048	22593
1634	0	18	160	8052	9389
1635	6	19	120	8056	8034
1636	4	7	120	8060	69777
1637	3	16	160	8064	3341
1638	6	19	120	8068	11612
1639	5	13	160	8072	35797
1640	4	7	120	8076	13804
1641	15	0	80	8080	6989
1642	5	13	160	8084	52598
1643	3	16	40	8088	30481
1644	5	13	40	8092	5849
1645	4	7	80	8096	22207
1646	3	16	80	8100	6560
1647	0	18	160	8104	14870
1648	19	8	160	8108	12223
1649	1	11	160	8112	90790
1650	5	13	80	8116	1658
1651	0	18	120	8120	8230
1652	3	16	160	8124	5391
1653	5	13	80	8128	1222
1654	3	16	80	8132	43545
1655	15	0	40	8136	3383
1656	1	11	80	8140	20022
1657	5	13	120	8144	27818
1658	0	18	40	8148	4378
1659	1	11	160	8152	10822
1660	1	11	80	8156	16659
1661	1	11	40	8160	9204
1662	19	8	40	8164	5526
1663	15	0	160	8168	21929
1664	15	0	160	8172	34938
1665	0	18	120	8176	5067
1666	1	11	40	8180	5880
1667	3	16	160	8184	702
1668	4	7	160	8188	14461
1669	15	0	80	8192	28351
1670	3	16	160	8196	11577
1671	6	19	160	8200	46848
1672	4	7	160	8204	22762
1673	19	8	40	8208	2115
1674	0	18	80	8212	11098
1675	15	0	80	8216	10817
1676	4	7	80	8220	4807
1677	3	16	160	8224	6666
1678	15	0	120	8228	82328
1679	4	7	40	8232	11119
1680	15	0	160	8236	14624
1681	15	0	160	8240	26276
1682	0	18	120	8244	12079
1683	6	19	160	8248	3088
1684	5	13	40	8252	11469
1685	5	13	80	8256	36296
1686	15	0	120	8260	17643
1687	0	18	160	8264	40661
1688	4	7	40	8268	35570
1689	1	11	160	8272	5124
1690	4	7	80	8276	30437
1691	15	0	40	8280	7199
1692	3	16	160	8284	79265
1693	4	7	160	8288	500
1694	3	16	80	8292	7700
1695	1	11	120	8296	3036
1696	15	0	40	8300	1154
1697	15	0	160	8304	8195
1698	5	13	40	8308	73079
1699	4	7	80	8312	630
1700	1	11	80	8316	11716
1701	0	18	120	8320	5667
1702	5	13	40	8324	222
1703	0	18	120	8328	29378
1704	19	8	40	8332	21666
1705	15	0	120	8400	5619
1706	5	13	160	8405	27172
1707	4	7	160	8410	2981
1708	4	7	160	8415	27302
1709	4	7	160	8420	15428
1710	4	7	120	8425	71880
1711	19	8	80	8430	9372
1712	6	19	160	8435	30431
1713	5	13	160	8440	38143
1714	3	16	40	8445	56913
1715	3	16	120	8450	43256
1716	1	11	80	8455	61559
1717	3	16	40	8460	2130
1718	1	11	160	8465	5933
1719	1	11	120	8470	104556
1720	3	16	40	8475	26591
1721	1	11	40	8480	12302
1722	19	8	120	8485	7097
1723	3	16	160	8490	7237
1724	4	7	160	8495	88011
1725	4	7	120	8500	3164
1726	4	7	40	8505	54044
1727	19	8	40	8510	21516
1728	5	13	120	8515	39845
1729	15	0	120	8520	6949
1730	19	8	40	8525	9111
1731	6	19	120	8530	53469
1732	15	0	120	8535	8223
1733	4	7	40	8540	68202
1734	3	16	160	8545	100097
1735	15	0	40	8550	6776
1736	3	16	120	8555	25622
1737	19	8	160	8560	28069
1738	15	0	160	8565	17927
1739	6	19	120	8570	4505
1740	0	18	80	8575	2580
1741	4	7	120	8580	12409
1742	5	13	160	8585	3531
1743	19	8	80	8590	8513
1744	6	19	80	8595	6659
1745	5	13	160	8600	12075
1746	1	11	40	8605	18665
1747	6	19	160	8610	4393
1748	1	11	160	8615	2904
1749	0	18	160	8620	13889
1750	0	18	80	8625	5228
1751	5	13	40	8630	78501
1752	5	13	40	8635	1747
1753	3	16	120	8640	80613
1754	1	11	40	8645	10567
1755	19	8	40	8650	101097
1756	0	18	160	8655	74064
1757	3	16	80	8660	33166
1758	6	19	120	8665	31559
1759	4	7	80	8670	15282
1760	4	7	120	8675	9043
1761	5	13	160	8680	2149
1762	15	0	80	8685	8798
1763	6	19	80	8690	13406
1764	5	13	120	8695	4136
1765	15	0	160	8700	1426
1766	0	18	160	8705	809
1767	3	16	120	8710	36006
1768	3	16	40	8715	40031
1769	5	13	160	8720	25938
1770	0	18	160	8725	4731
1771	1	11	80	8730	6384
1772	4	7	80	8735	19633
1773	5	13	80	8740	1177
1774	1	11	40	8745	51957
1775	15	0	120	8750	7423
1776	6	19	40	8755	7363
1777	0	18	80	8760	75729
1778	5	13	80	8765	436
1779	15	0	40	8770	20767
1780	3	16	80	8775	20991
1781	6	19	40	8800	31203
1782	15	0	40	8804	15602
1783	5	13	160	8808	11108
1784	15	0	80	8812	1374
1785	4	7	40	8816	10481
1786	0	18	80	8820	41424
1787	5	13	40	8824	9429
1788	1	11	40	8828	21136
1789	3	16	120	8832	176873
1790	6	19	80	8836	8276
1791	0	18	80	8840	57071
1792	3	16	80	8844	76066
1793	4	7	80	8848	1362
1794	3	16	40	8852	46712
1795	4	7	120	8856	393
1796	6	19	80	8860	2444
1797	19	8	120	8864	29614
1798	4	7	120	8868	3628
1799	19	8	80	8872	4897
1800	5	13	40	8876	10793
1801	15	0	120	8880	34615
1802	4	7	120	8884	10558
1803	5	13	40	8888	14493
1804	19	8	40	8892	7241
1805	15	0	160	8896	78601
1806	1	11	160	8900	12392
1807	0	18	160	8904	542
1808	1	11	80	8908	2000
1809	4	7	120	8912	2267
1810	3	16	40	8916	30634
1811	0	18	120	8920	138930
1812	6	19	160	8924	31504
1813	15	0	120	8928	3969
1814	1	11	160	8932	52545
1815	6	19	80	8936	21191
1816	6	19	120	8940	22454
1817	1	11	80	8944	66122
1818	15	0	40	8948	11178
1819	0	18	120	8952	39168
1820	15	0	80	8956	6451
1821	5	13	120	8960	29568
1822	1	11	120	8964	5099
1823	19	8	120	8968	40111
1824	15	0	80	8972	11050
1825	0	18	80	8976	7607
1826	15	0	40	8980	7738
1827	0	18	160	8984	16805
1828	1	11	40	8988	5077
1829	6	19	80	8992	48774
1830	1	11	40	8996	4449
1831	6	19	80	9000	19452
1832	6	19	120	9004	40768
1833	6	19	160	9008	43014
1834	3	16	160	9012	5867
1835	4	7	160	9016	41071
1836	3	16	80	9020	11149
1837	3	16	40	9024	599
1838	5	13	120	9028	2798
1839	0	18	120	9032	2354
1840	1	11	80	9036	72165
1841	0	18	120	9040	38585
1842	3	16	120	9044	6741
1843	6	19	80	9048	16414
1844	19	8	120	9052	7830
1845	5	13	160	9056	8380
1846	4	7	120	9060	4656
1847	5	13	160	9064	39298
1848	1	11	80	9068	4390
1849	6	19	120	9072	7578
1850	6	19	40	9076	12607
1851	4	7	160	9080	4196
1852	1	11	120	9084	9845
1853	3	16	40	9088	9821
1854	1	11	40	9092	71368
1855	19	8	80	9096	25464
1856	6	19	160	9100	20378
1857	4	7	40	9104	18841
1858	6	19	120	9108	2114
1859	19	8	120	9112	107824
1860	19	8	120	9116	27844
1861	0	18	160	9120	55210
1862	15	0	120	9124	42763
1863	4	7	40	9200	5688
1864	1	11	80	9205	60896
1865	5	13	120	9210	4345
1866	4	7	160	9215	4758
1867	19	8	160	9220	54664
1868	4	7	120	9225	65811
1869	6	19	160	9230	1706
1870	3	16	160	9235	5805
1871	4	7	80	9240	20989
1872	5	13	160	9245	42016
1873	15	0	80	9250	7847
1874	15	0	40	9255	46164
1875	6	19	160	9260	13746
1876	1	11	40	9265	14939
1877	4	7	40	9270	28581
1878	0	18	160	9275	18305
1879	3	16	120	9280	1852
1880	6	19	160	9285	2403
1881	3	16	80	9290	15241
1882	15	0	80	9295	9839
1883	5	13	120	9300	60593
1884	0	18	80	9305	14803
1885	15	0	40	9310	211
1886	5	13	160	9315	5928
1887	3	16	120	9320	15751
1888	5	13	160	9325	51811
1889	3	16	120	9330	19867
1890	15	0	40	9335	6813
1891	19	8	40	9340	42201
1892	5	13	120	9345	67662
1893	6	19	40	9350	3101
1894	0	18	160	9355	12536
1895	1	11	80	9360	1250
1896	3	16	40	9365	82602
1897	19	8	120	9370	827
1898	5	13	160	9375	20504
1899	4	7	160	9380	2872
1900	1	11	160	9385	2928
1901	4	7	120	9390	7846
1902	0	18	80	9395	48956
1903	5	13	80	9400	2489
1904	3	16	120	9405	1380
1905	3	16	160	9410	41924
1906	15	0	40	9415	9758
1907	4	7	40	9420	1424
1908	4	7	160	9425	15783
1909	4	7	40	9430	17259
1910	15	0	80	9435	5071
1911	1	11	120	9440	50126
1912	4	7	40	9445	248
1913	4	7	160	9450	242
1914	3	16	160	9455	53753
1915	6	19	80	9460	5855
1916	1	11	120	9465	19892
1917	1	11	40	9470	58261
1918	4	7	160	9475	33338
1919	4	7	40	9480	58366
1920	19	8	160	9485	70379
1921	0	18	80	9490	28786
1922	4	7	160	9495	312
1923	1	11	40	9500	11187
1924	19	8	160	9505	41352
1925	4	7	160	9510	11751
1926	15	0	160	9515	24694
1927	19	8	160	9520	29306
1928	6	19	120	9525	49337
1929	6	19	160	9530	39005
1930	4	7	160	9535	15149
1931	3	16	80	9540	13470
1932	19	8	40	9545	3112
1933	5	13	40	9550	13106
1934	0	18	160	9555	76897
1935	1	11	40	9560	40681
1936	3	16	40	9565	21999
1937	3	16	40	9570	6517
1938	3	16	160	9575	47884
1939	6	19	80	9580	24165
1940	19	8	40	9585	26953
1941	1	11	120	9590	4220
1942	19	8	120	9600	174252
1943	1	11	160	9606	11153
1944	5	13	40	9612	11184
1945	5	13	80	9618	11128
1946	5	13	160	9624	40806
1947	1	11	120	9630	63920
1948	3	16	40	9636	6202
1949	3	16	120	9642	5069
1950	19	8	160	9648	16034
1951	0	18	160	9654	1389
1952	4	7	160	9660	7990
1953	0	18	120	9666	26054
1954	4	7	40	9672	4358
1955	0	18	120	9678	12918
1956	0	18	120	9684	7419
1957	19	8	40	9690	16510
1958	6	19	120	9696	7786
1959	19	8	160	9702	26516
1960	4	7	40	9708	4852
1961	15	0	80	9714	23796
1962	6	19	120	9720	4927
1963	6	19	160	9726	27256
1964	0	18	80	9732	1099
1965	4	7	40	9738	34347
1966	3	16	80	9744	33709
1967	15	0	40	9750	21369
1968	3	16	40	9756	1247
1969	0	18	120	9762	1925
1970	4	7	40	9768	22992
1971	19	8	80	9774	9455
1972	19	8	80	9780	1173
1973	6	19	80	9786	2960
1974	4	7	40	9792	6505
1975	15	0	40	9798	36945
1976	1	11	120	9804	28842
1977	1	11	40	9810	24602
1978	5	13	160	9816	1
1979	3	16	80	9822	14367
1980	19	8	160	9828	20244
1981	6	19	40	9834	29901
1982	5	13	120	9840	15572
1983	4	7	160	9846	27467
1984	6	19	40	9852	9108
1985	3	16	160	9858	12737
1986	15	0	80	9864	3797
1987	15	0	120	9870	14757
1988	1	11	160	9876	7056
1989	0	18	80	9882	18802
1990	1	11	80	9888	19189
1991	3	16	160	9894	2602
1992	6	19	80	9900	77705
1993	4	7	160	9906	5213
1994	1	11	80	9912	14417
1995	0	18	160	9918	1123
1996	5	13	40	9924	89152
1997	1	11	120	9930	9273
1998	0	18	80	9936	9501
1999	0	18	160	9942	22692
