0	1	11	80	0	11885
1	3	16	80	8	1601
2	6	19	120	16	76309
3	19	8	120	24	47155
4	6	19	160	32	41446
5	19	8	40	40	9503
6	0	18	120	48	3930
7	15	0	120	56	45293
8	4	7	40	64	62153
9	4	7	120	72	12675
10	15	0	160	80	29932
11	6	19	40	88	28786
12	0	18	160	96	1078
13	15	0	120	104	42150
14	6	19	40	112	47892
15	5	13	40	120	5376
16	4	7	120	128	13035
17	15	0	120	136	52774
18	5	13	40	144	86156
19	1	11	80	152	6734
20	19	8	120	160	10944
21	4	7	80	168	3181
22	4	7	120	176	81549
23	4	7	160	184	41786
24	3	16	160	192	14955
25	19	8	40	200	11449
26	15	0	80	208	27956
27	3	16	80	216	134893
28	19	8	40	224	6081
29	5	13	40	232	85583
30	19	8	80	240	48828
31	1	11	40	248	405
32	0	18	160	256	46280
33	0	18	80	264	31483
34	15	0	40	272	65755
35	6	19	120	280	4251
36	3	16	40	288	64896
37	6	19	80	296	7341
38	15	0	80	304	13085
39	6	19	160	312	39270
40	15	0	160	320	7714
41	19	8	40	328	27494
42	3	16	160	336	51851
43	1	11	160	344	18465
44	3	16	40	352	23102
45	15	0	120	360	37297
46	0	18	80	400	54897
47	6	19	160	410	83572
48	0	18	40	420	28229
49	3	16	40	430	130675
50	5	13	40	440	23606
51	4	7	40	450	8512
52	15	0	40	460	22722
53	15	0	160	470	18771
54	1	11	160	480	49951
55	6	19	40	490	7770
56	19	8	160	500	4347
57	1	11	160	510	6304
58	6	19	160	520	16215
59	15	0	120	530	17728
60	0	18	160	540	35903
61	6	19	80	550	4469
62	19	8	80	560	28074
63	19	8	40	570	83132
64	5	13	40	580	25163
65	6	19	160	590	28921
66	6	19	40	600	56460
67	19	8	80	610	16722
68	0	18	80	620	62966
69	19	8	120	630	33750
70	3	16	40	640	10791
71	15	0	80	650	4440
72	0	18	40	660	20447
73	15	0	80	670	8172
74	4	7	80	680	118773
75	19	8	120	690	39962
76	1	11	80	700	11071
77	3	16	160	710	21132
78	1	11	120	720	7740
79	5	13	40	730	36976
80	15	0	160	740	20966
81	0	18	80	750	34146
82	1	11	80	760	16299
83	5	13	40	770	6740
84	0	18	160	780	16844
85	5	13	80	800	25480
86	3	16	160	812	22450
87	3	16	160	824	12377
88	19	8	120	836	57864
89	1	11	40	848	34175
90	15	0	160	860	190276
91	0	18	80	872	37433
92	0	18	80	884	52719
93	19	8	160	896	77149
94	6	19	160	908	1057
95	1	11	120	920	2803
96	0	18	120	932	156117
97	3	16	160	944	66954
98	6	19	120	956	71800
99	6	19	80	968	80511
100	1	11	80	980	62809
101	1	11	160	992	17054
102	6	19	80	1004	2197
103	1	11	120	1016	87178
104	0	18	160	1028	38197
105	6	19	160	1040	15933
106	3	16	160	1052	45856
107	0	18	160	1064	10645
108	4	7	80	1076	20209
109	3	16	80	1088	2560
110	4	7	120	1100	82093
111	6	19	160	1112	33021
112	19	8	40	1124	106354
113	0	18	120	1136	39882
114	19	8	160	1148	92639
115	19	8	120	1160	593
116	4	7	40	1172	42044
117	3	16	80	1200	16037
118	19	8	80	1210	23241
119	19	8	160	1220	172950
120	3	16	160	1230	3045
121	4	7	40	1240	22693
122	0	18	160	1250	27077
123	19	8	80	1260	7297
124	0	18	120	1270	33991
125	3	16	160	1280	29057
126	15	0	160	1290	12440
127	0	18	80	1300	26410
128	1	11	80	1310	6856
129	1	11	160	1320	71127
130	19	8	40	1330	40822
131	19	8	120	1340	17204
132	6	19	40	1350	28485
133	6	19	80	1360	11214
134	4	7	120	1370	55880
135	6	19	160	1380	2237
136	4	7	160	1390	28501
137	0	18	160	1400	19998
138	5	13	40	1410	21738
139	3	16	160	1420	550
140	1	11	80	1430	49575
141	3	16	40	1440	7999
142	19	8	120	1450	61254
143	6	19	40	1460	45554
144	6	19	80	1470	42278
145	1	11	160	1480	13968
146	0	18	80	1490	41380
147	19	8	160	1500	3195
148	0	18	160	1510	107799
149	6	19	80	1520	455
150	15	0	120	1530	13915
151	15	0	40	1540	29179
152	4	7	120	1550	14296
153	6	19	120	1560	73186
154	3	16	120	1570	56409
155	6	19	80	1600	13863
156	0	18	160	1608	59080
157	15	0	40	1616	63477
158	0	18	160	1624	10516
159	15	0	40	1632	3378
160	19	8	40	1640	2325
161	3	16	120	1648	7120
162	15	0	80	1656	3022
163	1	11	120	1664	27497
164	3	16	80	1672	14088
165	5	13	40	1680	22647
166	19	8	120	1688	1785
167	3	16	160	1696	35316
168	6	19	160	1704	69733
169	1	11	160	1712	67099
170	5	13	120	1720	17918
171	4	7	40	1728	9918
172	6	19	40	1736	74049
173	5	13	80	1744	22132
174	6	19	120	1752	7458
175	0	18	120	1760	65185
176	5	13	120	1768	34092
177	4	7	120	1776	53447
178	1	11	40	1784	20360
179	19	8	160	1792	11441
180	1	11	120	1800	65558
181	19	8	40	1808	8242
182	0	18	120	1816	29029
183	5	13	160	1824	6301
184	4	7	80	1832	24782
185	0	18	160	1840	4183
186	4	7	160	1848	1829
187	19	8	120	1856	37578
188	3	16	120	1864	20147
189	6	19	80	1872	20557
190	6	19	160	1880	8171
191	5	13	160	1888	41566
192	19	8	160	1896	6531
193	15	0	40	1904	15966
194	4	7	160	1912	93966
195	19	8	160	1920	28381
196	4	7	120	1928	4495
197	6	19	160	1936	10334
198	3	16	160	1944	16507
199	0	18	40	1952	8195
200	1	11	40	1960	11388
201	6	19	80	1968	1886
202	1	11	160	2000	7468
203	15	0	160	2010	2961
204	0	18	120	2020	28171
205	4	7	80	2030	2882
206	0	18	40	2040	38216
207	19	8	40	2050	63155
208	0	18	40	2060	37531
209	3	16	160	2070	102096
210	1	11	120	2080	38122
211	6	19	80	2090	987
212	5	13	160	2100	15906
213	1	11	160	2110	124354
214	5	13	120	2120	8326
215	19	8	40	2130	59253
216	3	16	40	2140	29575
217	3	16	120	2150	77550
218	6	19	40	2160	1222
219	3	16	80	2170	8513
220	1	11	40	2180	19227
221	0	18	40	2190	14446
222	0	18	40	2200	7186
223	0	18	120	2210	17040
224	5	13	40	2220	33758
225	0	18	120	2230	38695
226	4	7	40	2240	2734
227	19	8	40	2250	22716
228	0	18	120	2260	25716
229	6	19	160	2270	30948
230	5	13	160	2280	42924
231	15	0	120	2290	15266
232	1	11	160	2300	16818
233	1	11	160	2310	8984
234	6	19	120	2320	37
235	5	13	40	2330	53796
236	15	0	40	2340	611
237	3	16	120	2350	22692
238	4	7	40	2360	28795
239	0	18	40	2370	19300
240	0	18	160	2380	17734
241	4	7	120	2400	6922
242	19	8	120	2410	14
243	0	18	160	2420	22719
244	4	7	160	2430	48134
245	19	8	120	2440	6940
246	0	18	40	2450	13078
247	15	0	160	2460	7347
248	1	11	80	2470	5722
249	5	13	120	2480	3511
250	6	19	160	2490	134201
251	1	11	40	2500	7937
252	19	8	120	2510	8719
253	0	18	80	2520	5939
254	19	8	40	2530	47633
255	1	11	160	2540	88039
256	6	19	80	2550	62041
257	0	18	80	2560	50756
258	1	11	160	2570	18361
259	0	18	160	2580	68875
260	19	8	40	2590	135
261	0	18	160	2600	6694
262	19	8	120	2610	11815
263	3	16	40	2620	2345
264	6	19	160	2630	7964
265	4	7	160	2640	12189
266	5	13	80	2650	31097
267	4	7	160	2660	5084
268	5	13	80	2670	122576
269	0	18	120	2680	17170
270	1	11	160	2690	55612
271	19	8	80	2700	3202
272	15	0	80	2710	12247
273	6	19	40	2720	28111
274	1	11	120	2730	52829
275	6	19	80	2740	9510
276	1	11	120	2750	14423
277	19	8	80	2760	37766
278	6	19	120	2800	32258
279	5	13	80	2810	19529
280	0	18	120	2820	14587
281	6	19	80	2830	66992
282	15	0	120	2840	13518
283	4	7	160	2850	19036
284	0	18	160	2860	32244
285	4	7	160	2870	23409
286	15	0	160	2880	4859
287	1	11	80	2890	8755
288	1	11	160	2900	20345
289	5	13	120	2910	2151
290	15	0	120	2920	101226
291	6	19	160	2930	8100
292	0	18	160	2940	2367
293	4	7	40	2950	39566
294	0	18	160	2960	19053
295	19	8	160	2970	8643
296	5	13	40	2980	69433
297	6	19	80	2990	84993
298	4	7	160	3000	10870
299	19	8	160	3010	19779
300	4	7	40	3020	27260
301	5	13	40	3030	6687
302	1	11	120	3040	8232
303	0	18	160	3050	44167
304	3	16	160	3060	10503
305	6	19	80	3070	70536
306	3	16	160	3080	74223
307	1	11	120	3090	33955
308	15	0	160	3100	14345
309	3	16	120	3110	23299
310	19	8	80	3120	27255
311	6	19	40	3130	5706
312	3	16	120	3140	5587
313	5	13	80	3150	124870
314	0	18	80	3160	23334
315	3	16	160	3170	4364
316	3	16	80	3180	59497
317	4	7	160	3200	62996
318	1	11	80	3216	18312
319	3	16	40	3232	38687
320	5	13	160	3248	6190
321	3	16	40	3264	15411
322	3	16	40	3280	36105
323	0	18	120	3296	78242
324	1	11	160	3312	19572
325	4	7	160	3328	29359
326	15	0	120	3344	774
327	4	7	40	3360	30002
328	6	19	40	3376	4674
329	3	16	160	3392	27113
330	0	18	80	3408	14851
331	5	13	80	3424	18159
332	5	13	80	3440	16601
333	15	0	160	3456	6118
334	1	11	40	3472	68772
335	4	7	120	3488	6253
336	4	7	120	3504	33585
337	6	19	120	3520	29009
338	1	11	160	3536	5907
339	3	16	120	3552	43759
340	1	11	40	3568	30724
341	6	19	80	3584	21357
342	4	7	120	3600	67343
343	15	0	40	3613	98051
344	5	13	80	3626	21653
345	1	11	120	3639	50614
346	4	7	40	3652	2096
347	5	13	80	3665	3071
348	4	7	160	3678	6817
349	6	19	40	3691	12397
350	6	19	80	3704	15947
351	1	11	80	3717	824
352	4	7	40	3730	21800
353	0	18	120	3743	28261
354	4	7	160	3756	10741
355	0	18	40	3769	6789
356	3	16	160	3782	22968
357	1	11	40	3795	12039
358	19	8	40	3808	11001
359	15	0	160	3821	36395
360	15	0	160	3834	64256
361	15	0	120	3847	11106
362	5	13	80	3860	23355
363	4	7	160	3873	49917
364	3	16	80	3886	5045
365	4	7	40	3899	4836
366	0	18	120	3912	45478
367	5	13	120	3925	136971
368	4	7	80	3938	3243
369	5	13	120	3951	13305
370	19	8	80	3964	20777
371	5	13	160	3977	9126
372	1	11	160	4000	37661
373	19	8	120	4011	37529
374	1	11	40	4022	2819
375	19	8	120	4033	37365
376	19	8	120	4044	22446
377	4	7	160	4055	41092
378	4	7	40	4066	17518
379	0	18	40	4077	34821
380	0	18	120	4088	24644
381	3	16	40	4099	86217
382	0	18	80	4110	17240
383	19	8	160	4121	53948
384	6	19	120	4132	6309
385	19	8	160	4143	13582
386	0	18	80	4154	89522
387	4	7	160	4165	54561
388	4	7	160	4176	70313
389	0	18	40	4187	37710
390	1	11	160	4198	35028
391	1	11	80	4209	13119
392	15	0	80	4220	11649
393	3	16	40	4231	21499
394	4	7	120	4242	67718
395	3	16	80	4253	12525
396	0	18	160	4264	111109
397	19	8	120	4275	2956
398	5	13	160	4286	52713
399	0	18	80	4297	13856
400	0	18	40	4308	1166
401	19	8	120	4319	2573
402	1	11	40	4330	170379
403	15	0	80	4341	61071
404	6	19	160	4352	59370
405	0	18	120	4363	4988
406	19	8	120	4374	12991
407	5	13	80	4385	52069
408	19	8	120	4400	22320
409	4	7	80	4408	29021
410	1	11	120	4416	37174
411	15	0	160	4424	49796
412	15	0	40	4432	71215
413	15	0	160	4440	31622
414	15	0	40	4448	4911
415	5	13	120	4456	86657
416	15	0	80	4464	66983
417	5	13	80	4472	38880
418	15	0	80	4480	30204
419	3	16	80	4488	51503
420	3	16	160	4496	7189
421	6	19	160	4504	90212
422	0	18	160	4512	3274
423	3	16	40	4520	16568
424	4	7	160	4528	35950
425	15	0	160	4536	4872
426	6	19	80	4544	91660
427	19	8	120	4552	7242
428	4	7	160	4560	53311
429	19	8	120	4568	45725
430	19	8	120	4576	40730
431	0	18	160	4584	17205
432	19	8	40	4592	79141
433	3	16	160	4600	2327
434	0	18	40	4608	31589
435	1	11	40	4616	19705
436	1	11	40	4624	88611
437	1	11	160	4632	26625
438	3	16	40	4640	113426
439	5	13	40	4648	1127
440	0	18	80	4656	392
441	5	13	160	4664	4660
442	4	7	40	4672	12155
443	19	8	120	4680	11079
444	19	8	80	4688	166
445	3	16	160	4696	66875
446	4	7	80	4704	18803
447	0	18	120	4712	36202
448	5	13	160	4720	13635
449	19	8	40	4728	93505
450	4	7	40	4736	18967
451	4	7	120	4744	9880
452	1	11	80	4752	20762
453	3	16	80	4760	238
454	15	0	80	4768	5208
455	4	7	40	4776	3210
456	15	0	120	4800	125180
457	15	0	160	4809	28608
458	4	7	120	4818	6227
459	15	0	160	4827	38778
460	3	16	40	4836	7194
461	19	8	160	4845	4497
462	0	18	80	4854	156656
463	0	18	160	4863	43323
464	5	13	160	4872	66871
465	0	18	160	4881	10121
466	19	8	120	4890	66126
467	4	7	40	4899	55203
468	15	0	120	4908	12
469	5	13	160	4917	36712
470	4	7	80	4926	177098
471	6	19	80	4935	11960
472	3	16	80	4944	42157
473	3	16	80	4953	27477
474	3	16	40	4962	49609
475	15	0	160	4971	2174
476	1	11	120	4980	31326
477	1	11	40	4989	52248
478	4	7	120	4998	16290
479	0	18	160	5007	51270
480	4	7	120	5016	38198
481	6	19	120	5025	9878
482	3	16	160	5034	61924
483	5	13	160	5043	64035
484	4	7	80	5052	12024
485	4	7	160	5061	19382
486	19	8	80	5070	89260
487	6	19	160	5079	76440
488	5	13	80	5088	80791
489	6	19	160	5097	24292
490	4	7	80	5106	20912
491	3	16	80	5115	13603
492	15	0	80	5124	15712
493	4	7	40	5133	10016
494	1	11	160	5142	57322
495	0	18	80	5151	68134
496	4	7	120	5160	4938
497	4	7	40	5169	27328
498	4	7	120	5178	17232
499	15	0	120	5187	42381
500	4	7	80	5200	93
501	19	8	40	5211	31174
502	1	11	160	5222	36163
503	0	18	160	5233	34943
504	4	7	120	5244	95943
505	15	0	120	5255	4652
506	1	11	40	5266	24398
507	19	8	40	5277	74028
508	0	18	40	5288	7934
509	19	8	120	5299	2826
510	1	11	120	5310	20386
511	6	19	120	5321	6170
512	4	7	40	5332	6823
513	4	7	160	5343	15209
514	4	7	80	5354	174
515	6	19	120	5365	87847
516	6	19	40	5376	10314
517	5	13	80	5387	4372
518	6	19	80	5398	17904
519	0	18	160	5409	17540
520	1	11	80	5420	12940
521	3	16	160	5431	107377
522	15	0	120	5442	74305
523	1	11	120	5453	20223
524	1	11	80	5464	7249
525	1	11	40	5475	33571
526	15	0	40	5486	82412
527	15	0	40	5497	19920
528	0	18	120	5508	43479
529	1	11	160	5519	75917
530	3	16	80	5530	81914
531	15	0	80	5541	1641
532	6	19	80	5552	15724
533	5	13	40	5563	34986
534	5	13	120	5574	50808
535	4	7	80	5600	2473
536	5	13	120	5613	28420
537	3	16	160	5626	6788
538	0	18	80	5639	78767
539	6	19	160	5652	6268
540	3	16	120	5665	81159
541	0	18	80	5678	1221
542	6	19	160	5691	37338
543	5	13	160	5704	57734
544	4	7	80	5717	2006
545	6	19	160	5730	11615
546	19	8	80	5743	5361
547	4	7	120	5756	311
548	19	8	120	5769	9779
549	5	13	80	5782	72890
550	4	7	40	5795	29767
551	19	8	40	5808	493
552	15	0	160	5821	5041
553	3	16	160	5834	165954
554	6	19	80	5847	16422
555	1	11	120	5860	1233
556	1	11	120	5873	40801
557	19	8	80	5886	7484
558	15	0	120	5899	19820
559	3	16	120	5912	11430
560	19	8	120	5925	7601
561	3	16	40	5938	2324
562	15	0	120	5951	5505
563	15	0	80	5964	12007
564	6	19	80	6000	5649
565	4	7	80	6010	17495
566	19	8	40	6020	49510
567	15	0	40	6030	23966
568	15	0	80	6040	27964
569	0	18	40	6050	85583
570	0	18	160	6060	13646
571	4	7	80	6070	2821
572	4	7	40	6080	7665
573	19	8	120	6090	9231
574	15	0	40	6100	22253
575	0	18	40	6110	11192
576	5	13	160	6120	10355
577	1	11	160	6130	2203
578	15	0	80	6140	16759
579	4	7	120	6150	73146
580	1	11	120	6160	21894
581	4	7	120	6170	78576
582	15	0	80	6180	7144
583	5	13	40	6190	59766
584	15	0	120	6200	11469
585	3	16	40	6210	76135
586	19	8	120	6220	75064
587	4	7	120	6230	16018
588	15	0	120	6240	9786
589	4	7	40	6250	45375
590	1	11	160	6260	13973
591	5	13	80	6270	15299
592	5	13	80	6280	41828
593	15	0	120	6290	30487
594	6	19	40	6300	108642
595	19	8	120	6310	60873
596	1	11	120	6320	67690
597	15	0	80	6330	15080
598	19	8	80	6340	35823
599	19	8	160	6350	32658
600	15	0	160	6360	23304
601	0	18	80	6370	31567
602	5	13	80	6400	17820
603	19	8	120	6408	12923
604	4	7	120	6416	25574
605	19	8	160	6424	23563
606	4	7	160	6432	51870
607	15	0	40	6440	72170
608	4	7	120	6448	21752
609	5	13	80	6456	3595
610	5	13	120	6464	45848
611	0	18	120	6472	33966
612	1	11	160	6480	51639
613	3	16	160	6488	26521
614	0	18	160	6496	52290
615	4	7	160	6504	11288
616	4	7	120	6512	65279
617	3	16	80	6520	11992
618	0	18	120	6528	375
619	3	16	40	6536	9397
620	4	7	160	6544	23283
621	4	7	80	6552	15992
622	0	18	80	6560	9794
623	4	7	80	6568	55752
624	15	0	80	6576	27550
625	5	13	80	6584	109299
626	15	0	40	6592	14030
627	6	19	120	6600	29216
628	1	11	80	6608	10697
629	19	8	120	6616	33627
630	15	0	80	6624	17197
631	15	0	80	6632	73901
632	3	16	120	6640	15974
633	19	8	80	6648	46763
634	6	19	120	6656	15352
635	1	11	80	6664	64892
636	15	0	80	6672	21369
637	19	8	160	6680	64758
638	0	18	120	6688	11195
639	15	0	120	6696	48461
640	19	8	40	6704	3552
641	1	11	80	6712	291
642	19	8	40	6720	73861
643	1	11	40	6728	5472
644	15	0	80	6736	180478
645	1	11	40	6744	38502
646	3	16	120	6752	27697
647	1	11	80	6760	5808
648	6	19	120	6800	53051
649	3	16	40	6808	35399
650	5	13	40	6816	126497
651	19	8	80	6824	26774
652	15	0	160	6832	14488
653	5	13	40	6840	17380
654	4	7	40	6848	4188
655	3	16	120	6856	4233
656	0	18	160	6864	14454
657	1	11	160	6872	29492
658	1	11	80	6880	45010
659	19	8	40	6888	28002
660	1	11	160	6896	5815
661	6	19	80	6904	7284
662	6	19	120	6912	30214
663	5	13	40	6920	59229
664	15	0	40	6928	37533
665	15	0	40	6936	63069
666	15	0	40	6944	9681
667	3	16	80	6952	1066
668	6	19	80	6960	6442
669	19	8	120	6968	88204
670	5	13	120	6976	53160
671	5	13	120	6984	68
672	3	16	120	6992	559
673	1	11	40	7000	8429
674	4	7	160	7008	5177
675	3	16	80	7016	22688
676	5	13	40	7024	21721
677	15	0	40	7032	3602
678	6	19	160	7040	56408
679	6	19	40	7048	67180
680	1	11	160	7056	15710
681	6	19	120	7064	6703
682	0	18	160	7072	49824
683	19	8	80	7080	30540
684	4	7	80	7088	35434
685	19	8	40	7096	60469
686	19	8	120	7104	24609
687	6	19	80	7112	116674
688	4	7	80	7120	33176
689	3	16	40	7128	9512
690	1	11	120	7136	22498
691	6	19	80	7144	69218
692	6	19	120	7152	3830
693	0	18	80	7160	39838
694	6	19	160	7200	30452
695	1	11	120	7208	74160
696	5	13	160	7216	16242
697	4	7	40	7224	1900
698	4	7	40	7232	20115
699	19	8	80	7240	4669
700	3	16	40	7248	18480
701	0	18	40	7256	25297
702	5	13	160	7264	131580
703	15	0	40	7272	66027
704	6	19	120	7280	62709
705	19	8	80	7288	123121
706	6	19	120	7296	25519
707	6	19	120	7304	4550
708	1	11	40	7312	10057
709	0	18	160	7320	30529
710	15	0	80	7328	31915
711	3	16	120	7336	9505
712	5	13	40	7344	47549
713	5	13	40	7352	67201
714	6	19	80	7360	6949
715	4	7	40	7368	120961
716	6	19	120	7376	17121
717	6	19	80	7384	177156
718	1	11	120	7392	6091
719	19	8	40	7400	58975
720	15	0	80	7408	12535
721	0	18	160	7416	10831
722	19	8	40	7424	15680
723	3	16	80	7432	82981
724	6	19	40	7440	18074
725	19	8	80	7448	82918
726	19	8	40	7456	70436
727	1	11	80	7464	11656
728	4	7	40	7472	30768
729	1	11	80	7480	9116
730	15	0	80	7488	3722
731	1	11	40	7496	18276
732	3	16	40	7504	32675
733	6	19	80	7512	37753
734	3	16	160	7520	18483
735	1	11	120	7528	58956
736	0	18	160	7536	7356
737	1	11	120	7544	79363
738	3	16	120	7552	45120
739	4	7	40	7560	37570
740	1	11	80	7568	11383
741	3	16	160	7576	16560
742	5	13	40	7600	38979
743	3	16	80	7610	993
744	5	13	120	7620	31471
745	19	8	160	7630	9118
746	1	11	40	7640	3776
747	0	18	80	7650	8583
748	3	16	160	7660	23277
749	1	11	160	7670	32402
750	5	13	40	7680	21366
751	15	0	120	7690	16453
752	1	11	120	7700	69016
753	5	13	40	7710	31387
754	1	11	40	7720	53423
755	3	16	80	7730	5259
756	1	11	160	7740	5542
757	3	16	120	7750	1925
758	0	18	40	7760	18636
759	6	19	80	7770	86991
760	0	18	80	7780	2994
761	5	13	80	7790	8961
762	1	11	120	7800	23146
763	19	8	160	7810	705
764	3	16	80	7820	22502
765	5	13	80	7830	6982
766	19	8	120	7840	30726
767	15	0	160	7850	2704
768	3	16	80	7860	18485
769	5	13	120	7870	13964
770	4	7	40	7880	47282
771	4	7	40	7890	22059
772	4	7	120	7900	8790
773	6	19	120	7910	21077
774	6	19	120	7920	25010
775	4	7	80	7930	80870
776	5	13	120	7940	27985
777	5	13	120	7950	14121
778	6	19	120	7960	11378
779	15	0	40	7970	6490
780	15	0	40	8000	53780
781	15	0	160	8008	33967
782	15	0	80	8016	49704
783	3	16	80	8024	126764
784	6	19	40	8032	45771
785	19	8	160	8040	39371
786	19	8	120	8048	25610
787	15	0	160	8056	476
788	5	13	80	8064	68116
789	0	18	80	8072	10833
790	0	18	160	8080	36716
791	6	19	40	8088	5086
792	1	11	80	8096	20609
793	5	13	80	8104	55200
794	4	7	160	8112	29445
795	6	19	40	8120	1813
796	1	11	80	8128	70382
797	5	13	40	8136	36703
798	0	18	40	8144	23861
799	19	8	80	8152	17986
800	19	8	40	8160	31882
801	3	16	80	8168	983
802	15	0	160	8176	50942
803	15	0	40	8184	5701
804	15	0	120	8192	64057
805	0	18	40	8200	144387
806	4	7	160	8208	5647
807	5	13	160	8216	16445
808	19	8	120	8224	2761
809	6	19	160	8232	71083
810	6	19	120	8240	26904
811	5	13	80	8248	51861
812	6	19	160	8256	45558
813	1	11	160	8264	9542
814	19	8	40	8272	4100
815	1	11	80	8280	18286
816	15	0	40	8288	19470
817	15	0	80	8296	24427
818	3	16	160	8304	9679
819	3	16	120	8312	51055
820	6	19	120	8320	33159
821	1	11	160	8328	29513
822	3	16	120	8336	7142
823	3	16	160	8344	5260
824	5	13	160	8352	35584
825	6	19	40	8360	31373
826	3	16	120	8368	753
827	15	0	80	8376	17341
828	3	16	160	8384	68091
829	0	18	120	8392	21373
830	3	16	160	8400	1007
831	19	8	120	8408	73853
832	5	13	120	8416	56932
833	6	19	80	8424	65103
834	19	8	160	8432	25753
835	5	13	120	8440	48961
836	0	18	160	8448	62369
837	19	8	40	8456	31407
838	5	13	120	8464	3947
839	5	13	40	8472	47274
840	5	13	160	8480	25270
841	4	7	120	8488	5161
842	19	8	80	8496	86072
843	19	8	80	8504	145693
844	3	16	160	8512	40573
845	5	13	120	8520	67930
846	0	18	80	8528	15701
847	19	8	120	8536	7827
848	6	19	40	8544	38693
849	1	11	80	8552	5818
850	19	8	160	8560	29264
851	3	16	160	8568	14043
852	3	16	40	8576	17508
853	6	19	80	8584	41707
854	3	16	120	8592	49152
855	15	0	80	8600	921
856	0	18	160	8608	56744
857	4	7	40	8616	33128
858	3	16	80	8624	21678
859	0	18	120	8632	8784
860	15	0	120	8640	107981
861	6	19	120	8648	43530
862	1	11	40	8656	23549
863	15	0	160	8664	28960
864	3	16	160	8672	63043
865	15	0	160	8680	35292
866	0	18	120	8688	113313
867	19	8	120	8696	70612
868	3	16	40	8704	39068
869	4	7	80	8712	13141
870	1	11	120	8720	27585
871	15	0	40	8728	56807
872	3	16	120	8736	17312
873	6	19	160	8744	21500
874	15	0	160	8752	9255
875	1	11	40	8800	21940
876	3	16	120	8811	35505
877	3	16	40	8822	7566
878	19	8	40	8833	18157
879	0	18	80	8844	50062
880	6	19	120	8855	8658
881	3	16	40	8866	52522
882	0	18	40	8877	40373
883	0	18	120	8888	40129
884	1	11	120	8899	70039
885	19	8	160	8910	36039
886	5	13	80	8921	20872
887	15	0	80	8932	3472
888	3	16	120	8943	2824
889	0	18	80	8954	23783
890	5	13	160	8965	98016
891	5	13	160	8976	7653
892	6	19	120	8987	4572
893	4	7	40	8998	66796
894	15	0	120	9009	52475
895	15	0	40	9020	51919
896	1	11	80	9031	31646
897	0	18	80	9042	13134
898	5	13	120	9053	4416
899	4	7	160	9064	1658
900	4	7	160	9075	76802
901	1	11	120	9086	22043
902	6	19	80	9097	22955
903	3	16	120	9108	14519
904	0	18	120	9119	28419
905	0	18	160	9130	46853
906	0	18	40	9141	88665
907	6	19	80	9152	86083
908	19	8	80	9163	20754
909	1	11	120	9174	10893
910	5	13	160	9185	14185
911	6	19	160	9200	30931
912	5	13	160	9210	7618
913	3	16	160	9220	38666
914	4	7	160	9230	95
915	5	13	120	9240	5559
916	5	13	80	9250	863
917	1	11	120	9260	52524
918	6	19	40	9270	39339
919	4	7	160	9280	6538
920	1	11	80	9290	6701
921	1	11	80	9300	64843
922	5	13	40	9310	52385
923	1	11	120	9320	6373
924	19	8	120	9330	15480
925	6	19	160	9340	14531
926	0	18	80	9350	38252
927	19	8	120	9360	24978
928	19	8	40	9370	36791
929	19	8	120	9380	19048
930	19	8	120	9390	64847
931	1	11	40	9400	12989
932	15	0	80	9410	2726
933	5	13	40	9420	15427
934	5	13	120	9430	68252
935	4	7	40	9440	43010
936	5	13	120	9450	11154
937	15	0	120	9460	13887
938	19	8	160	9470	4312
939	0	18	160	9480	4062
940	19	8	160	9490	42904
941	19	8	40	9500	25340
942	19	8	160	9510	31439
943	1	11	40	9520	50861
944	5	13	120	9530	5821
945	15	0	40	9540	12988
946	0	18	160	9550	27
947	4	7	160	9560	18091
948	0	18	40	9570	66033
949	3	16	160	9600	33276
950	3	16	120	9608	47873
951	19	8	160	9616	55185
952	3	16	40	9624	31740
953	1	11	160	9632	92289
954	3	16	80	9640	63271
955	1	11	120	9648	1343
956	6	19	120	9656	37727
957	5	13	160	9664	12880
958	4	7	40	9672	127159
959	4	7	160	9680	8097
960	0	18	80	9688	2367
961	0	18	120	9696	16108
962	6	19	40	9704	9156
963	19	8	120	9712	929
964	1	11	160	9720	17449
965	3	16	160	9728	791
966	19	8	80	9736	24706
967	19	8	120	9744	56578
968	15	0	80	9752	54837
969	19	8	160	9760	9799
970	19	8	160	9768	64119
971	6	19	160	9776	35920
972	3	16	160	9784	36481
973	6	19	80	9792	28399
974	5	13	40	9800	18925
975	1	11	80	9808	32865
976	3	16	80	9816	8890
977	3	16	160	9824	304
978	5	13	40	9832	459
979	0	18	80	9840	1639
980	5	13	160	9848	14488
981	6	19	80	9856	9876
982	19	8	80	9864	35366
983	6	19	80	9872	1198
984	5	13	40	9880	35730
985	19	8	160	9888	1522
986	15	0	160	9896	39013
987	5	13	120	9904	4736
988	1	11	160	9912	23551
989	3	16	160	9920	58723
990	15	0	80	9928	1534
991	0	18	160	9936	105465
992	3	16	120	9944	14829
993	5	13	160	9952	74496
994	19	8	80	9960	1570
995	15	0	40	9968	13433
996	3	16	160	9976	11329
997	19	8	40	10000	29081
998	19	8	40	10009	15072
999	1	11	120	10018	4896
1000	19	8	160	10027	50815
1001	0	18	40	10036	6021
1002	6	19	120	10045	30300
1003	0	18	80	10054	30067
1004	3	16	40	10063	48647
1005	5	13	160	10072	3422
1006	6	19	160	10081	4883
1007	6	19	160	10090	1333
1008	5	13	120	10099	22029
1009	0	18	160	10108	7935
1010	19	8	40	10117	51268
1011	3	16	120	10126	36755
1012	19	8	160	10135	12205
1013	4	7	120	10144	85679
1014	15	0	160	10153	62791
1015	3	16	40	10162	52435
1016	1	11	40	10171	41506
1017	0	18	160	10180	7627
1018	3	16	120	10189	14083
1019	3	16	40	10198	14982
1020	5	13	40	10207	12337
1021	3	16	120	10216	16365
1022	15	0	160	10225	11798
1023	4	7	80	10234	124221
1024	1	11	80	10243	7826
1025	19	8	40	10252	74396
1026	3	16	80	10261	11581
1027	15	0	160	10270	48117
1028	6	19	160	10279	24877
1029	6	19	160	10288	3500
1030	19	8	120	10297	13479
1031	4	7	40	10306	33192
1032	4	7	160	10315	32151
1033	3	16	80	10324	65873
1034	1	11	120	10333	9388
1035	5	13	160	10342	6846
1036	0	18	160	10351	33917
1037	19	8	40	10360	1967
1038	3	16	40	10369	9438
1039	0	18	40	10378	27093
1040	3	16	160	10400	75295
1041	1	11	160	10409	34873
1042	19	8	40	10418	32688
1043	1	11	40	10427	11475
1044	4	7	120	10436	1368
1045	5	13	160	10445	14476
1046	0	18	40	10454	33218
1047	19	8	160	10463	18531
1048	6	19	160	10472	1408
1049	6	19	80	10481	8872
1050	5	13	160	10490	30640
1051	1	11	160	10499	2880
1052	5	13	120	10508	8822
1053	6	19	160	10517	56
1054	6	19	120	10526	55226
1055	5	13	40	10535	16096
1056	3	16	40	10544	63644
1057	1	11	40	10553	32047
1058	15	0	160	10562	15935
1059	4	7	160	10571	67617
1060	1	11	120	10580	51148
1061	19	8	40	10589	14474
1062	0	18	40	10598	22206
1063	19	8	120	10607	16028
1064	0	18	40	10616	66759
1065	5	13	40	10625	5311
1066	15	0	120	10634	1609
1067	6	19	80	10643	18826
1068	3	16	160	10652	36162
1069	1	11	40	10661	35173
1070	3	16	40	10670	5284
1071	3	16	40	10679	35190
1072	6	19	120	10688	100428
1073	3	16	80	10697	49169
1074	0	18	80	10706	20253
1075	3	16	40	10715	34167
1076	3	16	120	10724	45723
1077	5	13	160	10733	225
1078	0	18	120	10742	88730
1079	6	19	120	10751	61370
1080	19	8	40	10760	9477
1081	4	7	80	10769	63857
1082	0	18	160	10778	42452
1083	0	18	120	10800	11334
1084	1	11	160	10811	21388
1085	6	19	160	10822	9535
1086	15	0	120	10833	16593
1087	6	19	160	10844	31997
1088	5	13	120	10855	1654
1089	5	13	80	10866	62681
1090	3	16	120	10877	12788
1091	19	8	120	10888	674
1092	0	18	40	10899	35225
1093	19	8	80	10910	15106
1094	15	0	120	10921	47503
1095	3	16	160	10932	24922
1096	1	11	160	10943	5705
1097	0	18	80	10954	9033
1098	1	11	160	10965	17736
1099	19	8	120	10976	70320
1100	6	19	40	10987	12098
1101	3	16	120	10998	7185
1102	6	19	160	11009	46018
1103	4	7	160	11020	15101
1104	4	7	40	11031	3014
1105	3	16	160	11042	95311
1106	5	13	40	11053	4435
1107	1	11	40	11064	19486
1108	6	19	120	11075	24352
1109	4	7	120	11086	5799
1110	3	16	120	11097	32241
1111	6	19	80	11108	62045
1112	0	18	120	11119	38013
1113	1	11	40	11130	24791
1114	4	7	120	11141	31197
1115	15	0	40	11152	86841
1116	19	8	40	11163	31748
1117	19	8	120	11174	7226
1118	6	19	160	11200	75845
1119	3	16	80	11209	30807
1120	6	19	80	11218	44148
1121	0	18	120	11227	17264
1122	0	18	120	11236	16046
1123	15	0	120	11245	54523
1124	19	8	80	11254	13170
1125	4	7	120	11263	4507
1126	1	11	40	11272	253380
1127	15	0	80	11281	27786
1128	5	13	160	11290	370
1129	6	19	120	11299	84148
1130	1	11	80	11308	21729
1131	1	11	80	11317	23120
1132	4	7	40	11326	27875
1133	1	11	160	11335	1594
1134	19	8	120	11344	24727
1135	5	13	120	11353	1817
1136	6	19	80	11362	3423
1137	5	13	40	11371	14202
1138	6	19	80	11380	7476
1139	15	0	40	11389	24733
1140	1	11	120	11398	4392
1141	6	19	120	11407	94941
1142	0	18	80	11416	3346
1143	1	11	40	11425	69104
1144	1	11	120	11434	8119
1145	6	19	80	11443	20516
1146	15	0	40	11452	12610
1147	19	8	160	11461	4390
1148	4	7	120	11470	44815
1149	19	8	80	11479	58575
1150	4	7	160	11488	77713
1151	1	11	80	11497	103941
1152	3	16	120	11506	13267
1153	15	0	80	11515	52700
1154	1	11	80	11524	4848
1155	5	13	80	11533	73002
1156	1	11	160	11542	52603
1157	19	8	80	11551	92576
1158	5	13	120	11560	1266
1159	19	8	120	11569	101842
1160	0	18	160	11578	95541
1161	6	19	160	11587	25487
1162	6	19	40	11600	18817
1163	19	8	40	11608	29716
1164	1	11	40	11616	35755
1165	0	18	80	11624	4105
1166	1	11	80	11632	10274
1167	19	8	120	11640	33280
1168	1	11	120	11648	29
1169	19	8	40	11656	26825
1170	1	11	160	11664	57132
1171	3	16	160	11672	10105
1172	3	16	40	11680	162638
1173	19	8	120	11688	14693
1174	0	18	160	11696	21540
1175	0	18	160	11704	51469
1176	0	18	80	11712	12232
1177	19	8	120	11720	22809
1178	5	13	160	11728	28839
1179	3	16	160	11736	63865
1180	6	19	80	11744	52424
1181	3	16	40	11752	65638
1182	4	7	120	11760	56110
1183	6	19	80	11768	6033
1184	1	11	160	11776	518
1185	0	18	40	11784	24280
1186	15	0	120	11792	6158
1187	6	19	160	11800	47613
1188	19	8	120	11808	76353
1189	3	16	80	11816	32728
1190	4	7	120	11824	9140
1191	15	0	160	11832	5459
1192	0	18	80	11840	12323
1193	6	19	120	11848	9198
1194	15	0	80	11856	28441
1195	5	13	160	11864	27696
1196	0	18	80	11872	22434
1197	0	18	80	11880	21822
1198	0	18	160	11888	7614
1199	1	11	80	11896	3502
1200	4	7	40	11904	7087
1201	19	8	120	11912	36377
1202	6	19	80	11920	4356
1203	5	13	120	11928	6583
1204	15	0	120	11936	237
1205	1	11	160	11944	32785
1206	15	0	40	11952	109510
1207	4	7	160	12000	113538
1208	6	19	80	12016	12221
1209	1	11	120	12032	13335
1210	5	13	160	12048	27772
1211	3	16	80	12064	11278
1212	4	7	120	12080	13817
1213	3	16	120	12096	6144
1214	3	16	80	12112	5307
1215	6	19	120	12128	2601
1216	3	16	80	12144	40994
1217	19	8	120	12160	10191
1218	6	19	40	12176	28441
1219	0	18	40	12192	4867
1220	1	11	120	12208	93018
1221	5	13	120	12224	22211
1222	19	8	160	12240	42927
1223	19	8	40	12256	14307
1224	5	13	120	12272	12298
1225	3	16	160	12288	36006
1226	3	16	120	12304	96613
1227	6	19	120	12320	43597
1228	0	18	40	12336	48356
1229	5	13	40	12352	77312
1230	0	18	80	12368	11224
1231	19	8	160	12400	55469
1232	15	0	160	12412	11321
1233	3	16	80	12424	21562
1234	15	0	160	12436	35036
1235	6	19	160	12448	4328
1236	6	19	160	12460	43618
1237	15	0	40	12472	32769
1238	15	0	160	12484	5748
1239	0	18	40	12496	15040
1240	3	16	160	12508	26592
1241	4	7	160	12520	7294
1242	19	8	80	12532	19523
1243	15	0	40	12544	26800
1244	15	0	80	12556	1988
1245	0	18	80	12568	96787
1246	3	16	80	12580	52508
1247	15	0	120	12592	5010
1248	3	16	80	12604	3264
1249	1	11	160	12616	22877
1250	3	16	120	12628	62216
1251	0	18	120	12640	8413
1252	3	16	40	12652	75498
1253	0	18	120	12664	2344
1254	0	18	120	12676	5515
1255	15	0	120	12688	38335
1256	19	8	120	12700	90357
1257	15	0	40	12712	46582
1258	0	18	160	12724	64523
1259	4	7	120	12736	12910
1260	19	8	40	12748	37466
1261	0	18	120	12760	8090
1262	4	7	160	12772	6817
1263	1	11	80	12784	16707
1264	1	11	80	12800	1471
1265	5	13	40	12814	45248
1266	4	7	120	12828	222911
1267	0	18	40	12842	63010
1268	4	7	120	12856	22780
1269	5	13	80	12870	853
1270	19	8	120	12884	13004
1271	4	7	40	12898	2716
1272	0	18	160	12912	3668
1273	6	19	40	12926	7698
1274	6	19	40	12940	27510
1275	15	0	160	12954	43292
1276	6	19	40	12968	1432
1277	0	18	160	12982	6013
1278	0	18	160	12996	11426
1279	4	7	40	13010	14667
1280	0	18	80	13024	65095
1281	5	13	160	13038	52513
1282	4	7	40	13052	33318
1283	19	8	80	13066	10007
1284	3	16	80	13080	1770
1285	19	8	120	13094	2138
1286	5	13	120	13108	79957
1287	15	0	40	13122	8252
1288	3	16	160	13136	12906
1289	0	18	80	13150	109376
1290	6	19	40	13164	6582
1291	19	8	160	13178	121222
1292	15	0	40	13200	47591
1293	4	7	40	13210	57167
1294	1	11	160	13220	36978
1295	3	16	80	13230	13344
1296	19	8	40	13240	385
1297	6	19	160	13250	1640
1298	6	19	160	13260	23638
1299	3	16	80	13270	11569
1300	5	13	160	13280	97415
1301	1	11	80	13290	93269
1302	3	16	40	13300	32308
1303	6	19	40	13310	2345
1304	1	11	40	13320	6226
1305	15	0	80	13330	47805
1306	19	8	160	13340	4195
1307	6	19	40	13350	37651
1308	4	7	80	13360	21794
1309	1	11	160	13370	17256
1310	1	11	80	13380	34001
1311	19	8	120	13390	46929
1312	6	19	80	13400	20104
1313	5	13	160	13410	22128
1314	4	7	80	13420	19882
1315	4	7	80	13430	68840
1316	5	13	80	13440	27488
1317	4	7	80	13450	82176
1318	19	8	40	13460	13928
1319	1	11	120	13470	125681
1320	19	8	80	13480	58449
1321	6	19	80	13490	47270
1322	15	0	40	13500	24058
1323	4	7	40	13510	24992
1324	15	0	40	13520	58722
1325	0	18	160	13530	14110
1326	5	13	40	13540	11753
1327	6	19	120	13550	10328
1328	4	7	80	13560	24073
1329	3	16	160	13570	8602
1330	15	0	160	13580	41845
1331	19	8	80	13590	162690
1332	4	7	40	13600	33509
1333	15	0	120	13611	184685
1334	15	0	80	13622	17173
1335	15	0	160	13633	82230
1336	1	11	160	13644	5984
1337	6	19	40	13655	27478
1338	15	0	40	13666	3079
1339	4	7	40	13677	10437
1340	0	18	120	13688	90984
1341	15	0	120	13699	8203
1342	4	7	120	13710	42304
1343	0	18	40	13721	78919
1344	15	0	40	13732	12004
1345	15	0	120	13743	17245
1346	3	16	120	13754	22885
1347	1	11	80	13765	10282
1348	19	8	160	13776	14769
1349	15	0	120	13787	51737
1350	6	19	160	13798	46283
1351	4	7	120	13809	2970
1352	15	0	160	13820	38214
1353	4	7	40	13831	24985
1354	3	16	160	13842	19978
1355	19	8	80	13853	6375
1356	4	7	40	13864	17281
1357	19	8	160	13875	3144
1358	15	0	160	13886	8375
1359	1	11	80	13897	54917
1360	1	11	40	13908	20202
1361	1	11	80	13919	60077
1362	3	16	120	13930	5692
1363	0	18	120	13941	9557
1364	3	16	160	13952	37197
1365	3	16	160	13963	34580
1366	4	7	120	13974	4098
1367	19	8	120	13985	20291
1368	6	19	80	14000	2803
1369	6	19	80	14009	24801
1370	1	11	80	14018	39954
1371	15	0	80	14027	4
1372	6	19	40	14036	57000
1373	4	7	160	14045	2481
1374	1	11	40	14054	1257
1375	0	18	160	14063	30370
1376	3	16	120	14072	1250
1377	6	19	40	14081	30411
1378	5	13	40	14090	8332
1379	0	18	120	14099	17639
1380	15	0	80	14108	59802
1381	3	16	160	14117	1059
1382	6	19	120	14126	75722
1383	5	13	120	14135	41573
1384	5	13	160	14144	20385
1385	4	7	80	14153	32772
1386	0	18	120	14162	11265
1387	19	8	40	14171	3625
1388	4	7	120	14180	24332
1389	19	8	160	14189	8558
1390	3	16	160	14198	22577
1391	1	11	40	14207	2563
1392	19	8	40	14216	13589
1393	5	13	160	14225	10136
1394	3	16	160	14234	53176
1395	15	0	40	14243	3185
1396	5	13	160	14252	2087
1397	3	16	160	14261	20631
1398	15	0	40	14270	8273
1399	4	7	40	14279	33794
1400	3	16	40	14288	11250
1401	3	16	160	14297	1349
1402	5	13	160	14306	6780
1403	3	16	80	14315	56772
1404	6	19	40	14324	2960
1405	19	8	120	14333	46265
1406	15	0	80	14342	9509
1407	4	7	160	14351	31169
1408	3	16	40	14360	22399
1409	1	11	40	14369	61022
1410	6	19	120	14378	4912
1411	6	19	160	14400	52128
1412	3	16	120	14411	63922
1413	15	0	40	14422	52560
1414	4	7	160	14433	117476
1415	15	0	80	14444	18300
1416	5	13	120	14455	90480
1417	6	19	160	14466	18310
1418	4	7	160	14477	49495
1419	19	8	120	14488	1519
1420	1	11	80	14499	14475
1421	5	13	80	14510	421
1422	4	7	40	14521	88508
1423	15	0	80	14532	60537
1424	3	16	120	14543	1079
1425	19	8	80	14554	32348
1426	19	8	40	14565	33972
1427	0	18	40	14576	26277
1428	1	11	40	14587	9826
1429	3	16	160	14598	92119
1430	5	13	160	14609	25534
1431	19	8	160	14620	26500
1432	19	8	40	14631	15586
1433	0	18	160	14642	27538
1434	6	19	120	14653	4359
1435	4	7	80	14664	52214
1436	15	0	160	14675	58967
1437	4	7	80	14686	2522
1438	19	8	120	14697	32592
1439	6	19	40	14708	39250
1440	6	19	160	14719	15494
1441	6	19	120	14730	35897
1442	6	19	160	14741	29619
1443	3	16	120	14752	36566
1444	3	16	80	14763	3100
1445	5	13	160	14774	38771
1446	19	8	80	14785	7650
1447	0	18	40	14800	24814
1448	1	11	160	14810	11273
1449	4	7	120	14820	15022
1450	3	16	120	14830	5348
1451	15	0	160	14840	31595
1452	19	8	40	14850	37285
1453	15	0	120	14860	6407
1454	3	16	160	14870	10883
1455	15	0	120	14880	10659
1456	19	8	160	14890	3521
1457	15	0	120	14900	13381
1458	19	8	160	14910	51058
1459	6	19	120	14920	19263
1460	19	8	80	14930	3741
1461	6	19	40	14940	38207
1462	1	11	160	14950	14183
1463	19	8	80	14960	26243
1464	6	19	80	14970	11492
1465	15	0	160	14980	27697
1466	15	0	160	14990	17337
1467	1	11	160	15000	10836
1468	0	18	120	15010	36377
1469	19	8	120	15020	5968
1470	0	18	80	15030	28839
1471	1	11	80	15040	64087
1472	15	0	80	15050	51003
1473	6	19	120	15060	2680
1474	3	16	160	15070	34763
1475	5	13	120	15080	37433
1476	15	0	80	15090	16851
1477	1	11	80	15100	9464
1478	4	7	40	15110	45249
1479	6	19	120	15120	12857
1480	0	18	40	15130	17622
1481	15	0	40	15140	3894
1482	19	8	80	15150	9771
1483	6	19	80	15160	70561
1484	0	18	40	15170	49923
1485	6	19	160	15200	81760
1486	19	8	120	15208	66542
1487	0	18	80	15216	7306
1488	15	0	40	15224	10904
1489	15	0	40	15232	59459
1490	4	7	120	15240	38547
1491	0	18	80	15248	22171
1492	4	7	80	15256	10449
1493	3	16	160	15264	6608
1494	15	0	120	15272	29032
1495	19	8	120	15280	37152
1496	4	7	160	15288	12165
1497	6	19	120	15296	1442
1498	6	19	80	15304	15262
1499	5	13	80	15312	23035
1500	15	0	160	15320	10689
1501	6	19	120	15328	83055
1502	19	8	80	15336	62997
1503	1	11	80	15344	4338
1504	4	7	40	15352	48558
1505	1	11	40	15360	10908
1506	19	8	120	15368	56811
1507	1	11	80	15376	29949
1508	5	13	160	15384	23413
1509	6	19	40	15392	29221
1510	19	8	40	15400	66268
1511	15	0	80	15408	60321
1512	3	16	120	15416	28136
1513	3	16	40	15424	20095
1514	5	13	120	15432	935
1515	1	11	80	15440	174618
1516	15	0	160	15448	18204
1517	4	7	80	15456	20212
1518	19	8	40	15464	46992
1519	19	8	80	15472	15266
1520	15	0	40	15480	38975
1521	6	19	80	15488	7712
1522	4	7	160	15496	207815
1523	3	16	120	15504	57681
1524	4	7	160	15512	20313
1525	19	8	160	15520	3161
1526	15	0	160	15528	28254
1527	5	13	80	15536	30152
1528	19	8	40	15544	21171
1529	3	16	40	15552	118982
1530	0	18	160	15560	14953
1531	1	11	120	15600	14547
1532	5	13	40	15609	66982
1533	19	8	120	15618	8936
1534	19	8	160	15627	1537
1535	4	7	120	15636	22057
1536	15	0	120	15645	9387
1537	6	19	160	15654	4691
1538	3	16	40	15663	3694
1539	19	8	40	15672	22245
1540	15	0	40	15681	3078
1541	15	0	80	15690	9949
1542	5	13	120	15699	36989
1543	1	11	160	15708	37480
1544	19	8	160	15717	112327
1545	6	19	80	15726	61140
1546	6	19	160	15735	78860
1547	0	18	40	15744	53527
1548	15	0	80	15753	5495
1549	6	19	80	15762	29372
1550	1	11	120	15771	9333
1551	19	8	80	15780	60279
1552	6	19	120	15789	10262
1553	6	19	160	15798	298440
1554	6	19	40	15807	52975
1555	0	18	80	15816	2315
1556	3	16	120	15825	83710
1557	6	19	160	15834	817
1558	6	19	120	15843	34224
1559	4	7	40	15852	37135
1560	3	16	80	15861	38787
1561	4	7	40	15870	7963
1562	1	11	80	15879	4228
1563	1	11	120	15888	25070
1564	5	13	80	15897	8174
1565	15	0	80	15906	22737
1566	3	16	40	15915	113815
1567	3	16	160	15924	13357
1568	3	16	80	15933	17399
1569	0	18	40	15942	24210
1570	3	16	120	15951	43290
1571	1	11	40	15960	11298
1572	1	11	40	15969	14244
1573	19	8	160	15978	10014
1574	1	11	80	15987	10855
1575	19	8	160	16000	18380
1576	1	11	160	16011	24088
1577	1	11	160	16022	11802
1578	4	7	120	16033	64081
1579	15	0	120	16044	30790
1580	1	11	40	16055	6316
1581	6	19	120	16066	47615
1582	6	19	40	16077	19275
1583	3	16	120	16088	68754
1584	1	11	80	16099	41048
1585	1	11	120	16110	23843
1586	4	7	160	16121	3051
1587	15	0	80	16132	67006
1588	1	11	80	16143	18250
1589	15	0	80	16154	120850
1590	1	11	160	16165	27094
1591	0	18	120	16176	8322
1592	19	8	80	16187	20896
1593	15	0	40	16198	17561
1594	5	13	120	16209	51275
1595	3	16	160	16220	65637
1596	6	19	160	16231	4954
1597	4	7	160	16242	4903
1598	5	13	120	16253	19990
1599	0	18	80	16264	19806
1600	4	7	40	16275	67993
1601	4	7	40	16286	27282
1602	15	0	160	16297	15967
1603	6	19	40	16308	31562
1604	3	16	120	16319	62721
1605	0	18	120	16330	99599
1606	15	0	40	16341	21466
1607	15	0	120	16352	181
1608	5	13	120	16363	39858
1609	15	0	40	16374	14889
1610	19	8	120	16385	24908
1611	0	18	120	16400	30831
1612	3	16	80	16409	5587
1613	19	8	40	16418	1269
1614	3	16	40	16427	22666
1615	6	19	120	16436	84312
1616	6	19	40	16445	46730
1617	19	8	120	16454	8800
1618	0	18	80	16463	54951
1619	4	7	120	16472	38540
1620	3	16	80	16481	17303
1621	4	7	120	16490	3182
1622	1	11	120	16499	75867
1623	5	13	40	16508	18687
1624	15	0	80	16517	102656
1625	1	11	40	16526	22989
1626	1	11	160	16535	54510
1627	4	7	40	16544	88414
1628	4	7	80	16553	20324
1629	19	8	80	16562	17225
1630	3	16	40	16571	11118
1631	6	19	160	16580	15654
1632	5	13	80	16589	59429
1633	3	16	40	16598	16534
1634	3	16	80	16607	42788
1635	15	0	40	16616	29760
1636	19	8	160	16625	15365
1637	0	18	160	16634	55852
1638	19	8	160	16643	783
1639	0	18	120	16652	46645
1640	4	7	120	16661	1193
1641	6	19	80	16670	2852
1642	3	16	160	16679	5753
1643	4	7	40	16688	2068
1644	19	8	120	16697	18339
1645	1	11	40	16706	97664
1646	15	0	80	16715	2280
1647	19	8	40	16724	18591
1648	5	13	160	16733	78820
1649	15	0	40	16742	65364
1650	5	13	160	16751	3498
1651	6	19	40	16760	74656
1652	4	7	120	16800	12417
1653	1	11	160	16807	46267
1654	6	19	40	16814	1433
1655	0	18	120	16821	49318
1656	1	11	80	16828	35195
1657	3	16	120	16835	96197
1658	15	0	160	16842	35234
1659	1	11	120	16849	13621
1660	15	0	160	16856	4735
1661	4	7	160	16863	25682
1662	3	16	80	16870	24537
1663	6	19	40	16877	11229
1664	4	7	40	16884	2617
1665	3	16	160	16891	5350
1666	4	7	80	16898	47668
1667	0	18	40	16905	45231
1668	6	19	160	16912	11481
1669	4	7	40	16919	74356
1670	15	0	120	16926	25335
1671	6	19	80	16933	91346
1672	19	8	160	16940	7796
1673	19	8	120	16947	1749
1674	0	18	40	16954	34854
1675	6	19	40	16961	12929
1676	1	11	120	16968	85141
1677	15	0	80	16975	59452
1678	5	13	120	16982	195
1679	6	19	40	16989	219
1680	4	7	120	16996	18766
1681	3	16	120	17003	15158
1682	15	0	80	17010	713
1683	5	13	40	17017	29307
1684	3	16	120	17024	11999
1685	5	13	160	17031	15844
1686	3	16	40	17038	2159
1687	4	7	120	17045	2648
1688	5	13	40	17052	14266
1689	3	16	120	17059	96855
1690	6	19	120	17066	89171
1691	6	19	80	17073	18033
1692	1	11	160	17080	5500
1693	15	0	80	17087	36215
1694	3	16	160	17094	31786
1695	0	18	120	17101	21220
1696	3	16	160	17108	25537
1697	5	13	120	17115	64945
1698	19	8	40	17122	132446
1699	6	19	120	17129	10612
1700	6	19	160	17136	6279
1701	6	19	40	17143	11970
1702	3	16	80	17150	4795
1703	0	18	120	17200	410
1704	0	18	80	17214	12500
1705	15	0	80	17228	5623
1706	15	0	80	17242	37144
1707	5	13	160	17256	10000
1708	1	11	160	17270	3404
1709	0	18	160	17284	39769
1710	15	0	160	17298	61964
1711	4	7	40	17312	55426
1712	6	19	40	17326	92484
1713	1	11	160	17340	34584
1714	6	19	160	17354	74647
1715	5	13	80	17368	45702
1716	5	13	80	17382	24144
1717	15	0	80	17396	87806
1718	3	16	120	17410	130898
1719	19	8	40	17424	37275
1720	19	8	120	17438	2972
1721	0	18	120	17452	38010
1722	4	7	40	17466	16186
1723	3	16	40	17480	13782
1724	15	0	120	17494	106121
1725	1	11	80	17508	3950
1726	4	7	80	17522	49111
1727	1	11	80	17536	24759
1728	6	19	160	17550	17627
1729	0	18	120	17564	6301
1730	3	16	80	17578	48831
1731	5	13	160	17600	2030
1732	15	0	80	17610	62901
1733	19	8	160	17620	41175
1734	0	18	80	17630	56447
1735	6	19	120	17640	4516
1736	19	8	40	17650	8703
1737	6	19	160	17660	299
1738	5	13	120	17670	10354
1739	4	7	40	17680	5258
1740	15	0	120	17690	38930
1741	15	0	40	17700	51003
1742	3	16	160	17710	122858
1743	5	13	40	17720	33438
1744	4	7	160	17730	3220
1745	1	11	120	17740	3919
1746	19	8	40	17750	21320
1747	0	18	40	17760	22006
1748	0	18	80	17770	47670
1749	6	19	120	17780	65139
1750	4	7	40	17790	99239
1751	5	13	80	17800	30470
1752	3	16	40	17810	69303
1753	0	18	160	17820	11232
1754	6	19	40	17830	6883
1755	6	19	40	17840	21115
1756	3	16	160	17850	78914
1757	19	8	80	17860	49820
1758	3	16	160	17870	1609
1759	15	0	160	17880	7431
1760	4	7	160	17890	15125
1761	5	13	160	17900	5127
1762	19	8	40	17910	59627
1763	1	11	40	17920	81711
1764	6	19	80	17930	84563
1765	1	11	160	17940	50599
1766	5	13	120	17950	105624
1767	6	19	40	17960	7975
1768	0	18	80	18000	57085
1769	0	18	80	18008	47217
1770	5	13	40	18016	23629
1771	15	0	120	18024	23517
1772	1	11	120	18032	34450
1773	19	8	120	18040	57029
1774	0	18	120	18048	132876
1775	1	11	80	18056	11043
1776	6	19	160	18064	40351
1777	15	0	160	18072	44195
1778	19	8	80	18080	9385
1779	6	19	40	18088	60373
1780	1	11	40	18096	31795
1781	4	7	80	18104	10834
1782	1	11	160	18112	46225
1783	19	8	80	18120	25849
1784	5	13	80	18128	8104
1785	15	0	160	18136	5904
1786	3	16	160	18144	6200
1787	15	0	120	18152	26556
1788	3	16	160	18160	24180
1789	4	7	80	18168	13567
1790	4	7	120	18176	7809
1791	0	18	120	18184	19068
1792	4	7	160	18192	103222
1793	6	19	120	18200	2294
1794	0	18	40	18208	47715
1795	1	11	120	18216	25960
1796	19	8	40	18224	97176
1797	1	11	120	18232	1854
1798	19	8	160	18240	40674
1799	3	16	160	18248	11480
1800	5	13	160	18256	5281
1801	3	16	40	18264	9886
1802	19	8	120	18272	35020
1803	19	8	40	18280	102
1804	1	11	80	18288	13650
1805	6	19	120	18296	18244
1806	4	7	160	18304	99140
1807	4	7	80	18312	1763
1808	0	18	80	18320	11955
1809	4	7	120	18328	74226
1810	19	8	40	18336	46538
1811	4	7	160	18344	5823
1812	0	18	40	18352	24503
1813	6	19	160	18400	7165
1814	6	19	160	18410	27569
1815	19	8	120	18420	2998
1816	4	7	40	18430	15498
1817	19	8	160	18440	10990
1818	5	13	160	18450	38362
1819	19	8	120	18460	45712
1820	19	8	160	18470	30804
1821	15	0	40	18480	16305
1822	3	16	40	18490	37510
1823	6	19	40	18500	21324
1824	6	19	120	18510	25896
1825	5	13	80	18520	2432
1826	4	7	160	18530	26284
1827	5	13	160	18540	28533
1828	15	0	120	18550	1873
1829	15	0	160	18560	17907
1830	3	16	80	18570	13289
1831	5	13	80	18580	34552
1832	19	8	40	18590	949
1833	6	19	80	18600	97664
1834	0	18	40	18610	38133
1835	19	8	40	18620	14481
1836	4	7	120	18630	31128
1837	1	11	120	18640	45793
1838	15	0	160	18650	7417
1839	19	8	160	18660	49817
1840	4	7	40	18670	7690
1841	19	8	120	18680	4183
1842	15	0	40	18690	9297
1843	19	8	40	18700	31695
1844	4	7	40	18710	27693
1845	19	8	120	18720	1646
1846	19	8	120	18730	78479
1847	6	19	160	18740	45622
1848	0	18	160	18750	21654
1849	1	11	80	18760	37009
1850	15	0	120	18800	6032
1851	19	8	40	18811	34646
1852	5	13	120	18822	14173
1853	0	18	80	18833	102320
1854	4	7	160	18844	36798
1855	15	0	160	18855	44735
1856	19	8	160	18866	27415
1857	3	16	120	18877	6303
1858	3	16	120	18888	19038
1859	5	13	160	18899	10249
1860	3	16	160	18910	66380
1861	15	0	160	18921	14523
1862	5	13	160	18932	183363
1863	1	11	80	18943	68711
1864	0	18	80	18954	26405
1865	3	16	120	18965	3589
1866	5	13	160	18976	4720
1867	4	7	160	18987	27933
1868	5	13	120	18998	22459
1869	15	0	120	19009	7685
1870	4	7	160	19020	20164
1871	1	11	80	19031	31212
1872	1	11	160	19042	2800
1873	6	19	40	19053	76792
1874	5	13	80	19064	25319
1875	19	8	80	19075	21898
1876	0	18	160	19086	5091
1877	4	7	40	19097	2038
1878	1	11	160	19108	76114
1879	6	19	160	19119	22480
1880	5	13	160	19130	5552
1881	6	19	160	19141	51586
1882	4	7	40	19152	3311
1883	5	13	40	19163	14857
1884	19	8	80	19200	9495
1885	4	7	40	19210	36315
1886	19	8	120	19220	11526
1887	19	8	160	19230	2325
1888	1	11	80	19240	10043
1889	3	16	80	19250	91885
1890	19	8	40	19260	49716
1891	1	11	40	19270	18735
1892	15	0	40	19280	11991
1893	1	11	40	19290	86412
1894	6	19	40	19300	78817
1895	5	13	80	19310	60450
1896	4	7	120	19320	4302
1897	5	13	160	19330	14732
1898	15	0	160	19340	2211
1899	0	18	80	19350	20498
1900	4	7	160	19360	78136
1901	5	13	160	19370	12894
1902	1	11	80	19380	9434
1903	3	16	40	19390	10432
1904	6	19	120	19400	7866
1905	5	13	40	19410	25470
1906	15	0	80	19420	27570
1907	19	8	120	19430	19048
1908	4	7	160	19440	17016
1909	4	7	120	19450	6655
1910	6	19	160	19460	29789
1911	5	13	160	19470	23072
1912	0	18	120	19480	10135
1913	6	19	160	19490	92093
1914	0	18	40	19500	3901
1915	5	13	40	19510	2454
1916	4	7	160	19520	9918
1917	19	8	160	19530	31414
1918	1	11	160	19540	31509
1919	6	19	80	19550	68742
1920	4	7	40	19560	52089
1921	5	13	160	19600	2221
1922	1	11	80	19609	12007
1923	3	16	40	19618	26340
1924	15	0	120	19627	17707
1925	1	11	160	19636	788
1926	3	16	80	19645	11893
1927	19	8	160	19654	5237
1928	0	18	40	19663	166126
1929	19	8	40	19672	38305
1930	5	13	120	19681	14773
1931	4	7	40	19690	48182
1932	5	13	80	19699	169192
1933	0	18	120	19708	18230
1934	1	11	160	19717	28661
1935	0	18	40	19726	56260
1936	5	13	80	19735	25212
1937	1	11	160	19744	54891
1938	19	8	120	19753	5332
1939	4	7	80	19762	39381
1940	5	13	160	19771	3407
1941	0	18	40	19780	61547
1942	4	7	40	19789	34302
1943	15	0	160	19798	2724
1944	5	13	120	19807	13178
1945	4	7	80	19816	10280
1946	1	11	120	19825	6027
1947	1	11	40	19834	14723
1948	1	11	40	19843	54526
1949	0	18	40	19852	58839
1950	1	11	80	19861	27933
1951	4	7	160	19870	22210
1952	4	7	160	19879	43417
1953	1	11	80	19888	6485
1954	6	19	80	19897	35416
1955	19	8	40	19906	59849
1956	3	16	80	19915	606
1957	15	0	40	19924	37933
1958	4	7	120	19933	61406
1959	4	7	120	19942	6886
1960	1	11	120	19951	8715
1961	19	8	80	19960	17792
1962	15	0	120	19969	19373
1963	5	13	160	19978	40113
1964	19	8	160	20000	54521
1965	3	16	160	20011	56267
1966	19	8	120	20022	23407
1967	19	8	160	20033	58084
1968	4	7	160	20044	13887
1969	19	8	160	20055	10831
1970	0	18	120	20066	24068
1971	1	11	40	20077	18922
1972	0	18	40	20088	20427
1973	15	0	120	20099	80241
1974	0	18	80	20110	48785
1975	3	16	160	20121	95706
1976	0	18	160	20132	16851
1977	4	7	120	20143	8416
1978	6	19	120	20154	8089
1979	4	7	80	20165	5208
1980	0	18	40	20176	61277
1981	1	11	40	20187	90914
1982	15	0	160	20198	12956
1983	0	18	40	20209	5330
1984	15	0	120	20220	3932
1985	1	11	160	20231	65114
1986	0	18	40	20242	1160
1987	4	7	160	20253	53394
1988	4	7	40	20264	46331
1989	3	16	160	20275	43820
1990	15	0	120	20286	52952
1991	6	19	80	20297	60882
1992	6	19	40	20308	109027
1993	4	7	160	20319	102898
1994	1	11	120	20330	20284
1995	6	19	80	20341	35916
1996	3	16	120	20352	16332
1997	19	8	40	20363	91757
1998	15	0	160	20374	9791
1999	3	16	160	20385	22820
