0	19	8	80	0	12572
1	3	16	80	7	56920
2	19	8	120	14	103873
3	3	16	40	21	1099
4	1	11	160	28	7205
5	1	11	40	35	6107
6	0	18	80	42	8699
7	6	19	160	49	41540
8	5	13	80	56	3158
9	0	18	80	63	34551
10	6	19	120	70	8272
11	1	11	160	77	84543
12	1	11	80	84	20813
13	19	8	80	91	35344
14	3	16	120	98	4606
15	19	8	40	105	78216
16	6	19	160	112	9811
17	15	0	120	119	9045
18	1	11	40	126	20791
19	15	0	80	133	63704
20	15	0	120	140	52425
21	1	11	160	147	14383
22	15	0	120	154	6355
23	6	19	80	161	3098
24	1	11	80	168	6642
25	1	11	160	175	27341
26	15	0	80	182	20431
27	19	8	40	189	182983
28	0	18	40	196	1531
29	15	0	120	203	609
30	3	16	80	210	13133
31	1	11	160	217	42390
32	6	19	40	224	14013
33	1	11	120	231	39511
34	15	0	120	238	44439
35	0	18	120	245	1283
36	1	11	40	252	12143
37	0	18	80	259	8202
38	6	19	40	266	12442
39	3	16	120	273	2578
40	6	19	120	280	6842
41	19	8	80	287	4249
42	3	16	120	294	2915
43	1	11	80	301	9169
44	0	18	120	308	40299
45	15	0	120	315	18170
46	19	8	120	322	7964
47	15	0	40	329	22055
48	4	7	120	336	20710
49	19	8	40	343	9592
50	6	19	120	350	23835
51	5	13	120	400	19098
52	5	13	120	409	89610
53	6	19	40	418	76088
54	19	8	160	427	2608
55	6	19	80	436	75481
56	5	13	120	445	26903
57	3	16	80	454	48182
58	0	18	160	463	38989
59	19	8	40	472	20786
60	3	16	120	481	25301
61	1	11	80	490	8716
62	5	13	120	499	34355
63	15	0	120	508	2482
64	6	19	40	517	10028
65	5	13	120	526	14900
66	5	13	120	535	18028
67	0	18	120	544	35550
68	0	18	120	553	63037
69	1	11	40	562	3137
70	15	0	40	571	19949
71	6	19	120	580	1132
72	1	11	80	589	57647
73	19	8	80	598	15585
74	0	18	120	607	27466
75	19	8	40	616	30999
76	15	0	80	625	9843
77	5	13	40	634	59186
78	5	13	160	643	8824
79	3	16	120	652	29775
80	3	16	40	661	12161
81	0	18	40	670	85882
82	4	7	80	679	13132
83	1	11	40	688	31634
84	1	11	160	697	12078
85	6	19	120	706	49466
86	5	13	80	715	46004
87	0	18	40	724	15892
88	3	16	120	733	29238
89	0	18	80	742	52135
90	5	13	160	751	11397
91	15	0	120	760	18191
92	19	8	120	800	15995
93	15	0	40	808	41849
94	19	8	40	816	14361
95	5	13	80	824	68972
96	4	7	160	832	12309
97	5	13	160	840	389
98	5	13	80	848	89537
99	4	7	160	856	10373
100	3	16	40	864	66
101	19	8	160	872	17108
102	6	19	120	880	26856
103	1	11	80	888	14590
104	1	11	160	896	34753
105	19	8	40	904	21022
106	4	7	80	912	24473
107	6	19	40	920	16561
108	5	13	80	928	7764
109	0	18	160	936	11388
110	19	8	160	944	23253
111	19	8	120	952	34145
112	15	0	80	960	19596
113	6	19	40	968	2321
114	6	19	160	976	4818
115	1	11	80	984	27306
116	6	19	160	992	51515
117	4	7	120	1000	698
118	6	19	160	1008	29120
119	19	8	80	1016	15184
120	0	18	40	1024	22573
121	5	13	120	1032	1077
122	15	0	160	1040	1700
123	0	18	80	1048	1019
124	6	19	80	1056	32749
125	19	8	120	1064	807
126	6	19	160	1072	19681
127	3	16	40	1080	2114
128	19	8	80	1088	665
129	5	13	80	1096	32153
130	5	13	80	1104	9395
131	1	11	120	1112	9267
132	0	18	160	1120	67149
133	1	11	160	1128	75357
134	0	18	120	1136	29545
135	4	7	80	1144	52492
136	4	7	120	1152	8515
137	3	16	40	1160	81090
138	19	8	40	1168	82145
139	1	11	120	1176	40103
140	3	16	80	1184	6378
141	19	8	40	1200	10504
142	4	7	160	1209	5592
143	3	16	160	1218	9484
144	0	18	80	1227	7408
145	5	13	80	1236	23165
146	0	18	40	1245	87003
147	1	11	120	1254	12032
148	1	11	80	1263	24736
149	6	19	120	1272	35360
150	19	8	120	1281	1495
151	19	8	40	1290	11186
152	19	8	160	1299	9021
153	5	13	160	1308	16982
154	4	7	160	1317	32454
155	15	0	120	1326	76584
156	1	11	160	1335	13974
157	5	13	40	1344	23979
158	5	13	40	1353	29792
159	1	11	80	1362	31591
160	1	11	80	1371	581
161	1	11	80	1380	19431
162	6	19	160	1389	15288
163	0	18	160	1398	18549
164	4	7	80	1407	1328
165	6	19	80	1416	8565
166	19	8	120	1425	41139
167	5	13	120	1434	22070
168	6	19	80	1443	11635
169	1	11	80	1452	8359
170	15	0	120	1461	11503
171	4	7	160	1470	59789
172	4	7	80	1479	1518
173	5	13	40	1488	53163
174	6	19	40	1497	6443
175	1	11	160	1506	7068
176	0	18	120	1515	43395
177	5	13	40	1524	32510
178	19	8	160	1533	35906
179	0	18	160	1542	3215
180	15	0	80	1551	1478
181	5	13	40	1560	4336
182	0	18	120	1600	13962
183	3	16	160	1613	7112
184	5	13	160	1626	27172
185	5	13	40	1639	72577
186	3	16	120	1652	168
187	5	13	40	1665	13570
188	15	0	40	1678	5820
189	3	16	40	1691	33189
190	3	16	80	1704	14191
191	15	0	120	1717	26381
192	6	19	160	1730	7061
193	6	19	120	1743	6444
194	19	8	80	1756	37229
195	0	18	160	1769	27226
196	1	11	80	1782	51564
197	4	7	160	1795	26575
198	15	0	80	1808	7637
199	3	16	40	1821	80753
200	5	13	160	1834	38533
201	5	13	120	1847	11166
202	5	13	40	1860	243
203	19	8	40	1873	10306
204	19	8	160	1886	11865
205	5	13	120	1899	3709
206	4	7	120	1912	8948
207	4	7	160	1925	13175
208	15	0	120	1938	7609
209	3	16	160	1951	15983
210	6	19	160	1964	3145
211	5	13	160	1977	28848
212	6	19	80	2000	46479
213	4	7	80	2009	21142
214	4	7	40	2018	26763
215	6	19	40	2027	46949
216	0	18	160	2036	2901
217	4	7	40	2045	5798
218	4	7	40	2054	47298
219	19	8	40	2063	2594
220	4	7	120	2072	8326
221	4	7	80	2081	11784
222	15	0	120	2090	11704
223	4	7	80	2099	24190
224	19	8	40	2108	45168
225	19	8	40	2117	30034
226	6	19	160	2126	26053
227	15	0	120	2135	41942
228	5	13	160	2144	2604
229	5	13	80	2153	19544
230	19	8	80	2162	11156
231	5	13	160	2171	4370
232	6	19	160	2180	15208
233	5	13	120	2189	39929
234	4	7	40	2198	9475
235	3	16	120	2207	27932
236	0	18	40	2216	4047
237	1	11	120	2225	2315
238	4	7	160	2234	48313
239	0	18	40	2243	18348
240	0	18	120	2252	24530
241	19	8	160	2261	21082
242	6	19	80	2270	4189
243	5	13	40	2279	31348
244	5	13	80	2288	23624
245	6	19	120	2297	32984
246	1	11	40	2306	39992
247	3	16	120	2315	26556
248	3	16	120	2324	19888
249	1	11	40	2333	63617
250	0	18	40	2342	19950
251	6	19	80	2351	26513
252	19	8	160	2360	39718
253	15	0	40	2369	4475
254	19	8	120	2378	26774
255	1	11	80	2400	12712
256	6	19	160	2408	102572
257	0	18	160	2416	11283
258	19	8	160	2424	16702
259	19	8	160	2432	27059
260	19	8	120	2440	15737
261	6	19	160	2448	15945
262	15	0	40	2456	9241
263	1	11	80	2464	30095
264	3	16	80	2472	2916
265	1	11	40	2480	75152
266	19	8	40	2488	6273
267	0	18	120	2496	1111
268	19	8	40	2504	7207
269	0	18	80	2512	99870
270	6	19	40	2520	29168
271	19	8	80	2528	531
272	0	18	40	2536	10273
273	4	7	160	2544	9475
274	15	0	120	2552	14891
275	4	7	160	2560	29592
276	6	19	160	2568	6205
277	3	16	120	2576	25667
278	19	8	160	2584	209
279	3	16	120	2592	2547
280	15	0	160	2600	55954
281	3	16	80	2608	119102
282	4	7	40	2616	7305
283	4	7	120	2624	4571
284	5	13	40	2632	117664
285	3	16	40	2640	29143
286	5	13	160	2648	10620
287	19	8	120	2656	8535
288	6	19	40	2664	3571
289	3	16	120	2672	59153
290	6	19	160	2680	29027
291	19	8	40	2688	36352
292	1	11	120	2696	21431
293	5	13	40	2704	5065
294	1	11	80	2712	1320
295	3	16	120	2720	4034
296	1	11	120	2728	7388
297	5	13	40	2736	14154
298	1	11	120	2744	22889
299	3	16	40	2752	26606
300	15	0	120	2800	17463
301	1	11	80	2808	34839
302	3	16	80	2816	12657
303	3	16	80	2824	20760
304	4	7	40	2832	6148
305	1	11	160	2840	18771
306	5	13	40	2848	9272
307	5	13	160	2856	15818
308	19	8	80	2864	29527
309	5	13	120	2872	79581
310	4	7	80	2880	4862
311	4	7	80	2888	9584
312	0	18	160	2896	10951
313	6	19	80	2904	12286
314	0	18	160	2912	35620
315	5	13	80	2920	16062
316	3	16	160	2928	6055
317	4	7	80	2936	3791
318	5	13	40	2944	30728
319	19	8	80	2952	12718
320	5	13	40	2960	21915
321	19	8	80	2968	64086
322	4	7	120	2976	56993
323	6	19	80	2984	10135
324	4	7	120	2992	7976
325	15	0	40	3000	61620
326	15	0	120	3008	13547
327	5	13	40	3016	4126
328	3	16	120	3024	7641
329	5	13	40	3032	8821
330	3	16	40	3040	14071
331	1	11	160	3048	36590
332	0	18	160	3056	1032
333	5	13	160	3064	9925
334	5	13	40	3072	21036
335	6	19	80	3080	3536
336	0	18	40	3088	21000
337	1	11	160	3096	27608
338	19	8	120	3104	70703
339	4	7	80	3112	14347
340	6	19	160	3120	11574
341	0	18	40	3128	49888
342	19	8	40	3136	21484
343	0	18	120	3144	4604
344	15	0	80	3152	31565
345	1	11	80	3160	11179
346	15	0	40	3168	12815
347	4	7	80	3176	5054
348	4	7	80	3200	12947
349	5	13	40	3212	20010
350	0	18	160	3224	64428
351	6	19	40	3236	3035
352	19	8	160	3248	30851
353	3	16	40	3260	5456
354	15	0	40	3272	1773
355	15	0	40	3284	21176
356	6	19	160	3296	46991
357	6	19	160	3308	1623
358	19	8	120	3320	8430
359	6	19	160	3332	8653
360	4	7	40	3344	2829
361	0	18	40	3356	4256
362	1	11	40	3368	5657
363	4	7	80	3380	12268
364	1	11	80	3392	17619
365	3	16	80	3404	12303
366	3	16	80	3416	8123
367	5	13	40	3428	673
368	1	11	80	3440	40746
369	4	7	80	3452	24273
370	5	13	80	3464	56437
371	1	11	160	3476	18611
372	5	13	160	3488	5316
373	1	11	160	3500	7621
374	1	11	120	3512	699
375	5	13	160	3524	30882
376	0	18	40	3536	9946
377	3	16	40	3548	31635
378	15	0	40	3560	22776
379	1	11	40	3572	57892
380	19	8	40	3600	17097
381	3	16	80	3609	6632
382	1	11	160	3618	32423
383	6	19	80	3627	29469
384	4	7	40	3636	11311
385	5	13	160	3645	9426
386	1	11	40	3654	1454
387	15	0	120	3663	43796
388	15	0	160	3672	7470
389	6	19	160	3681	144590
390	19	8	120	3690	7823
391	3	16	40	3699	17502
392	1	11	40	3708	11756
393	1	11	120	3717	24836
394	0	18	40	3726	9927
395	6	19	160	3735	5966
396	15	0	160	3744	26240
397	4	7	160	3753	5094
398	15	0	40	3762	25506
399	4	7	160	3771	9629
400	19	8	40	3780	2138
401	3	16	160	3789	11709
402	3	16	160	3798	11202
403	19	8	40	3807	36411
404	0	18	160	3816	25949
405	19	8	160	3825	11951
406	1	11	80	3834	60651
407	15	0	160	3843	14409
408	0	18	120	3852	4605
409	3	16	40	3861	10242
410	6	19	40	3870	6805
411	4	7	160	3879	3245
412	19	8	160	3888	14458
413	15	0	120	3897	11698
414	6	19	160	3906	37823
415	0	18	160	3915	48922
416	15	0	40	3924	13135
417	5	13	160	3933	16775
418	0	18	40	3942	592
419	6	19	80	3951	5214
420	1	11	80	3960	10055
421	4	7	120	4000	14278
422	6	19	80	4008	34268
423	4	7	120	4016	41065
424	4	7	120	4024	10640
425	3	16	80	4032	11746
426	19	8	160	4040	3963
427	3	16	80	4048	19377
428	0	18	160	4056	64983
429	5	13	120	4064	39684
430	6	19	40	4072	1457
431	6	19	80	4080	3845
432	4	7	160	4088	1945
433	3	16	40	4096	7963
434	1	11	40	4104	41851
435	6	19	40	4112	3162
436	0	18	80	4120	48685
437	1	11	160	4128	77468
438	6	19	120	4136	1137
439	5	13	80	4144	98640
440	4	7	120	4152	12448
441	4	7	40	4160	22439
442	15	0	40	4168	26185
443	5	13	120	4176	60644
444	0	18	160	4184	33337
445	5	13	120	4192	3947
446	3	16	40	4200	1618
447	4	7	80	4208	35
448	4	7	120	4216	45776
449	19	8	40	4224	15191
450	19	8	120	4232	38462
451	3	16	40	4240	4241
452	4	7	120	4248	4380
453	1	11	120	4256	14754
454	3	16	120	4264	106592
455	4	7	80	4272	24309
456	5	13	80	4280	23597
457	19	8	80	4288	19360
458	5	13	80	4296	13178
459	15	0	120	4304	7677
460	19	8	160	4312	6586
461	19	8	160	4320	10942
462	6	19	40	4328	17520
463	4	7	40	4336	10936
464	5	13	40	4344	8167
465	0	18	160	4352	2497
466	19	8	40	4360	1196
467	6	19	120	4368	4476
468	5	13	120	4400	19739
469	0	18	160	4409	26589
470	0	18	120	4418	31
471	6	19	80	4427	14838
472	15	0	80	4436	14639
473	4	7	160	4445	1000
474	3	16	160	4454	37522
475	6	19	40	4463	31860
476	6	19	120	4472	36807
477	1	11	160	4481	43994
478	3	16	120	4490	1706
479	19	8	40	4499	5549
480	19	8	40	4508	9320
481	5	13	80	4517	3922
482	15	0	160	4526	29092
483	0	18	120	4535	14980
484	6	19	160	4544	241
485	4	7	160	4553	54539
486	1	11	120	4562	95405
487	3	16	40	4571	23135
488	19	8	120	4580	8360
489	15	0	120	4589	5007
490	0	18	160	4598	16517
491	1	11	160	4607	9073
492	6	19	120	4616	18523
493	19	8	160	4625	35534
494	6	19	80	4634	32663
495	5	13	160	4643	943
496	15	0	40	4652	2245
497	3	16	40	4661	8496
498	19	8	120	4670	23968
499	0	18	160	4679	25323
500	5	13	120	4688	2610
501	6	19	80	4697	54107
502	15	0	160	4706	13950
503	4	7	160	4715	4814
504	19	8	120	4724	15133
505	1	11	80	4733	9881
506	4	7	160	4742	29328
507	0	18	160	4751	3232
508	19	8	160	4760	26509
509	6	19	120	4769	7011
510	15	0	120	4778	45948
511	4	7	120	4787	36982
512	5	13	120	4800	15927
513	5	13	40	4808	5843
514	15	0	80	4816	72857
515	3	16	120	4824	2243
516	0	18	160	4832	26153
517	5	13	120	4840	1327
518	15	0	40	4848	10561
519	1	11	40	4856	11922
520	15	0	40	4864	3002
521	6	19	160	4872	13490
522	6	19	40	4880	50096
523	15	0	160	4888	11178
524	0	18	160	4896	4535
525	19	8	120	4904	27837
526	0	18	120	4912	61630
527	15	0	80	4920	27658
528	15	0	80	4928	8464
529	15	0	160	4936	33467
530	19	8	160	4944	24893
531	3	16	120	4952	15977
532	3	16	40	4960	5610
533	3	16	160	4968	12940
534	4	7	120	4976	2619
535	1	11	120	4984	13354
536	6	19	80	4992	29705
537	4	7	40	5000	17648
538	1	11	160	5008	136496
539	4	7	120	5016	26789
540	19	8	40	5024	5104
541	1	11	120	5032	46378
542	4	7	80	5040	71893
543	3	16	160	5048	999
544	0	18	160	5056	9817
545	6	19	40	5064	29852
546	5	13	80	5072	42497
547	1	11	80	5080	9317
548	0	18	80	5088	41226
549	3	16	160	5096	25496
550	4	7	160	5104	11274
551	1	11	80	5112	867
552	4	7	40	5120	68396
553	15	0	120	5128	6590
554	1	11	160	5136	18339
555	19	8	120	5144	26832
556	19	8	40	5152	462
557	0	18	40	5160	1701
558	4	7	160	5168	230
559	19	8	40	5176	36473
560	1	11	120	5200	12834
561	6	19	120	5212	514
562	1	11	120	5224	42358
563	1	11	160	5236	59620
564	6	19	120	5248	22462
565	4	7	40	5260	10955
566	1	11	120	5272	20670
567	1	11	160	5284	1696
568	0	18	120	5296	2869
569	6	19	160	5308	17877
570	6	19	40	5320	11444
571	5	13	160	5332	3704
572	3	16	160	5344	1413
573	4	7	120	5356	27610
574	3	16	40	5368	5353
575	5	13	80	5380	7304
576	3	16	120	5392	15694
577	4	7	80	5404	43268
578	15	0	160	5416	895
579	3	16	160	5428	14809
580	3	16	80	5440	46624
581	15	0	80	5452	22085
582	15	0	160	5464	47811
583	4	7	80	5476	24710
584	3	16	40	5488	11363
585	6	19	120	5500	22602
586	15	0	120	5512	18844
587	5	13	120	5524	82853
588	1	11	160	5536	51393
589	5	13	160	5548	13504
590	1	11	120	5560	12568
591	5	13	80	5572	24620
592	0	18	40	5600	17173
593	1	11	120	5608	5821
594	1	11	160	5616	7171
595	3	16	120	5624	4482
596	19	8	40	5632	642
597	3	16	80	5640	814
598	5	13	80	5648	13618
599	5	13	160	5656	83557
600	5	13	120	5664	3462
601	4	7	80	5672	34405
602	0	18	160	5680	5627
603	4	7	120	5688	8400
604	6	19	160	5696	7720
605	19	8	160	5704	6330
606	15	0	120	5712	91964
607	0	18	80	5720	7182
608	4	7	120	5728	984
609	5	13	80	5736	7614
610	6	19	40	5744	5148
611	5	13	160	5752	4877
612	3	16	80	5760	776
613	0	18	160	5768	19116
614	6	19	160	5776	62020
615	3	16	80	5784	40190
616	15	0	160	5792	4116
617	15	0	40	5800	4937
618	15	0	120	5808	18607
619	0	18	40	5816	146092
620	5	13	120	5824	41494
621	5	13	160	5832	22539
622	0	18	40	5840	4931
623	5	13	120	5848	27525
624	4	7	40	5856	3001
625	0	18	160	5864	32124
626	5	13	120	5872	23987
627	1	11	80	5880	44252
628	1	11	160	5888	13289
629	19	8	80	5896	720
630	6	19	80	5904	6460
631	19	8	40	5912	14200
632	19	8	160	5920	12345
633	1	11	40	5928	1674
634	15	0	80	5936	9472
635	19	8	40	5944	2399
636	15	0	80	5952	11963
637	3	16	40	5960	20159
638	15	0	120	5968	11004
639	4	7	80	6000	3769
640	15	0	160	6009	23974
641	15	0	40	6018	8061
642	0	18	40	6027	63189
643	5	13	120	6036	22638
644	15	0	160	6045	6499
645	6	19	120	6054	6078
646	3	16	160	6063	22579
647	0	18	40	6072	78478
648	5	13	120	6081	8248
649	19	8	80	6090	14160
650	4	7	160	6099	307
651	1	11	40	6108	44049
652	4	7	120	6117	16346
653	5	13	40	6126	13714
654	19	8	40	6135	3807
655	19	8	120	6144	17882
656	4	7	80	6153	20580
657	4	7	40	6162	17949
658	0	18	80	6171	4697
659	5	13	160	6180	18496
660	3	16	40	6189	21985
661	6	19	80	6198	3523
662	19	8	120	6207	43017
663	5	13	40	6216	256
664	19	8	40	6225	876
665	6	19	160	6234	32933
666	5	13	40	6243	36533
667	1	11	80	6252	80067
668	1	11	120	6261	6054
669	6	19	160	6270	42442
670	5	13	40	6279	13076
671	5	13	120	6288	21360
672	19	8	80	6297	40913
673	4	7	80	6306	12025
674	1	11	40	6315	10937
675	15	0	120	6324	18491
676	5	13	160	6333	27414
677	4	7	80	6342	20541
678	15	0	160	6351	14136
679	6	19	120	6360	53823
680	6	19	160	6369	3289
681	4	7	80	6378	26603
682	5	13	120	6387	19214
683	3	16	80	6400	93313
684	5	13	120	6409	407
685	4	7	40	6418	12082
686	5	13	80	6427	73209
687	4	7	120	6436	81759
688	1	11	160	6445	60821
689	19	8	120	6454	38722
690	5	13	120	6463	17582
691	3	16	80	6472	48221
692	3	16	120	6481	11883
693	1	11	160	6490	42591
694	0	18	40	6499	18921
695	1	11	120	6508	16405
696	15	0	80	6517	14430
697	4	7	40	6526	59881
698	5	13	80	6535	20524
699	1	11	160	6544	16197
700	1	11	120	6553	14000
701	1	11	120	6562	24872
702	15	0	120	6571	32238
703	15	0	160	6580	14852
704	3	16	80	6589	623
705	19	8	40	6598	13213
706	1	11	160	6607	540
707	19	8	80	6616	2524
708	3	16	40	6625	1723
709	1	11	80	6634	22568
710	3	16	120	6643	44651
711	19	8	160	6652	16
712	6	19	40	6661	2040
713	3	16	160	6670	8015
714	15	0	160	6679	12631
715	19	8	120	6688	63813
716	1	11	160	6697	21141
717	5	13	80	6706	46166
718	19	8	80	6715	121875
719	5	13	160	6724	24539
720	0	18	80	6733	37893
721	1	11	80	6742	40487
722	19	8	80	6751	1073
723	3	16	40	6760	13163
724	1	11	40	6769	8907
725	1	11	160	6778	19386
726	1	11	40	6787	5320
727	6	19	120	6800	105603
728	4	7	40	6812	45320
729	0	18	120	6824	49116
730	19	8	80	6836	2140
731	0	18	160	6848	34593
732	19	8	160	6860	6
733	5	13	40	6872	74076
734	5	13	40	6884	14429
735	5	13	80	6896	15824
736	6	19	160	6908	64142
737	15	0	120	6920	2250
738	19	8	40	6932	73840
739	6	19	120	6944	21603
740	1	11	80	6956	11214
741	5	13	40	6968	45984
742	0	18	120	6980	54681
743	0	18	80	6992	8946
744	5	13	160	7004	75182
745	5	13	160	7016	17547
746	6	19	40	7028	36823
747	0	18	160	7040	2704
748	4	7	160	7052	13124
749	1	11	120	7064	22935
750	19	8	160	7076	57684
751	1	11	40	7088	21868
752	5	13	120	7100	61766
753	0	18	80	7112	65418
754	0	18	80	7124	28656
755	0	18	40	7136	23670
756	1	11	40	7148	22081
757	4	7	80	7160	9144
758	5	13	120	7172	3939
759	1	11	120	7200	15303
760	6	19	40	7211	6102
761	4	7	80	7222	843
762	5	13	40	7233	6941
763	3	16	120	7244	5309
764	1	11	40	7255	17825
765	1	11	160	7266	2027
766	0	18	160	7277	9
767	0	18	40	7288	3264
768	6	19	120	7299	42823
769	1	11	80	7310	62621
770	1	11	120	7321	166919
771	3	16	40	7332	16448
772	5	13	40	7343	55270
773	1	11	120	7354	12270
774	3	16	120	7365	7454
775	5	13	80	7376	67920
776	0	18	160	7387	59841
777	19	8	160	7398	31654
778	15	0	40	7409	15046
779	6	19	80	7420	37615
780	5	13	120	7431	35247
781	1	11	40	7442	2323
782	3	16	120	7453	20060
783	3	16	120	7464	6373
784	0	18	120	7475	77991
785	6	19	40	7486	16037
786	5	13	40	7497	43932
787	15	0	120	7508	1633
788	5	13	120	7519	7140
789	5	13	160	7530	41806
790	4	7	80	7541	51150
791	1	11	120	7552	22852
792	1	11	160	7563	66776
793	15	0	120	7574	15806
794	0	18	120	7585	11049
795	6	19	40	7600	9926
796	0	18	40	7610	22089
797	15	0	40	7620	28821
798	15	0	40	7630	37113
799	3	16	40	7640	49982
800	5	13	160	7650	17527
801	5	13	160	7660	25696
802	3	16	40	7670	7700
803	1	11	80	7680	16387
804	19	8	160	7690	22995
805	6	19	120	7700	12806
806	6	19	160	7710	28729
807	3	16	40	7720	17788
808	6	19	160	7730	26426
809	5	13	160	7740	33854
810	0	18	80	7750	29681
811	1	11	40	7760	48767
812	6	19	80	7770	45698
813	19	8	80	7780	10710
814	5	13	160	7790	29032
815	5	13	160	7800	3403
816	1	11	120	7810	15148
817	1	11	80	7820	434
818	1	11	160	7830	6500
819	4	7	40	7840	899
820	6	19	120	7850	6628
821	1	11	80	7860	65463
822	5	13	80	7870	48933
823	1	11	160	7880	175
824	15	0	40	7890	1107
825	19	8	40	7900	11665
826	1	11	40	7910	19593
827	15	0	80	7920	12974
828	1	11	40	7930	763
829	5	13	120	7940	63232
830	4	7	80	7950	9948
831	1	11	120	7960	5910
832	0	18	120	7970	69870
833	4	7	160	8000	21421
834	0	18	80	8013	7657
835	19	8	160	8026	2865
836	19	8	40	8039	40863
837	1	11	40	8052	1785
838	3	16	160	8065	23023
839	4	7	160	8078	19041
840	0	18	40	8091	37392
841	1	11	40	8104	9122
842	1	11	160	8117	12191
843	0	18	120	8130	16699
844	5	13	80	8143	2935
845	1	11	40	8156	299
846	5	13	40	8169	34558
847	1	11	80	8182	20711
848	3	16	160	8195	36416
849	5	13	160	8208	6483
850	5	13	80	8221	49095
851	15	0	120	8234	21033
852	5	13	40	8247	14868
853	4	7	40	8260	33288
854	6	19	120	8273	24127
855	3	16	120	8286	21027
856	0	18	80	8299	37159
857	0	18	80	8312	7461
858	3	16	40	8325	14335
859	19	8	120	8338	6318
860	4	7	120	8351	46435
861	19	8	80	8364	7894
862	1	11	40	8377	16262
863	0	18	40	8400	32259
864	0	18	120	8410	12935
865	15	0	120	8420	16224
866	1	11	80	8430	61638
867	3	16	80	8440	7247
868	15	0	40	8450	2180
869	5	13	160	8460	21349
870	6	19	120	8470	9060
871	19	8	80	8480	12114
872	19	8	120	8490	12303
873	15	0	160	8500	28075
874	3	16	160	8510	6819
875	4	7	80	8520	62206
876	0	18	120	8530	18446
877	5	13	160	8540	11031
878	6	19	80	8550	53442
879	6	19	160	8560	798
880	4	7	160	8570	23341
881	19	8	160	8580	93730
882	4	7	120	8590	24314
883	6	19	40	8600	37981
884	0	18	40	8610	1422
885	5	13	160	8620	33818
886	5	13	80	8630	33902
887	5	13	120	8640	5218
888	6	19	80	8650	75142
889	15	0	120	8660	28073
890	19	8	120	8670	9438
891	15	0	160	8680	19195
892	19	8	160	8690	23346
893	4	7	40	8700	11682
894	19	8	80	8710	28274
895	1	11	120	8720	17078
896	0	18	40	8730	41700
897	0	18	120	8740	25824
898	19	8	40	8750	2123
899	6	19	120	8760	23461
900	0	18	160	8800	2238
901	1	11	160	8810	16751
902	4	7	80	8820	16219
903	6	19	40	8830	5103
904	15	0	40	8840	61322
905	6	19	40	8850	15434
906	19	8	160	8860	4839
907	15	0	80	8870	35505
908	1	11	80	8880	16771
909	1	11	80	8890	29621
910	3	16	40	8900	1162
911	4	7	120	8910	13028
912	3	16	160	8920	11283
913	6	19	80	8930	12950
914	4	7	120	8940	22571
915	4	7	160	8950	50038
916	4	7	160	8960	24747
917	4	7	160	8970	28704
918	0	18	40	8980	27473
919	4	7	160	8990	25963
920	3	16	40	9000	31861
921	5	13	160	9010	31240
922	5	13	160	9020	8709
923	0	18	120	9030	12151
924	6	19	40	9040	7357
925	15	0	160	9050	34637
926	19	8	80	9060	35735
927	4	7	80	9070	379
928	15	0	120	9080	143223
929	0	18	40	9090	32164
930	4	7	40	9100	2557
931	0	18	160	9110	50349
932	5	13	120	9120	8011
933	0	18	120	9130	7498
934	6	19	40	9140	69029
935	3	16	40	9150	3053
936	5	13	120	9160	16094
937	15	0	120	9170	14146
938	15	0	40	9180	49381
939	3	16	40	9200	21003
940	5	13	160	9210	20423
941	15	0	40	9220	99643
942	4	7	40	9230	28308
943	4	7	40	9240	6820
944	4	7	80	9250	24671
945	4	7	40	9260	56808
946	4	7	40	9270	4631
947	3	16	120	9280	5504
948	19	8	120	9290	35887
949	5	13	120	9300	40687
950	15	0	160	9310	48191
951	5	13	80	9320	3244
952	19	8	120	9330	90920
953	4	7	40	9340	13225
954	4	7	120	9350	52733
955	4	7	40	9360	10753
956	5	13	160	9370	5297
957	3	16	120	9380	2368
958	0	18	160	9390	62986
959	0	18	80	9400	4140
960	6	19	120	9410	28891
961	4	7	120	9420	4383
962	19	8	160	9430	35777
963	0	18	80	9440	34717
964	15	0	40	9450	22467
965	1	11	40	9460	4471
966	19	8	160	9470	3483
967	3	16	40	9480	2708
968	19	8	80	9490	15389
969	1	11	120	9500	16163
970	19	8	80	9510	11748
971	6	19	80	9520	5296
972	5	13	120	9530	41882
973	6	19	40	9540	2488
974	19	8	40	9550	2211
975	5	13	40	9560	33330
976	0	18	120	9570	863
977	1	11	160	9600	1407
978	5	13	40	9609	33757
979	1	11	40	9618	10627
980	4	7	120	9627	21301
981	6	19	120	9636	20224
982	5	13	160	9645	6582
983	3	16	160	9654	4791
984	1	11	40	9663	49424
985	15	0	160	9672	88189
986	0	18	80	9681	55242
987	0	18	80	9690	47212
988	6	19	40	9699	11452
989	1	11	160	9708	20964
990	6	19	40	9717	61045
991	1	11	160	9726	12046
992	6	19	160	9735	17507
993	15	0	120	9744	30022
994	6	19	80	9753	51546
995	1	11	80	9762	12504
996	15	0	80	9771	5641
997	3	16	160	9780	63130
998	6	19	40	9789	24487
999	1	11	80	9798	15340
1000	5	13	40	9807	35391
1001	1	11	160	9816	1709
1002	3	16	80	9825	31565
1003	6	19	160	9834	8076
1004	5	13	80	9843	13464
1005	1	11	120	9852	26441
1006	19	8	120	9861	8596
1007	1	11	80	9870	50665
1008	5	13	40	9879	9814
1009	15	0	80	9888	3571
1010	3	16	80	9897	9461
1011	4	7	40	9906	3651
1012	6	19	120	9915	9934
1013	19	8	120	9924	20240
1014	5	13	120	9933	20262
1015	0	18	40	9942	3356
1016	19	8	120	9951	62830
1017	6	19	160	9960	21622
1018	19	8	40	9969	53450
1019	0	18	40	10000	24071
1020	1	11	120	10008	7555
1021	15	0	80	10016	7716
1022	5	13	40	10024	31182
1023	15	0	80	10032	53158
1024	5	13	80	10040	20180
1025	6	19	80	10048	117220
1026	19	8	120	10056	27360
1027	15	0	160	10064	2840
1028	0	18	120	10072	5816
1029	15	0	160	10080	27491
1030	6	19	120	10088	18696
1031	15	0	160	10096	2726
1032	5	13	160	10104	12967
1033	3	16	160	10112	7975
1034	5	13	40	10120	21202
1035	3	16	160	10128	17594
1036	3	16	80	10136	43662
1037	15	0	160	10144	73966
1038	6	19	120	10152	33425
1039	0	18	120	10160	5498
1040	15	0	40	10168	26869
1041	15	0	40	10176	510
1042	4	7	80	10184	17841
1043	15	0	120	10192	6624
1044	15	0	120	10200	7120
1045	1	11	160	10208	36370
1046	5	13	40	10216	1375
1047	15	0	40	10224	71006
1048	1	11	40	10232	3721
1049	5	13	80	10240	33536
1050	1	11	120	10248	15650
1051	0	18	80	10256	22950
1052	4	7	120	10264	874
1053	5	13	160	10272	151
1054	0	18	120	10280	5422
1055	6	19	160	10288	16453
1056	5	13	120	10296	10026
1057	5	13	40	10304	44094
1058	1	11	120	10312	30302
1059	19	8	160	10320	13785
1060	3	16	40	10328	105187
1061	1	11	120	10336	5041
1062	1	11	120	10344	26151
1063	15	0	80	10352	25452
1064	1	11	160	10360	21819
1065	5	13	80	10400	5913
1066	19	8	80	10413	30870
1067	4	7	160	10426	1388
1068	3	16	120	10439	97918
1069	3	16	120	10452	1245
1070	6	19	120	10465	8309
1071	0	18	160	10478	86612
1072	19	8	80	10491	44314
1073	15	0	80	10504	27907
1074	1	11	40	10517	77044
1075	4	7	120	10530	6873
1076	3	16	40	10543	33313
1077	15	0	80	10556	15976
1078	19	8	120	10569	24129
1079	3	16	120	10582	37270
1080	1	11	80	10595	66251
1081	0	18	80	10608	31610
1082	5	13	160	10621	82599
1083	5	13	80	10634	14898
1084	5	13	40	10647	5441
1085	6	19	40	10660	62316
1086	3	16	40	10673	1782
1087	19	8	160	10686	12708
1088	3	16	40	10699	2014
1089	19	8	40	10712	2275
1090	6	19	80	10725	4706
1091	15	0	80	10738	140268
1092	6	19	80	10751	6493
1093	15	0	120	10764	9068
1094	6	19	120	10800	5878
1095	6	19	80	10809	15884
1096	6	19	80	10818	10612
1097	6	19	40	10827	49111
1098	6	19	160	10836	24791
1099	3	16	40	10845	938
1100	1	11	120	10854	1398
1101	0	18	80	10863	181696
1102	5	13	120	10872	80470
1103	15	0	80	10881	2344
1104	19	8	120	10890	14792
1105	1	11	160	10899	16931
1106	0	18	40	10908	35637
1107	5	13	40	10917	10279
1108	4	7	120	10926	1146
1109	6	19	160	10935	73476
1110	3	16	160	10944	32866
1111	6	19	80	10953	46412
1112	5	13	80	10962	5555
1113	15	0	160	10971	63381
1114	6	19	120	10980	16645
1115	1	11	120	10989	7078
1116	5	13	160	10998	6008
1117	6	19	40	11007	5391
1118	3	16	40	11016	14384
1119	4	7	120	11025	26729
1120	3	16	80	11034	3810
1121	0	18	80	11043	8995
1122	0	18	120	11052	89214
1123	4	7	80	11061	53557
1124	6	19	80	11070	49426
1125	15	0	80	11079	8408
1126	3	16	80	11088	31951
1127	0	18	160	11097	17995
1128	0	18	160	11106	15243
1129	4	7	160	11115	15489
1130	6	19	80	11124	53342
1131	6	19	160	11133	50816
1132	0	18	120	11142	44287
1133	6	19	120	11151	21738
1134	0	18	160	11160	31583
1135	0	18	160	11169	66447
1136	5	13	160	11178	34968
1137	15	0	120	11200	49892
1138	5	13	160	11208	57
1139	4	7	80	11216	28637
1140	5	13	40	11224	3956
1141	6	19	160	11232	30827
1142	4	7	40	11240	10879
1143	5	13	80	11248	3268
1144	5	13	80	11256	10143
1145	19	8	40	11264	9350
1146	1	11	40	11272	37508
1147	19	8	80	11280	8848
1148	1	11	160	11288	40426
1149	5	13	160	11296	78374
1150	0	18	120	11304	7312
1151	0	18	40	11312	4075
1152	3	16	160	11320	13071
1153	1	11	40	11328	86157
1154	19	8	160	11336	53313
1155	1	11	40	11344	32702
1156	0	18	160	11352	577
1157	0	18	80	11360	1803
1158	1	11	40	11368	5981
1159	0	18	80	11376	4314
1160	15	0	80	11384	35299
1161	19	8	80	11392	6774
1162	4	7	80	11400	50538
1163	19	8	160	11408	20317
1164	19	8	120	11416	1523
1165	6	19	160	11424	48256
1166	6	19	120	11432	323
1167	19	8	160	11440	22652
1168	6	19	40	11448	5263
1169	5	13	160	11456	19865
1170	6	19	160	11464	16083
1171	15	0	80	11472	10211
1172	0	18	80	11480	5319
1173	19	8	120	11488	33666
1174	19	8	120	11496	17598
1175	5	13	80	11504	13222
1176	5	13	80	11512	71008
1177	4	7	80	11520	45271
1178	19	8	160	11528	19054
1179	6	19	80	11536	19153
1180	5	13	80	11544	16881
1181	4	7	40	11552	13386
1182	19	8	160	11560	29965
1183	5	13	160	11600	17038
1184	4	7	40	11609	5745
1185	6	19	80	11618	31918
1186	3	16	40	11627	14775
1187	15	0	80	11636	48895
1188	6	19	120	11645	29236
1189	19	8	160	11654	105717
1190	0	18	40	11663	58734
1191	4	7	120	11672	28474
1192	5	13	80	11681	25494
1193	4	7	80	11690	43661
1194	6	19	40	11699	62649
1195	5	13	160	11708	56762
1196	1	11	120	11717	44737
1197	5	13	40	11726	37841
1198	5	13	120	11735	1634
1199	15	0	120	11744	15629
1200	3	16	80	11753	8880
1201	3	16	40	11762	4750
1202	1	11	80	11771	2835
1203	5	13	40	11780	6952
1204	15	0	40	11789	15394
1205	3	16	40	11798	59475
1206	19	8	120	11807	75725
1207	4	7	80	11816	26308
1208	3	16	120	11825	14467
1209	4	7	80	11834	15144
1210	6	19	160	11843	38138
1211	5	13	80	11852	4628
1212	1	11	80	11861	17838
1213	5	13	120	11870	26665
1214	4	7	40	11879	25852
1215	3	16	40	11888	10072
1216	0	18	80	11897	18266
1217	19	8	80	11906	11086
1218	5	13	120	11915	10644
1219	3	16	40	11924	9468
1220	3	16	160	11933	12517
1221	15	0	40	11942	3724
1222	1	11	40	11951	56911
1223	15	0	40	11960	5630
1224	5	13	120	11969	25160
1225	1	11	80	11978	37878
1226	3	16	160	11987	28279
1227	5	13	160	12000	10746
1228	1	11	80	12012	42189
1229	3	16	160	12024	22821
1230	3	16	160	12036	20742
1231	0	18	40	12048	4035
1232	19	8	120	12060	36619
1233	0	18	40	12072	1724
1234	3	16	160	12084	6602
1235	1	11	40	12096	9450
1236	3	16	120	12108	9118
1237	4	7	120	12120	14859
1238	15	0	160	12132	851
1239	1	11	40	12144	8450
1240	6	19	120	12156	36135
1241	15	0	120	12168	37898
1242	4	7	160	12180	12945
1243	3	16	40	12192	6469
1244	3	16	40	12204	5113
1245	5	13	120	12216	32151
1246	1	11	40	12228	4479
1247	0	18	160	12240	98572
1248	19	8	80	12252	4716
1249	3	16	160	12264	21035
1250	5	13	80	12276	11211
1251	3	16	40	12288	15465
1252	19	8	120	12300	13707
1253	3	16	120	12312	32312
1254	4	7	160	12324	1798
1255	5	13	40	12336	4342
1256	1	11	160	12348	7650
1257	4	7	80	12360	55820
1258	19	8	120	12372	22112
1259	6	19	160	12384	27331
1260	19	8	80	12400	6083
1261	4	7	120	12411	21777
1262	1	11	160	12422	43723
1263	0	18	120	12433	43850
1264	0	18	120	12444	52824
1265	5	13	120	12455	24595
1266	6	19	160	12466	11975
1267	1	11	40	12477	14571
1268	1	11	120	12488	13502
1269	3	16	160	12499	9753
1270	19	8	80	12510	648
1271	6	19	160	12521	1774
1272	1	11	120	12532	9793
1273	4	7	120	12543	1521
1274	6	19	120	12554	19051
1275	5	13	40	12565	22756
1276	3	16	80	12576	31147
1277	19	8	160	12587	26634
1278	5	13	160	12598	417
1279	0	18	160	12609	58174
1280	19	8	40	12620	23439
1281	1	11	160	12631	29598
1282	5	13	120	12642	4837
1283	19	8	80	12653	6707
1284	15	0	80	12664	6598
1285	0	18	120	12675	2625
1286	0	18	120	12686	30519
1287	5	13	40	12697	1048
1288	5	13	80	12708	140568
1289	15	0	160	12719	1870
1290	0	18	40	12730	1295
1291	19	8	80	12741	12817
1292	4	7	40	12752	47113
1293	0	18	40	12763	10526
1294	1	11	120	12774	1816
1295	1	11	160	12785	4812
1296	5	13	160	12800	74734
1297	4	7	40	12809	20692
1298	1	11	120	12818	10227
1299	6	19	80	12827	19204
1300	15	0	160	12836	10162
1301	0	18	160	12845	30138
1302	15	0	40	12854	19338
1303	6	19	80	12863	44658
1304	4	7	120	12872	19546
1305	19	8	80	12881	8627
1306	1	11	120	12890	3618
1307	5	13	160	12899	11230
1308	5	13	160	12908	5114
1309	19	8	120	12917	14772
1310	1	11	160	12926	13858
1311	3	16	40	12935	22146
1312	19	8	80	12944	51919
1313	19	8	120	12953	28153
1314	6	19	120	12962	1392
1315	6	19	80	12971	17377
1316	19	8	40	12980	12821
1317	4	7	80	12989	21659
1318	3	16	80	12998	21914
1319	0	18	40	13007	36969
1320	4	7	40	13016	61071
1321	0	18	120	13025	10343
1322	6	19	120	13034	14697
1323	4	7	160	13043	10535
1324	1	11	160	13052	7930
1325	0	18	40	13061	22774
1326	1	11	160	13070	5708
1327	0	18	80	13079	93911
1328	3	16	160	13088	107239
1329	4	7	120	13097	10943
1330	19	8	80	13106	25679
1331	19	8	40	13115	3875
1332	6	19	80	13124	9375
1333	15	0	120	13133	15078
1334	1	11	40	13142	20045
1335	19	8	80	13151	57335
1336	4	7	160	13160	4053
1337	15	0	40	13169	9903
1338	4	7	160	13178	27856
1339	19	8	160	13187	66906
1340	15	0	160	13200	79552
1341	5	13	120	13209	10189
1342	19	8	40	13218	45660
1343	5	13	160	13227	18506
1344	5	13	160	13236	24275
1345	15	0	40	13245	14346
1346	0	18	40	13254	18056
1347	4	7	120	13263	4442
1348	4	7	80	13272	8514
1349	4	7	80	13281	19576
1350	3	16	160	13290	35048
1351	1	11	80	13299	10753
1352	1	11	160	13308	92761
1353	0	18	120	13317	19772
1354	3	16	40	13326	23813
1355	15	0	40	13335	127534
1356	3	16	40	13344	7135
1357	4	7	80	13353	5294
1358	5	13	80	13362	19870
1359	3	16	80	13371	69285
1360	6	19	120	13380	2270
1361	1	11	40	13389	4182
1362	3	16	160	13398	11673
1363	1	11	80	13407	41936
1364	0	18	80	13416	38947
1365	3	16	120	13425	8204
1366	5	13	120	13434	7857
1367	0	18	160	13443	13014
1368	15	0	80	13452	3187
1369	6	19	80	13461	3846
1370	3	16	120	13470	10704
1371	0	18	40	13479	1890
1372	19	8	80	13488	57185
1373	4	7	80	13497	25911
1374	3	16	40	13506	41429
1375	15	0	120	13515	20567
1376	0	18	120	13524	16602
1377	1	11	160	13533	60756
1378	19	8	160	13542	30464
1379	4	7	160	13551	42730
1380	0	18	160	13560	2108
1381	6	19	80	13569	1047
1382	5	13	40	13600	27447
1383	15	0	120	13611	13527
1384	0	18	160	13622	21890
1385	6	19	160	13633	8418
1386	6	19	80	13644	4473
1387	5	13	160	13655	34463
1388	5	13	80	13666	43569
1389	4	7	160	13677	20319
1390	6	19	40	13688	25270
1391	0	18	120	13699	75762
1392	3	16	120	13710	35805
1393	1	11	80	13721	32559
1394	1	11	80	13732	45241
1395	6	19	120	13743	39077
1396	3	16	120	13754	77723
1397	15	0	120	13765	608
1398	4	7	80	13776	31857
1399	1	11	80	13787	10219
1400	1	11	80	13798	4493
1401	19	8	80	13809	2801
1402	6	19	40	13820	1095
1403	15	0	40	13831	3916
1404	0	18	120	13842	5290
1405	3	16	160	13853	28269
1406	3	16	40	13864	14498
1407	15	0	120	13875	9211
1408	15	0	80	13886	32258
1409	4	7	120	13897	1324
1410	6	19	120	13908	16433
1411	1	11	80	13919	9853
1412	5	13	80	13930	15646
1413	0	18	120	13941	31567
1414	1	11	120	13952	47209
1415	19	8	80	13963	1169
1416	5	13	40	13974	15629
1417	4	7	40	13985	74054
1418	0	18	120	14000	6193
1419	4	7	120	14008	16965
1420	6	19	80	14016	3054
1421	0	18	160	14024	17469
1422	5	13	120	14032	20896
1423	3	16	120	14040	19335
1424	19	8	80	14048	16492
1425	3	16	40	14056	12355
1426	6	19	80	14064	8584
1427	6	19	160	14072	4334
1428	1	11	40	14080	40125
1429	6	19	120	14088	443
1430	5	13	160	14096	22894
1431	3	16	160	14104	15431
1432	6	19	80	14112	4928
1433	6	19	80	14120	11173
1434	3	16	80	14128	25939
1435	1	11	120	14136	87543
1436	0	18	40	14144	150075
1437	15	0	160	14152	18159
1438	15	0	40	14160	6367
1439	15	0	40	14168	56809
1440	3	16	120	14176	44344
1441	19	8	160	14184	45741
1442	15	0	120	14192	555
1443	1	11	120	14200	36727
1444	6	19	80	14208	1881
1445	4	7	120	14216	9057
1446	4	7	40	14224	15623
1447	1	11	40	14232	1066
1448	19	8	160	14240	51359
1449	3	16	160	14248	38701
1450	0	18	80	14256	9437
1451	19	8	120	14264	156
1452	6	19	40	14272	38339
1453	0	18	160	14280	6211
1454	5	13	40	14288	6187
1455	1	11	120	14296	25449
1456	3	16	120	14304	18060
1457	3	16	120	14312	16227
1458	15	0	160	14320	25442
1459	15	0	120	14328	38085
1460	5	13	80	14336	11917
1461	6	19	40	14344	8159
1462	5	13	120	14352	16956
1463	1	11	120	14360	30628
1464	15	0	160	14368	13869
1465	3	16	120	14376	521
1466	5	13	160	14400	3931
1467	15	0	160	14410	2709
1468	15	0	40	14420	1765
1469	0	18	160	14430	52156
1470	19	8	80	14440	1217
1471	15	0	40	14450	70882
1472	5	13	40	14460	30660
1473	3	16	120	14470	9298
1474	0	18	160	14480	26205
1475	6	19	80	14490	7493
1476	3	16	80	14500	16358
1477	4	7	160	14510	38364
1478	6	19	40	14520	15593
1479	4	7	120	14530	4840
1480	15	0	160	14540	61827
1481	5	13	80	14550	7137
1482	6	19	160	14560	7980
1483	19	8	40	14570	277
1484	6	19	40	14580	28357
1485	6	19	80	14590	22494
1486	6	19	160	14600	27098
1487	5	13	80	14610	75858
1488	1	11	80	14620	3758
1489	1	11	160	14630	168
1490	15	0	160	14640	14135
1491	6	19	120	14650	16956
1492	19	8	40	14660	50329
1493	0	18	80	14670	13812
1494	1	11	120	14680	17360
1495	6	19	120	14690	19388
1496	3	16	40	14700	10142
1497	6	19	160	14710	8628
1498	3	16	160	14720	10140
1499	4	7	120	14730	1329
1500	19	8	160	14740	4278
1501	6	19	40	14750	11154
1502	4	7	160	14760	86251
1503	19	8	40	14770	133481
1504	3	16	120	14780	33380
1505	1	11	40	14790	11367
1506	3	16	80	14800	8058
1507	3	16	80	14812	15528
1508	0	18	40	14824	19900
1509	15	0	120	14836	76705
1510	19	8	80	14848	4169
1511	15	0	160	14860	31515
1512	6	19	80	14872	329
1513	3	16	80	14884	15279
1514	19	8	120	14896	49245
1515	0	18	160	14908	3455
1516	19	8	40	14920	128
1517	6	19	80	14932	16404
1518	4	7	120	14944	674
1519	1	11	120	14956	42613
1520	6	19	160	14968	10147
1521	19	8	80	14980	5160
1522	6	19	120	14992	78350
1523	6	19	80	15004	1585
1524	1	11	160	15016	13961
1525	1	11	120	15028	18785
1526	19	8	40	15040	1758
1527	5	13	160	15052	8006
1528	1	11	40	15064	39398
1529	4	7	40	15076	2803
1530	4	7	80	15088	61696
1531	6	19	80	15100	5122
1532	1	11	160	15112	14487
1533	1	11	120	15124	13235
1534	4	7	160	15136	469
1535	1	11	160	15148	19282
1536	0	18	120	15160	8043
1537	15	0	160	15200	8109
1538	5	13	120	15212	7237
1539	4	7	160	15224	9112
1540	3	16	160	15236	9365
1541	3	16	120	15248	5364
1542	5	13	80	15260	12021
1543	3	16	160	15272	4935
1544	3	16	120	15284	45135
1545	19	8	40	15296	30049
1546	19	8	80	15308	16303
1547	6	19	160	15320	12510
1548	0	18	120	15332	20037
1549	1	11	120	15344	11502
1550	6	19	80	15356	19102
1551	5	13	160	15368	45452
1552	1	11	40	15380	7694
1553	0	18	80	15392	17317
1554	6	19	160	15404	29634
1555	0	18	80	15416	83981
1556	19	8	120	15428	12660
1557	15	0	120	15440	57410
1558	6	19	40	15452	19437
1559	1	11	160	15464	5605
1560	3	16	40	15476	8788
1561	6	19	120	15488	36
1562	1	11	80	15500	26612
1563	6	19	40	15512	14495
1564	4	7	80	15524	868
1565	1	11	160	15536	82080
1566	6	19	160	15548	7812
1567	4	7	160	15560	21381
1568	15	0	120	15572	14416
1569	15	0	160	15584	9230
1570	19	8	80	15600	45428
1571	1	11	40	15611	30432
1572	1	11	120	15622	6423
1573	19	8	120	15633	29856
1574	19	8	120	15644	16999
1575	4	7	40	15655	3746
1576	3	16	40	15666	38564
1577	4	7	160	15677	35896
1578	3	16	120	15688	5853
1579	1	11	160	15699	31157
1580	1	11	80	15710	1226
1581	3	16	80	15721	26204
1582	4	7	40	15732	30345
1583	0	18	80	15743	13304
1584	6	19	160	15754	19779
1585	15	0	80	15765	1845
1586	4	7	80	15776	59995
1587	1	11	120	15787	67195
1588	5	13	120	15798	30110
1589	4	7	80	15809	1220
1590	1	11	40	15820	3683
1591	3	16	160	15831	11325
1592	0	18	160	15842	31569
1593	4	7	160	15853	1282
1594	1	11	160	15864	224
1595	5	13	40	15875	9310
1596	1	11	80	15886	18132
1597	19	8	80	15897	67783
1598	19	8	80	15908	3909
1599	0	18	160	15919	50930
1600	3	16	40	15930	13755
1601	4	7	80	15941	56072
1602	15	0	80	15952	74255
1603	3	16	120	15963	6802
1604	1	11	40	15974	18192
1605	5	13	40	16000	42559
1606	4	7	80	16010	22889
1607	1	11	80	16020	19841
1608	1	11	120	16030	156
1609	3	16	120	16040	19954
1610	6	19	40	16050	4480
1611	5	13	160	16060	24124
1612	4	7	160	16070	28273
1613	5	13	40	16080	42261
1614	19	8	120	16090	4141
1615	0	18	120	16100	24667
1616	3	16	120	16110	8015
1617	1	11	160	16120	6728
1618	19	8	40	16130	53407
1619	5	13	40	16140	78202
1620	15	0	80	16150	1215
1621	5	13	80	16160	9923
1622	19	8	40	16170	49887
1623	4	7	40	16180	12339
1624	5	13	160	16190	4674
1625	6	19	80	16200	15380
1626	1	11	80	16210	104190
1627	6	19	160	16220	4844
1628	15	0	160	16230	29094
1629	3	16	120	16240	4937
1630	3	16	160	16250	22864
1631	4	7	160	16260	46987
1632	4	7	80	16270	23576
1633	3	16	160	16280	9835
1634	19	8	160	16290	8244
1635	6	19	160	16300	3801
1636	4	7	40	16310	29686
1637	1	11	80	16320	15273
1638	15	0	40	16330	53900
1639	1	11	120	16340	31527
1640	3	16	40	16350	14757
1641	3	16	160	16360	10537
1642	19	8	40	16370	64761
1643	1	11	160	16380	3906
1644	6	19	40	16390	50745
1645	5	13	80	16400	17036
1646	15	0	40	16407	27653
1647	4	7	160	16414	56124
1648	4	7	80	16421	53759
1649	1	11	40	16428	10978
1650	3	16	120	16435	920
1651	19	8	80	16442	8075
1652	19	8	40	16449	1197
1653	3	16	80	16456	5020
1654	3	16	80	16463	42644
1655	15	0	160	16470	2464
1656	5	13	40	16477	692
1657	4	7	40	16484	19308
1658	6	19	160	16491	1736
1659	4	7	160	16498	1440
1660	4	7	160	16505	44474
1661	6	19	120	16512	13571
1662	4	7	120	16519	47195
1663	19	8	160	16526	41226
1664	0	18	160	16533	72039
1665	3	16	80	16540	8956
1666	1	11	120	16547	203
1667	1	11	40	16554	10557
1668	6	19	40	16561	18500
1669	1	11	120	16568	290
1670	5	13	120	16575	64686
1671	0	18	40	16582	40258
1672	3	16	160	16589	10351
1673	15	0	80	16596	4207
1674	1	11	40	16603	16743
1675	4	7	120	16610	28421
1676	5	13	80	16617	12499
1677	6	19	80	16624	30955
1678	6	19	160	16631	17749
1679	0	18	120	16638	26514
1680	15	0	80	16645	37352
1681	6	19	80	16652	2091
1682	1	11	120	16659	8193
1683	5	13	120	16666	9805
1684	19	8	40	16673	3853
1685	3	16	120	16680	9559
1686	4	7	160	16687	39876
1687	1	11	160	16694	13779
1688	0	18	80	16701	16895
1689	1	11	40	16708	5150
1690	1	11	120	16715	3015
1691	0	18	160	16722	4099
1692	4	7	120	16729	12299
1693	3	16	80	16736	43377
1694	6	19	160	16743	52523
1695	6	19	120	16750	666
1696	19	8	40	16757	16412
1697	0	18	40	16800	2855
1698	1	11	40	16810	5353
1699	3	16	160	16820	20134
1700	4	7	160	16830	16627
1701	6	19	160	16840	9545
1702	15	0	120	16850	10942
1703	3	16	120	16860	51192
1704	5	13	120	16870	13685
1705	1	11	80	16880	6100
1706	5	13	120	16890	65747
1707	1	11	120	16900	52516
1708	0	18	80	16910	27841
1709	15	0	120	16920	3530
1710	1	11	120	16930	28233
1711	15	0	160	16940	8689
1712	6	19	40	16950	731
1713	6	19	40	16960	12303
1714	6	19	80	16970	7525
1715	6	19	80	16980	34230
1716	4	7	160	16990	3694
1717	15	0	160	17000	17849
1718	19	8	160	17010	26767
1719	6	19	40	17020	23331
1720	19	8	80	17030	16698
1721	19	8	120	17040	20346
1722	1	11	120	17050	45613
1723	5	13	40	17060	10126
1724	19	8	160	17070	53854
1725	5	13	120	17080	35847
1726	6	19	120	17090	12751
1727	0	18	80	17100	17337
1728	0	18	120	17110	7648
1729	5	13	120	17120	15457
1730	5	13	80	17130	5316
1731	5	13	40	17140	8349
1732	5	13	40	17150	17853
1733	4	7	40	17160	74351
1734	5	13	160	17170	4439
1735	1	11	120	17200	14830
1736	15	0	160	17209	30320
1737	19	8	160	17218	12570
1738	19	8	40	17227	55451
1739	15	0	160	17236	61811
1740	6	19	160	17245	11987
1741	1	11	40	17254	61308
1742	0	18	120	17263	33297
1743	1	11	160	17272	11034
1744	19	8	80	17281	16708
1745	4	7	160	17290	40408
1746	3	16	160	17299	3260
1747	15	0	80	17308	219044
1748	6	19	40	17317	20075
1749	0	18	80	17326	3290
1750	1	11	120	17335	51844
1751	0	18	80	17344	84696
1752	1	11	80	17353	13914
1753	4	7	160	17362	20717
1754	3	16	80	17371	1651
1755	5	13	40	17380	63211
1756	5	13	40	17389	15585
1757	3	16	80	17398	531
1758	3	16	160	17407	105287
1759	0	18	160	17416	25832
1760	5	13	160	17425	40150
1761	5	13	40	17434	13114
1762	0	18	160	17443	22907
1763	4	7	160	17452	5708
1764	3	16	40	17461	66779
1765	6	19	80	17470	12171
1766	3	16	160	17479	36231
1767	1	11	40	17488	1875
1768	1	11	80	17497	6341
1769	4	7	160	17506	39632
1770	19	8	120	17515	1042
1771	5	13	40	17524	31870
1772	19	8	160	17533	23467
1773	1	11	40	17542	33108
1774	19	8	40	17551	6228
1775	6	19	80	17560	20765
1776	19	8	160	17600	41337
1777	19	8	160	17611	15783
1778	5	13	120	17622	44392
1779	5	13	40	17633	1992
1780	1	11	160	17644	25088
1781	15	0	40	17655	12755
1782	3	16	80	17666	70788
1783	0	18	80	17677	3753
1784	4	7	40	17688	21407
1785	4	7	40	17699	6211
1786	3	16	160	17710	46154
1787	1	11	40	17721	70293
1788	0	18	120	17732	52618
1789	0	18	120	17743	6608
1790	6	19	80	17754	98202
1791	5	13	80	17765	28528
1792	5	13	160	17776	13079
1793	19	8	80	17787	6637
1794	1	11	160	17798	2839
1795	1	11	160	17809	85965
1796	1	11	80	17820	8811
1797	6	19	160	17831	18563
1798	15	0	120	17842	13510
1799	3	16	40	17853	2628
1800	1	11	160	17864	862
1801	1	11	120	17875	1277
1802	6	19	160	17886	35031
1803	3	16	40	17897	34107
1804	1	11	120	17908	2147
1805	5	13	80	17919	3892
1806	1	11	120	17930	10220
1807	19	8	40	17941	28238
1808	4	7	160	17952	10324
1809	5	13	40	17963	16040
1810	6	19	80	17974	2711
1811	5	13	80	18000	130812
1812	15	0	120	18012	4739
1813	15	0	160	18024	57239
1814	19	8	160	18036	258
1815	6	19	120	18048	12261
1816	1	11	160	18060	15389
1817	0	18	120	18072	15246
1818	19	8	160	18084	23319
1819	19	8	40	18096	29716
1820	3	16	80	18108	18843
1821	1	11	160	18120	42877
1822	1	11	80	18132	4962
1823	0	18	160	18144	114496
1824	6	19	80	18156	41820
1825	4	7	80	18168	10232
1826	19	8	40	18180	9074
1827	19	8	80	18192	11559
1828	19	8	40	18204	24302
1829	15	0	80	18216	7109
1830	5	13	40	18228	7611
1831	1	11	40	18240	7976
1832	1	11	80	18252	1268
1833	3	16	120	18264	32236
1834	4	7	40	18276	1088
1835	0	18	40	18288	21786
1836	1	11	40	18300	24827
1837	0	18	40	18312	5029
1838	19	8	120	18324	1463
1839	15	0	120	18336	13934
1840	1	11	120	18348	51134
1841	3	16	120	18360	4246
1842	6	19	80	18372	21806
1843	5	13	120	18384	12295
1844	4	7	40	18400	3448
1845	1	11	160	18409	105330
1846	6	19	120	18418	17424
1847	15	0	40	18427	17230
1848	0	18	120	18436	6300
1849	4	7	80	18445	29837
1850	19	8	160	18454	16579
1851	1	11	120	18463	43546
1852	6	19	160	18472	59748
1853	19	8	120	18481	30583
1854	19	8	160	18490	19691
1855	19	8	40	18499	5440
1856	19	8	80	18508	48068
1857	5	13	40	18517	35923
1858	5	13	120	18526	65103
1859	15	0	80	18535	32189
1860	6	19	40	18544	43227
1861	1	11	40	18553	80150
1862	0	18	40	18562	1356
1863	6	19	80	18571	2348
1864	0	18	40	18580	5830
1865	4	7	80	18589	41701
1866	3	16	40	18598	69278
1867	4	7	40	18607	13925
1868	3	16	120	18616	47804
1869	15	0	120	18625	12832
1870	4	7	80	18634	33799
1871	1	11	120	18643	8027
1872	1	11	40	18652	12705
1873	1	11	40	18661	4795
1874	6	19	80	18670	42365
1875	19	8	120	18679	11541
1876	4	7	80	18688	6446
1877	6	19	120	18697	36992
1878	6	19	120	18706	46790
1879	5	13	80	18715	43586
1880	6	19	120	18724	42663
1881	1	11	40	18733	38939
1882	19	8	160	18742	3938
1883	4	7	160	18751	62222
1884	19	8	80	18760	34009
1885	4	7	80	18769	13689
1886	5	13	40	18778	10926
1887	3	16	120	18787	9650
1888	3	16	160	18800	4739
1889	4	7	40	18809	44211
1890	0	18	160	18818	31559
1891	6	19	40	18827	48678
1892	4	7	80	18836	7078
1893	1	11	40	18845	9280
1894	1	11	120	18854	22325
1895	0	18	120	18863	59642
1896	3	16	120	18872	2722
1897	0	18	40	18881	16813
1898	5	13	120	18890	4915
1899	0	18	160	18899	8898
1900	15	0	160	18908	1063
1901	1	11	120	18917	1895
1902	4	7	80	18926	25105
1903	1	11	160	18935	40725
1904	0	18	160	18944	75024
1905	6	19	80	18953	5795
1906	0	18	80	18962	13324
1907	5	13	160	18971	31958
1908	1	11	80	18980	53310
1909	0	18	40	18989	4704
1910	5	13	120	18998	82072
1911	3	16	120	19007	1978
1912	15	0	80	19016	60167
1913	19	8	40	19025	2430
1914	1	11	160	19034	57137
1915	4	7	160	19043	788
1916	3	16	80	19052	40265
1917	5	13	40	19061	3335
1918	15	0	160	19070	9815
1919	5	13	120	19079	36448
1920	15	0	40	19088	14713
1921	0	18	80	19097	22792
1922	1	11	80	19106	7259
1923	19	8	120	19115	534
1924	6	19	160	19124	27544
1925	15	0	80	19133	52329
1926	15	0	40	19142	702
1927	19	8	40	19151	2272
1928	19	8	120	19160	20567
1929	6	19	120	19200	58375
1930	6	19	160	19210	7702
1931	4	7	80	19220	31590
1932	1	11	40	19230	22033
1933	6	19	120	19240	19050
1934	15	0	120	19250	37915
1935	4	7	160	19260	33757
1936	15	0	120	19270	4011
1937	6	19	160	19280	9777
1938	4	7	40	19290	83424
1939	1	11	40	19300	18795
1940	4	7	160	19310	208
1941	0	18	80	19320	23847
1942	0	18	80	19330	13896
1943	1	11	120	19340	29
1944	19	8	80	19350	49762
1945	6	19	40	19360	25359
1946	19	8	120	19370	71874
1947	5	13	80	19380	4159
1948	0	18	40	19390	12792
1949	15	0	120	19400	20436
1950	6	19	80	19410	2621
1951	15	0	80	19420	91019
1952	3	16	40	19430	4414
1953	19	8	160	19440	12428
1954	1	11	160	19450	45769
1955	15	0	120	19460	13499
1956	0	18	80	19470	40488
1957	5	13	160	19480	23645
1958	4	7	40	19490	3456
1959	1	11	120	19500	1718
1960	19	8	40	19510	4930
1961	0	18	80	19520	9816
1962	6	19	40	19530	4195
1963	5	13	120	19540	93136
1964	4	7	40	19550	56105
1965	1	11	40	19560	6442
1966	1	11	80	19570	15622
1967	1	11	160	19600	11112
1968	1	11	120	19612	8639
1969	6	19	40	19624	3971
1970	6	19	80	19636	50566
1971	5	13	80	19648	15629
1972	0	18	40	19660	4204
1973	5	13	160	19672	37758
1974	0	18	120	19684	35517
1975	6	19	160	19696	42322
1976	19	8	40	19708	4575
1977	19	8	120	19720	7219
1978	0	18	40	19732	3837
1979	0	18	120	19744	737
1980	19	8	120	19756	66369
1981	1	11	160	19768	48911
1982	19	8	160	19780	27135
1983	0	18	40	19792	55
1984	19	8	80	19804	39691
1985	19	8	120	19816	8460
1986	0	18	80	19828	19913
1987	1	11	80	19840	5250
1988	4	7	160	19852	28607
1989	19	8	40	19864	10853
1990	4	7	120	19876	67556
1991	3	16	160	19888	17980
1992	3	16	160	19900	5370
1993	1	11	80	19912	55253
1994	1	11	160	19924	10610
1995	4	7	120	19936	26825
1996	4	7	40	19948	15209
1997	5	13	160	19960	14797
1998	15	0	120	19972	2469
1999	6	19	80	19984	24442
