0	19	8	200	0	3567
1	1	11	200	4	2545
2	0	18	200	8	27332
3	3	16	120	12	17281
4	4	7	200	16	44765
5	1	11	200	20	34613
6	1	11	80	24	14239
7	19	8	80	28	29098
8	19	8	120	32	3657
9	1	11	120	36	8759
10	4	7	200	40	44603
11	19	8	80	44	20604
12	0	18	80	48	31378
13	5	13	160	52	8214
14	0	18	80	56	35043
15	5	13	80	60	32026
16	15	0	160	64	10445
17	15	0	120	68	36145
18	5	13	80	72	22122
19	0	18	160	76	8279
20	19	8	80	80	49619
21	4	7	80	84	51215
22	0	18	160	88	24884
23	1	11	160	92	40242
24	1	11	120	96	17263
25	1	11	200	100	32095
26	3	16	120	104	43049
27	5	13	80	108	285
28	6	19	160	112	13095
29	1	11	200	116	82998
30	1	11	80	120	6395
31	1	11	160	124	45215
32	19	8	80	128	8221
33	5	13	80	132	621
34	19	8	160	136	17621
35	1	11	120	140	4411
36	19	8	160	144	10774
37	0	18	160	148	13246
38	1	11	80	152	28530
39	3	16	120	156	75176
40	5	13	200	160	255
41	1	11	80	164	71743
42	15	0	80	168	12825
43	1	11	160	172	29702
44	4	7	200	176	87452
45	5	13	200	180	6001
46	19	8	160	184	1196
47	6	19	80	188	35009
48	19	8	80	192	11924
49	4	7	160	196	6031
50	3	16	160	200	9614
51	5	13	160	204	14445
52	5	13	120	208	7315
53	4	7	120	212	12731
54	15	0	120	216	11488
55	4	7	160	220	7112
56	1	11	120	224	14576
57	15	0	120	228	48379
58	1	11	200	232	8
59	1	11	80	236	2734
60	19	8	120	240	63800
61	6	19	200	244	13732
62	3	16	160	248	7950
63	15	0	160	252	4554
64	19	8	80	256	1789
65	1	11	120	260	132952
66	0	18	80	264	8090
67	4	7	80	268	29210
68	6	19	80	272	35241
69	15	0	160	276	21983
70	6	19	160	280	11280
71	6	19	80	284	63383
72	5	13	120	288	2074
73	3	16	200	292	24909
74	4	7	200	296	7923
75	15	0	80	300	61790
76	5	13	200	304	15131
77	19	8	80	308	65790
78	19	8	160	312	43858
79	5	13	160	316	8276
80	3	16	80	320	28017
81	5	13	120	324	1643
82	6	19	200	328	23237
83	1	11	80	400	5305
84	15	0	120	405	24414
85	6	19	160	410	36526
86	5	13	120	415	21123
87	4	7	200	420	50559
88	15	0	160	425	24866
89	4	7	80	430	7345
90	0	18	80	435	29934
91	0	18	80	440	16391
92	19	8	200	445	13231
93	0	18	80	450	21264
94	4	7	200	455	643
95	19	8	200	460	20529
96	15	0	160	465	26440
97	19	8	160	470	6622
98	1	11	120	475	24391
99	1	11	160	480	91358
100	4	7	200	485	65628
101	4	7	160	490	10144
102	0	18	80	495	146468
103	0	18	120	500	37648
104	15	0	80	505	45087
105	6	19	160	510	12315
106	19	8	120	515	11065
107	3	16	160	520	23029
108	0	18	160	525	3356
109	0	18	120	530	14637
110	19	8	160	535	37320
111	3	16	80	540	17599
112	19	8	200	545	671
113	5	13	120	550	29599
114	19	8	200	555	13026
115	3	16	80	560	47837
116	19	8	80	565	40557
117	0	18	120	570	2096
118	0	18	80	575	18347
119	1	11	160	580	8224
120	6	19	80	585	12695
121	5	13	120	590	12574
122	6	19	120	595	1453
123	1	11	80	600	16928
124	15	0	160	605	52364
125	5	13	120	610	50908
126	6	19	80	615	16871
127	5	13	120	620	16401
128	19	8	200	625	23181
129	4	7	200	630	29404
130	19	8	160	635	7101
131	5	13	120	640	6165
132	6	19	200	645	8472
133	6	19	200	650	47428
134	1	11	160	655	10584
135	19	8	160	660	10122
136	5	13	80	665	1701
137	5	13	160	670	42325
138	4	7	80	675	10380
139	0	18	200	680	6493
140	6	19	120	685	12757
141	3	16	160	690	82853
142	4	7	120	695	33065
143	15	0	120	700	5015
144	5	13	120	705	15456
145	15	0	200	710	5147
146	1	11	80	715	15114
147	4	7	160	720	30137
148	1	11	80	725	4438
149	0	18	160	730	4261
150	0	18	200	735	34192
151	6	19	80	740	21051
152	19	8	120	745	29438
153	19	8	160	750	10262
154	5	13	160	755	20087
155	19	8	160	760	17981
156	6	19	80	765	8083
157	19	8	80	770	16240
158	3	16	200	775	56370
159	3	16	160	780	81937
160	0	18	120	785	54432
161	4	7	200	790	49770
162	4	7	160	800	144711
163	5	13	160	804	13248
164	0	18	200	808	5369
165	3	16	120	812	19828
166	6	19	120	816	6032
167	1	11	80	820	4362
168	4	7	160	824	10415
169	0	18	120	828	1864
170	15	0	200	832	38071
171	4	7	160	836	104033
172	6	19	80	840	31649
173	19	8	120	844	8470
174	5	13	80	848	50455
175	3	16	120	852	14021
176	1	11	80	856	25888
177	19	8	80	860	48996
178	6	19	160	864	761
179	19	8	160	868	28431
180	3	16	120	872	12778
181	1	11	160	876	37428
182	4	7	120	880	9477
183	15	0	120	884	14640
184	4	7	80	888	70446
185	1	11	120	892	26760
186	5	13	200	896	17606
187	6	19	80	900	71664
188	1	11	80	904	8369
189	1	11	80	908	42434
190	1	11	120	912	1438
191	5	13	80	916	20633
192	3	16	160	920	61864
193	0	18	160	924	11629
194	0	18	120	928	9992
195	1	11	120	932	18533
196	19	8	200	936	84750
197	15	0	200	940	9384
198	6	19	160	944	106402
199	1	11	80	948	58481
200	1	11	160	952	84792
201	19	8	80	956	8597
202	0	18	200	960	10826
203	0	18	160	964	2372
204	3	16	200	968	10989
205	6	19	120	972	35536
206	19	8	200	976	45772
207	0	18	80	980	12636
208	4	7	120	984	15241
209	1	11	80	988	3191
210	6	19	120	992	48474
211	6	19	80	996	12899
212	1	11	120	1000	14809
213	3	16	80	1004	5668
214	19	8	120	1008	19392
215	15	0	160	1012	2708
216	0	18	160	1016	19059
217	5	13	120	1020	18685
218	1	11	120	1024	15571
219	15	0	120	1028	18036
220	6	19	160	1032	1041
221	19	8	80	1036	7643
222	19	8	200	1040	49296
223	1	11	120	1044	17751
224	15	0	200	1048	401
225	1	11	160	1052	5919
226	0	18	200	1056	1557
227	5	13	160	1060	10283
228	15	0	200	1064	75409
229	3	16	200	1068	9965
230	4	7	120	1072	15316
231	4	7	120	1076	9838
232	3	16	120	1080	51298
233	4	7	160	1084	3032
234	15	0	80	1088	30840
235	3	16	80	1092	2843
236	1	11	160	1096	13352
237	3	16	160	1100	6339
238	5	13	160	1104	2244
239	15	0	200	1108	4598
240	1	11	120	1112	41234
241	5	13	200	1116	2810
242	1	11	200	1120	15667
243	0	18	200	1124	4469
244	5	13	160	1128	78501
245	4	7	120	1132	24678
246	4	7	200	1136	2966
247	19	8	160	1200	30015
248	1	11	120	1204	42493
249	1	11	160	1208	6392
250	1	11	160	1212	110484
251	3	16	160	1216	13482
252	6	19	120	1220	44947
253	19	8	80	1224	14778
254	5	13	120	1228	48984
255	1	11	120	1232	28739
256	19	8	120	1236	13461
257	19	8	160	1240	44033
258	1	11	160	1244	1936
259	0	18	80	1248	3866
260	5	13	120	1252	29682
261	4	7	120	1256	16780
262	3	16	80	1260	14458
263	1	11	160	1264	3350
264	6	19	200	1268	25385
265	3	16	80	1272	18171
266	4	7	160	1276	18312
267	15	0	160	1280	10037
268	4	7	200	1284	16020
269	5	13	80	1288	14024
270	6	19	80	1292	27348
271	15	0	200	1296	9111
272	0	18	200	1300	14420
273	4	7	120	1304	8662
274	5	13	80	1308	29524
275	1	11	160	1312	64502
276	15	0	120	1316	37838
277	19	8	200	1320	29044
278	5	13	160	1324	19741
279	4	7	120	1328	11249
280	15	0	200	1332	2590
281	1	11	80	1336	10308
282	4	7	120	1340	17551
283	5	13	80	1344	30806
284	0	18	80	1348	10332
285	0	18	200	1352	1028
286	15	0	200	1356	16160
287	4	7	80	1360	13167
288	15	0	80	1364	6858
289	6	19	160	1368	615
290	3	16	160	1372	27530
291	1	11	80	1376	21185
292	0	18	80	1380	4031
293	4	7	120	1384	67717
294	1	11	120	1388	14997
295	15	0	80	1392	9170
296	1	11	200	1396	25747
297	19	8	80	1400	10306
298	3	16	80	1404	17474
299	3	16	160	1408	13534
300	19	8	200	1412	2759
301	6	19	80	1416	35744
302	4	7	160	1420	6168
303	5	13	80	1424	11754
304	5	13	160	1428	19368
305	4	7	200	1432	26907
306	3	16	160	1436	91735
307	1	11	200	1440	18811
308	3	16	80	1444	33464
309	4	7	200	1448	66792
310	4	7	80	1452	56424
311	0	18	120	1456	31197
312	3	16	200	1460	7872
313	15	0	80	1464	29162
314	3	16	80	1468	1141
315	4	7	120	1472	10729
316	19	8	80	1476	99662
317	6	19	200	1480	31385
318	0	18	120	1484	36390
319	5	13	200	1488	22648
320	4	7	120	1492	1004
321	0	18	120	1496	2836
322	19	8	160	1500	2348
323	15	0	120	1504	14864
324	1	11	160	1508	34258
325	4	7	80	1512	2360
326	6	19	200	1516	4221
327	5	13	120	1520	17178
328	1	11	80	1524	43726
329	6	19	200	1600	11869
330	19	8	200	1604	7684
331	15	0	80	1608	14096
332	5	13	160	1612	4900
333	3	16	80	1616	3333
334	4	7	160	1620	7408
335	1	11	160	1624	9534
336	6	19	160	1628	3136
337	19	8	80	1632	3383
338	0	18	160	1636	4446
339	6	19	120	1640	27028
340	6	19	120	1644	1582
341	5	13	200	1648	70347
342	0	18	80	1652	26627
343	4	7	120	1656	8920
344	3	16	160	1660	3083
345	3	16	80	1664	74427
346	19	8	80	1668	8791
347	3	16	200	1672	14404
348	0	18	80	1676	53870
349	15	0	80	1680	2640
350	19	8	80	1684	9730
351	5	13	200	1688	63277
352	19	8	200	1692	20180
353	6	19	120	1696	56840
354	15	0	120	1700	11864
355	19	8	160	1704	140713
356	6	19	160	1708	27442
357	6	19	120	1712	34750
358	3	16	160	1716	23678
359	0	18	160	1720	14795
360	6	19	200	1724	17258
361	15	0	80	1728	15099
362	19	8	200	1732	29303
363	5	13	80	1736	10779
364	5	13	200	1740	26186
365	6	19	80	1744	14811
366	4	7	200	1748	18781
367	19	8	200	1752	3899
368	3	16	160	1756	13819
369	1	11	160	1760	30432
370	6	19	160	1764	6523
371	0	18	200	1768	45981
372	6	19	120	1772	19727
373	4	7	80	1776	2655
374	19	8	120	1780	19003
375	19	8	120	1784	2377
376	0	18	120	1788	13967
377	5	13	80	1792	36643
378	5	13	160	1796	10013
379	19	8	120	1800	39243
380	5	13	200	1804	37110
381	4	7	200	1808	29708
382	5	13	80	1812	23042
383	4	7	200	1816	31792
384	15	0	200	1820	1405
385	4	7	80	1824	10176
386	19	8	120	1828	50013
387	15	0	120	1832	7828
388	5	13	200	1836	32294
389	5	13	80	1840	7501
390	4	7	80	1844	24961
391	0	18	120	1848	10619
392	5	13	160	1852	16844
393	19	8	80	1856	29625
394	0	18	120	1860	4268
395	19	8	80	1864	21804
396	5	13	80	1868	6637
397	4	7	200	1872	8851
398	19	8	120	1876	24941
399	5	13	160	1880	25895
400	15	0	120	1884	12754
401	19	8	120	1888	4091
402	19	8	120	1892	327
403	15	0	160	1896	4629
404	1	11	160	1900	48269
405	15	0	80	1904	15718
406	15	0	160	1908	11011
407	5	13	160	1912	14963
408	19	8	80	1916	10688
409	15	0	200	1920	8414
410	15	0	80	2000	19484
411	1	11	120	2005	54907
412	0	18	160	2010	13231
413	4	7	120	2015	41434
414	4	7	160	2020	26841
415	1	11	200	2025	38966
416	3	16	200	2030	45498
417	5	13	200	2035	84928
418	15	0	120	2040	8731
419	0	18	200	2045	9204
420	6	19	160	2050	21105
421	5	13	120	2055	7370
422	3	16	200	2060	12677
423	15	0	120	2065	4452
424	15	0	120	2070	1794
425	6	19	120	2075	50972
426	4	7	120	2080	10281
427	6	19	80	2085	45763
428	3	16	160	2090	68255
429	19	8	80	2095	71939
430	3	16	120	2100	45969
431	5	13	160	2105	3418
432	5	13	200	2110	3522
433	19	8	80	2115	27427
434	0	18	200	2120	11974
435	5	13	120	2125	23877
436	5	13	160	2130	28613
437	6	19	160	2135	13989
438	3	16	120	2140	48586
439	19	8	160	2145	20611
440	5	13	120	2150	91214
441	4	7	160	2155	12729
442	19	8	120	2160	60297
443	6	19	200	2165	14083
444	6	19	200	2170	29913
445	1	11	200	2175	33085
446	19	8	160	2180	65144
447	1	11	120	2185	27515
448	5	13	120	2190	874
449	19	8	120	2195	10715
450	6	19	80	2200	32993
451	19	8	80	2205	7574
452	6	19	120	2210	83
453	15	0	160	2215	9530
454	15	0	200	2220	1873
455	1	11	200	2225	3838
456	6	19	120	2230	32925
457	1	11	200	2235	44622
458	0	18	120	2240	2618
459	4	7	80	2245	102019
460	4	7	200	2250	3399
461	1	11	120	2255	17441
462	1	11	80	2260	17721
463	19	8	200	2265	12634
464	5	13	160	2270	14044
465	3	16	160	2275	13206
466	5	13	160	2280	34453
467	1	11	160	2285	32583
468	3	16	120	2290	13459
469	19	8	80	2295	1053
470	6	19	120	2300	2698
471	5	13	120	2305	12584
472	3	16	160	2310	2609
473	19	8	160	2315	31302
474	5	13	160	2320	10005
475	3	16	80	2325	4568
476	6	19	80	2330	10173
477	6	19	80	2335	81480
478	0	18	160	2340	14649
479	5	13	120	2345	9397
480	6	19	160	2350	70353
481	3	16	80	2355	26333
482	1	11	200	2400	40582
483	4	7	80	2405	20916
484	1	11	200	2410	5445
485	3	16	120	2415	20938
486	19	8	80	2420	3322
487	15	0	80	2425	39702
488	0	18	120	2430	22353
489	15	0	200	2435	6745
490	19	8	80	2440	51670
491	4	7	160	2445	45892
492	5	13	80	2450	9912
493	15	0	120	2455	51327
494	5	13	200	2460	14099
495	4	7	200	2465	14838
496	1	11	160	2470	52870
497	19	8	120	2475	17101
498	1	11	80	2480	21
499	4	7	120	2485	8194
500	6	19	120	2490	102513
501	15	0	80	2495	5087
502	15	0	200	2500	7000
503	5	13	80	2505	118526
504	1	11	80	2510	7024
505	0	18	200	2515	9936
506	6	19	160	2520	4403
507	6	19	200	2525	7712
508	3	16	80	2530	103888
509	5	13	160	2535	55683
510	5	13	200	2540	38902
511	0	18	120	2545	36329
512	0	18	120	2550	11759
513	4	7	80	2555	36272
514	15	0	120	2560	956
515	0	18	160	2565	15050
516	0	18	160	2570	28964
517	15	0	200	2575	67690
518	15	0	200	2580	5545
519	1	11	120	2585	47349
520	3	16	160	2590	8353
521	15	0	120	2595	73510
522	0	18	120	2600	3528
523	5	13	120	2605	4886
524	19	8	80	2610	4158
525	3	16	200	2615	7036
526	0	18	120	2620	1734
527	5	13	120	2625	5988
528	3	16	160	2630	8030
529	1	11	160	2635	50842
530	1	11	160	2640	8011
531	6	19	160	2645	43373
532	4	7	200	2650	80851
533	6	19	120	2655	4403
534	19	8	200	2660	9897
535	15	0	160	2665	33820
536	5	13	80	2670	12794
537	5	13	160	2675	41533
538	1	11	80	2680	9537
539	0	18	80	2685	47877
540	6	19	200	2690	12843
541	1	11	80	2695	46249
542	5	13	200	2700	41417
543	5	13	160	2705	29238
544	1	11	80	2710	14033
545	19	8	160	2715	2634
546	3	16	80	2720	15006
547	1	11	80	2725	19646
548	19	8	200	2730	44453
549	5	13	120	2735	92051
550	4	7	120	2740	34277
551	3	16	160	2745	71469
552	1	11	160	2750	8674
553	0	18	200	2755	3618
554	0	18	160	2760	128716
555	15	0	80	2765	800
556	6	19	200	2770	1339
557	1	11	120	2775	1710
558	5	13	80	2780	43059
559	19	8	80	2785	189917
560	0	18	160	2800	7530
561	1	11	80	2804	70413
562	3	16	80	2808	111713
563	1	11	160	2812	2717
564	3	16	80	2816	23091
565	19	8	80	2820	81438
566	5	13	160	2824	40412
567	4	7	80	2828	5954
568	4	7	80	2832	13977
569	19	8	160	2836	7998
570	4	7	160	2840	1297
571	4	7	80	2844	50498
572	6	19	200	2848	22751
573	6	19	160	2852	10057
574	5	13	160	2856	14196
575	0	18	120	2860	13894
576	3	16	120	2864	3378
577	5	13	160	2868	13595
578	3	16	120	2872	32466
579	0	18	120	2876	1361
580	0	18	160	2880	37367
581	15	0	80	2884	17158
582	5	13	120	2888	11384
583	15	0	120	2892	8765
584	6	19	120	2896	3054
585	19	8	80	2900	9780
586	4	7	80	2904	18252
587	4	7	200	2908	41916
588	5	13	160	2912	4538
589	1	11	200	2916	8737
590	1	11	200	2920	29004
591	3	16	160	2924	10134
592	19	8	160	2928	108420
593	1	11	200	2932	9550
594	0	18	160	2936	21673
595	5	13	160	2940	15129
596	19	8	200	2944	47871
597	3	16	120	2948	30119
598	3	16	160	2952	2166
599	3	16	80	2956	15525
600	3	16	80	2960	8206
601	15	0	80	2964	6749
602	6	19	80	2968	3000
603	19	8	80	2972	19687
604	0	18	200	2976	62412
605	19	8	120	2980	51335
606	6	19	200	2984	9849
607	5	13	80	2988	77850
608	4	7	120	2992	28375
609	19	8	120	2996	19475
610	5	13	160	3000	55622
611	1	11	80	3004	23337
612	19	8	80	3008	9514
613	5	13	160	3012	36183
614	19	8	160	3016	5669
615	3	16	120	3020	34104
616	5	13	200	3024	20204
617	5	13	200	3028	27688
618	4	7	80	3032	105218
619	4	7	80	3036	7991
620	4	7	200	3040	13652
621	1	11	160	3044	107638
622	15	0	160	3048	1166
623	3	16	80	3052	3516
624	15	0	200	3056	20937
625	1	11	200	3060	29560
626	4	7	120	3064	52748
627	4	7	200	3068	8023
628	6	19	200	3072	33047
629	0	18	80	3076	92618
630	1	11	120	3080	20568
631	19	8	200	3084	12924
632	3	16	80	3088	10196
633	0	18	80	3092	7393
634	6	19	120	3096	34813
635	1	11	160	3100	18849
636	1	11	80	3104	11991
637	5	13	80	3108	40891
638	15	0	160	3112	11480
639	15	0	80	3116	6500
640	1	11	80	3120	150335
641	19	8	80	3124	20344
642	19	8	160	3128	3402
643	6	19	120	3132	23001
644	5	13	120	3136	12407
645	19	8	200	3140	1989
646	4	7	160	3144	415
647	4	7	200	3148	5672
648	3	16	120	3200	3010
649	15	0	120	3204	43409
650	19	8	160	3208	54907
651	3	16	80	3212	4745
652	19	8	120	3216	31193
653	15	0	120	3220	39003
654	15	0	80	3224	1042
655	0	18	160	3228	8590
656	0	18	120	3232	5287
657	3	16	200	3236	95413
658	1	11	120	3240	91222
659	19	8	200	3244	5888
660	4	7	200	3248	120005
661	1	11	200	3252	1292
662	19	8	80	3256	5758
663	4	7	80	3260	30085
664	15	0	200	3264	94160
665	6	19	160	3268	15931
666	19	8	200	3272	7740
667	15	0	80	3276	1539
668	15	0	120	3280	314
669	15	0	200	3284	26342
670	0	18	80	3288	10909
671	19	8	160	3292	33375
672	6	19	120	3296	8709
673	5	13	80	3300	33294
674	1	11	200	3304	8055
675	5	13	200	3308	47573
676	3	16	200	3312	46598
677	1	11	80	3316	13530
678	15	0	200	3320	31657
679	15	0	80	3324	16756
680	6	19	80	3328	28190
681	0	18	160	3332	27230
682	1	11	160	3336	4364
683	19	8	160	3340	58199
684	0	18	120	3344	2011
685	15	0	120	3348	12106
686	19	8	160	3352	28030
687	4	7	200	3356	18794
688	1	11	200	3360	6044
689	6	19	160	3364	14997
690	0	18	80	3368	10204
691	15	0	120	3372	12745
692	4	7	200	3376	44036
693	15	0	160	3380	4259
694	3	16	120	3384	6713
695	0	18	120	3388	69897
696	19	8	200	3392	10645
697	4	7	160	3396	12977
698	15	0	160	3400	24272
699	19	8	160	3404	60188
700	0	18	200	3408	39092
701	5	13	160	3412	74423
702	6	19	160	3416	5280
703	4	7	160	3420	14416
704	6	19	80	3424	15276
705	19	8	80	3428	3827
706	6	19	200	3432	49921
707	3	16	120	3436	90692
708	6	19	160	3440	17515
709	1	11	120	3444	4770
710	15	0	200	3448	14102
711	15	0	80	3452	34939
712	5	13	80	3456	6860
713	3	16	120	3460	15470
714	3	16	200	3464	17942
715	4	7	80	3468	9073
716	19	8	120	3472	52151
717	0	18	160	3476	8622
718	4	7	200	3480	24130
719	19	8	120	3484	21053
720	6	19	80	3488	38166
721	4	7	80	3492	31663
722	6	19	80	3496	43909
723	1	11	160	3500	19075
724	6	19	160	3504	9255
725	3	16	200	3508	73512
726	5	13	160	3512	57984
727	19	8	160	3516	3667
728	3	16	160	3520	16935
729	1	11	120	3524	9952
730	5	13	200	3528	16826
731	19	8	80	3532	13866
732	3	16	160	3536	37994
733	15	0	80	3540	40375
734	15	0	80	3544	28789
735	0	18	160	3548	31969
736	4	7	200	3552	15738
737	6	19	200	3556	30102
738	1	11	120	3560	13944
739	0	18	120	3564	64864
740	1	11	160	3600	17669
741	5	13	120	3605	29861
742	15	0	80	3610	607
743	0	18	160	3615	1038
744	15	0	200	3620	492
745	3	16	80	3625	20794
746	1	11	80	3630	4281
747	0	18	160	3635	10907
748	5	13	200	3640	24263
749	19	8	80	3645	63552
750	0	18	80	3650	1472
751	19	8	120	3655	1394
752	0	18	200	3660	36732
753	19	8	80	3665	1286
754	1	11	160	3670	3134
755	5	13	200	3675	1771
756	19	8	120	3680	2945
757	4	7	80	3685	25138
758	15	0	200	3690	3385
759	3	16	120	3695	17495
760	4	7	120	3700	6482
761	6	19	80	3705	31725
762	0	18	160	3710	15279
763	5	13	80	3715	4720
764	5	13	120	3720	27070
765	19	8	160	3725	132
766	4	7	160	3730	85924
767	6	19	200	3735	13683
768	5	13	80	3740	35956
769	1	11	80	3745	37505
770	0	18	80	3750	43078
771	3	16	120	3755	4513
772	15	0	80	3760	47382
773	3	16	120	3765	28986
774	6	19	160	3770	1561
775	0	18	200	3775	2113
776	6	19	200	3780	29516
777	6	19	160	3785	38286
778	3	16	200	3790	18018
779	4	7	160	3795	32369
780	0	18	160	3800	37438
781	5	13	80	3805	18925
782	3	16	200	3810	16904
783	4	7	160	3815	20649
784	0	18	120	3820	7883
785	6	19	160	3825	14239
786	15	0	120	3830	25559
787	4	7	160	3835	32556
788	6	19	160	3840	28234
789	1	11	80	3845	23700
790	1	11	80	3850	23258
791	19	8	200	3855	42780
792	19	8	80	3860	21000
793	15	0	80	3865	61552
794	6	19	80	3870	28598
795	4	7	160	3875	37196
796	5	13	200	3880	6615
797	3	16	200	3885	44972
798	4	7	80	3890	10939
799	15	0	80	3895	358
800	15	0	160	3900	22440
801	4	7	80	3905	31321
802	4	7	120	3910	21326
803	4	7	160	3915	44851
804	15	0	200	3920	2404
805	15	0	160	3925	52552
806	0	18	80	3930	5215
807	6	19	120	3935	2064
808	1	11	120	4000	108751
809	0	18	160	4004	933
810	19	8	200	4008	10842
811	3	16	200	4012	9197
812	1	11	120	4016	3099
813	4	7	120	4020	11907
814	3	16	160	4024	31225
815	15	0	80	4028	28202
816	4	7	80	4032	6204
817	6	19	200	4036	53845
818	4	7	160	4040	54922
819	19	8	200	4044	6235
820	0	18	80	4048	10347
821	0	18	200	4052	6262
822	0	18	120	4056	32602
823	4	7	200	4060	3871
824	0	18	200	4064	4467
825	0	18	120	4068	49
826	3	16	120	4072	21298
827	19	8	80	4076	66767
828	5	13	80	4080	117
829	1	11	80	4084	7726
830	5	13	80	4088	44495
831	4	7	200	4092	47393
832	1	11	120	4096	13536
833	4	7	160	4100	17276
834	5	13	80	4104	3425
835	5	13	160	4108	1510
836	1	11	160	4112	75366
837	19	8	80	4116	25883
838	5	13	160	4120	15771
839	1	11	200	4124	11938
840	5	13	120	4128	6974
841	1	11	80	4132	20413
842	1	11	80	4136	33581
843	5	13	200	4140	25435
844	3	16	120	4144	7356
845	15	0	120	4148	8637
846	15	0	160	4152	29760
847	5	13	160	4156	5116
848	5	13	120	4160	5214
849	19	8	80	4164	121
850	0	18	120	4168	19699
851	19	8	200	4172	10227
852	15	0	120	4176	70906
853	4	7	120	4180	3543
854	15	0	80	4184	26216
855	15	0	160	4188	11385
856	4	7	200	4192	102277
857	19	8	120	4196	13907
858	4	7	160	4200	27036
859	6	19	160	4204	2350
860	4	7	120	4208	8551
861	0	18	80	4212	7137
862	1	11	80	4216	1937
863	0	18	80	4220	30040
864	5	13	160	4224	5198
865	4	7	200	4228	16746
866	0	18	120	4232	52381
867	6	19	200	4236	22474
868	15	0	120	4240	7165
869	6	19	80	4244	26372
870	6	19	120	4248	31825
871	5	13	80	4252	20138
872	0	18	120	4256	12755
873	3	16	200	4260	16956
874	4	7	160	4264	90131
875	19	8	80	4268	36058
876	19	8	200	4272	15531
877	4	7	120	4276	2249
878	1	11	160	4280	51898
879	1	11	160	4284	48526
880	3	16	160	4288	8268
881	15	0	160	4292	12111
882	4	7	160	4296	32588
883	6	19	80	4300	204890
884	1	11	200	4304	30154
885	5	13	120	4308	16463
886	6	19	160	4312	58689
887	15	0	80	4316	8348
888	6	19	120	4320	45307
889	15	0	160	4324	33781
890	1	11	160	4328	1873
891	1	11	120	4332	17461
892	4	7	160	4336	99301
893	15	0	200	4340	11799
894	6	19	120	4344	2320
895	4	7	80	4348	126874
896	19	8	200	4352	16409
897	1	11	200	4356	960
898	0	18	120	4360	14732
899	15	0	160	4400	34421
900	6	19	80	4406	12867
901	1	11	200	4412	2599
902	6	19	120	4418	65192
903	19	8	120	4424	18046
904	1	11	160	4430	7572
905	5	13	120	4436	115922
906	19	8	120	4442	65498
907	5	13	120	4448	13968
908	0	18	160	4454	4203
909	15	0	200	4460	52364
910	15	0	160	4466	55570
911	19	8	120	4472	54423
912	15	0	200	4478	19424
913	1	11	80	4484	39636
914	4	7	200	4490	38847
915	6	19	200	4496	56108
916	6	19	120	4502	17339
917	5	13	80	4508	1942
918	19	8	120	4514	158376
919	19	8	120	4520	28763
920	15	0	80	4526	21339
921	3	16	80	4532	21600
922	19	8	120	4538	34189
923	0	18	160	4544	16773
924	4	7	120	4550	21494
925	5	13	80	4556	5888
926	0	18	120	4562	21042
927	1	11	120	4568	579
928	5	13	160	4574	12846
929	19	8	120	4580	95981
930	19	8	120	4586	7955
931	15	0	200	4592	13797
932	4	7	80	4598	23909
933	3	16	80	4604	3157
934	5	13	120	4610	14461
935	1	11	200	4616	5021
936	1	11	80	4622	14895
937	5	13	120	4628	5786
938	4	7	160	4634	31354
939	5	13	160	4640	30837
940	6	19	200	4646	19795
941	0	18	120	4652	15330
942	6	19	120	4658	3429
943	15	0	120	4664	78128
944	19	8	200	4670	46176
945	1	11	80	4676	4723
946	3	16	120	4682	78526
947	3	16	120	4688	4640
948	4	7	200	4694	21197
949	0	18	120	4700	5019
950	15	0	200	4706	15716
951	4	7	200	4712	12969
952	1	11	160	4718	994
953	0	18	200	4724	34289
954	19	8	120	4730	4550
955	3	16	200	4736	41365
956	1	11	160	4742	10091
957	5	13	200	4748	13533
958	4	7	200	4754	66317
959	6	19	160	4760	1307
960	5	13	200	4766	12587
961	6	19	200	4772	58017
962	0	18	200	4778	651
963	1	11	120	4784	4733
964	15	0	160	4790	22293
965	0	18	160	4800	14969
966	4	7	120	4805	7412
967	4	7	200	4810	13558
968	6	19	200	4815	10548
969	3	16	80	4820	22785
970	4	7	160	4825	13961
971	1	11	200	4830	8567
972	1	11	120	4835	10285
973	3	16	160	4840	7728
974	3	16	120	4845	3526
975	15	0	200	4850	2984
976	5	13	160	4855	14801
977	0	18	200	4860	38381
978	0	18	160	4865	25119
979	3	16	120	4870	12784
980	1	11	160	4875	7080
981	15	0	80	4880	12585
982	15	0	120	4885	13801
983	4	7	80	4890	6141
984	1	11	160	4895	16692
985	5	13	120	4900	47999
986	5	13	120	4905	12125
987	4	7	80	4910	49028
988	4	7	160	4915	72165
989	1	11	160	4920	23928
990	19	8	80	4925	44828
991	5	13	120	4930	765
992	0	18	160	4935	7795
993	6	19	200	4940	27062
994	0	18	200	4945	9086
995	0	18	200	4950	25253
996	0	18	120	4955	14144
997	5	13	80	4960	73982
998	19	8	200	4965	10576
999	19	8	120	4970	11860
1000	6	19	200	4975	58589
1001	15	0	160	4980	18144
1002	5	13	160	4985	41174
1003	1	11	200	4990	87153
1004	6	19	160	4995	33046
1005	5	13	200	5000	4770
1006	1	11	120	5005	1714
1007	19	8	80	5010	34785
1008	6	19	160	5015	23457
1009	1	11	120	5020	1377
1010	15	0	80	5025	10759
1011	0	18	200	5030	18915
1012	5	13	80	5035	36572
1013	1	11	160	5040	17813
1014	4	7	200	5045	38332
1015	6	19	160	5050	1
1016	15	0	160	5055	15397
1017	6	19	160	5060	38746
1018	0	18	200	5065	27182
1019	3	16	120	5070	32362
1020	4	7	120	5075	1675
1021	0	18	120	5080	12075
1022	0	18	80	5085	15742
1023	5	13	120	5090	30951
1024	3	16	200	5095	35011
1025	15	0	120	5100	12650
1026	0	18	120	5105	555
1027	5	13	120	5110	26779
1028	1	11	160	5115	77336
1029	1	11	160	5120	15964
1030	6	19	120	5125	26726
1031	0	18	160	5130	16931
1032	0	18	80	5135	13981
1033	1	11	120	5140	7192
1034	5	13	120	5145	16636
1035	4	7	200	5150	30985
1036	1	11	160	5155	21277
1037	6	19	160	5160	14958
1038	6	19	120	5165	15607
1039	5	13	160	5170	9288
1040	3	16	80	5175	38117
1041	6	19	120	5180	23948
1042	15	0	160	5185	6796
1043	1	11	120	5190	54040
1044	4	7	120	5195	7544
1045	19	8	120	5200	8568
1046	0	18	120	5204	6880
1047	19	8	200	5208	33597
1048	1	11	200	5212	50618
1049	3	16	120	5216	9084
1050	3	16	120	5220	4684
1051	4	7	200	5224	24808
1052	5	13	120	5228	7762
1053	6	19	160	5232	22974
1054	4	7	200	5236	9344
1055	6	19	160	5240	17494
1056	6	19	160	5244	1216
1057	0	18	120	5248	2409
1058	15	0	200	5252	5537
1059	15	0	120	5256	9898
1060	5	13	160	5260	4109
1061	6	19	200	5264	12123
1062	6	19	120	5268	39252
1063	4	7	80	5272	3560
1064	5	13	200	5276	11634
1065	6	19	160	5280	46372
1066	19	8	200	5284	2629
1067	3	16	160	5288	17774
1068	5	13	80	5292	580
1069	0	18	80	5296	1806
1070	5	13	200	5300	12750
1071	0	18	80	5304	234
1072	19	8	80	5308	9357
1073	5	13	80	5312	10594
1074	19	8	80	5316	69453
1075	15	0	200	5320	13748
1076	3	16	160	5324	3865
1077	19	8	160	5328	21180
1078	0	18	200	5332	14562
1079	4	7	120	5336	15112
1080	6	19	80	5340	4196
1081	1	11	120	5344	7537
1082	3	16	160	5348	37882
1083	15	0	120	5352	24856
1084	19	8	80	5356	8853
1085	3	16	160	5360	664
1086	5	13	120	5364	6265
1087	4	7	160	5368	41895
1088	6	19	120	5372	66144
1089	15	0	200	5376	97033
1090	6	19	120	5380	27017
1091	0	18	120	5384	16274
1092	19	8	160	5388	7154
1093	15	0	80	5392	3623
1094	0	18	80	5396	4286
1095	6	19	80	5400	12224
1096	19	8	200	5404	41994
1097	3	16	160	5408	2762
1098	6	19	120	5412	17151
1099	6	19	160	5416	12849
1100	19	8	160	5420	5249
1101	6	19	200	5424	31077
1102	3	16	200	5428	31376
1103	1	11	200	5432	39374
1104	15	0	120	5436	55988
1105	1	11	120	5440	4402
1106	4	7	160	5444	9306
1107	0	18	80	5448	60458
1108	15	0	120	5452	26711
1109	6	19	80	5456	52202
1110	4	7	200	5460	11043
1111	15	0	200	5464	14929
1112	19	8	120	5468	24561
1113	4	7	120	5472	32218
1114	1	11	120	5476	4691
1115	4	7	80	5480	52510
1116	4	7	120	5484	22164
1117	19	8	80	5488	4187
1118	5	13	200	5492	42438
1119	1	11	120	5496	10592
1120	1	11	120	5500	23565
1121	5	13	120	5504	7827
1122	6	19	80	5508	21207
1123	15	0	80	5512	1016
1124	3	16	200	5516	12137
1125	4	7	160	5520	60533
1126	1	11	120	5524	33458
1127	0	18	80	5528	4842
1128	4	7	80	5532	5156
1129	1	11	200	5536	18926
1130	19	8	80	5600	22592
1131	19	8	80	5604	980
1132	1	11	80	5608	1887
1133	4	7	120	5612	987
1134	4	7	200	5616	7578
1135	19	8	120	5620	13674
1136	15	0	120	5624	18639
1137	1	11	160	5628	105303
1138	0	18	200	5632	32519
1139	15	0	200	5636	3645
1140	15	0	200	5640	29370
1141	5	13	80	5644	8915
1142	5	13	80	5648	4014
1143	0	18	120	5652	1232
1144	3	16	80	5656	22823
1145	19	8	120	5660	5731
1146	1	11	80	5664	45818
1147	4	7	80	5668	17564
1148	6	19	200	5672	78869
1149	6	19	200	5676	7741
1150	1	11	200	5680	38179
1151	0	18	200	5684	26323
1152	15	0	200	5688	7863
1153	4	7	80	5692	4007
1154	5	13	80	5696	37360
1155	3	16	120	5700	60069
1156	0	18	160	5704	3601
1157	5	13	160	5708	27954
1158	15	0	80	5712	12630
1159	3	16	160	5716	98158
1160	0	18	200	5720	12894
1161	4	7	160	5724	3583
1162	5	13	200	5728	31083
1163	5	13	120	5732	3229
1164	6	19	200	5736	7767
1165	4	7	200	5740	9568
1166	5	13	160	5744	11766
1167	5	13	200	5748	22008
1168	19	8	160	5752	15147
1169	1	11	80	5756	32626
1170	5	13	160	5760	10257
1171	3	16	160	5764	22927
1172	15	0	80	5768	12994
1173	15	0	200	5772	27989
1174	4	7	120	5776	25261
1175	5	13	80	5780	9083
1176	0	18	80	5784	3184
1177	6	19	160	5788	18463
1178	4	7	80	5792	13399
1179	3	16	120	5796	4895
1180	3	16	160	5800	1688
1181	6	19	80	5804	6365
1182	4	7	120	5808	5966
1183	15	0	120	5812	59916
1184	0	18	80	5816	33201
1185	19	8	80	5820	69108
1186	1	11	120	5824	34315
1187	6	19	80	5828	61176
1188	15	0	80	5832	6941
1189	1	11	120	5836	10436
1190	19	8	160	5840	8389
1191	1	11	200	5844	45859
1192	3	16	120	5848	20726
1193	6	19	120	5852	34129
1194	6	19	80	5856	31006
1195	4	7	120	5860	20097
1196	0	18	80	5864	21058
1197	19	8	200	5868	684
1198	3	16	160	5872	35645
1199	19	8	120	5876	8045
1200	3	16	160	5880	41815
1201	5	13	80	5884	6952
1202	5	13	160	5888	1255
1203	5	13	200	5892	5944
1204	0	18	80	5896	63112
1205	19	8	80	5900	4790
1206	1	11	200	5904	6840
1207	19	8	200	5908	21451
1208	0	18	200	5912	16772
1209	0	18	80	5916	15421
1210	1	11	120	5920	37903
1211	4	7	80	5924	22152
1212	1	11	160	5928	7232
1213	4	7	200	5932	6108
1214	19	8	80	6000	59254
1215	3	16	160	6004	4841
1216	19	8	80	6008	60200
1217	6	19	160	6012	39670
1218	5	13	120	6016	11343
1219	15	0	160	6020	9707
1220	1	11	120	6024	20152
1221	15	0	160	6028	15042
1222	15	0	200	6032	10306
1223	6	19	80	6036	2942
1224	3	16	120	6040	14269
1225	4	7	200	6044	16432
1226	0	18	80	6048	903
1227	1	11	200	6052	25841
1228	0	18	200	6056	79247
1229	0	18	200	6060	2100
1230	5	13	200	6064	31507
1231	1	11	80	6068	2426
1232	3	16	80	6072	34564
1233	5	13	200	6076	3703
1234	0	18	160	6080	10696
1235	15	0	160	6084	40685
1236	1	11	120	6088	4821
1237	19	8	160	6092	16
1238	15	0	80	6096	109881
1239	0	18	200	6100	20162
1240	6	19	120	6104	28565
1241	1	11	120	6108	4464
1242	6	19	80	6112	13032
1243	15	0	80	6116	36024
1244	19	8	80	6120	19635
1245	5	13	120	6124	28287
1246	19	8	120	6128	21506
1247	15	0	160	6132	10474
1248	6	19	80	6136	44506
1249	4	7	120	6140	18772
1250	4	7	80	6144	25097
1251	3	16	160	6148	35869
1252	3	16	160	6152	25297
1253	5	13	200	6156	13953
1254	6	19	200	6160	30267
1255	4	7	80	6164	10680
1256	15	0	80	6168	55834
1257	15	0	160	6172	65818
1258	1	11	120	6176	35398
1259	5	13	120	6180	13581
1260	19	8	200	6184	3731
1261	0	18	200	6188	21321
1262	19	8	80	6192	23714
1263	19	8	80	6196	13033
1264	4	7	80	6200	32620
1265	0	18	80	6204	28714
1266	0	18	200	6208	43916
1267	6	19	200	6212	2991
1268	4	7	80	6216	48073
1269	1	11	120	6220	2498
1270	0	18	120	6224	16
1271	0	18	160	6228	59992
1272	19	8	160	6232	40993
1273	4	7	120	6236	39644
1274	0	18	80	6240	24308
1275	0	18	80	6244	12196
1276	1	11	120	6248	1147
1277	19	8	160	6252	20369
1278	15	0	200	6256	19520
1279	15	0	200	6260	33843
1280	4	7	160	6264	56219
1281	1	11	120	6268	27593
1282	4	7	160	6272	40606
1283	5	13	120	6276	13098
1284	6	19	160	6280	13711
1285	1	11	120	6284	74580
1286	15	0	160	6288	14116
1287	15	0	80	6292	9334
1288	19	8	200	6296	13335
1289	5	13	160	6300	10
1290	19	8	120	6304	58905
1291	4	7	200	6308	6790
1292	6	19	120	6312	6257
1293	1	11	200	6316	19572
1294	1	11	200	6320	13254
1295	6	19	120	6324	2720
1296	3	16	80	6328	18741
1297	6	19	80	6332	244216
1298	3	16	80	6336	829
1299	19	8	80	6340	47361
1300	4	7	160	6344	45974
1301	3	16	160	6348	15448
1302	3	16	160	6352	16094
1303	4	7	160	6356	32755
1304	4	7	80	6360	18737
1305	3	16	160	6364	31484
1306	4	7	80	6400	75444
1307	19	8	80	6405	44464
1308	4	7	160	6410	39120
1309	5	13	200	6415	9194
1310	3	16	160	6420	8993
1311	15	0	120	6425	9622
1312	19	8	160	6430	11432
1313	4	7	120	6435	370
1314	1	11	160	6440	18030
1315	6	19	120	6445	14819
1316	5	13	120	6450	35572
1317	4	7	160	6455	5570
1318	3	16	120	6460	98981
1319	1	11	160	6465	37209
1320	3	16	120	6470	7002
1321	3	16	200	6475	17482
1322	6	19	200	6480	28177
1323	19	8	160	6485	47998
1324	1	11	80	6490	4903
1325	5	13	120	6495	33682
1326	4	7	120	6500	27984
1327	15	0	160	6505	7265
1328	1	11	120	6510	11625
1329	3	16	200	6515	18102
1330	15	0	200	6520	46579
1331	4	7	120	6525	1148
1332	6	19	160	6530	18536
1333	19	8	160	6535	28546
1334	3	16	120	6540	56029
1335	0	18	80	6545	13459
1336	19	8	200	6550	5196
1337	19	8	200	6555	1774
1338	1	11	120	6560	50623
1339	4	7	200	6565	29261
1340	15	0	120	6570	154795
1341	19	8	120	6575	22079
1342	3	16	160	6580	17523
1343	3	16	80	6585	2744
1344	1	11	200	6590	27947
1345	1	11	200	6595	21036
1346	4	7	80	6600	48501
1347	1	11	80	6605	5784
1348	19	8	80	6610	715
1349	5	13	120	6615	79555
1350	1	11	80	6620	9766
1351	15	0	120	6625	9787
1352	4	7	160	6630	390
1353	0	18	120	6635	6780
1354	6	19	160	6640	22472
1355	0	18	160	6645	9806
1356	6	19	160	6650	36751
1357	3	16	200	6655	23472
1358	1	11	160	6660	19691
1359	15	0	160	6665	37191
1360	15	0	80	6670	1037
1361	6	19	120	6675	28552
1362	6	19	200	6680	14754
1363	0	18	200	6685	7698
1364	15	0	200	6690	14870
1365	19	8	120	6695	7415
1366	1	11	200	6700	37712
1367	0	18	200	6705	27599
1368	1	11	200	6710	2855
1369	0	18	160	6715	2500
1370	6	19	160	6720	7422
1371	5	13	120	6725	29022
1372	3	16	120	6730	9555
1373	19	8	120	6735	7860
1374	4	7	120	6740	37389
1375	4	7	80	6745	25305
1376	19	8	80	6750	170492
1377	4	7	160	6755	20982
1378	15	0	200	6760	4667
1379	0	18	80	6800	22052
1380	0	18	120	6804	52282
1381	3	16	120	6808	15428
1382	15	0	120	6812	6329
1383	6	19	80	6816	13085
1384	1	11	160	6820	5216
1385	19	8	160	6824	17691
1386	19	8	160	6828	745
1387	5	13	120	6832	8285
1388	1	11	80	6836	2201
1389	1	11	200	6840	20129
1390	4	7	120	6844	24890
1391	5	13	200	6848	20297
1392	6	19	120	6852	17193
1393	3	16	200	6856	2289
1394	5	13	200	6860	26051
1395	1	11	200	6864	8654
1396	1	11	160	6868	3682
1397	3	16	160	6872	6704
1398	4	7	120	6876	24938
1399	1	11	120	6880	13161
1400	19	8	80	6884	37631
1401	3	16	80	6888	4883
1402	0	18	80	6892	2582
1403	19	8	160	6896	63961
1404	15	0	200	6900	28707
1405	5	13	160	6904	24038
1406	5	13	80	6908	155
1407	5	13	120	6912	32041
1408	6	19	80	6916	14642
1409	1	11	160	6920	75154
1410	1	11	120	6924	9835
1411	1	11	200	6928	5382
1412	5	13	80	6932	14225
1413	1	11	120	6936	76514
1414	6	19	120	6940	55477
1415	5	13	200	6944	20148
1416	19	8	80	6948	14960
1417	19	8	160	6952	953
1418	19	8	80	6956	1976
1419	19	8	120	6960	67645
1420	19	8	200	6964	6435
1421	6	19	120	6968	16649
1422	15	0	200	6972	21733
1423	19	8	80	6976	18869
1424	6	19	120	6980	14498
1425	0	18	160	6984	28519
1426	15	0	80	6988	5060
1427	19	8	160	6992	6506
1428	4	7	160	6996	23034
1429	1	11	120	7000	16004
1430	1	11	120	7004	17089
1431	6	19	160	7008	33799
1432	19	8	120	7012	66202
1433	5	13	120	7016	33719
1434	1	11	80	7020	39792
1435	6	19	80	7024	29110
1436	1	11	80	7028	11172
1437	19	8	200	7032	8608
1438	15	0	80	7036	30778
1439	5	13	80	7040	19848
1440	3	16	120	7044	17370
1441	4	7	120	7048	8346
1442	15	0	120	7052	43278
1443	19	8	120	7056	3378
1444	0	18	120	7060	6319
1445	1	11	120	7064	14113
1446	19	8	160	7068	3165
1447	5	13	200	7072	19310
1448	5	13	120	7076	5060
1449	19	8	200	7080	2373
1450	3	16	200	7084	43815
1451	1	11	200	7088	2616
1452	4	7	120	7092	4318
1453	5	13	80	7096	29373
1454	3	16	120	7100	4965
1455	3	16	160	7104	8261
1456	4	7	80	7108	21306
1457	1	11	80	7112	19571
1458	1	11	120	7116	15554
1459	6	19	80	7120	57
1460	6	19	120	7124	14027
1461	5	13	160	7128	35167
1462	1	11	160	7132	3063
1463	4	7	160	7136	84181
1464	0	18	80	7140	14216
1465	5	13	200	7144	20865
1466	1	11	160	7148	7366
1467	0	18	200	7152	28307
1468	0	18	120	7156	3879
1469	19	8	80	7200	5302
1470	3	16	200	7205	5232
1471	19	8	80	7210	4254
1472	1	11	160	7215	9126
1473	3	16	80	7220	17437
1474	5	13	200	7225	13290
1475	5	13	160	7230	68121
1476	15	0	80	7235	26250
1477	19	8	160	7240	14983
1478	15	0	160	7245	9008
1479	4	7	200	7250	213
1480	1	11	200	7255	20350
1481	3	16	80	7260	24344
1482	3	16	80	7265	1164
1483	4	7	200	7270	17758
1484	19	8	160	7275	25044
1485	19	8	120	7280	12504
1486	3	16	80	7285	21443
1487	4	7	120	7290	6294
1488	1	11	200	7295	20128
1489	15	0	120	7300	17527
1490	3	16	200	7305	2911
1491	0	18	200	7310	40446
1492	6	19	160	7315	41757
1493	0	18	200	7320	30572
1494	19	8	160	7325	3068
1495	6	19	200	7330	32899
1496	3	16	160	7335	4584
1497	3	16	160	7340	48096
1498	19	8	80	7345	27673
1499	4	7	120	7350	25244
1500	0	18	200	7355	4771
1501	19	8	200	7360	13532
1502	5	13	160	7365	12399
1503	6	19	120	7370	115530
1504	6	19	80	7375	54849
1505	3	16	160	7380	27081
1506	0	18	120	7385	37110
1507	0	18	120	7390	25075
1508	19	8	80	7395	7907
1509	6	19	200	7400	6758
1510	4	7	160	7405	23616
1511	5	13	160	7410	3178
1512	3	16	160	7415	6733
1513	15	0	120	7420	15151
1514	6	19	120	7425	13519
1515	4	7	80	7430	39264
1516	3	16	160	7435	30692
1517	6	19	200	7440	21809
1518	5	13	80	7445	9334
1519	1	11	160	7450	1002
1520	3	16	200	7455	110554
1521	6	19	80	7460	820
1522	15	0	200	7465	3200
1523	1	11	200	7470	23928
1524	6	19	80	7475	2104
1525	1	11	200	7480	11523
1526	3	16	160	7485	9898
1527	0	18	160	7490	21756
1528	4	7	120	7495	12116
1529	15	0	80	7500	27280
1530	1	11	200	7505	35021
1531	4	7	120	7510	38607
1532	19	8	160	7515	36342
1533	4	7	120	7520	26049
1534	4	7	200	7525	42324
1535	1	11	80	7530	3639
1536	6	19	160	7535	6394
1537	6	19	200	7540	1369
1538	15	0	160	7545	23513
1539	5	13	200	7550	85255
1540	15	0	80	7555	23166
1541	1	11	200	7560	68560
1542	5	13	80	7565	71894
1543	5	13	80	7570	9336
1544	3	16	200	7575	53424
1545	6	19	120	7580	111021
1546	15	0	120	7585	20253
1547	15	0	80	7590	10574
1548	4	7	160	7600	8205
1549	4	7	120	7606	9072
1550	4	7	120	7612	594
1551	6	19	200	7618	20645
1552	6	19	160	7624	18792
1553	6	19	120	7630	24749
1554	1	11	160	7636	25940
1555	3	16	200	7642	3806
1556	0	18	200	7648	8771
1557	3	16	160	7654	35529
1558	19	8	80	7660	57241
1559	4	7	80	7666	17464
1560	0	18	80	7672	9917
1561	19	8	200	7678	5083
1562	6	19	200	7684	6963
1563	0	18	80	7690	22085
1564	5	13	80	7696	15594
1565	19	8	80	7702	42017
1566	6	19	200	7708	10118
1567	19	8	80	7714	20957
1568	4	7	120	7720	24489
1569	4	7	80	7726	8218
1570	6	19	160	7732	20331
1571	5	13	200	7738	26331
1572	19	8	80	7744	86137
1573	0	18	80	7750	10371
1574	3	16	160	7756	13147
1575	0	18	80	7762	1167
1576	1	11	200	7768	2095
1577	3	16	200	7774	38934
1578	15	0	80	7780	32236
1579	0	18	200	7786	2362
1580	4	7	160	7792	40026
1581	4	7	120	7798	95918
1582	6	19	200	7804	8783
1583	19	8	80	7810	2043
1584	3	16	160	7816	25518
1585	5	13	200	7822	5076
1586	15	0	200	7828	7125
1587	3	16	80	7834	3525
1588	1	11	160	7840	37
1589	1	11	80	7846	27488
1590	1	11	80	7852	43181
1591	4	7	80	7858	14852
1592	6	19	160	7864	3831
1593	4	7	120	7870	2732
1594	5	13	200	7876	24048
1595	19	8	80	7882	13416
1596	5	13	200	7888	28162
1597	4	7	80	7894	10280
1598	19	8	200	7900	44659
1599	3	16	160	7906	1630
1600	19	8	120	7912	24935
1601	19	8	80	7918	105278
1602	4	7	200	7924	30278
1603	0	18	160	7930	188302
1604	6	19	200	7936	32647
1605	19	8	120	7942	10645
1606	6	19	200	7948	22265
1607	6	19	120	7954	5118
1608	3	16	160	7960	6013
1609	1	11	160	7966	22797
1610	0	18	200	7972	1563
1611	6	19	200	8000	16808
1612	5	13	120	8005	817
1613	19	8	120	8010	40388
1614	19	8	160	8015	29350
1615	5	13	160	8020	10593
1616	3	16	80	8025	51781
1617	6	19	200	8030	4478
1618	15	0	120	8035	70455
1619	19	8	80	8040	8124
1620	1	11	80	8045	20226
1621	4	7	200	8050	5578
1622	6	19	160	8055	20869
1623	3	16	80	8060	75890
1624	3	16	80	8065	14584
1625	3	16	160	8070	2795
1626	15	0	80	8075	17547
1627	4	7	160	8080	48014
1628	4	7	120	8085	30383
1629	4	7	120	8090	121072
1630	4	7	80	8095	10590
1631	15	0	200	8100	31891
1632	3	16	200	8105	76141
1633	4	7	160	8110	26848
1634	0	18	120	8115	14242
1635	5	13	120	8120	41664
1636	0	18	160	8125	7383
1637	5	13	120	8130	8797
1638	3	16	80	8135	9906
1639	4	7	80	8140	8437
1640	15	0	80	8145	21171
1641	0	18	160	8150	1607
1642	19	8	120	8155	59151
1643	0	18	80	8160	11797
1644	0	18	80	8165	23148
1645	4	7	80	8170	9646
1646	15	0	160	8175	13405
1647	19	8	120	8180	9733
1648	4	7	200	8185	12339
1649	0	18	80	8190	7751
1650	5	13	80	8195	18837
1651	19	8	80	8200	17638
1652	6	19	160	8205	12320
1653	0	18	200	8210	19554
1654	1	11	120	8215	16454
1655	5	13	160	8220	13863
1656	1	11	160	8225	12529
1657	1	11	160	8230	34164
1658	15	0	160	8235	18857
1659	4	7	80	8240	24088
1660	0	18	120	8245	43926
1661	3	16	120	8250	32311
1662	1	11	200	8255	15420
1663	19	8	120	8260	6213
1664	6	19	160	8265	7111
1665	3	16	80	8270	9534
1666	4	7	80	8275	18924
1667	0	18	200	8280	10717
1668	15	0	200	8285	10959
1669	4	7	80	8290	51259
1670	5	13	80	8295	2317
1671	6	19	160	8300	20677
1672	3	16	160	8305	42815
1673	3	16	80	8310	25229
1674	0	18	80	8315	28981
1675	1	11	160	8320	16861
1676	4	7	120	8325	8302
1677	6	19	120	8330	5132
1678	1	11	80	8335	9929
1679	15	0	200	8340	3188
1680	4	7	200	8345	27495
1681	19	8	160	8350	4917
1682	19	8	200	8355	14911
1683	4	7	120	8360	14002
1684	19	8	80	8365	14335
1685	5	13	80	8370	43433
1686	0	18	80	8400	9743
1687	3	16	80	8404	12293
1688	3	16	80	8408	4677
1689	4	7	160	8412	211
1690	4	7	200	8416	12953
1691	15	0	200	8420	16910
1692	15	0	200	8424	34519
1693	15	0	200	8428	29275
1694	4	7	200	8432	14645
1695	5	13	200	8436	44946
1696	15	0	200	8440	21442
1697	0	18	80	8444	27867
1698	4	7	160	8448	3394
1699	15	0	200	8452	8253
1700	0	18	80	8456	36946
1701	15	0	200	8460	1684
1702	0	18	120	8464	81725
1703	0	18	160	8468	17622
1704	4	7	200	8472	4879
1705	19	8	120	8476	81387
1706	5	13	120	8480	27988
1707	4	7	120	8484	33368
1708	19	8	200	8488	46541
1709	19	8	200	8492	114465
1710	1	11	120	8496	3797
1711	4	7	80	8500	5783
1712	0	18	160	8504	13086
1713	19	8	160	8508	13065
1714	19	8	120	8512	72630
1715	0	18	200	8516	25497
1716	3	16	120	8520	7785
1717	15	0	120	8524	780
1718	0	18	80	8528	36161
1719	0	18	120	8532	13079
1720	1	11	80	8536	123418
1721	0	18	200	8540	3749
1722	6	19	200	8544	4853
1723	3	16	120	8548	10628
1724	0	18	120	8552	15001
1725	6	19	80	8556	21185
1726	19	8	200	8560	40476
1727	5	13	160	8564	3268
1728	15	0	120	8568	5167
1729	5	13	80	8572	46307
1730	3	16	200	8576	58865
1731	4	7	80	8580	22327
1732	3	16	200	8584	1502
1733	4	7	80	8588	1176
1734	15	0	160	8592	9932
1735	5	13	80	8596	22857
1736	19	8	80	8600	5915
1737	19	8	80	8604	68589
1738	19	8	120	8608	7163
1739	19	8	200	8612	15851
1740	19	8	160	8616	3840
1741	6	19	160	8620	20973
1742	4	7	80	8624	18880
1743	4	7	80	8628	4926
1744	3	16	80	8632	47612
1745	19	8	160	8636	5443
1746	15	0	120	8640	2141
1747	15	0	80	8644	10076
1748	19	8	160	8648	33581
1749	4	7	80	8652	38916
1750	3	16	120	8656	20213
1751	0	18	120	8660	19634
1752	19	8	80	8664	57396
1753	3	16	80	8668	29852
1754	5	13	200	8672	8451
1755	19	8	80	8676	24576
1756	1	11	80	8680	51844
1757	6	19	80	8684	22537
1758	0	18	80	8688	1367
1759	15	0	200	8692	21849
1760	0	18	160	8696	3942
1761	0	18	160	8700	19765
1762	5	13	80	8704	19556
1763	3	16	160	8708	33
1764	6	19	80	8712	1937
1765	6	19	120	8716	18676
1766	1	11	120	8720	3999
1767	5	13	120	8724	11183
1768	1	11	80	8728	2024
1769	3	16	80	8732	9874
1770	1	11	160	8800	13741
1771	3	16	80	8805	9771
1772	15	0	200	8810	35689
1773	0	18	80	8815	8388
1774	1	11	200	8820	7628
1775	5	13	120	8825	12723
1776	6	19	200	8830	21990
1777	3	16	160	8835	143882
1778	0	18	80	8840	16412
1779	0	18	200	8845	7286
1780	15	0	160	8850	16681
1781	0	18	200	8855	15326
1782	6	19	200	8860	11245
1783	4	7	120	8865	11915
1784	3	16	200	8870	8068
1785	3	16	160	8875	10531
1786	4	7	200	8880	28661
1787	19	8	200	8885	10299
1788	19	8	80	8890	33367
1789	15	0	120	8895	28740
1790	4	7	80	8900	31378
1791	1	11	80	8905	22564
1792	19	8	80	8910	52378
1793	1	11	160	8915	25921
1794	19	8	120	8920	9679
1795	19	8	200	8925	21207
1796	0	18	160	8930	616
1797	0	18	120	8935	18806
1798	6	19	80	8940	2743
1799	6	19	200	8945	9316
1800	6	19	120	8950	1216
1801	1	11	80	8955	29950
1802	6	19	80	8960	7290
1803	5	13	160	8965	12904
1804	3	16	120	8970	10955
1805	19	8	80	8975	6423
1806	1	11	120	8980	36865
1807	19	8	200	8985	22817
1808	1	11	80	8990	13892
1809	19	8	160	8995	51981
1810	3	16	120	9000	1001
1811	19	8	120	9005	52369
1812	6	19	200	9010	2895
1813	19	8	120	9015	37863
1814	19	8	80	9020	2439
1815	19	8	160	9025	27310
1816	4	7	200	9030	4969
1817	1	11	160	9035	4355
1818	0	18	200	9040	30200
1819	3	16	160	9045	30754
1820	1	11	120	9050	44541
1821	3	16	160	9055	39179
1822	6	19	120	9060	23315
1823	3	16	160	9065	11582
1824	19	8	80	9070	22464
1825	19	8	120	9075	42034
1826	4	7	80	9080	14226
1827	6	19	80	9085	2892
1828	0	18	200	9090	79173
1829	3	16	80	9095	27766
1830	5	13	160	9100	11710
1831	6	19	120	9105	1402
1832	5	13	160	9110	52866
1833	4	7	120	9115	4577
1834	3	16	160	9120	5730
1835	6	19	160	9125	37234
1836	3	16	200	9130	5657
1837	0	18	120	9135	76189
1838	1	11	200	9140	603
1839	4	7	160	9145	1249
1840	1	11	80	9150	20279
1841	5	13	200	9155	2093
1842	6	19	160	9160	57651
1843	19	8	160	9165	48174
1844	5	13	80	9170	25695
1845	4	7	160	9175	44329
1846	5	13	120	9180	16433
1847	19	8	200	9200	2361
1848	1	11	160	9204	19909
1849	19	8	160	9208	25359
1850	4	7	80	9212	12247
1851	19	8	200	9216	47084
1852	19	8	160	9220	42157
1853	4	7	160	9224	11692
1854	4	7	120	9228	15602
1855	4	7	160	9232	6741
1856	5	13	160	9236	2301
1857	3	16	120	9240	50711
1858	5	13	160	9244	39616
1859	3	16	200	9248	18636
1860	4	7	80	9252	37183
1861	4	7	80	9256	26698
1862	19	8	200	9260	25227
1863	19	8	80	9264	33649
1864	4	7	80	9268	16599
1865	6	19	80	9272	99400
1866	4	7	200	9276	145630
1867	3	16	120	9280	67534
1868	6	19	200	9284	20885
1869	3	16	120	9288	8857
1870	6	19	200	9292	15214
1871	3	16	120	9296	6237
1872	19	8	200	9300	3651
1873	6	19	80	9304	26259
1874	1	11	120	9308	3954
1875	6	19	120	9312	34266
1876	5	13	80	9316	54109
1877	6	19	200	9320	33837
1878	15	0	160	9324	31038
1879	4	7	120	9328	34808
1880	4	7	80	9332	9636
1881	4	7	120	9336	10468
1882	4	7	160	9340	19151
1883	0	18	120	9344	8929
1884	15	0	200	9348	8080
1885	5	13	160	9352	17952
1886	6	19	160	9356	6253
1887	0	18	200	9360	16821
1888	19	8	200	9364	28547
1889	19	8	200	9368	82241
1890	0	18	200	9372	28626
1891	0	18	120	9376	9643
1892	5	13	200	9380	3903
1893	19	8	200	9384	15918
1894	19	8	160	9388	7327
1895	6	19	200	9392	55070
1896	6	19	80	9396	13620
1897	15	0	120	9400	4058
1898	5	13	120	9404	10952
1899	19	8	80	9408	26834
1900	0	18	160	9412	44684
1901	3	16	200	9416	19472
1902	3	16	200	9420	17245
1903	19	8	80	9424	7069
1904	3	16	160	9428	4846
1905	0	18	160	9432	4496
1906	19	8	80	9436	30402
1907	3	16	160	9440	4247
1908	3	16	80	9444	6388
1909	15	0	80	9448	30368
1910	19	8	160	9452	10331
1911	15	0	200	9456	9813
1912	4	7	200	9460	3999
1913	0	18	80	9464	1044
1914	19	8	200	9468	5636
1915	0	18	160	9472	13664
1916	19	8	160	9476	3108
1917	15	0	160	9480	9963
1918	1	11	120	9484	15148
1919	15	0	120	9488	86281
1920	19	8	120	9492	33728
1921	3	16	200	9496	16340
1922	3	16	160	9500	6726
1923	6	19	80	9504	22823
1924	1	11	120	9508	22721
1925	5	13	160	9512	3581
1926	15	0	160	9516	1968
1927	0	18	200	9520	25631
1928	15	0	120	9524	12342
1929	4	7	160	9600	6991
1930	0	18	120	9605	9507
1931	15	0	160	9610	32284
1932	1	11	120	9615	11840
1933	19	8	160	9620	1294
1934	4	7	160	9625	60888
1935	1	11	120	9630	35794
1936	1	11	120	9635	44125
1937	5	13	120	9640	8375
1938	6	19	200	9645	3282
1939	6	19	120	9650	2932
1940	6	19	160	9655	39661
1941	4	7	80	9660	1669
1942	15	0	200	9665	7557
1943	0	18	200	9670	91345
1944	19	8	80	9675	23077
1945	1	11	80	9680	10748
1946	5	13	160	9685	4686
1947	4	7	160	9690	2730
1948	19	8	80	9695	7735
1949	19	8	200	9700	42386
1950	6	19	120	9705	36091
1951	15	0	120	9710	2350
1952	6	19	80	9715	27917
1953	15	0	80	9720	12015
1954	19	8	160	9725	60138
1955	6	19	160	9730	10368
1956	19	8	120	9735	8952
1957	5	13	200	9740	55003
1958	6	19	160	9745	24731
1959	15	0	80	9750	1086
1960	3	16	200	9755	2318
1961	15	0	80	9760	1535
1962	5	13	80	9765	34263
1963	15	0	120	9770	95111
1964	15	0	160	9775	11893
1965	0	18	200	9780	22616
1966	6	19	160	9785	70131
1967	5	13	80	9790	2554
1968	6	19	120	9795	3113
1969	15	0	160	9800	13674
1970	15	0	120	9805	21583
1971	4	7	80	9810	42089
1972	1	11	200	9815	5716
1973	4	7	200	9820	10450
1974	0	18	200	9825	4301
1975	4	7	80	9830	27917
1976	4	7	80	9835	6076
1977	1	11	200	9840	7443
1978	6	19	200	9845	132126
1979	19	8	120	9850	6935
1980	0	18	200	9855	77999
1981	4	7	80	9860	85153
1982	1	11	200	9865	11502
1983	19	8	160	9870	20426
1984	6	19	120	9875	15464
1985	3	16	200	9880	6390
1986	1	11	160	9885	1281
1987	3	16	80	9890	130032
1988	19	8	200	9895	3456
1989	6	19	80	9900	20260
1990	1	11	200	9905	14949
1991	5	13	160	9910	68351
1992	15	0	160	9915	25294
1993	19	8	160	9920	2094
1994	4	7	120	9925	557
1995	19	8	120	9930	32935
1996	19	8	80	9935	8803
1997	19	8	120	10000	8191
1998	3	16	80	10133	21222
1999	19	8	120	10266	178
