0	19	8	60	0	2147483647
1	19	8	60	5	2147483647
2	5	13	40	10	2147483647
3	3	16	80	15	2147483647
4	0	18	60	20	2147483647
5	19	8	100	25	2147483647
6	3	16	60	30	2147483647
7	19	8	60	35	2147483647
8	5	13	40	40	2147483647
9	6	19	100	45	2147483647
10	6	19	40	50	2147483647
11	15	0	40	55	2147483647
12	19	8	60	60	2147483647
13	15	0	40	65	2147483647
14	5	13	40	70	2147483647
15	19	8	40	75	2147483647
16	6	19	40	80	2147483647
17	15	0	60	85	2147483647
18	6	19	80	90	2147483647
19	15	0	80	95	2147483647
20	6	19	80	100	2147483647
21	0	18	40	105	2147483647
22	15	0	100	110	2147483647
23	5	13	60	115	2147483647
24	5	13	100	120	2147483647
25	19	8	80	125	2147483647
26	6	19	100	130	2147483647
27	6	19	60	135	2147483647
28	19	8	40	140	2147483647
29	4	7	40	145	2147483647
30	4	7	100	150	2147483647
31	5	13	100	155	2147483647
32	6	19	100	160	2147483647
33	15	0	80	165	2147483647
34	6	19	100	170	2147483647
35	19	8	80	175	2147483647
36	19	8	80	180	2147483647
37	15	0	100	185	2147483647
38	6	19	100	190	2147483647
39	19	8	40	195	2147483647
40	15	0	40	200	2147483647
41	4	7	40	205	2147483647
42	5	13	60	210	2147483647
43	1	11	40	215	2147483647
44	19	8	100	220	2147483647
45	19	8	80	225	2147483647
46	5	13	100	230	2147483647
47	6	19	80	235	2147483647
48	15	0	40	240	2147483647
49	3	16	40	245	2147483647
50	0	18	40	250	2147483647
51	5	13	60	255	2147483647
52	3	16	40	260	2147483647
53	5	13	60	265	2147483647
54	3	16	80	270	2147483647
55	19	8	60	275	2147483647
56	3	16	60	280	2147483647
57	0	18	80	285	2147483647
58	15	0	80	290	2147483647
59	3	16	100	295	2147483647
60	5	13	100	300	2147483647
61	15	0	40	305	2147483647
62	19	8	60	310	2147483647
63	3	16	40	315	2147483647
64	5	13	40	320	2147483647
65	3	16	60	325	2147483647
66	4	7	60	330	2147483647
67	4	7	80	335	2147483647
68	3	16	40	340	2147483647
69	5	13	80	345	2147483647
70	19	8	80	350	2147483647
71	15	0	40	355	2147483647
72	4	7	80	360	2147483647
73	15	0	80	365	2147483647
74	3	16	80	370	2147483647
75	4	7	80	375	2147483647
76	6	19	80	380	2147483647
77	15	0	100	385	2147483647
78	6	19	80	390	2147483647
79	15	0	60	395	2147483647
80	5	13	80	400	2147483647
81	19	8	60	405	2147483647
82	15	0	40	410	2147483647
83	15	0	100	415	2147483647
84	4	7	100	420	2147483647
85	15	0	60	425	2147483647
86	4	7	100	430	2147483647
87	1	11	60	435	2147483647
88	6	19	40	440	2147483647
89	15	0	80	445	2147483647
90	15	0	40	450	2147483647
91	19	8	100	455	2147483647
92	0	18	60	460	2147483647
93	5	13	40	465	2147483647
94	5	13	40	470	2147483647
95	19	8	100	475	2147483647
96	5	13	100	480	2147483647
97	5	13	60	485	2147483647
98	15	0	40	490	2147483647
99	15	0	80	495	2147483647
100	6	19	60	500	2147483647
101	4	7	40	505	2147483647
102	5	13	60	510	2147483647
103	5	13	80	515	2147483647
104	4	7	60	520	2147483647
105	4	7	100	525	2147483647
106	3	16	100	530	2147483647
107	6	19	80	535	2147483647
108	4	7	100	540	2147483647
109	19	8	40	545	2147483647
110	5	13	80	550	2147483647
111	6	19	80	555	2147483647
112	6	19	40	560	2147483647
113	3	16	60	565	2147483647
114	15	0	40	570	2147483647
115	5	13	80	575	2147483647
116	19	8	100	580	2147483647
117	4	7	60	585	2147483647
118	19	8	40	590	2147483647
119	6	19	80	595	2147483647
120	19	8	80	600	2147483647
121	3	16	40	605	2147483647
122	15	0	80	610	2147483647
123	6	19	80	615	2147483647
124	15	0	60	620	2147483647
125	0	18	80	625	2147483647
126	15	0	100	630	2147483647
127	19	8	80	635	2147483647
128	3	16	80	640	2147483647
129	3	16	100	645	2147483647
130	19	8	80	650	2147483647
131	4	7	60	655	2147483647
132	19	8	100	660	2147483647
133	15	0	100	665	2147483647
134	1	11	100	670	2147483647
135	3	16	80	675	2147483647
136	6	19	100	680	2147483647
137	6	19	60	685	2147483647
138	6	19	60	690	2147483647
139	19	8	40	695	2147483647
140	15	0	80	700	2147483647
141	15	0	40	705	2147483647
142	19	8	80	710	2147483647
143	15	0	40	715	2147483647
144	4	7	100	720	2147483647
145	4	7	80	725	2147483647
146	5	13	100	730	2147483647
147	19	8	100	735	2147483647
148	6	19	100	740	2147483647
149	19	8	60	745	2147483647
150	1	11	40	750	2147483647
151	1	11	60	755	2147483647
152	6	19	60	760	2147483647
153	4	7	60	765	2147483647
154	19	8	40	770	2147483647
155	5	13	60	775	2147483647
156	6	19	80	780	2147483647
157	19	8	100	785	2147483647
158	15	0	40	790	2147483647
159	4	7	100	795	2147483647
160	6	19	100	800	2147483647
161	4	7	40	805	2147483647
162	5	13	100	810	2147483647
163	0	18	40	815	2147483647
164	19	8	60	820	2147483647
165	1	11	60	825	2147483647
166	15	0	100	830	2147483647
167	15	0	40	835	2147483647
168	0	18	60	840	2147483647
169	15	0	80	845	2147483647
170	19	8	100	850	2147483647
171	5	13	80	855	2147483647
172	15	0	100	860	2147483647
173	19	8	100	865	2147483647
174	19	8	100	870	2147483647
175	3	16	60	875	2147483647
176	5	13	60	880	2147483647
177	19	8	60	885	2147483647
178	4	7	80	890	2147483647
179	6	19	100	895	2147483647
180	6	19	80	900	2147483647
181	19	8	40	905	2147483647
182	5	13	100	910	2147483647
183	3	16	60	915	2147483647
184	3	16	80	920	2147483647
185	19	8	60	925	2147483647
186	19	8	40	930	2147483647
187	15	0	60	935	2147483647
188	19	8	100	940	2147483647
189	15	0	80	945	2147483647
190	15	0	100	950	2147483647
191	15	0	100	955	2147483647
192	19	8	40	960	2147483647
193	4	7	80	965	2147483647
194	5	13	60	970	2147483647
195	5	13	80	975	2147483647
196	5	13	60	980	2147483647
197	19	8	80	985	2147483647
198	15	0	100	990	2147483647
199	3	16	80	995	2147483647
200	6	19	100	1000	2147483647
201	15	0	80	1005	2147483647
202	19	8	80	1010	2147483647
203	19	8	60	1015	2147483647
204	1	11	80	1020	2147483647
205	15	0	80	1025	2147483647
206	4	7	80	1030	2147483647
207	6	19	60	1035	2147483647
208	4	7	80	1040	2147483647
209	15	0	100	1045	2147483647
210	0	18	100	1050	2147483647
211	6	19	40	1055	2147483647
212	15	0	60	1060	2147483647
213	3	16	60	1065	2147483647
214	15	0	40	1070	2147483647
215	15	0	100	1075	2147483647
216	19	8	60	1080	2147483647
217	3	16	80	1085	2147483647
218	19	8	60	1090	2147483647
219	1	11	40	1095	2147483647
220	4	7	60	1100	2147483647
221	19	8	60	1105	2147483647
222	19	8	60	1110	2147483647
223	5	13	80	1115	2147483647
224	19	8	80	1120	2147483647
225	4	7	100	1125	2147483647
226	6	19	60	1130	2147483647
227	6	19	60	1135	2147483647
228	6	19	80	1140	2147483647
229	6	19	60	1145	2147483647
230	19	8	100	1150	2147483647
231	6	19	100	1155	2147483647
232	4	7	80	1160	2147483647
233	1	11	40	1165	2147483647
234	19	8	40	1170	2147483647
235	19	8	40	1175	2147483647
236	0	18	60	1180	2147483647
237	5	13	60	1185	2147483647
238	3	16	80	1190	2147483647
239	6	19	40	1195	2147483647
240	6	19	80	1200	2147483647
241	4	7	80	1205	2147483647
242	5	13	100	1210	2147483647
243	1	11	100	1215	2147483647
244	15	0	100	1220	2147483647
245	1	11	100	1225	2147483647
246	19	8	80	1230	2147483647
247	15	0	100	1235	2147483647
248	15	0	60	1240	2147483647
249	15	0	60	1245	2147483647
250	5	13	40	1250	2147483647
251	3	16	80	1255	2147483647
252	19	8	40	1260	2147483647
253	15	0	100	1265	2147483647
254	19	8	60	1270	2147483647
255	15	0	60	1275	2147483647
256	15	0	60	1280	2147483647
257	6	19	40	1285	2147483647
258	19	8	80	1290	2147483647
259	15	0	80	1295	2147483647
260	1	11	40	1300	2147483647
261	15	0	40	1305	2147483647
262	0	18	80	1310	2147483647
263	15	0	40	1315	2147483647
264	19	8	100	1320	2147483647
265	6	19	100	1325	2147483647
266	4	7	60	1330	2147483647
267	15	0	40	1335	2147483647
268	5	13	60	1340	2147483647
269	15	0	40	1345	2147483647
270	15	0	60	1350	2147483647
271	15	0	100	1355	2147483647
272	1	11	100	1360	2147483647
273	5	13	40	1365	2147483647
274	6	19	60	1370	2147483647
275	0	18	80	1375	2147483647
276	6	19	80	1380	2147483647
277	19	8	60	1385	2147483647
278	15	0	100	1390	2147483647
279	19	8	80	1395	2147483647
280	5	13	60	1400	2147483647
281	19	8	60	1405	2147483647
282	19	8	100	1410	2147483647
283	15	0	40	1415	2147483647
284	4	7	60	1420	2147483647
285	15	0	60	1425	2147483647
286	15	0	80	1430	2147483647
287	15	0	100	1435	2147483647
288	3	16	100	1440	2147483647
289	4	7	80	1445	2147483647
290	4	7	100	1450	2147483647
291	6	19	60	1455	2147483647
292	5	13	100	1460	2147483647
293	5	13	100	1465	2147483647
294	5	13	100	1470	2147483647
295	15	0	60	1475	2147483647
296	4	7	100	1480	2147483647
297	15	0	80	1485	2147483647
298	3	16	40	1490	2147483647
299	4	7	100	1495	2147483647
300	15	0	80	1500	2147483647
301	5	13	60	1505	2147483647
302	5	13	80	1510	2147483647
303	19	8	60	1515	2147483647
304	0	18	40	1520	2147483647
305	15	0	40	1525	2147483647
306	0	18	80	1530	2147483647
307	6	19	40	1535	2147483647
308	3	16	80	1540	2147483647
309	19	8	80	1545	2147483647
310	3	16	100	1550	2147483647
311	19	8	100	1555	2147483647
312	19	8	40	1560	2147483647
313	0	18	40	1565	2147483647
314	5	13	60	1570	2147483647
315	3	16	100	1575	2147483647
316	19	8	60	1580	2147483647
317	4	7	80	1585	2147483647
318	6	19	100	1590	2147483647
319	4	7	80	1595	2147483647
320	19	8	40	1600	2147483647
321	15	0	60	1605	2147483647
322	5	13	60	1610	2147483647
323	3	16	80	1615	2147483647
324	6	19	60	1620	2147483647
325	4	7	40	1625	2147483647
326	3	16	40	1630	2147483647
327	15	0	40	1635	2147483647
328	19	8	40	1640	2147483647
329	15	0	100	1645	2147483647
330	15	0	100	1650	2147483647
331	19	8	100	1655	2147483647
332	15	0	60	1660	2147483647
333	5	13	100	1665	2147483647
334	3	16	40	1670	2147483647
335	0	18	100	1675	2147483647
336	6	19	100	1680	2147483647
337	19	8	80	1685	2147483647
338	15	0	40	1690	2147483647
339	6	19	40	1695	2147483647
340	15	0	80	1700	2147483647
341	1	11	80	1705	2147483647
342	6	19	60	1710	2147483647
343	4	7	60	1715	2147483647
344	1	11	100	1720	2147483647
345	5	13	100	1725	2147483647
346	6	19	40	1730	2147483647
347	5	13	100	1735	2147483647
348	19	8	80	1740	2147483647
349	4	7	40	1745	2147483647
350	19	8	40	1750	2147483647
351	19	8	60	1755	2147483647
352	4	7	100	1760	2147483647
353	19	8	80	1765	2147483647
354	5	13	100	1770	2147483647
355	1	11	40	1775	2147483647
356	19	8	40	1780	2147483647
357	4	7	100	1785	2147483647
358	5	13	100	1790	2147483647
359	19	8	100	1795	2147483647
360	6	19	40	1800	2147483647
361	4	7	80	1805	2147483647
362	6	19	100	1810	2147483647
363	5	13	80	1815	2147483647
364	1	11	100	1820	2147483647
365	5	13	100	1825	2147483647
366	0	18	60	1830	2147483647
367	6	19	60	1835	2147483647
368	19	8	100	1840	2147483647
369	5	13	80	1845	2147483647
370	6	19	100	1850	2147483647
371	19	8	100	1855	2147483647
372	6	19	60	1860	2147483647
373	19	8	80	1865	2147483647
374	6	19	100	1870	2147483647
375	15	0	80	1875	2147483647
376	3	16	40	1880	2147483647
377	3	16	40	1885	2147483647
378	0	18	80	1890	2147483647
379	1	11	60	1895	2147483647
380	15	0	100	1900	2147483647
381	15	0	60	1905	2147483647
382	19	8	80	1910	2147483647
383	15	0	40	1915	2147483647
384	19	8	80	1920	2147483647
385	19	8	60	1925	2147483647
386	6	19	100	1930	2147483647
387	19	8	100	1935	2147483647
388	1	11	40	1940	2147483647
389	1	11	40	1945	2147483647
390	3	16	100	1950	2147483647
391	5	13	100	1955	2147483647
392	6	19	80	1960	2147483647
393	19	8	40	1965	2147483647
394	0	18	40	1970	2147483647
395	5	13	100	1975	2147483647
396	6	19	80	1980	2147483647
397	3	16	80	1985	2147483647
398	4	7	60	1990	2147483647
399	15	0	100	1995	2147483647
400	5	13	80	2000	2147483647
401	3	16	80	2005	2147483647
402	6	19	100	2010	2147483647
403	6	19	100	2015	2147483647
404	15	0	60	2020	2147483647
405	0	18	40	2025	2147483647
406	5	13	40	2030	2147483647
407	5	13	40	2035	2147483647
408	5	13	80	2040	2147483647
409	6	19	40	2045	2147483647
410	19	8	100	2050	2147483647
411	15	0	100	2055	2147483647
412	3	16	60	2060	2147483647
413	5	13	80	2065	2147483647
414	4	7	40	2070	2147483647
415	15	0	80	2075	2147483647
416	6	19	40	2080	2147483647
417	19	8	100	2085	2147483647
418	6	19	40	2090	2147483647
419	4	7	60	2095	2147483647
420	15	0	40	2100	2147483647
421	3	16	60	2105	2147483647
422	5	13	60	2110	2147483647
423	15	0	80	2115	2147483647
424	4	7	80	2120	2147483647
425	4	7	100	2125	2147483647
426	5	13	60	2130	2147483647
427	15	0	40	2135	2147483647
428	19	8	80	2140	2147483647
429	3	16	40	2145	2147483647
430	4	7	100	2150	2147483647
431	0	18	60	2155	2147483647
432	19	8	80	2160	2147483647
433	4	7	80	2165	2147483647
434	15	0	100	2170	2147483647
435	6	19	40	2175	2147483647
436	4	7	60	2180	2147483647
437	4	7	80	2185	2147483647
438	19	8	80	2190	2147483647
439	19	8	80	2195	2147483647
440	6	19	60	2200	2147483647
441	4	7	80	2205	2147483647
442	6	19	60	2210	2147483647
443	6	19	100	2215	2147483647
444	3	16	40	2220	2147483647
445	5	13	100	2225	2147483647
446	3	16	80	2230	2147483647
447	3	16	100	2235	2147483647
448	15	0	40	2240	2147483647
449	4	7	60	2245	2147483647
450	19	8	80	2250	2147483647
451	15	0	100	2255	2147483647
452	6	19	80	2260	2147483647
453	19	8	100	2265	2147483647
454	0	18	100	2270	2147483647
455	4	7	40	2275	2147483647
456	15	0	60	2280	2147483647
457	19	8	40	2285	2147483647
458	5	13	40	2290	2147483647
459	6	19	80	2295	2147483647
460	15	0	100	2300	2147483647
461	15	0	100	2305	2147483647
462	5	13	80	2310	2147483647
463	4	7	60	2315	2147483647
464	4	7	40	2320	2147483647
465	19	8	80	2325	2147483647
466	19	8	40	2330	2147483647
467	19	8	80	2335	2147483647
468	15	0	100	2340	2147483647
469	15	0	100	2345	2147483647
470	6	19	40	2350	2147483647
471	3	16	80	2355	2147483647
472	19	8	40	2360	2147483647
473	15	0	80	2365	2147483647
474	15	0	40	2370	2147483647
475	6	19	60	2375	2147483647
476	15	0	40	2380	2147483647
477	19	8	80	2385	2147483647
478	6	19	80	2390	2147483647
479	19	8	80	2395	2147483647
480	1	11	40	2400	2147483647
481	3	16	60	2405	2147483647
482	1	11	40	2410	2147483647
483	15	0	40	2415	2147483647
484	3	16	60	2420	2147483647
485	15	0	40	2425	2147483647
486	6	19	80	2430	2147483647
487	19	8	80	2435	2147483647
488	4	7	100	2440	2147483647
489	5	13	80	2445	2147483647
490	19	8	100	2450	2147483647
491	5	13	60	2455	2147483647
492	19	8	60	2460	2147483647
493	6	19	40	2465	2147483647
494	3	16	80	2470	2147483647
495	15	0	60	2475	2147483647
496	19	8	40	2480	2147483647
497	4	7	100	2485	2147483647
498	4	7	80	2490	2147483647
499	4	7	80	2495	2147483647
500	6	19	100	2500	2147483647
501	4	7	100	2505	2147483647
502	6	19	40	2510	2147483647
503	19	8	40	2515	2147483647
504	15	0	60	2520	2147483647
505	15	0	40	2525	2147483647
506	15	0	80	2530	2147483647
507	19	8	40	2535	2147483647
508	3	16	100	2540	2147483647
509	6	19	80	2545	2147483647
510	6	19	40	2550	2147483647
511	19	8	80	2555	2147483647
512	4	7	80	2560	2147483647
513	5	13	60	2565	2147483647
514	5	13	60	2570	2147483647
515	6	19	60	2575	2147483647
516	15	0	100	2580	2147483647
517	15	0	60	2585	2147483647
518	1	11	100	2590	2147483647
519	15	0	40	2595	2147483647
520	5	13	100	2600	2147483647
521	19	8	60	2605	2147483647
522	15	0	100	2610	2147483647
523	4	7	40	2615	2147483647
524	19	8	100	2620	2147483647
525	3	16	100	2625	2147483647
526	4	7	40	2630	2147483647
527	6	19	40	2635	2147483647
528	6	19	100	2640	2147483647
529	19	8	100	2645	2147483647
530	15	0	40	2650	2147483647
531	5	13	40	2655	2147483647
532	6	19	100	2660	2147483647
533	5	13	40	2665	2147483647
534	5	13	100	2670	2147483647
535	19	8	60	2675	2147483647
536	15	0	60	2680	2147483647
537	3	16	100	2685	2147483647
538	19	8	100	2690	2147483647
539	6	19	60	2695	2147483647
540	19	8	80	2700	2147483647
541	15	0	80	2705	2147483647
542	15	0	100	2710	2147483647
543	15	0	40	2715	2147483647
544	19	8	80	2720	2147483647
545	19	8	40	2725	2147483647
546	3	16	100	2730	2147483647
547	6	19	100	2735	2147483647
548	1	11	80	2740	2147483647
549	15	0	40	2745	2147483647
550	3	16	80	2750	2147483647
551	1	11	80	2755	2147483647
552	3	16	100	2760	2147483647
553	15	0	80	2765	2147483647
554	19	8	80	2770	2147483647
555	15	0	60	2775	2147483647
556	15	0	100	2780	2147483647
557	4	7	100	2785	2147483647
558	19	8	60	2790	2147483647
559	15	0	80	2795	2147483647
560	6	19	100	2800	2147483647
561	3	16	60	2805	2147483647
562	4	7	60	2810	2147483647
563	3	16	40	2815	2147483647
564	19	8	60	2820	2147483647
565	3	16	100	2825	2147483647
566	4	7	100	2830	2147483647
567	19	8	80	2835	2147483647
568	3	16	80	2840	2147483647
569	6	19	40	2845	2147483647
570	19	8	40	2850	2147483647
571	6	19	40	2855	2147483647
572	19	8	80	2860	2147483647
573	6	19	80	2865	2147483647
574	15	0	60	2870	2147483647
575	15	0	60	2875	2147483647
576	3	16	80	2880	2147483647
577	19	8	100	2885	2147483647
578	5	13	80	2890	2147483647
579	19	8	80	2895	2147483647
580	19	8	100	2900	2147483647
581	15	0	60	2905	2147483647
582	5	13	60	2910	2147483647
583	19	8	80	2915	2147483647
584	19	8	40	2920	2147483647
585	6	19	60	2925	2147483647
586	4	7	40	2930	2147483647
587	19	8	60	2935	2147483647
588	5	13	60	2940	2147483647
589	15	0	80	2945	2147483647
590	4	7	60	2950	2147483647
591	5	13	60	2955	2147483647
592	3	16	80	2960	2147483647
593	4	7	60	2965	2147483647
594	19	8	60	2970	2147483647
595	15	0	40	2975	2147483647
596	5	13	40	2980	2147483647
597	6	19	100	2985	2147483647
598	19	8	100	2990	2147483647
599	15	0	80	2995	2147483647
600	15	0	60	3000	2147483647
601	4	7	60	3005	2147483647
602	5	13	60	3010	2147483647
603	6	19	80	3015	2147483647
604	15	0	40	3020	2147483647
605	15	0	80	3025	2147483647
606	4	7	40	3030	2147483647
607	6	19	60	3035	2147483647
608	0	18	40	3040	2147483647
609	3	16	60	3045	2147483647
610	6	19	100	3050	2147483647
611	15	0	40	3055	2147483647
612	19	8	40	3060	2147483647
613	0	18	80	3065	2147483647
614	15	0	80	3070	2147483647
615	15	0	80	3075	2147483647
616	15	0	100	3080	2147483647
617	4	7	80	3085	2147483647
618	5	13	100	3090	2147483647
619	4	7	100	3095	2147483647
620	19	8	100	3100	2147483647
621	5	13	60	3105	2147483647
622	6	19	40	3110	2147483647
623	5	13	40	3115	2147483647
624	5	13	100	3120	2147483647
625	5	13	80	3125	2147483647
626	4	7	60	3130	2147483647
627	6	19	60	3135	2147483647
628	6	19	60	3140	2147483647
629	19	8	40	3145	2147483647
630	5	13	40	3150	2147483647
631	6	19	100	3155	2147483647
632	19	8	100	3160	2147483647
633	15	0	40	3165	2147483647
634	4	7	40	3170	2147483647
635	15	0	80	3175	2147483647
636	5	13	100	3180	2147483647
637	19	8	100	3185	2147483647
638	4	7	60	3190	2147483647
639	3	16	80	3195	2147483647
640	5	13	60	3200	2147483647
641	15	0	100	3205	2147483647
642	19	8	40	3210	2147483647
643	5	13	100	3215	2147483647
644	4	7	100	3220	2147483647
645	5	13	40	3225	2147483647
646	6	19	60	3230	2147483647
647	3	16	100	3235	2147483647
648	15	0	80	3240	2147483647
649	4	7	80	3245	2147483647
650	0	18	40	3250	2147483647
651	1	11	60	3255	2147483647
652	4	7	100	3260	2147483647
653	15	0	100	3265	2147483647
654	19	8	80	3270	2147483647
655	5	13	100	3275	2147483647
656	15	0	40	3280	2147483647
657	0	18	60	3285	2147483647
658	3	16	100	3290	2147483647
659	4	7	80	3295	2147483647
660	6	19	40	3300	2147483647
661	15	0	100	3305	2147483647
662	19	8	40	3310	2147483647
663	3	16	100	3315	2147483647
664	15	0	60	3320	2147483647
665	19	8	100	3325	2147483647
666	19	8	60	3330	2147483647
667	3	16	40	3335	2147483647
668	15	0	60	3340	2147483647
669	19	8	100	3345	2147483647
670	5	13	80	3350	2147483647
671	19	8	40	3355	2147483647
672	1	11	60	3360	2147483647
673	4	7	40	3365	2147483647
674	19	8	80	3370	2147483647
675	4	7	40	3375	2147483647
676	5	13	60	3380	2147483647
677	4	7	60	3385	2147483647
678	3	16	40	3390	2147483647
679	19	8	100	3395	2147483647
680	19	8	60	3400	2147483647
681	1	11	60	3405	2147483647
682	19	8	80	3410	2147483647
683	5	13	80	3415	2147483647
684	19	8	100	3420	2147483647
685	4	7	80	3425	2147483647
686	5	13	100	3430	2147483647
687	5	13	100	3435	2147483647
688	19	8	60	3440	2147483647
689	19	8	40	3445	2147483647
690	1	11	80	3450	2147483647
691	4	7	80	3455	2147483647
692	15	0	100	3460	2147483647
693	19	8	100	3465	2147483647
694	15	0	80	3470	2147483647
695	15	0	60	3475	2147483647
696	15	0	100	3480	2147483647
697	15	0	40	3485	2147483647
698	6	19	60	3490	2147483647
699	4	7	100	3495	2147483647
700	15	0	80	3500	2147483647
701	6	19	40	3505	2147483647
702	5	13	80	3510	2147483647
703	15	0	100	3515	2147483647
704	15	0	40	3520	2147483647
705	4	7	40	3525	2147483647
706	0	18	40	3530	2147483647
707	19	8	100	3535	2147483647
708	15	0	60	3540	2147483647
709	6	19	80	3545	2147483647
710	19	8	80	3550	2147483647
711	6	19	80	3555	2147483647
712	19	8	40	3560	2147483647
713	4	7	100	3565	2147483647
714	5	13	40	3570	2147483647
715	5	13	80	3575	2147483647
716	19	8	60	3580	2147483647
717	15	0	60	3585	2147483647
718	5	13	100	3590	2147483647
719	6	19	100	3595	2147483647
720	6	19	40	3600	2147483647
721	6	19	60	3605	2147483647
722	4	7	80	3610	2147483647
723	19	8	40	3615	2147483647
724	15	0	40	3620	2147483647
725	3	16	40	3625	2147483647
726	0	18	40	3630	2147483647
727	3	16	60	3635	2147483647
728	15	0	60	3640	2147483647
729	5	13	40	3645	2147483647
730	6	19	60	3650	2147483647
731	15	0	40	3655	2147483647
732	15	0	100	3660	2147483647
733	19	8	60	3665	2147483647
734	4	7	40	3670	2147483647
735	5	13	40	3675	2147483647
736	15	0	100	3680	2147483647
737	3	16	80	3685	2147483647
738	6	19	80	3690	2147483647
739	6	19	100	3695	2147483647
740	4	7	60	3700	2147483647
741	5	13	40	3705	2147483647
742	15	0	60	3710	2147483647
743	4	7	100	3715	2147483647
744	19	8	80	3720	2147483647
745	6	19	100	3725	2147483647
746	5	13	80	3730	2147483647
747	6	19	40	3735	2147483647
748	6	19	80	3740	2147483647
749	4	7	100	3745	2147483647
750	19	8	40	3750	2147483647
751	0	18	60	3755	2147483647
752	5	13	60	3760	2147483647
753	3	16	80	3765	2147483647
754	15	0	100	3770	2147483647
755	3	16	60	3775	2147483647
756	3	16	80	3780	2147483647
757	6	19	60	3785	2147483647
758	19	8	80	3790	2147483647
759	15	0	100	3795	2147483647
760	4	7	100	3800	2147483647
761	19	8	80	3805	2147483647
762	5	13	60	3810	2147483647
763	4	7	60	3815	2147483647
764	19	8	60	3820	2147483647
765	5	13	80	3825	2147483647
766	19	8	100	3830	2147483647
767	0	18	80	3835	2147483647
768	19	8	100	3840	2147483647
769	1	11	40	3845	2147483647
770	15	0	100	3850	2147483647
771	15	0	80	3855	2147483647
772	0	18	100	3860	2147483647
773	15	0	100	3865	2147483647
774	3	16	60	3870	2147483647
775	3	16	40	3875	2147483647
776	19	8	100	3880	2147483647
777	19	8	80	3885	2147483647
778	19	8	80	3890	2147483647
779	4	7	60	3895	2147483647
780	15	0	80	3900	2147483647
781	6	19	40	3905	2147483647
782	15	0	100	3910	2147483647
783	5	13	80	3915	2147483647
784	6	19	100	3920	2147483647
785	6	19	40	3925	2147483647
786	4	7	100	3930	2147483647
787	6	19	60	3935	2147483647
788	3	16	80	3940	2147483647
789	3	16	100	3945	2147483647
790	4	7	60	3950	2147483647
791	3	16	60	3955	2147483647
792	3	16	40	3960	2147483647
793	19	8	80	3965	2147483647
794	5	13	40	3970	2147483647
795	5	13	80	3975	2147483647
796	1	11	80	3980	2147483647
797	5	13	40	3985	2147483647
798	4	7	80	3990	2147483647
799	6	19	40	3995	2147483647
800	15	0	40	4000	2147483647
801	5	13	100	4005	2147483647
802	6	19	40	4010	2147483647
803	5	13	60	4015	2147483647
804	6	19	40	4020	2147483647
805	3	16	60	4025	2147483647
806	19	8	60	4030	2147483647
807	6	19	60	4035	2147483647
808	19	8	40	4040	2147483647
809	6	19	80	4045	2147483647
810	4	7	60	4050	2147483647
811	3	16	100	4055	2147483647
812	6	19	100	4060	2147483647
813	15	0	60	4065	2147483647
814	19	8	60	4070	2147483647
815	15	0	80	4075	2147483647
816	4	7	100	4080	2147483647
817	19	8	100	4085	2147483647
818	15	0	60	4090	2147483647
819	6	19	60	4095	2147483647
820	0	18	80	4100	2147483647
821	5	13	80	4105	2147483647
822	19	8	40	4110	2147483647
823	19	8	100	4115	2147483647
824	19	8	80	4120	2147483647
825	15	0	60	4125	2147483647
826	6	19	80	4130	2147483647
827	1	11	60	4135	2147483647
828	5	13	100	4140	2147483647
829	15	0	100	4145	2147483647
830	1	11	60	4150	2147483647
831	6	19	100	4155	2147483647
832	15	0	40	4160	2147483647
833	5	13	80	4165	2147483647
834	6	19	40	4170	2147483647
835	5	13	80	4175	2147483647
836	19	8	100	4180	2147483647
837	4	7	60	4185	2147483647
838	15	0	60	4190	2147483647
839	6	19	80	4195	2147483647
840	6	19	80	4200	2147483647
841	15	0	80	4205	2147483647
842	6	19	40	4210	2147483647
843	15	0	100	4215	2147483647
844	19	8	80	4220	2147483647
845	0	18	80	4225	2147483647
846	6	19	60	4230	2147483647
847	5	13	80	4235	2147483647
848	3	16	60	4240	2147483647
849	15	0	80	4245	2147483647
850	3	16	80	4250	2147483647
851	1	11	100	4255	2147483647
852	15	0	80	4260	2147483647
853	19	8	60	4265	2147483647
854	6	19	60	4270	2147483647
855	5	13	80	4275	2147483647
856	6	19	100	4280	2147483647
857	15	0	60	4285	2147483647
858	6	19	100	4290	2147483647
859	19	8	80	4295	2147483647
860	6	19	100	4300	2147483647
861	19	8	40	4305	2147483647
862	3	16	60	4310	2147483647
863	3	16	60	4315	2147483647
864	5	13	60	4320	2147483647
865	15	0	60	4325	2147483647
866	6	19	100	4330	2147483647
867	3	16	60	4335	2147483647
868	4	7	40	4340	2147483647
869	6	19	80	4345	2147483647
870	15	0	80	4350	2147483647
871	19	8	80	4355	2147483647
872	4	7	60	4360	2147483647
873	4	7	100	4365	2147483647
874	19	8	80	4370	2147483647
875	5	13	40	4375	2147483647
876	15	0	60	4380	2147483647
877	4	7	40	4385	2147483647
878	19	8	60	4390	2147483647
879	15	0	40	4395	2147483647
880	1	11	40	4400	2147483647
881	4	7	100	4405	2147483647
882	19	8	100	4410	2147483647
883	19	8	60	4415	2147483647
884	15	0	40	4420	2147483647
885	19	8	60	4425	2147483647
886	19	8	60	4430	2147483647
887	19	8	100	4435	2147483647
888	19	8	60	4440	2147483647
889	3	16	80	4445	2147483647
890	19	8	100	4450	2147483647
891	3	16	80	4455	2147483647
892	15	0	60	4460	2147483647
893	19	8	100	4465	2147483647
894	19	8	100	4470	2147483647
895	15	0	60	4475	2147483647
896	6	19	40	4480	2147483647
897	5	13	80	4485	2147483647
898	4	7	60	4490	2147483647
899	3	16	40	4495	2147483647
900	6	19	100	4500	2147483647
901	5	13	40	4505	2147483647
902	0	18	80	4510	2147483647
903	15	0	100	4515	2147483647
904	19	8	100	4520	2147483647
905	4	7	40	4525	2147483647
906	19	8	60	4530	2147483647
907	5	13	80	4535	2147483647
908	19	8	80	4540	2147483647
909	4	7	40	4545	2147483647
910	15	0	40	4550	2147483647
911	4	7	80	4555	2147483647
912	19	8	100	4560	2147483647
913	15	0	100	4565	2147483647
914	19	8	80	4570	2147483647
915	4	7	100	4575	2147483647
916	19	8	40	4580	2147483647
917	5	13	40	4585	2147483647
918	6	19	40	4590	2147483647
919	5	13	100	4595	2147483647
920	19	8	40	4600	2147483647
921	15	0	40	4605	2147483647
922	5	13	40	4610	2147483647
923	3	16	80	4615	2147483647
924	15	0	80	4620	2147483647
925	15	0	100	4625	2147483647
926	5	13	40	4630	2147483647
927	5	13	80	4635	2147483647
928	4	7	40	4640	2147483647
929	4	7	40	4645	2147483647
930	15	0	40	4650	2147483647
931	5	13	80	4655	2147483647
932	0	18	100	4660	2147483647
933	15	0	40	4665	2147483647
934	4	7	60	4670	2147483647
935	15	0	100	4675	2147483647
936	4	7	60	4680	2147483647
937	5	13	40	4685	2147483647
938	0	18	60	4690	2147483647
939	5	13	40	4695	2147483647
940	3	16	40	4700	2147483647
941	5	13	80	4705	2147483647
942	19	8	40	4710	2147483647
943	6	19	40	4715	2147483647
944	6	19	60	4720	2147483647
945	6	19	60	4725	2147483647
946	4	7	100	4730	2147483647
947	19	8	80	4735	2147483647
948	19	8	40	4740	2147483647
949	15	0	100	4745	2147483647
950	15	0	40	4750	2147483647
951	4	7	100	4755	2147483647
952	19	8	60	4760	2147483647
953	15	0	80	4765	2147483647
954	4	7	40	4770	2147483647
955	19	8	80	4775	2147483647
956	19	8	40	4780	2147483647
957	19	8	40	4785	2147483647
958	0	18	40	4790	2147483647
959	3	16	100	4795	2147483647
960	19	8	100	4800	2147483647
961	6	19	100	4805	2147483647
962	3	16	80	4810	2147483647
963	15	0	60	4815	2147483647
964	5	13	40	4820	2147483647
965	4	7	60	4825	2147483647
966	4	7	100	4830	2147483647
967	3	16	100	4835	2147483647
968	6	19	60	4840	2147483647
969	3	16	80	4845	2147483647
970	0	18	80	4850	2147483647
971	6	19	40	4855	2147483647
972	5	13	100	4860	2147483647
973	3	16	40	4865	2147483647
974	5	13	100	4870	2147483647
975	6	19	60	4875	2147483647
976	15	0	100	4880	2147483647
977	19	8	100	4885	2147483647
978	15	0	40	4890	2147483647
979	0	18	40	4895	2147483647
980	5	13	40	4900	2147483647
981	5	13	60	4905	2147483647
982	6	19	60	4910	2147483647
983	6	19	40	4915	2147483647
984	6	19	100	4920	2147483647
985	6	19	40	4925	2147483647
986	5	13	40	4930	2147483647
987	4	7	40	4935	2147483647
988	6	19	100	4940	2147483647
989	5	13	80	4945	2147483647
990	15	0	100	4950	2147483647
991	5	13	40	4955	2147483647
992	5	13	100	4960	2147483647
993	19	8	60	4965	2147483647
994	6	19	40	4970	2147483647
995	15	0	60	4975	2147483647
996	4	7	40	4980	2147483647
997	4	7	80	4985	2147483647
998	3	16	40	4990	2147483647
999	4	7	40	4995	2147483647
