0	6	19	100	0	7560
1	1	11	100	2	865
2	6	19	200	4	7771
3	4	7	120	6	2648
4	6	19	120	8	591
5	0	18	200	10	5452
6	5	13	180	12	15059
7	4	7	180	14	6559
8	3	16	200	16	4772
9	5	13	100	18	4172
10	3	16	120	20	398
11	19	8	200	22	8536
12	19	8	200	24	10121
13	1	11	180	26	4025
14	3	16	100	28	6959
15	19	8	100	30	3174
16	1	11	100	32	1214
17	5	13	100	34	7180
18	3	16	200	36	1790
19	19	8	180	38	3398
20	6	19	180	40	31411
21	1	11	120	42	7673
22	6	19	100	44	6526
23	6	19	120	46	677
24	3	16	180	48	3
25	6	19	120	50	132
26	19	8	100	52	5448
27	3	16	120	54	320
28	4	7	200	56	1511
29	6	19	200	58	24700
30	4	7	200	60	4371
31	1	11	120	62	6259
32	19	8	100	64	604
33	3	16	100	66	16677
34	0	18	120	68	7650
35	15	0	100	70	2107
36	6	19	100	72	736
37	3	16	100	74	19882
38	3	16	120	76	130
39	3	16	200	78	1287
40	1	11	200	80	951
41	4	7	200	82	5820
42	6	19	100	84	8387
43	0	18	200	86	4062
44	0	18	120	88	646
45	15	0	120	90	4444
46	5	13	180	92	7285
47	15	0	100	94	1547
48	0	18	200	96	13751
49	15	0	120	98	5732
50	5	13	100	100	497
51	3	16	180	102	4690
52	6	19	200	104	2869
53	4	7	100	106	1360
54	4	7	180	108	3472
55	4	7	200	110	24196
56	5	13	100	112	2370
57	0	18	180	114	5160
58	1	11	180	116	2642
59	19	8	100	118	445
60	0	18	180	120	1
61	1	11	120	122	10186
62	0	18	180	124	2958
63	5	13	200	126	4826
64	0	18	120	128	18316
65	0	18	200	130	1826
66	0	18	200	132	5798
67	6	19	180	134	11314
68	0	18	120	136	6690
69	5	13	200	138	2397
70	1	11	200	140	1974
71	15	0	100	142	1285
72	3	16	180	144	6588
73	0	18	100	150	372
74	6	19	180	151	1866
75	1	11	200	152	1436
76	5	13	100	153	16313
77	5	13	100	154	843
78	5	13	200	155	27
79	4	7	120	156	2102
80	0	18	180	157	1159
81	0	18	200	158	2382
82	1	11	120	159	554
83	6	19	180	160	3746
84	1	11	200	161	9984
85	1	11	100	162	16436
86	5	13	180	163	1476
87	4	7	100	164	9001
88	15	0	120	165	2590
89	6	19	180	166	7765
90	1	11	100	167	15018
91	6	19	120	168	2844
92	1	11	120	169	3532
93	4	7	100	170	12248
94	1	11	100	171	1286
95	0	18	180	172	1570
96	4	7	100	173	1257
97	0	18	120	174	932
98	19	8	120	175	4256
99	19	8	120	176	7247
100	15	0	120	177	10509
101	19	8	100	178	9648
102	6	19	180	179	3276
103	5	13	100	180	3493
104	5	13	120	181	2043
105	6	19	200	182	8723
106	0	18	200	183	9491
107	5	13	180	184	2239
108	15	0	120	185	11450
109	1	11	200	186	1381
110	15	0	180	187	100
111	19	8	200	188	1226
112	4	7	180	189	5076
113	6	19	100	190	330
114	15	0	180	191	9085
115	0	18	180	192	4003
116	19	8	200	193	6817
117	4	7	200	194	11186
118	3	16	200	195	6547
119	19	8	100	196	40
120	4	7	120	197	249
121	5	13	200	198	8835
122	15	0	100	199	2954
123	4	7	200	200	13661
124	3	16	200	201	2678
125	5	13	180	202	9798
126	6	19	180	203	5488
127	19	8	180	204	8093
128	19	8	200	205	7996
129	5	13	100	206	206
130	15	0	180	207	134
131	4	7	200	208	6943
132	6	19	200	209	3687
133	5	13	180	210	1036
134	6	19	100	211	2857
135	1	11	180	212	1898
136	3	16	120	213	10094
137	6	19	120	214	3860
138	0	18	120	215	1004
139	5	13	100	216	161
140	1	11	120	217	451
141	0	18	200	218	9838
142	6	19	200	219	12908
143	5	13	180	220	856
144	19	8	200	221	7240
145	1	11	100	222	5824
146	1	11	200	223	7070
147	4	7	100	224	2882
148	5	13	180	225	312
149	1	11	120	226	4845
150	0	18	180	227	3251
151	19	8	100	228	1782
152	6	19	120	229	2454
153	0	18	100	230	4154
154	5	13	100	231	6173
155	1	11	180	232	200
156	0	18	200	233	2309
157	3	16	200	300	3747
158	3	16	100	302	431
159	19	8	200	304	2928
160	19	8	100	306	738
161	1	11	120	308	203
162	6	19	180	310	3706
163	1	11	100	312	9417
164	4	7	100	314	1204
165	3	16	180	316	1209
166	3	16	100	318	5116
167	15	0	100	320	2861
168	19	8	100	322	4132
169	6	19	200	324	3330
170	6	19	120	326	5348
171	3	16	180	328	1028
172	3	16	180	330	5675
173	15	0	200	332	5916
174	6	19	180	334	11012
175	4	7	120	336	817
176	15	0	200	338	11167
177	3	16	180	340	1657
178	5	13	200	342	742
179	0	18	180	344	5770
180	3	16	180	346	446
181	3	16	180	348	1185
182	3	16	200	350	6563
183	6	19	180	352	846
184	5	13	180	354	3401
185	15	0	120	356	5453
186	6	19	120	358	2049
187	5	13	180	360	14113
188	0	18	120	362	2767
189	5	13	120	364	2501
190	0	18	200	366	12878
191	0	18	180	368	1793
192	3	16	100	370	2982
193	0	18	120	372	5755
194	5	13	200	374	9682
195	0	18	100	376	236
196	3	16	120	378	1778
197	5	13	180	380	309
198	1	11	120	382	12542
199	5	13	100	384	3737
200	19	8	100	386	214
201	3	16	180	388	1746
202	4	7	200	390	9258
203	19	8	200	392	3534
204	5	13	200	394	14954
205	6	19	100	396	1671
206	5	13	180	398	4242
207	19	8	180	400	5256
208	3	16	120	402	5260
209	1	11	200	404	3906
210	4	7	180	406	612
211	15	0	100	408	440
212	15	0	200	410	2398
213	1	11	120	412	2070
214	6	19	100	414	2179
215	6	19	180	416	11353
216	19	8	120	418	1458
217	19	8	100	420	2221
218	5	13	180	422	1912
219	5	13	200	424	3421
220	5	13	120	426	9179
221	6	19	120	428	5771
222	15	0	200	450	50
223	4	7	200	451	862
224	5	13	100	452	3905
225	6	19	200	453	2055
226	19	8	120	454	5723
227	3	16	100	455	23845
228	3	16	100	456	8469
229	6	19	180	457	8921
230	0	18	200	458	8236
231	3	16	120	459	8532
232	1	11	120	460	2077
233	19	8	180	461	3988
234	1	11	180	462	5071
235	19	8	200	463	6668
236	15	0	180	464	2004
237	3	16	100	465	1137
238	1	11	180	466	1046
239	15	0	120	467	1118
240	3	16	200	468	433
241	15	0	200	469	5082
242	3	16	100	470	1399
243	19	8	180	471	9509
244	1	11	180	472	1600
245	1	11	200	473	8523
246	1	11	200	474	11124
247	1	11	200	475	553
248	4	7	120	476	1854
249	15	0	100	477	14950
250	1	11	200	478	6699
251	3	16	120	479	12431
252	19	8	200	480	5732
253	5	13	180	481	2343
254	19	8	200	482	5332
255	1	11	180	483	1761
256	5	13	200	484	1672
257	0	18	100	485	5385
258	4	7	200	486	14952
259	19	8	100	487	4093
260	6	19	180	488	4017
261	3	16	120	489	4300
262	6	19	120	490	8282
263	6	19	200	491	7895
264	0	18	200	492	6071
265	0	18	120	493	1461
266	6	19	200	494	5786
267	15	0	100	495	7849
268	0	18	200	496	5310
269	6	19	100	497	4250
270	19	8	100	498	3697
271	5	13	120	499	247
272	15	0	120	500	904
273	15	0	100	501	606
274	3	16	200	502	2613
275	15	0	180	503	965
276	4	7	100	504	2735
277	19	8	100	505	637
278	3	16	100	506	9363
279	3	16	120	507	5901
280	4	7	100	508	2698
281	15	0	180	509	4167
282	15	0	200	510	4818
283	4	7	200	511	9686
284	5	13	200	512	414
285	6	19	180	513	10488
286	3	16	120	514	624
287	5	13	180	515	14935
288	0	18	200	516	10084
289	19	8	200	517	1952
290	4	7	100	518	2792
291	15	0	120	519	4875
292	19	8	120	520	1351
293	1	11	120	521	4239
294	0	18	200	522	4469
295	19	8	180	523	2912
296	1	11	120	524	8121
297	6	19	120	525	2610
298	15	0	200	526	671
299	0	18	120	600	99
300	5	13	200	601	605
301	3	16	180	602	426
302	0	18	200	603	2474
303	15	0	100	604	5835
304	19	8	100	605	2325
305	5	13	120	606	5743
306	5	13	200	607	6325
307	1	11	200	608	4057
308	1	11	180	609	15128
309	1	11	120	610	3128
310	15	0	180	611	9129
311	6	19	200	612	883
312	6	19	200	613	7784
313	0	18	180	614	1195
314	4	7	100	615	711
315	19	8	100	616	19390
316	4	7	120	617	14284
317	1	11	180	618	14209
318	0	18	100	619	6046
319	4	7	100	620	8184
320	6	19	100	621	719
321	1	11	100	622	6417
322	15	0	100	623	12070
323	1	11	200	624	1874
324	1	11	100	625	724
325	1	11	180	626	10305
326	6	19	100	627	7110
327	5	13	200	628	3817
328	6	19	120	629	3087
329	4	7	120	630	14968
330	5	13	100	631	1991
331	15	0	200	632	69
332	1	11	120	633	22656
333	3	16	200	634	8637
334	15	0	120	635	4175
335	1	11	120	636	2013
336	6	19	180	637	898
337	0	18	200	638	12008
338	5	13	200	639	2944
339	0	18	120	640	2057
340	1	11	200	641	720
341	1	11	120	642	3450
342	3	16	100	643	29208
343	19	8	180	644	2243
344	0	18	120	645	2973
345	15	0	120	646	1503
346	0	18	180	647	8216
347	15	0	180	648	118
348	15	0	120	649	2806
349	1	11	200	650	4636
350	4	7	100	651	3287
351	0	18	200	652	9467
352	5	13	120	653	5434
353	4	7	180	654	1610
354	3	16	120	655	9323
355	3	16	200	656	2052
356	5	13	180	657	777
357	19	8	100	658	386
358	5	13	200	659	3881
359	6	19	120	660	3162
360	15	0	120	661	11769
361	19	8	200	662	909
362	5	13	180	663	462
363	15	0	120	664	5
364	5	13	100	665	696
365	0	18	180	666	8636
366	5	13	120	667	919
367	4	7	100	668	15687
368	3	16	100	669	4459
369	3	16	180	670	6928
370	1	11	120	671	7370
371	4	7	180	672	125
372	5	13	180	673	2919
373	0	18	180	674	2094
374	1	11	100	675	5267
375	5	13	180	676	4264
376	15	0	100	677	6446
377	19	8	180	678	3484
378	0	18	120	679	8757
379	4	7	200	680	9000
380	0	18	100	681	277
381	19	8	120	682	6575
382	15	0	180	683	513
383	4	7	180	684	8640
384	19	8	100	685	2655
385	5	13	100	686	2939
386	1	11	180	687	1696
387	6	19	180	688	5309
388	19	8	180	689	17441
389	4	7	180	690	1225
390	5	13	200	691	1015
391	15	0	180	750	467
392	4	7	200	752	1957
393	15	0	180	754	16668
394	1	11	100	756	2610
395	3	16	100	758	15094
396	5	13	200	760	2591
397	5	13	200	762	26504
398	3	16	120	764	1289
399	0	18	200	766	4477
400	1	11	200	768	470
401	6	19	180	770	9164
402	5	13	120	772	2278
403	4	7	200	774	5105
404	19	8	120	776	8176
405	0	18	180	778	3036
406	4	7	120	780	2304
407	5	13	180	782	1795
408	1	11	180	784	4248
409	6	19	180	786	1365
410	5	13	200	788	4179
411	6	19	200	790	4351
412	15	0	180	792	1147
413	0	18	100	794	5620
414	6	19	100	796	2649
415	19	8	200	798	778
416	1	11	120	800	351
417	0	18	100	802	1260
418	19	8	100	804	3648
419	0	18	100	806	4904
420	15	0	100	808	3485
421	15	0	180	810	3049
422	4	7	120	812	20774
423	15	0	180	814	2227
424	6	19	180	816	3942
425	4	7	200	818	5523
426	19	8	180	820	5054
427	6	19	200	822	3136
428	19	8	180	824	12095
429	15	0	200	826	5804
430	0	18	180	828	863
431	3	16	100	830	6498
432	5	13	120	832	1540
433	0	18	180	834	1158
434	3	16	200	836	6526
435	4	7	180	838	949
436	3	16	200	840	2084
437	3	16	180	842	2525
438	4	7	100	844	72
439	19	8	120	846	13952
440	0	18	200	848	369
441	6	19	200	850	18939
442	4	7	100	852	383
443	1	11	200	854	5689
444	19	8	180	856	4516
445	19	8	100	858	3927
446	19	8	200	860	9306
447	3	16	180	862	4592
448	1	11	120	864	3401
449	1	11	100	866	1486
450	1	11	200	868	9933
451	4	7	200	870	968
452	6	19	180	872	2623
453	3	16	100	874	3961
454	3	16	180	876	430
455	4	7	120	878	4203
456	1	11	100	880	9519
457	6	19	200	882	30
458	6	19	100	884	448
459	5	13	180	886	629
460	0	18	100	888	7617
461	6	19	120	890	10312
462	6	19	100	892	2276
463	4	7	180	894	9783
464	6	19	100	900	410
465	3	16	180	901	8271
466	0	18	120	902	1801
467	15	0	100	903	28442
468	15	0	100	904	13276
469	1	11	180	905	1322
470	5	13	100	906	6981
471	15	0	180	907	4667
472	6	19	200	908	1166
473	19	8	200	909	4129
474	0	18	100	910	3956
475	1	11	100	911	3633
476	3	16	120	912	2377
477	3	16	120	913	1431
478	19	8	200	914	6365
479	15	0	180	915	6
480	5	13	100	916	8063
481	6	19	200	917	161
482	5	13	180	918	16009
483	6	19	120	919	4733
484	6	19	100	920	8100
485	5	13	180	921	17819
486	5	13	180	922	1750
487	3	16	100	923	5484
488	15	0	200	924	656
489	15	0	180	925	776
490	1	11	120	926	1675
491	6	19	100	927	2036
492	5	13	180	928	1833
493	19	8	120	929	9746
494	19	8	120	930	673
495	3	16	180	931	892
496	0	18	200	932	3991
497	0	18	180	933	978
498	4	7	200	934	4479
499	5	13	100	935	7078
500	15	0	180	936	1308
501	0	18	200	937	9371
502	5	13	180	938	5297
503	19	8	200	939	1451
504	5	13	100	940	3058
505	4	7	120	941	1261
506	15	0	200	942	15121
507	6	19	200	943	8281
508	1	11	100	944	2
509	1	11	180	945	3466
510	0	18	200	946	984
511	19	8	200	947	4201
512	15	0	200	948	1293
513	19	8	120	949	441
514	0	18	180	950	1587
515	4	7	100	951	6829
516	1	11	180	952	11802
517	19	8	180	953	6172
518	6	19	120	954	238
519	1	11	120	955	505
520	6	19	100	956	3289
521	15	0	120	957	4419
522	0	18	100	958	8927
523	0	18	180	959	7005
524	0	18	100	960	12953
525	19	8	200	961	2483
526	1	11	100	962	1675
527	15	0	120	963	1890
528	0	18	120	964	2785
529	6	19	120	965	2336
530	0	18	100	966	15199
531	1	11	200	967	1089
532	15	0	180	968	4623
533	3	16	200	969	15005
534	19	8	100	970	6222
535	4	7	100	971	14261
536	0	18	120	972	1892
537	6	19	200	973	5355
538	1	11	120	974	771
539	3	16	200	975	4015
540	6	19	180	976	71
541	19	8	180	977	2952
542	0	18	200	978	5477
543	6	19	120	979	4107
544	6	19	180	980	14707
545	3	16	180	1050	5478
546	15	0	120	1052	545
547	6	19	100	1054	1242
548	15	0	200	1056	3991
549	5	13	100	1058	1995
550	1	11	200	1060	1310
551	1	11	100	1062	8297
552	4	7	100	1064	698
553	3	16	120	1066	3342
554	19	8	200	1068	1441
555	19	8	100	1070	4435
556	0	18	200	1072	58
557	4	7	200	1074	10485
558	19	8	180	1076	1815
559	5	13	100	1078	322
560	1	11	100	1080	12197
561	0	18	180	1082	4381
562	6	19	120	1084	2148
563	4	7	180	1086	4073
564	0	18	120	1088	3811
565	15	0	100	1090	17959
566	1	11	100	1092	15055
567	4	7	200	1094	1512
568	19	8	100	1096	1898
569	6	19	120	1098	1864
570	3	16	200	1100	2588
571	5	13	200	1102	1185
572	6	19	120	1104	3999
573	4	7	180	1106	2783
574	4	7	200	1108	427
575	15	0	120	1110	171
576	15	0	120	1112	11451
577	4	7	180	1114	1378
578	3	16	200	1116	7901
579	6	19	180	1118	1233
580	1	11	180	1120	1669
581	5	13	200	1122	324
582	19	8	180	1124	6326
583	4	7	120	1126	490
584	5	13	180	1128	744
585	19	8	100	1130	596
586	15	0	180	1132	332
587	4	7	100	1134	564
588	4	7	200	1136	5275
589	19	8	200	1138	586
590	3	16	120	1140	13055
591	5	13	120	1142	2614
592	6	19	120	1144	2035
593	5	13	100	1146	416
594	1	11	180	1148	4812
595	6	19	100	1150	2249
596	1	11	120	1152	481
597	5	13	120	1154	516
598	5	13	100	1156	124
599	19	8	180	1158	17697
600	1	11	120	1160	6048
601	3	16	120	1162	7936
602	6	19	200	1164	10230
603	1	11	180	1166	1287
604	1	11	120	1168	11405
605	6	19	100	1170	95
606	4	7	200	1172	1312
607	19	8	180	1174	5163
608	15	0	180	1176	2558
609	0	18	180	1178	1214
610	1	11	200	1180	5498
611	6	19	100	1182	6221
612	1	11	100	1184	353
613	1	11	200	1186	435
614	4	7	120	1188	6405
615	5	13	120	1190	8973
616	0	18	200	1200	9093
617	1	11	100	1202	1455
618	19	8	100	1204	2634
619	1	11	120	1206	2667
620	0	18	120	1208	10851
621	6	19	200	1210	8443
622	0	18	200	1212	4069
623	0	18	100	1214	1129
624	3	16	200	1216	2255
625	6	19	120	1218	25938
626	15	0	180	1220	9103
627	1	11	100	1222	3123
628	3	16	200	1224	7344
629	15	0	180	1226	5376
630	5	13	100	1228	12375
631	1	11	100	1230	7546
632	15	0	120	1232	1214
633	4	7	120	1234	8443
634	5	13	100	1236	3123
635	19	8	120	1238	2954
636	19	8	200	1240	852
637	15	0	200	1242	3173
638	3	16	200	1244	907
639	19	8	120	1246	634
640	4	7	120	1248	9219
641	15	0	100	1250	2214
642	6	19	180	1252	5188
643	3	16	120	1254	2721
644	6	19	100	1256	2427
645	6	19	120	1258	981
646	4	7	120	1260	2044
647	4	7	120	1262	1426
648	1	11	200	1264	1796
649	5	13	120	1266	7086
650	5	13	100	1268	3358
651	0	18	100	1270	7845
652	6	19	100	1272	4925
653	4	7	200	1274	3904
654	15	0	100	1276	327
655	4	7	120	1278	10031
656	3	16	120	1280	1196
657	6	19	180	1282	5058
658	15	0	200	1284	8679
659	5	13	200	1286	11587
660	15	0	180	1288	748
661	1	11	180	1290	6282
662	6	19	180	1292	9469
663	19	8	200	1294	6000
664	5	13	120	1296	1608
665	0	18	200	1298	10026
666	19	8	180	1300	3233
667	15	0	180	1302	1168
668	6	19	180	1304	4030
669	5	13	100	1306	1463
670	6	19	120	1308	5289
671	1	11	100	1310	2018
672	19	8	100	1312	442
673	19	8	180	1314	1680
674	6	19	200	1316	3862
675	1	11	120	1318	3318
676	19	8	120	1320	798
677	6	19	180	1322	685
678	3	16	100	1324	7356
679	6	19	120	1326	994
680	3	16	100	1328	4495
681	3	16	100	1330	4078
682	0	18	120	1332	845
683	15	0	180	1350	52
684	1	11	120	1351	845
685	5	13	200	1352	529
686	4	7	200	1353	719
687	4	7	180	1354	4807
688	5	13	100	1355	6747
689	0	18	200	1356	4215
690	5	13	200	1357	1282
691	3	16	100	1358	3096
692	0	18	100	1359	4740
693	6	19	200	1360	1347
694	0	18	200	1361	17215
695	3	16	200	1362	568
696	1	11	180	1363	3215
697	15	0	200	1364	13292
698	15	0	100	1365	749
699	6	19	120	1366	3347
700	15	0	180	1367	5176
701	5	13	180	1368	660
702	15	0	180	1369	5128
703	5	13	200	1370	237
704	15	0	200	1371	482
705	4	7	100	1372	808
706	0	18	100	1373	5915
707	15	0	120	1374	1963
708	15	0	200	1375	18
709	6	19	200	1376	3577
710	5	13	100	1377	5889
711	5	13	200	1378	434
712	3	16	180	1379	9183
713	0	18	120	1380	4807
714	1	11	200	1381	1554
715	5	13	120	1382	3665
716	1	11	100	1383	3915
717	19	8	200	1384	9062
718	6	19	120	1385	3746
719	0	18	120	1386	945
720	6	19	200	1387	6141
721	5	13	100	1388	8724
722	3	16	180	1389	2705
723	5	13	200	1390	18481
724	19	8	100	1391	135
725	4	7	120	1392	969
726	1	11	200	1393	5573
727	1	11	100	1394	8104
728	15	0	200	1395	1825
729	4	7	100	1396	2751
730	0	18	180	1397	50
731	1	11	120	1398	1087
732	15	0	180	1399	19907
733	6	19	200	1400	1480
734	19	8	200	1401	3254
735	6	19	120	1402	3075
736	4	7	180	1403	11145
737	4	7	180	1404	574
738	19	8	200	1405	10832
739	15	0	120	1406	31
740	4	7	200	1407	2148
741	6	19	120	1408	7111
742	5	13	180	1409	4755
743	19	8	100	1410	1166
744	5	13	180	1411	9477
745	0	18	100	1412	762
746	19	8	180	1413	4442
747	19	8	200	1414	23726
748	4	7	200	1415	15304
749	5	13	180	1416	2459
750	0	18	180	1417	3471
751	1	11	180	1418	4648
752	0	18	120	1419	2171
753	15	0	180	1420	14942
754	19	8	120	1421	6816
755	3	16	180	1422	7903
756	3	16	100	1423	5193
757	1	11	180	1424	5365
758	6	19	180	1425	98
759	4	7	120	1426	10727
760	3	16	100	1427	2725
761	19	8	200	1428	10208
762	19	8	180	1429	91
763	4	7	180	1430	3559
764	5	13	100	1500	3468
765	3	16	180	1501	3257
766	15	0	120	1502	494
767	6	19	200	1503	4009
768	1	11	180	1504	687
769	5	13	180	1505	7174
770	0	18	180	1506	4612
771	6	19	120	1507	2782
772	19	8	200	1508	14116
773	19	8	100	1509	3676
774	5	13	120	1510	7470
775	0	18	180	1511	13525
776	19	8	120	1512	1025
777	3	16	120	1513	1138
778	0	18	100	1514	500
779	19	8	200	1515	9315
780	4	7	180	1516	3760
781	1	11	100	1517	5653
782	6	19	100	1518	9119
783	1	11	100	1519	10962
784	3	16	180	1520	11355
785	15	0	200	1521	2057
786	1	11	100	1522	8025
787	0	18	200	1523	109
788	6	19	180	1524	3120
789	6	19	100	1525	5233
790	4	7	100	1526	7485
791	1	11	200	1527	1115
792	15	0	200	1528	464
793	5	13	120	1529	9
794	5	13	100	1530	3619
795	5	13	200	1531	2969
796	6	19	180	1532	6691
797	1	11	100	1533	503
798	3	16	200	1534	5284
799	1	11	100	1535	2030
800	1	11	200	1536	239
801	1	11	200	1537	172
802	15	0	100	1538	8635
803	19	8	120	1539	836
804	4	7	200	1540	6809
805	4	7	100	1541	357
806	1	11	200	1542	5233
807	0	18	100	1543	7831
808	1	11	100	1544	752
809	19	8	200	1545	7963
810	3	16	120	1546	4397
811	19	8	200	1547	2781
812	1	11	120	1548	4025
813	6	19	180	1549	720
814	19	8	200	1550	1879
815	0	18	100	1551	6043
816	1	11	200	1552	129
817	6	19	180	1553	512
818	0	18	100	1554	4435
819	6	19	120	1555	840
820	1	11	180	1556	5172
821	6	19	180	1557	374
822	19	8	100	1558	422
823	5	13	120	1559	2724
824	0	18	180	1560	19352
825	19	8	200	1561	2464
826	19	8	120	1562	2029
827	4	7	120	1563	13902
828	4	7	100	1564	25
829	0	18	180	1565	1780
830	4	7	200	1566	874
831	6	19	100	1567	463
832	0	18	120	1568	3422
833	15	0	100	1569	6098
834	6	19	100	1570	7767
835	3	16	200	1571	3385
836	3	16	200	1572	8914
837	15	0	200	1573	5395
838	15	0	120	1574	640
839	15	0	120	1575	8343
840	6	19	100	1576	5121
841	0	18	200	1577	33
842	15	0	180	1578	9186
843	15	0	200	1579	4996
844	3	16	180	1580	296
845	5	13	100	1581	1934
846	0	18	180	1582	4452
847	0	18	120	1650	13499
848	6	19	180	1652	4864
849	4	7	100	1654	7562
850	3	16	100	1656	2729
851	19	8	100	1658	4938
852	0	18	200	1660	2934
853	6	19	180	1662	3308
854	0	18	180	1664	5127
855	4	7	120	1666	16072
856	1	11	180	1668	13309
857	3	16	200	1670	2291
858	19	8	180	1672	910
859	5	13	100	1674	1994
860	4	7	180	1676	5622
861	15	0	120	1678	5942
862	6	19	100	1680	7691
863	0	18	180	1682	7899
864	5	13	200	1684	4763
865	6	19	100	1686	3357
866	19	8	180	1688	11868
867	3	16	120	1690	8511
868	0	18	180	1692	1774
869	6	19	200	1694	7536
870	15	0	100	1696	9424
871	3	16	200	1698	1800
872	19	8	120	1700	16582
873	3	16	200	1702	6883
874	0	18	100	1704	3036
875	0	18	180	1706	5068
876	19	8	200	1708	1059
877	1	11	120	1710	2443
878	1	11	180	1712	2226
879	5	13	120	1714	4560
880	19	8	100	1716	7098
881	15	0	100	1718	2396
882	15	0	200	1720	1565
883	19	8	100	1722	958
884	6	19	120	1724	9253
885	5	13	200	1726	3212
886	5	13	120	1728	4340
887	4	7	180	1730	54
888	15	0	180	1732	288
889	1	11	200	1734	8540
890	0	18	120	1736	3911
891	0	18	100	1738	2798
892	19	8	100	1740	3258
893	1	11	100	1742	6706
894	3	16	180	1744	627
895	19	8	200	1746	13182
896	4	7	200	1748	939
897	6	19	200	1750	197
898	3	16	200	1752	79
899	5	13	120	1754	3475
900	5	13	180	1756	2458
901	6	19	100	1758	6794
902	19	8	200	1760	4405
903	0	18	200	1762	8479
904	6	19	100	1764	12431
905	19	8	100	1766	600
906	19	8	200	1768	5290
907	15	0	100	1770	5353
908	5	13	180	1772	136
909	19	8	200	1774	18
910	5	13	120	1776	6462
911	0	18	100	1778	3388
912	0	18	100	1780	39
913	4	7	120	1782	3555
914	6	19	200	1784	3740
915	6	19	180	1786	1607
916	19	8	180	1788	2602
917	6	19	100	1790	4439
918	3	16	100	1792	13963
919	0	18	200	1794	693
920	1	11	200	1796	10683
921	5	13	100	1800	11170
922	4	7	200	1801	6959
923	15	0	180	1802	2906
924	5	13	180	1803	1187
925	6	19	200	1804	2403
926	4	7	200	1805	7582
927	15	0	100	1806	1005
928	19	8	100	1807	4766
929	1	11	100	1808	3535
930	6	19	200	1809	3007
931	1	11	100	1810	820
932	19	8	180	1811	2310
933	5	13	120	1812	8604
934	19	8	200	1813	1095
935	1	11	100	1814	65
936	19	8	120	1815	6992
937	15	0	100	1816	2655
938	3	16	100	1817	1324
939	15	0	120	1818	6187
940	5	13	100	1819	7687
941	6	19	100	1820	11547
942	15	0	200	1821	18118
943	19	8	180	1822	268
944	6	19	120	1823	414
945	0	18	100	1824	238
946	19	8	100	1825	2725
947	5	13	200	1826	15631
948	4	7	120	1827	1061
949	6	19	100	1828	7963
950	19	8	120	1829	3185
951	6	19	180	1830	3706
952	3	16	180	1831	414
953	1	11	200	1832	9345
954	4	7	180	1833	4488
955	0	18	180	1834	3160
956	1	11	120	1835	21747
957	1	11	100	1836	723
958	4	7	100	1837	4308
959	19	8	100	1838	3331
960	5	13	120	1839	1672
961	0	18	180	1840	3040
962	19	8	100	1841	194
963	4	7	120	1842	2992
964	3	16	100	1843	3272
965	3	16	120	1844	4071
966	0	18	180	1845	613
967	4	7	200	1846	765
968	4	7	120	1847	1803
969	4	7	200	1848	3593
970	15	0	100	1849	3227
971	1	11	180	1850	22673
972	4	7	100	1851	2095
973	5	13	200	1852	1049
974	4	7	200	1853	1762
975	4	7	200	1854	18532
976	15	0	100	1855	12251
977	5	13	100	1856	5877
978	1	11	120	1857	2208
979	5	13	120	1858	894
980	15	0	200	1859	14434
981	19	8	200	1860	8405
982	3	16	200	1861	20730
983	1	11	200	1862	7809
984	3	16	200	1863	168
985	19	8	100	1864	11728
986	19	8	120	1865	369
987	6	19	180	1866	3367
988	1	11	180	1867	1123
989	19	8	120	1868	5594
990	0	18	180	1869	101
991	6	19	120	1870	4597
992	3	16	200	1871	7963
993	3	16	200	1872	5924
994	1	11	100	1873	2583
995	4	7	120	1874	1786
996	15	0	100	1875	9571
997	3	16	120	1876	3087
998	6	19	120	1877	3505
999	3	16	100	1878	3053
1000	19	8	180	1879	11602
1001	4	7	120	1880	1590
1002	0	18	120	1881	4582
1003	19	8	120	1882	4856
1004	19	8	200	1883	1720
1005	6	19	180	1884	3245
1006	1	11	180	1950	942
1007	6	19	200	1951	9539
1008	15	0	100	1952	3599
1009	0	18	180	1953	4691
1010	3	16	120	1954	3800
1011	5	13	120	1955	1372
1012	19	8	180	1956	6435
1013	15	0	180	1957	2575
1014	1	11	120	1958	3730
1015	5	13	120	1959	2813
1016	15	0	200	1960	3129
1017	6	19	100	1961	1110
1018	1	11	120	1962	2680
1019	3	16	100	1963	4018
1020	4	7	200	1964	3270
1021	3	16	100	1965	4130
1022	3	16	100	1966	12334
1023	4	7	100	1967	4338
1024	4	7	100	1968	3375
1025	0	18	200	1969	9245
1026	19	8	180	1970	805
1027	1	11	100	1971	4601
1028	4	7	180	1972	6637
1029	19	8	180	1973	25278
1030	5	13	200	1974	488
1031	4	7	180	1975	2591
1032	19	8	180	1976	937
1033	19	8	100	1977	10149
1034	6	19	200	1978	1332
1035	3	16	120	1979	4878
1036	19	8	180	1980	1042
1037	3	16	120	1981	1801
1038	3	16	100	1982	3173
1039	5	13	120	1983	3331
1040	6	19	120	1984	6014
1041	1	11	120	1985	997
1042	19	8	180	1986	16824
1043	1	11	100	1987	3835
1044	6	19	200	1988	685
1045	4	7	120	1989	6412
1046	15	0	180	1990	9516
1047	5	13	100	1991	2252
1048	0	18	180	1992	830
1049	6	19	200	1993	16078
1050	6	19	120	1994	7880
1051	0	18	200	1995	4883
1052	1	11	100	1996	219
1053	3	16	120	1997	13525
1054	19	8	100	1998	16804
1055	5	13	180	1999	1758
1056	1	11	120	2000	2024
1057	5	13	100	2001	91
1058	5	13	120	2002	639
1059	19	8	100	2003	2656
1060	15	0	100	2004	1938
1061	0	18	120	2005	3580
1062	3	16	120	2006	518
1063	15	0	120	2007	3636
1064	4	7	200	2008	3539
1065	15	0	180	2009	639
1066	6	19	180	2010	350
1067	0	18	180	2011	9029
1068	1	11	200	2012	890
1069	19	8	200	2013	10438
1070	5	13	180	2014	1343
1071	4	7	180	2015	845
1072	4	7	100	2016	5612
1073	5	13	100	2017	11707
1074	5	13	180	2018	8639
1075	1	11	180	2019	1719
1076	4	7	180	2020	4407
1077	1	11	100	2021	2022
1078	15	0	120	2022	2920
1079	19	8	200	2023	6577
1080	1	11	100	2024	22032
1081	3	16	120	2025	6614
1082	0	18	180	2026	2872
1083	6	19	200	2027	7226
1084	3	16	120	2028	838
1085	5	13	200	2029	2615
1086	1	11	180	2030	2225
1087	5	13	120	2031	1220
1088	19	8	100	2032	11313
1089	0	18	120	2033	12148
1090	1	11	100	2034	1601
1091	3	16	120	2035	929
1092	15	0	100	2036	989
1093	3	16	200	2037	278
1094	15	0	100	2038	855
1095	6	19	100	2039	940
1096	15	0	100	2040	425
1097	1	11	100	2041	2466
1098	6	19	100	2042	132
1099	15	0	100	2100	40
1100	15	0	200	2101	5193
1101	15	0	100	2102	62
1102	3	16	120	2103	1085
1103	1	11	180	2104	1396
1104	0	18	100	2105	5631
1105	1	11	180	2106	4790
1106	6	19	200	2107	13431
1107	6	19	200	2108	584
1108	15	0	200	2109	459
1109	15	0	180	2110	4834
1110	1	11	100	2111	5402
1111	19	8	100	2112	1
1112	15	0	200	2113	3520
1113	5	13	120	2114	2038
1114	6	19	100	2115	2717
1115	4	7	180	2116	3902
1116	19	8	200	2117	359
1117	6	19	120	2118	1666
1118	5	13	100	2119	2182
1119	19	8	100	2120	493
1120	6	19	200	2121	6101
1121	0	18	100	2122	8171
1122	0	18	120	2123	13173
1123	0	18	180	2124	1275
1124	15	0	200	2125	4147
1125	3	16	120	2126	333
1126	6	19	180	2127	16399
1127	0	18	100	2128	4757
1128	6	19	200	2129	6288
1129	15	0	180	2130	4919
1130	3	16	120	2131	1161
1131	3	16	120	2132	1018
1132	4	7	200	2133	1822
1133	0	18	100	2134	2844
1134	1	11	100	2135	392
1135	4	7	200	2136	17328
1136	19	8	200	2137	3651
1137	19	8	100	2138	1033
1138	5	13	180	2139	401
1139	0	18	180	2140	3254
1140	15	0	200	2141	3041
1141	5	13	200	2142	1406
1142	15	0	180	2143	680
1143	1	11	180	2144	1358
1144	19	8	100	2145	1198
1145	1	11	200	2146	1599
1146	5	13	120	2147	4647
1147	1	11	180	2148	8057
1148	5	13	200	2149	4200
1149	4	7	180	2150	4047
1150	15	0	100	2151	533
1151	1	11	180	2152	6827
1152	5	13	100	2153	172
1153	15	0	100	2154	11667
1154	1	11	100	2155	1395
1155	15	0	180	2156	8458
1156	6	19	180	2157	313
1157	3	16	200	2158	15418
1158	3	16	200	2159	4915
1159	15	0	200	2160	4629
1160	4	7	200	2161	5145
1161	5	13	200	2162	1584
1162	19	8	200	2163	2072
1163	19	8	100	2164	2547
1164	4	7	100	2165	2537
1165	15	0	180	2166	3087
1166	4	7	100	2167	4952
1167	6	19	200	2168	346
1168	4	7	120	2169	1483
1169	3	16	100	2170	2896
1170	4	7	180	2171	109
1171	19	8	200	2172	9240
1172	1	11	180	2173	1141
1173	4	7	120	2174	9167
1174	0	18	100	2175	4265
1175	0	18	100	2176	2890
1176	3	16	120	2177	5371
1177	19	8	200	2178	5211
1178	0	18	120	2179	58
1179	5	13	200	2180	1624
1180	6	19	200	2181	2508
1181	5	13	100	2182	682
1182	4	7	120	2183	211
1183	3	16	120	2184	782
1184	0	18	120	2185	3624
1185	1	11	180	2186	2664
1186	6	19	120	2187	811
1187	6	19	200	2188	2357
1188	15	0	200	2189	1015
1189	4	7	120	2190	1212
1190	6	19	100	2250	10907
1191	6	19	200	2251	3993
1192	6	19	100	2252	3499
1193	6	19	200	2253	2632
1194	6	19	200	2254	8066
1195	1	11	100	2255	973
1196	5	13	200	2256	10331
1197	15	0	120	2257	5541
1198	15	0	120	2258	7961
1199	0	18	120	2259	6015
1200	6	19	200	2260	4496
1201	15	0	180	2261	3796
1202	15	0	120	2262	3616
1203	3	16	180	2263	637
1204	19	8	200	2264	3788
1205	15	0	120	2265	1235
1206	0	18	100	2266	3659
1207	1	11	200	2267	827
1208	6	19	200	2268	1687
1209	0	18	100	2269	7080
1210	5	13	100	2270	733
1211	15	0	200	2271	2161
1212	1	11	180	2272	13904
1213	15	0	100	2273	2019
1214	0	18	200	2274	1090
1215	19	8	200	2275	3499
1216	0	18	120	2276	1300
1217	5	13	180	2277	1057
1218	15	0	200	2278	9510
1219	3	16	180	2279	18675
1220	1	11	120	2280	1812
1221	15	0	100	2281	1352
1222	19	8	100	2282	9257
1223	0	18	200	2283	205
1224	6	19	200	2284	3727
1225	6	19	180	2285	2575
1226	3	16	180	2286	1809
1227	4	7	200	2287	6838
1228	15	0	180	2288	165
1229	15	0	200	2289	2435
1230	4	7	100	2290	3846
1231	4	7	100	2291	20187
1232	1	11	180	2292	8731
1233	19	8	200	2293	1451
1234	15	0	100	2294	5004
1235	19	8	120	2295	8766
1236	6	19	200	2296	3995
1237	1	11	180	2297	11022
1238	4	7	120	2298	4017
1239	3	16	200	2299	1689
1240	0	18	180	2300	9940
1241	4	7	120	2301	26150
1242	19	8	100	2302	449
1243	15	0	200	2303	2368
1244	19	8	100	2304	403
1245	15	0	120	2305	3397
1246	4	7	120	2306	4520
1247	15	0	100	2307	887
1248	6	19	100	2308	1162
1249	6	19	200	2309	1559
1250	1	11	200	2310	12924
1251	0	18	120	2311	5268
1252	19	8	180	2312	7946
1253	4	7	200	2313	8398
1254	19	8	100	2314	2342
1255	19	8	180	2315	2095
1256	19	8	180	2316	5383
1257	15	0	120	2317	3188
1258	5	13	200	2318	3787
1259	1	11	120	2319	643
1260	4	7	200	2320	10781
1261	6	19	120	2321	6720
1262	4	7	120	2322	636
1263	19	8	100	2323	10128
1264	5	13	200	2324	1106
1265	0	18	100	2325	793
1266	6	19	120	2326	3350
1267	1	11	200	2400	5110
1268	19	8	100	2402	5276
1269	1	11	180	2404	1992
1270	1	11	100	2406	13673
1271	15	0	200	2408	1851
1272	1	11	120	2410	4341
1273	5	13	200	2412	3757
1274	1	11	200	2414	444
1275	6	19	200	2416	1832
1276	15	0	100	2418	808
1277	1	11	100	2420	2797
1278	1	11	200	2422	14374
1279	19	8	180	2424	151
1280	3	16	120	2426	7287
1281	4	7	180	2428	742
1282	15	0	180	2430	3629
1283	0	18	180	2432	6117
1284	6	19	100	2434	2896
1285	4	7	200	2436	9720
1286	4	7	120	2438	783
1287	6	19	180	2440	49
1288	0	18	200	2442	9175
1289	19	8	120	2444	1597
1290	19	8	180	2446	783
1291	19	8	120	2448	379
1292	6	19	200	2450	1901
1293	1	11	200	2452	2749
1294	15	0	100	2454	2329
1295	4	7	120	2456	548
1296	0	18	100	2458	9017
1297	0	18	200	2460	1006
1298	1	11	200	2462	955
1299	15	0	100	2464	11593
1300	0	18	200	2466	22
1301	1	11	180	2468	13952
1302	15	0	100	2470	3017
1303	4	7	120	2472	9177
1304	4	7	180	2474	1875
1305	3	16	200	2476	4191
1306	15	0	200	2478	331
1307	4	7	180	2480	1372
1308	3	16	200	2482	6261
1309	1	11	100	2484	332
1310	0	18	120	2486	1048
1311	15	0	120	2488	1204
1312	6	19	180	2490	3579
1313	6	19	100	2492	3453
1314	19	8	100	2494	1810
1315	0	18	120	2496	6361
1316	19	8	180	2498	1128
1317	4	7	180	2500	2214
1318	1	11	200	2502	2451
1319	0	18	200	2504	1824
1320	6	19	200	2506	8
1321	0	18	180	2508	3247
1322	1	11	200	2510	7448
1323	0	18	180	2512	2236
1324	3	16	100	2514	992
1325	3	16	180	2516	9224
1326	1	11	100	2518	22133
1327	0	18	120	2520	794
1328	6	19	200	2522	795
1329	6	19	180	2524	17436
1330	6	19	200	2526	2851
1331	15	0	100	2528	14970
1332	19	8	120	2530	1426
1333	4	7	180	2532	160
1334	15	0	180	2534	129
1335	0	18	180	2536	8448
1336	5	13	180	2550	4902
1337	3	16	120	2551	5179
1338	6	19	200	2552	2316
1339	3	16	100	2553	9131
1340	5	13	200	2554	7563
1341	0	18	200	2555	10226
1342	3	16	200	2556	1353
1343	15	0	200	2557	7209
1344	15	0	100	2558	429
1345	1	11	120	2559	11657
1346	3	16	200	2560	3419
1347	0	18	180	2561	7447
1348	1	11	200	2562	605
1349	15	0	200	2563	4690
1350	5	13	180	2564	10057
1351	6	19	120	2565	2912
1352	15	0	100	2566	6819
1353	0	18	200	2567	8779
1354	1	11	100	2568	11479
1355	19	8	120	2569	3037
1356	0	18	180	2570	710
1357	15	0	120	2571	459
1358	0	18	120	2572	5015
1359	1	11	100	2573	2853
1360	1	11	200	2574	4276
1361	15	0	180	2575	10793
1362	6	19	180	2576	478
1363	5	13	100	2577	6653
1364	5	13	120	2578	4145
1365	3	16	100	2579	1257
1366	15	0	100	2580	14850
1367	1	11	200	2581	3242
1368	15	0	180	2582	3187
1369	15	0	120	2583	2979
1370	4	7	200	2584	440
1371	5	13	120	2585	3475
1372	6	19	200	2586	19287
1373	19	8	180	2587	3608
1374	4	7	200	2588	3299
1375	6	19	200	2589	499
1376	15	0	180	2590	1320
1377	3	16	100	2591	47
1378	3	16	120	2592	1608
1379	0	18	200	2593	1434
1380	19	8	200	2594	1863
1381	0	18	120	2595	913
1382	15	0	120	2596	164
1383	19	8	100	2597	3252
1384	1	11	200	2598	405
1385	0	18	120	2599	22175
1386	0	18	100	2600	913
1387	15	0	120	2601	2403
1388	1	11	120	2602	539
1389	19	8	100	2603	3468
1390	0	18	100	2604	5433
1391	15	0	100	2605	3762
1392	3	16	200	2606	53
1393	4	7	200	2607	12150
1394	1	11	120	2608	1325
1395	15	0	120	2609	10573
1396	3	16	100	2610	7156
1397	6	19	180	2611	3010
1398	3	16	120	2612	984
1399	5	13	100	2613	8456
1400	4	7	100	2614	14704
1401	0	18	100	2615	84
1402	3	16	200	2616	1613
1403	4	7	180	2617	4617
1404	4	7	200	2618	3635
1405	19	8	120	2619	1972
1406	19	8	180	2620	3032
1407	19	8	120	2621	1168
1408	5	13	100	2622	1858
1409	4	7	120	2623	7642
1410	1	11	180	2624	1215
1411	15	0	120	2625	655
1412	4	7	200	2626	7162
1413	0	18	180	2627	2291
1414	1	11	100	2628	629
1415	1	11	120	2629	2526
1416	19	8	100	2630	9293
1417	6	19	180	2631	3970
1418	3	16	120	2632	5209
1419	4	7	200	2633	4228
1420	1	11	200	2634	278
1421	19	8	180	2635	3586
1422	19	8	120	2636	2302
1423	15	0	120	2700	15802
1424	15	0	120	2701	6880
1425	5	13	180	2702	3364
1426	3	16	120	2703	3363
1427	3	16	200	2704	247
1428	6	19	120	2705	1581
1429	6	19	180	2706	4295
1430	3	16	200	2707	1662
1431	0	18	200	2708	6545
1432	19	8	180	2709	7567
1433	15	0	120	2710	2717
1434	6	19	180	2711	1676
1435	15	0	200	2712	1737
1436	6	19	180	2713	9631
1437	4	7	200	2714	2256
1438	5	13	100	2715	14530
1439	1	11	120	2716	5914
1440	1	11	180	2717	3141
1441	0	18	200	2718	13958
1442	3	16	120	2719	353
1443	15	0	100	2720	1579
1444	6	19	180	2721	1609
1445	1	11	180	2722	3750
1446	4	7	100	2723	6617
1447	1	11	100	2724	4268
1448	3	16	180	2725	7293
1449	0	18	100	2726	7860
1450	15	0	100	2727	143
1451	5	13	120	2728	1060
1452	4	7	120	2729	7287
1453	15	0	180	2730	3982
1454	3	16	100	2731	6966
1455	4	7	180	2732	2393
1456	0	18	180	2733	4332
1457	4	7	180	2734	1810
1458	5	13	120	2735	8793
1459	15	0	100	2736	126
1460	6	19	100	2737	7934
1461	5	13	200	2738	2584
1462	1	11	100	2739	12126
1463	19	8	180	2740	5781
1464	1	11	120	2741	3193
1465	1	11	180	2742	2858
1466	15	0	200	2743	1746
1467	6	19	180	2744	1891
1468	4	7	100	2745	414
1469	3	16	120	2746	7478
1470	4	7	200	2747	3565
1471	5	13	120	2748	2932
1472	1	11	120	2749	4423
1473	1	11	200	2750	13901
1474	3	16	120	2751	508
1475	1	11	100	2752	498
1476	6	19	120	2753	2889
1477	1	11	100	2754	496
1478	1	11	200	2755	4981
1479	6	19	200	2756	1105
1480	1	11	180	2757	6354
1481	0	18	100	2758	11025
1482	0	18	120	2759	1301
1483	6	19	100	2760	2862
1484	15	0	120	2761	3942
1485	6	19	120	2762	468
1486	6	19	180	2763	15022
1487	1	11	100	2764	1156
1488	4	7	100	2765	4933
1489	1	11	100	2766	10293
1490	15	0	100	2767	5450
1491	3	16	200	2768	3604
1492	19	8	180	2769	3456
1493	15	0	200	2770	12148
1494	4	7	120	2771	10490
1495	5	13	200	2772	305
1496	15	0	180	2773	102
1497	3	16	180	2774	1953
1498	5	13	200	2775	6978
1499	5	13	200	2776	7987
1500	4	7	200	2777	1257
1501	6	19	120	2778	2506
1502	15	0	100	2779	3346
1503	19	8	100	2780	21760
1504	6	19	100	2781	1468
1505	3	16	200	2782	3618
1506	4	7	100	2783	3947
1507	1	11	180	2784	8462
1508	4	7	100	2785	2946
1509	1	11	100	2786	5162
1510	15	0	100	2850	12563
1511	15	0	180	2852	3244
1512	3	16	180	2854	4878
1513	19	8	120	2856	4603
1514	5	13	180	2858	1423
1515	6	19	200	2860	11082
1516	5	13	120	2862	924
1517	5	13	200	2864	2787
1518	1	11	100	2866	676
1519	4	7	200	2868	2368
1520	5	13	100	2870	3170
1521	6	19	180	2872	449
1522	1	11	120	2874	5088
1523	1	11	100	2876	945
1524	5	13	120	2878	514
1525	1	11	200	2880	24870
1526	5	13	200	2882	12872
1527	4	7	120	2884	5314
1528	6	19	120	2886	238
1529	15	0	180	2888	189
1530	3	16	120	2890	386
1531	3	16	180	2892	583
1532	6	19	120	2894	1712
1533	5	13	100	2896	8216
1534	3	16	100	2898	16426
1535	5	13	100	2900	1797
1536	1	11	100	2902	2217
1537	0	18	100	2904	1349
1538	0	18	200	2906	960
1539	4	7	180	2908	142
1540	3	16	120	2910	3255
1541	4	7	200	2912	559
1542	6	19	100	2914	6170
1543	3	16	100	2916	18453
1544	3	16	200	2918	14459
1545	19	8	120	2920	939
1546	19	8	100	2922	9906
1547	0	18	100	2924	10167
1548	1	11	120	2926	4875
1549	15	0	180	2928	19910
1550	19	8	120	2930	9535
1551	3	16	200	2932	3702
1552	1	11	180	2934	1075
1553	1	11	200	2936	2141
1554	0	18	180	2938	1767
1555	6	19	100	2940	724
1556	4	7	200	2942	6234
1557	6	19	100	2944	1836
1558	3	16	180	2946	9694
1559	5	13	120	2948	1493
1560	6	19	200	2950	4234
1561	0	18	180	2952	9974
1562	5	13	120	2954	7150
1563	6	19	180	2956	2602
1564	15	0	200	2958	4125
1565	5	13	120	2960	7643
1566	1	11	120	2962	988
1567	15	0	180	2964	7789
1568	6	19	120	2966	4941
1569	0	18	180	2968	12803
1570	5	13	180	2970	3357
1571	4	7	100	2972	11753
1572	5	13	200	2974	1413
1573	6	19	180	2976	517
1574	1	11	180	2978	10111
1575	0	18	100	2980	2214
1576	0	18	180	2982	1930
1577	19	8	120	2984	5325
1578	15	0	100	3000	1174
1579	6	19	200	3001	11343
1580	1	11	180	3002	507
1581	5	13	200	3003	217
1582	1	11	100	3004	144
1583	19	8	180	3005	295
1584	15	0	100	3006	792
1585	19	8	120	3007	3316
1586	0	18	100	3008	10787
1587	4	7	120	3009	12500
1588	4	7	120	3010	3247
1589	5	13	200	3011	7849
1590	0	18	100	3012	3898
1591	5	13	100	3013	249
1592	15	0	180	3014	2115
1593	4	7	180	3015	10823
1594	6	19	180	3016	2461
1595	1	11	200	3017	4400
1596	19	8	180	3018	1743
1597	19	8	120	3019	1650
1598	5	13	100	3020	2174
1599	15	0	120	3021	692
1600	6	19	100	3022	21321
1601	0	18	180	3023	309
1602	4	7	180	3024	1171
1603	0	18	200	3025	5722
1604	3	16	200	3026	2791
1605	4	7	100	3027	13783
1606	15	0	100	3028	1549
1607	5	13	200	3029	494
1608	19	8	120	3030	2981
1609	19	8	120	3031	12382
1610	6	19	180	3032	7242
1611	5	13	180	3033	259
1612	15	0	200	3034	500
1613	6	19	180	3035	15010
1614	3	16	180	3036	869
1615	1	11	100	3037	3721
1616	15	0	120	3038	8832
1617	6	19	180	3039	5929
1618	15	0	180	3040	1464
1619	15	0	120	3041	368
1620	4	7	120	3042	10738
1621	6	19	200	3043	1351
1622	3	16	100	3044	1662
1623	0	18	180	3045	8281
1624	19	8	120	3046	2024
1625	19	8	180	3047	2872
1626	6	19	180	3048	3608
1627	0	18	100	3049	2006
1628	19	8	200	3050	5230
1629	0	18	180	3051	1418
1630	1	11	180	3052	314
1631	1	11	100	3053	192
1632	4	7	120	3054	1673
1633	0	18	200	3055	410
1634	19	8	200	3056	11862
1635	1	11	100	3057	184
1636	1	11	100	3058	7667
1637	0	18	120	3059	1681
1638	5	13	180	3060	4138
1639	3	16	200	3061	1050
1640	1	11	120	3062	1177
1641	5	13	120	3063	7356
1642	5	13	100	3064	2718
1643	4	7	100	3065	3881
1644	19	8	120	3066	115
1645	5	13	180	3067	3336
1646	15	0	120	3068	13359
1647	0	18	200	3069	2379
1648	1	11	200	3070	5958
1649	5	13	180	3071	8805
1650	3	16	180	3072	6504
1651	1	11	200	3073	4000
1652	0	18	200	3074	133
1653	6	19	200	3075	1634
1654	4	7	100	3076	1203
1655	19	8	120	3077	5923
1656	15	0	120	3078	6378
1657	3	16	100	3079	2208
1658	1	11	120	3080	1989
1659	3	16	120	3081	20936
1660	15	0	180	3082	2311
1661	6	19	200	3083	12061
1662	6	19	200	3084	2426
1663	19	8	180	3150	1083
1664	15	0	180	3152	9134
1665	4	7	120	3154	6387
1666	0	18	100	3156	6157
1667	6	19	200	3158	82
1668	6	19	200	3160	165
1669	1	11	180	3162	655
1670	0	18	100	3164	6141
1671	15	0	200	3166	3570
1672	0	18	200	3168	631
1673	4	7	180	3170	324
1674	5	13	200	3172	8493
1675	15	0	100	3174	489
1676	1	11	200	3176	7379
1677	15	0	100	3178	5907
1678	0	18	100	3180	7617
1679	3	16	200	3182	8212
1680	1	11	120	3184	3332
1681	5	13	200	3186	682
1682	15	0	120	3188	4423
1683	4	7	120	3190	7936
1684	6	19	100	3192	3174
1685	19	8	180	3194	2930
1686	0	18	120	3196	57
1687	6	19	120	3198	26
1688	6	19	180	3200	8609
1689	19	8	120	3202	984
1690	3	16	200	3204	1494
1691	15	0	200	3206	2530
1692	19	8	100	3208	13905
1693	3	16	120	3210	4247
1694	5	13	120	3212	7388
1695	5	13	180	3214	1596
1696	19	8	120	3216	2211
1697	6	19	120	3218	1231
1698	6	19	120	3220	5558
1699	4	7	200	3222	1398
1700	5	13	120	3224	6774
1701	0	18	120	3226	11992
1702	4	7	200	3228	2112
1703	0	18	120	3230	4104
1704	5	13	120	3232	545
1705	5	13	180	3234	1098
1706	1	11	100	3236	2756
1707	5	13	120	3238	14431
1708	0	18	200	3240	2739
1709	5	13	100	3242	635
1710	15	0	180	3244	11710
1711	19	8	100	3246	121
1712	1	11	200	3248	3817
1713	15	0	180	3250	3289
1714	0	18	200	3252	2833
1715	1	11	200	3254	1360
1716	15	0	180	3256	1641
1717	1	11	120	3258	3992
1718	1	11	180	3260	5538
1719	15	0	100	3262	2224
1720	4	7	100	3264	6158
1721	3	16	200	3266	6053
1722	0	18	120	3268	815
1723	6	19	120	3270	8234
1724	15	0	200	3272	8630
1725	1	11	100	3274	1698
1726	15	0	200	3276	4047
1727	15	0	120	3278	3302
1728	19	8	120	3280	1374
1729	0	18	120	3282	3591
1730	19	8	180	3284	5645
1731	5	13	120	3286	3762
1732	1	11	200	3288	98
1733	6	19	120	3290	3582
1734	15	0	120	3292	281
1735	1	11	100	3294	4042
1736	1	11	200	3296	6539
1737	15	0	200	3300	125
1738	15	0	100	3302	5640
1739	1	11	180	3304	1537
1740	15	0	180	3306	93
1741	4	7	100	3308	245
1742	6	19	180	3310	3592
1743	0	18	180	3312	5740
1744	1	11	200	3314	1419
1745	4	7	180	3316	1329
1746	5	13	200	3318	8791
1747	1	11	120	3320	2576
1748	1	11	180	3322	697
1749	4	7	120	3324	3548
1750	6	19	100	3326	22399
1751	6	19	200	3328	7242
1752	4	7	200	3330	3411
1753	19	8	120	3332	1730
1754	0	18	180	3334	3317
1755	1	11	180	3336	177
1756	19	8	200	3338	6508
1757	6	19	120	3340	3446
1758	1	11	180	3342	6153
1759	3	16	120	3344	7234
1760	6	19	180	3346	4395
1761	3	16	180	3348	12517
1762	6	19	200	3350	5362
1763	19	8	120	3352	10649
1764	5	13	120	3354	2426
1765	3	16	100	3356	2003
1766	15	0	100	3358	22
1767	5	13	180	3360	104
1768	0	18	100	3362	2755
1769	19	8	200	3364	9339
1770	19	8	200	3366	3072
1771	0	18	180	3368	1466
1772	4	7	120	3370	9311
1773	0	18	200	3372	2439
1774	0	18	120	3374	2075
1775	19	8	100	3376	5305
1776	6	19	100	3378	945
1777	0	18	200	3380	2650
1778	5	13	180	3382	3787
1779	4	7	100	3384	4093
1780	6	19	100	3386	2741
1781	6	19	120	3388	769
1782	6	19	200	3390	2124
1783	4	7	200	3392	5693
1784	4	7	120	3394	3660
1785	3	16	180	3396	11084
1786	0	18	120	3398	161
1787	3	16	180	3400	5455
1788	6	19	180	3402	124
1789	5	13	200	3404	100
1790	3	16	100	3406	7926
1791	5	13	180	3408	1182
1792	5	13	100	3410	1492
1793	5	13	180	3412	11084
1794	4	7	200	3414	4934
1795	5	13	100	3416	387
1796	15	0	100	3418	1986
1797	6	19	100	3420	4644
1798	4	7	100	3422	1630
1799	19	8	200	3424	10900
1800	5	13	120	3426	1299
1801	19	8	120	3428	8115
1802	1	11	100	3430	17187
1803	1	11	180	3432	1410
1804	4	7	180	3434	234
1805	6	19	120	3436	5648
1806	3	16	180	3438	11732
1807	3	16	200	3440	538
1808	15	0	200	3442	13454
1809	0	18	180	3444	7950
1810	5	13	180	3450	8509
1811	19	8	100	3452	1732
1812	1	11	200	3454	15230
1813	15	0	120	3456	720
1814	5	13	100	3458	1893
1815	0	18	100	3460	2824
1816	6	19	180	3462	3711
1817	1	11	100	3464	17268
1818	5	13	100	3466	1935
1819	3	16	180	3468	3137
1820	1	11	200	3470	1762
1821	5	13	180	3472	1621
1822	19	8	200	3474	24434
1823	4	7	120	3476	2575
1824	6	19	200	3478	213
1825	4	7	100	3480	1377
1826	4	7	180	3482	24694
1827	15	0	180	3484	14361
1828	6	19	100	3486	6285
1829	4	7	100	3488	1522
1830	1	11	100	3490	1839
1831	19	8	200	3492	3551
1832	5	13	180	3494	684
1833	5	13	200	3496	4824
1834	15	0	200	3498	1914
1835	6	19	200	3500	4365
1836	5	13	120	3502	888
1837	4	7	100	3504	510
1838	19	8	100	3506	4949
1839	15	0	100	3508	8294
1840	0	18	100	3510	20121
1841	15	0	120	3512	11500
1842	4	7	180	3514	6289
1843	5	13	100	3516	994
1844	0	18	120	3518	854
1845	4	7	200	3520	3198
1846	4	7	200	3522	1385
1847	15	0	180	3524	648
1848	19	8	180	3526	3812
1849	4	7	180	3528	1002
1850	19	8	120	3530	3310
1851	5	13	100	3532	2139
1852	1	11	100	3534	1568
1853	1	11	120	3536	7286
1854	15	0	100	3538	3981
1855	0	18	200	3540	13328
1856	0	18	180	3542	8236
1857	6	19	180	3544	3516
1858	5	13	200	3546	1134
1859	0	18	120	3548	6959
1860	1	11	180	3550	5714
1861	4	7	200	3552	15402
1862	6	19	200	3554	2010
1863	3	16	200	3556	4890
1864	19	8	180	3558	3061
1865	5	13	180	3560	1626
1866	4	7	180	3562	884
1867	5	13	100	3564	1659
1868	0	18	180	3566	7274
1869	19	8	120	3568	5769
1870	4	7	200	3570	1522
1871	1	11	180	3572	2726
1872	3	16	200	3574	1678
1873	15	0	100	3576	3189
1874	3	16	180	3578	3241
1875	4	7	120	3580	2311
1876	1	11	200	3582	3589
1877	3	16	180	3584	7183
1878	3	16	100	3586	1371
1879	3	16	200	3588	3471
1880	19	8	120	3590	29925
1881	6	19	200	3592	8898
1882	15	0	100	3594	2206
1883	3	16	180	3596	3622
1884	5	13	180	3598	6539
1885	5	13	100	3600	14178
1886	15	0	200	3601	1303
1887	3	16	100	3602	1864
1888	15	0	180	3603	328
1889	15	0	200	3604	2285
1890	5	13	100	3605	6839
1891	15	0	180	3606	4558
1892	15	0	100	3607	9712
1893	19	8	180	3608	9545
1894	5	13	120	3609	588
1895	5	13	100	3610	96
1896	0	18	180	3611	3715
1897	0	18	200	3612	424
1898	6	19	180	3613	5489
1899	5	13	180	3614	9170
1900	19	8	100	3615	1804
1901	19	8	200	3616	14113
1902	6	19	200	3617	1821
1903	0	18	120	3618	8501
1904	19	8	180	3619	10972
1905	6	19	200	3620	309
1906	3	16	100	3621	312
1907	3	16	100	3622	6948
1908	15	0	200	3623	1531
1909	4	7	180	3624	923
1910	15	0	100	3625	2288
1911	15	0	200	3626	194
1912	4	7	180	3627	1475
1913	3	16	100	3628	5200
1914	1	11	100	3629	6986
1915	5	13	200	3630	8770
1916	6	19	200	3631	3902
1917	4	7	120	3632	7411
1918	6	19	100	3633	10210
1919	3	16	180	3634	3458
1920	6	19	200	3635	239
1921	0	18	180	3636	8225
1922	6	19	120	3637	1222
1923	1	11	200	3638	2322
1924	4	7	100	3639	12757
1925	5	13	120	3640	4725
1926	3	16	120	3641	3797
1927	4	7	100	3642	2539
1928	1	11	180	3643	2189
1929	15	0	120	3644	3049
1930	3	16	180	3645	8235
1931	1	11	200	3646	2769
1932	5	13	100	3647	437
1933	15	0	180	3648	2246
1934	3	16	180	3649	1045
1935	0	18	180	3650	193
1936	19	8	200	3651	3385
1937	15	0	200	3652	3481
1938	4	7	200	3653	4599
1939	19	8	200	3654	5414
1940	3	16	200	3655	9937
1941	5	13	180	3656	2814
1942	4	7	100	3657	233
1943	4	7	100	3658	9729
1944	19	8	200	3659	35802
1945	15	0	120	3660	6044
1946	4	7	100	3661	1990
1947	5	13	100	3662	1000
1948	6	19	180	3663	433
1949	19	8	180	3664	1385
1950	15	0	100	3665	2619
1951	6	19	120	3666	6324
1952	3	16	200	3667	967
1953	4	7	100	3668	829
1954	15	0	200	3669	7663
1955	19	8	180	3670	3039
1956	3	16	120	3671	5705
1957	4	7	100	3672	11949
1958	6	19	100	3673	10714
1959	3	16	120	3674	1370
1960	4	7	180	3675	3087
1961	19	8	100	3676	4545
1962	1	11	120	3677	2308
1963	0	18	120	3678	7160
1964	0	18	200	3750	1910
1965	6	19	100	3751	12588
1966	1	11	200	3752	13447
1967	6	19	200	3753	9790
1968	0	18	120	3754	2924
1969	0	18	180	3755	6169
1970	6	19	200	3756	1794
1971	15	0	100	3757	189
1972	0	18	120	3758	823
1973	15	0	120	3759	986
1974	0	18	180	3760	4676
1975	1	11	100	3761	3977
1976	5	13	120	3762	6993
1977	1	11	100	3763	1959
1978	3	16	200	3764	2325
1979	5	13	200	3765	1017
1980	1	11	100	3766	1558
1981	15	0	100	3767	2083
1982	6	19	120	3768	1865
1983	1	11	100	3769	576
1984	19	8	100	3770	235
1985	5	13	120	3771	399
1986	15	0	100	3772	1391
1987	1	11	200	3773	11614
1988	19	8	180	3774	3852
1989	3	16	100	3775	5668
1990	15	0	100	3776	1759
1991	4	7	200	3777	4111
1992	1	11	180	3778	4488
1993	0	18	120	3779	2133
1994	5	13	100	3780	1022
1995	3	16	180	3781	1320
1996	4	7	120	3782	296
1997	4	7	200	3783	1320
1998	4	7	100	3784	3484
1999	3	16	200	3785	281
2000	5	13	180	3786	7009
2001	15	0	100	3787	2864
2002	4	7	200	3788	5751
2003	6	19	100	3789	1908
2004	3	16	180	3790	12376
2005	19	8	100	3791	2300
2006	6	19	200	3792	3985
2007	4	7	120	3793	25723
2008	3	16	120	3794	3322
2009	6	19	180	3795	1182
2010	4	7	120	3796	5454
2011	1	11	100	3797	2047
2012	1	11	120	3798	3361
2013	0	18	120	3799	5497
2014	1	11	100	3800	15755
2015	5	13	180	3801	605
2016	3	16	180	3802	1582
2017	19	8	100	3803	1484
2018	0	18	100	3804	6156
2019	5	13	180	3805	1361
2020	15	0	200	3806	5029
2021	0	18	200	3807	115
2022	6	19	120	3808	1678
2023	15	0	100	3809	6451
2024	3	16	120	3810	2471
2025	1	11	200	3811	5891
2026	6	19	180	3812	2374
2027	19	8	100	3813	7013
2028	3	16	100	3814	22667
2029	6	19	200	3815	2238
2030	15	0	200	3816	3331
2031	0	18	180	3817	3439
2032	6	19	100	3818	7570
2033	19	8	100	3819	1889
2034	0	18	120	3820	2396
2035	4	7	100	3821	7761
2036	4	7	100	3822	4713
2037	19	8	120	3823	22853
2038	19	8	120	3824	915
2039	19	8	100	3825	4733
2040	15	0	120	3826	3095
2041	4	7	200	3827	1412
2042	15	0	120	3828	2315
2043	3	16	200	3829	1897
2044	15	0	200	3830	62
2045	5	13	200	3831	14266
2046	3	16	120	3832	339
2047	1	11	120	3833	11709
2048	19	8	100	3834	2357
2049	19	8	180	3835	362
2050	0	18	100	3836	14250
2051	5	13	100	3837	6869
2052	3	16	180	3838	3199
2053	15	0	180	3839	1465
2054	4	7	200	3840	2206
2055	5	13	180	3841	6498
2056	0	18	200	3842	782
2057	5	13	180	3843	14468
2058	3	16	180	3900	11540
2059	1	11	200	3901	1038
2060	3	16	180	3902	20793
2061	15	0	200	3903	7196
2062	0	18	100	3904	14
2063	6	19	120	3905	627
2064	15	0	200	3906	5538
2065	3	16	180	3907	828
2066	4	7	100	3908	3608
2067	1	11	120	3909	911
2068	0	18	200	3910	1555
2069	6	19	100	3911	721
2070	1	11	120	3912	2913
2071	3	16	100	3913	1622
2072	19	8	180	3914	458
2073	1	11	100	3915	447
2074	6	19	100	3916	6492
2075	4	7	100	3917	2326
2076	1	11	120	3918	4391
2077	4	7	120	3919	15373
2078	19	8	120	3920	6198
2079	6	19	180	3921	2811
2080	19	8	180	3922	4818
2081	5	13	100	3923	2978
2082	0	18	200	3924	2164
2083	4	7	180	3925	11148
2084	6	19	200	3926	2562
2085	3	16	180	3927	6068
2086	15	0	100	3928	115
2087	19	8	180	3929	3456
2088	4	7	100	3930	13981
2089	4	7	180	3931	4710
2090	3	16	100	3932	4882
2091	15	0	120	3933	5260
2092	6	19	200	3934	330
2093	6	19	180	3935	17172
2094	6	19	180	3936	4862
2095	0	18	180	3937	5408
2096	3	16	180	3938	1392
2097	1	11	100	3939	1428
2098	5	13	200	3940	4549
2099	4	7	100	3941	8409
2100	1	11	180	3942	2347
2101	0	18	100	3943	9906
2102	0	18	120	3944	4517
2103	1	11	100	3945	1353
2104	6	19	100	3946	4132
2105	6	19	200	3947	4791
2106	5	13	120	3948	5210
2107	1	11	180	3949	2406
2108	1	11	120	3950	3248
2109	0	18	180	3951	18604
2110	4	7	100	3952	683
2111	6	19	180	3953	962
2112	6	19	120	3954	1072
2113	5	13	200	3955	2760
2114	3	16	120	3956	3582
2115	6	19	120	3957	3173
2116	15	0	200	3958	2421
2117	6	19	180	3959	410
2118	19	8	180	3960	5358
2119	5	13	120	3961	15430
2120	5	13	180	3962	692
2121	5	13	180	3963	69
2122	15	0	100	3964	1164
2123	5	13	120	3965	4640
2124	4	7	200	3966	2994
2125	4	7	200	3967	6966
2126	6	19	120	3968	1187
2127	3	16	100	3969	569
2128	4	7	120	3970	2562
2129	6	19	120	3971	299
2130	0	18	180	3972	665
2131	19	8	120	3973	1946
2132	19	8	120	3974	1808
2133	4	7	120	3975	10456
2134	5	13	200	3976	269
2135	19	8	120	4050	6572
2136	4	7	200	4051	8554
2137	15	0	200	4052	585
2138	6	19	120	4053	1703
2139	19	8	200	4054	6791
2140	15	0	100	4055	252
2141	6	19	120	4056	4252
2142	6	19	100	4057	99
2143	3	16	180	4058	15975
2144	0	18	120	4059	3191
2145	5	13	180	4060	2853
2146	1	11	100	4061	2918
2147	0	18	200	4062	4263
2148	4	7	120	4063	2522
2149	19	8	120	4064	755
2150	3	16	200	4065	1498
2151	5	13	200	4066	887
2152	3	16	180	4067	3861
2153	19	8	180	4068	4969
2154	19	8	120	4069	5463
2155	6	19	100	4070	2233
2156	1	11	100	4071	4871
2157	5	13	100	4072	20784
2158	6	19	100	4073	6688
2159	3	16	120	4074	7556
2160	0	18	180	4075	2476
2161	1	11	120	4076	3765
2162	6	19	100	4077	17603
2163	4	7	200	4078	2689
2164	0	18	100	4079	8433
2165	4	7	200	4080	7018
2166	15	0	100	4081	8895
2167	1	11	100	4082	1669
2168	0	18	100	4083	2301
2169	4	7	200	4084	6834
2170	3	16	180	4085	4794
2171	19	8	200	4086	1567
2172	19	8	100	4087	6651
2173	19	8	180	4088	11207
2174	6	19	100	4089	10990
2175	19	8	100	4090	3411
2176	15	0	120	4091	22562
2177	4	7	180	4092	1335
2178	4	7	200	4093	654
2179	19	8	100	4094	73
2180	3	16	200	4095	1670
2181	5	13	120	4096	4350
2182	19	8	180	4097	5267
2183	5	13	100	4098	1475
2184	4	7	180	4099	6836
2185	4	7	180	4100	14319
2186	6	19	200	4101	6713
2187	19	8	180	4102	4887
2188	5	13	200	4103	998
2189	15	0	180	4104	4946
2190	6	19	100	4105	507
2191	19	8	200	4106	8861
2192	0	18	200	4107	1926
2193	4	7	100	4108	3134
2194	19	8	120	4109	1977
2195	5	13	200	4110	3008
2196	19	8	120	4111	4489
2197	3	16	120	4112	3820
2198	3	16	180	4113	599
2199	6	19	180	4114	5699
2200	6	19	120	4115	4216
2201	0	18	200	4116	823
2202	19	8	200	4117	1071
2203	19	8	120	4118	4698
2204	6	19	180	4119	3111
2205	3	16	200	4120	20322
2206	6	19	180	4121	2351
2207	3	16	200	4122	4839
2208	3	16	120	4123	6339
2209	0	18	120	4124	847
2210	19	8	200	4125	2282
2211	15	0	180	4126	2332
2212	0	18	100	4127	8681
2213	15	0	200	4128	6375
2214	0	18	120	4129	3149
2215	4	7	120	4200	7324
2216	3	16	180	4201	9434
2217	1	11	100	4202	5423
2218	0	18	120	4203	4971
2219	5	13	120	4204	9851
2220	6	19	200	4205	66
2221	19	8	120	4206	998
2222	5	13	120	4207	529
2223	3	16	120	4208	5951
2224	15	0	200	4209	5049
2225	4	7	180	4210	7130
2226	19	8	100	4211	13123
2227	5	13	100	4212	1417
2228	19	8	120	4213	3709
2229	1	11	120	4214	2493
2230	0	18	200	4215	10367
2231	4	7	100	4216	2460
2232	0	18	200	4217	637
2233	15	0	100	4218	2429
2234	1	11	180	4219	2360
2235	1	11	200	4220	693
2236	5	13	180	4221	2357
2237	19	8	100	4222	192
2238	19	8	120	4223	6823
2239	0	18	180	4224	7067
2240	15	0	200	4225	3607
2241	4	7	200	4226	555
2242	5	13	120	4227	10683
2243	5	13	120	4228	125
2244	15	0	200	4229	1410
2245	15	0	180	4230	5450
2246	15	0	180	4231	25
2247	1	11	200	4232	4020
2248	4	7	180	4233	28801
2249	4	7	100	4234	3613
2250	3	16	100	4235	4242
2251	6	19	100	4236	12024
2252	1	11	200	4237	10516
2253	6	19	100	4238	1215
2254	0	18	180	4239	5470
2255	6	19	100	4240	2367
2256	4	7	180	4241	260
2257	6	19	120	4242	2928
2258	1	11	180	4243	16357
2259	1	11	100	4244	5480
2260	4	7	200	4245	198
2261	0	18	180	4246	662
2262	3	16	180	4247	461
2263	1	11	200	4248	1802
2264	0	18	120	4249	1425
2265	4	7	200	4250	16899
2266	6	19	180	4251	1431
2267	3	16	100	4252	2589
2268	5	13	100	4253	1934
2269	15	0	120	4254	2012
2270	19	8	180	4255	2267
2271	4	7	180	4256	8116
2272	3	16	200	4257	11358
2273	0	18	180	4258	9417
2274	15	0	120	4259	1846
2275	3	16	100	4260	10296
2276	4	7	100	4261	1554
2277	0	18	200	4262	392
2278	4	7	180	4263	2810
2279	19	8	100	4264	16132
2280	5	13	100	4265	7007
2281	6	19	100	4266	1974
2282	1	11	120	4267	1427
2283	5	13	120	4268	42
2284	15	0	120	4269	7591
2285	3	16	180	4270	15666
2286	3	16	100	4271	3282
2287	4	7	180	4272	10152
2288	15	0	180	4273	5628
2289	5	13	180	4274	31022
2290	15	0	100	4275	407
2291	19	8	100	4276	11932
2292	6	19	120	4350	317
2293	6	19	120	4352	357
2294	6	19	200	4354	6218
2295	6	19	120	4356	2409
2296	0	18	120	4358	85
2297	4	7	120	4360	3869
2298	4	7	100	4362	6348
2299	4	7	100	4364	1556
2300	0	18	200	4366	2527
2301	5	13	180	4368	3778
2302	6	19	180	4370	1243
2303	6	19	120	4372	4570
2304	5	13	120	4374	764
2305	19	8	180	4376	6716
2306	3	16	120	4378	49
2307	1	11	100	4380	121
2308	19	8	200	4382	10372
2309	6	19	180	4384	7354
2310	3	16	200	4386	559
2311	3	16	200	4388	16227
2312	3	16	200	4390	62
2313	3	16	120	4392	6
2314	6	19	200	4394	11085
2315	15	0	180	4396	5242
2316	19	8	100	4398	9011
2317	15	0	120	4400	413
2318	3	16	180	4402	3257
2319	6	19	200	4404	1619
2320	1	11	180	4406	2762
2321	3	16	200	4408	2130
2322	4	7	180	4410	5790
2323	0	18	180	4412	1941
2324	19	8	100	4414	1440
2325	19	8	120	4416	2826
2326	6	19	100	4418	6557
2327	6	19	120	4420	8346
2328	3	16	200	4422	615
2329	0	18	100	4424	11477
2330	3	16	200	4426	9531
2331	19	8	180	4428	5653
2332	5	13	200	4430	1784
2333	0	18	180	4432	850
2334	19	8	120	4434	3519
2335	0	18	180	4436	1124
2336	19	8	120	4438	543
2337	4	7	100	4440	4523
2338	19	8	200	4442	8638
2339	19	8	200	4444	182
2340	19	8	100	4446	14288
2341	1	11	200	4448	3039
2342	4	7	200	4450	23839
2343	0	18	200	4452	10774
2344	1	11	200	4454	9615
2345	4	7	120	4456	543
2346	5	13	120	4458	11130
2347	4	7	100	4460	311
2348	0	18	120	4462	792
2349	15	0	100	4464	282
2350	15	0	100	4466	3589
2351	1	11	200	4468	12026
2352	1	11	200	4470	286
2353	15	0	100	4472	2721
2354	3	16	120	4474	8070
2355	15	0	200	4476	242
2356	0	18	100	4478	8369
2357	5	13	100	4480	9974
2358	6	19	100	4482	2035
2359	5	13	200	4484	5267
2360	1	11	120	4486	36
2361	6	19	100	4488	825
2362	15	0	120	4490	10315
2363	15	0	180	4500	17231
2364	4	7	200	4501	11667
2365	4	7	100	4502	2311
2366	6	19	100	4503	4665
2367	1	11	100	4504	8292
2368	4	7	100	4505	2762
2369	6	19	100	4506	5325
2370	15	0	120	4507	3843
2371	4	7	100	4508	1181
2372	19	8	120	4509	1202
2373	3	16	180	4510	2903
2374	6	19	180	4511	1897
2375	0	18	180	4512	15440
2376	15	0	200	4513	2167
2377	4	7	180	4514	7595
2378	19	8	180	4515	2843
2379	4	7	200	4516	785
2380	4	7	200	4517	3599
2381	3	16	100	4518	5422
2382	6	19	200	4519	5155
2383	5	13	200	4520	312
2384	3	16	200	4521	2096
2385	0	18	200	4522	13375
2386	6	19	200	4523	4772
2387	15	0	180	4524	9307
2388	15	0	100	4525	1859
2389	0	18	120	4526	3030
2390	19	8	180	4527	2127
2391	4	7	100	4528	1133
2392	15	0	200	4529	1417
2393	3	16	100	4530	803
2394	15	0	120	4531	144
2395	3	16	100	4532	7038
2396	3	16	180	4533	4035
2397	6	19	100	4534	75
2398	6	19	100	4535	18494
2399	15	0	180	4536	2945
2400	15	0	100	4537	2842
2401	4	7	100	4538	346
2402	0	18	200	4539	4214
2403	4	7	100	4540	2837
2404	0	18	200	4541	2998
2405	3	16	100	4542	1726
2406	3	16	180	4543	5363
2407	19	8	100	4544	3970
2408	1	11	120	4545	523
2409	3	16	180	4546	9043
2410	19	8	200	4547	4993
2411	6	19	180	4548	133
2412	6	19	180	4549	2471
2413	1	11	100	4550	1024
2414	1	11	200	4551	674
2415	19	8	120	4552	1655
2416	0	18	100	4553	2990
2417	3	16	180	4554	8026
2418	5	13	200	4555	4190
2419	4	7	200	4556	16851
2420	6	19	120	4557	6202
2421	19	8	180	4558	6649
2422	4	7	200	4559	3146
2423	3	16	180	4560	15601
2424	6	19	180	4561	1715
2425	4	7	100	4562	1950
2426	6	19	100	4563	14570
2427	5	13	120	4564	331
2428	4	7	100	4565	2639
2429	3	16	180	4566	3626
2430	6	19	100	4567	2118
2431	1	11	200	4568	2047
2432	15	0	120	4569	8013
2433	0	18	100	4570	19947
2434	6	19	200	4571	5298
2435	0	18	180	4572	2913
2436	1	11	100	4573	435
2437	3	16	180	4574	1085
2438	4	7	200	4575	3910
2439	19	8	200	4576	248
2440	6	19	120	4577	1309
2441	15	0	180	4578	314
2442	6	19	100	4579	6493
2443	5	13	180	4580	2878
2444	1	11	180	4581	7709
2445	3	16	100	4582	1921
2446	15	0	180	4583	7245
2447	5	13	200	4584	310
2448	1	11	100	4585	110
2449	19	8	100	4586	5792
2450	3	16	100	4587	1638
2451	19	8	100	4588	6425
2452	0	18	120	4589	2380
2453	1	11	120	4590	32
2454	0	18	120	4650	5930
2455	15	0	120	4651	5365
2456	19	8	120	4652	3808
2457	6	19	120	4653	4587
2458	6	19	180	4654	735
2459	6	19	180	4655	651
2460	5	13	200	4656	1993
2461	15	0	100	4657	4417
2462	4	7	100	4658	691
2463	15	0	200	4659	3658
2464	5	13	120	4660	3034
2465	15	0	100	4661	1636
2466	15	0	100	4662	991
2467	5	13	120	4663	2565
2468	5	13	120	4664	3225
2469	1	11	100	4665	4889
2470	6	19	120	4666	1091
2471	6	19	120	4667	1423
2472	15	0	180	4668	1302
2473	5	13	200	4669	3614
2474	6	19	180	4670	5791
2475	15	0	200	4671	5134
2476	1	11	120	4672	36
2477	19	8	120	4673	139
2478	1	11	200	4674	726
2479	4	7	180	4675	15700
2480	5	13	120	4676	3608
2481	1	11	120	4677	10106
2482	4	7	100	4678	215
2483	5	13	100	4679	5724
2484	0	18	180	4680	1283
2485	6	19	100	4681	4299
2486	1	11	120	4682	13921
2487	5	13	200	4683	7824
2488	0	18	200	4684	1329
2489	19	8	120	4685	24280
2490	0	18	120	4686	10619
2491	5	13	180	4687	2715
2492	6	19	100	4688	295
2493	15	0	120	4689	2656
2494	4	7	200	4690	5356
2495	19	8	100	4691	4439
2496	4	7	180	4692	11656
2497	19	8	120	4693	1045
2498	19	8	100	4694	18100
2499	3	16	120	4695	3254
2500	4	7	200	4696	730
2501	1	11	100	4697	2048
2502	0	18	180	4698	3642
2503	19	8	200	4699	2020
2504	3	16	180	4700	3196
2505	5	13	180	4701	155
2506	1	11	180	4702	3198
2507	4	7	180	4703	8804
2508	5	13	200	4704	1498
2509	3	16	180	4705	239
2510	5	13	100	4706	5247
2511	19	8	200	4707	3499
2512	5	13	120	4708	3031
2513	1	11	200	4709	900
2514	0	18	100	4710	3938
2515	4	7	180	4711	2803
2516	4	7	100	4712	3888
2517	19	8	200	4713	2472
2518	6	19	100	4714	1659
2519	15	0	120	4715	9362
2520	6	19	200	4716	1939
2521	3	16	100	4717	2104
2522	5	13	180	4718	885
2523	6	19	200	4719	3267
2524	0	18	180	4720	6366
2525	1	11	180	4721	6466
2526	0	18	100	4722	1047
2527	0	18	100	4723	7368
2528	1	11	200	4724	8730
2529	15	0	120	4725	458
2530	4	7	100	4726	6338
2531	3	16	100	4727	7259
2532	19	8	100	4728	223
2533	15	0	180	4800	4525
2534	0	18	180	4801	7709
2535	3	16	120	4802	925
2536	1	11	200	4803	1865
2537	4	7	100	4804	5198
2538	3	16	120	4805	1067
2539	4	7	200	4806	1084
2540	5	13	180	4807	507
2541	6	19	200	4808	454
2542	19	8	100	4809	3503
2543	6	19	120	4810	1026
2544	3	16	120	4811	1650
2545	0	18	180	4812	2044
2546	19	8	100	4813	14827
2547	4	7	120	4814	9626
2548	6	19	100	4815	8933
2549	0	18	120	4816	1188
2550	4	7	200	4817	223
2551	4	7	200	4818	3139
2552	1	11	100	4819	10311
2553	0	18	200	4820	509
2554	6	19	180	4821	809
2555	0	18	180	4822	6737
2556	6	19	120	4823	931
2557	4	7	180	4824	177
2558	15	0	120	4825	4176
2559	1	11	200	4826	6169
2560	4	7	180	4827	7875
2561	0	18	120	4828	5466
2562	1	11	180	4829	10
2563	15	0	120	4830	928
2564	15	0	120	4831	1581
2565	3	16	100	4832	9837
2566	19	8	180	4833	3048
2567	15	0	200	4834	8718
2568	0	18	100	4835	2019
2569	6	19	200	4836	2278
2570	1	11	180	4837	597
2571	19	8	200	4838	10082
2572	6	19	120	4839	1069
2573	1	11	100	4840	445
2574	3	16	200	4841	6585
2575	19	8	100	4842	1319
2576	3	16	100	4843	8042
2577	15	0	120	4844	16543
2578	3	16	180	4845	1056
2579	0	18	100	4846	2238
2580	1	11	120	4847	7229
2581	6	19	200	4848	1771
2582	3	16	100	4849	12882
2583	1	11	180	4850	4403
2584	3	16	120	4851	222
2585	19	8	120	4852	1313
2586	0	18	200	4853	10446
2587	19	8	120	4854	12772
2588	1	11	200	4855	2852
2589	19	8	100	4856	200
2590	6	19	200	4857	30802
2591	15	0	100	4858	1609
2592	6	19	200	4859	376
2593	1	11	120	4860	2815
2594	19	8	120	4861	2208
2595	5	13	120	4862	2323
2596	4	7	100	4863	442
2597	1	11	200	4864	1969
2598	19	8	200	4865	10719
2599	0	18	100	4866	2446
2600	0	18	200	4867	9288
2601	1	11	120	4868	509
2602	3	16	100	4869	3309
2603	19	8	100	4870	2817
2604	15	0	180	4871	512
2605	5	13	100	4872	757
2606	15	0	120	4873	1546
2607	19	8	100	4874	7348
2608	15	0	200	4875	1858
2609	6	19	180	4950	10861
2610	15	0	180	4951	12943
2611	19	8	100	4952	1073
2612	0	18	100	4953	7959
2613	15	0	100	4954	1076
2614	19	8	180	4955	13194
2615	15	0	180	4956	3126
2616	6	19	100	4957	6428
2617	0	18	100	4958	2137
2618	5	13	200	4959	669
2619	15	0	200	4960	198
2620	1	11	120	4961	19136
2621	0	18	100	4962	3598
2622	6	19	200	4963	2197
2623	1	11	100	4964	1722
2624	0	18	100	4965	2286
2625	4	7	180	4966	7811
2626	3	16	100	4967	7550
2627	5	13	200	4968	6174
2628	1	11	200	4969	5513
2629	6	19	180	4970	2045
2630	5	13	200	4971	787
2631	0	18	100	4972	2926
2632	15	0	120	4973	312
2633	3	16	120	4974	7018
2634	19	8	100	4975	3292
2635	0	18	100	4976	5305
2636	3	16	200	4977	7351
2637	3	16	100	4978	2921
2638	4	7	200	4979	3269
2639	15	0	120	4980	10075
2640	1	11	100	4981	14766
2641	0	18	200	4982	460
2642	0	18	180	4983	4158
2643	4	7	120	4984	3684
2644	1	11	120	4985	473
2645	6	19	180	4986	6951
2646	6	19	100	4987	2867
2647	15	0	200	4988	9099
2648	1	11	200	4989	3287
2649	1	11	180	4990	9817
2650	15	0	100	4991	4634
2651	4	7	100	4992	5656
2652	6	19	200	4993	1096
2653	0	18	100	4994	8995
2654	15	0	200	4995	2558
2655	19	8	180	4996	1752
2656	5	13	120	4997	5738
2657	1	11	200	4998	1018
2658	19	8	200	4999	312
2659	4	7	100	5000	1503
2660	1	11	200	5001	1881
2661	3	16	180	5002	3537
2662	6	19	100	5003	465
2663	1	11	120	5004	16276
2664	1	11	180	5005	6238
2665	6	19	120	5006	2819
2666	0	18	180	5007	706
2667	15	0	180	5008	182
2668	19	8	200	5009	5326
2669	15	0	120	5010	1320
2670	4	7	200	5011	5357
2671	3	16	100	5012	1495
2672	6	19	100	5013	8902
2673	6	19	120	5014	1263
2674	6	19	200	5015	378
2675	0	18	180	5016	9873
2676	0	18	180	5017	13258
2677	1	11	180	5018	7904
2678	0	18	180	5019	1108
2679	4	7	120	5020	4256
2680	6	19	120	5021	1955
2681	5	13	120	5022	13101
2682	3	16	200	5023	1164
2683	0	18	100	5024	7696
2684	19	8	120	5025	5765
2685	1	11	200	5026	2649
2686	4	7	120	5027	1365
2687	15	0	120	5028	1018
2688	4	7	120	5029	1981
2689	19	8	180	5030	983
2690	5	13	200	5031	16055
2691	1	11	200	5032	4148
2692	4	7	100	5100	2378
2693	0	18	200	5102	1190
2694	5	13	120	5104	3610
2695	19	8	120	5106	2436
2696	3	16	180	5108	30780
2697	19	8	100	5110	4473
2698	3	16	180	5112	7450
2699	4	7	100	5114	4526
2700	6	19	100	5116	4614
2701	19	8	120	5118	2541
2702	19	8	200	5120	859
2703	4	7	180	5122	1379
2704	6	19	200	5124	954
2705	4	7	100	5126	2009
2706	6	19	200	5128	8652
2707	19	8	180	5130	16024
2708	4	7	100	5132	6892
2709	15	0	120	5134	3544
2710	19	8	200	5136	2115
2711	3	16	180	5138	10068
2712	1	11	100	5140	18695
2713	4	7	180	5142	2733
2714	6	19	180	5144	12062
2715	6	19	180	5146	2269
2716	19	8	180	5148	1711
2717	6	19	100	5150	1472
2718	1	11	200	5152	1299
2719	19	8	200	5154	1637
2720	3	16	100	5156	1025
2721	3	16	120	5158	12870
2722	3	16	120	5160	5176
2723	19	8	120	5162	3096
2724	3	16	120	5164	1494
2725	3	16	200	5166	442
2726	15	0	100	5168	9261
2727	6	19	120	5170	4464
2728	0	18	200	5172	5313
2729	6	19	120	5174	4889
2730	6	19	200	5176	9916
2731	1	11	180	5178	1719
2732	19	8	200	5180	83
2733	5	13	180	5182	3946
2734	15	0	120	5184	15826
2735	6	19	100	5186	11419
2736	5	13	120	5188	6649
2737	19	8	120	5190	14953
2738	4	7	100	5192	4449
2739	4	7	120	5194	2023
2740	4	7	200	5196	4025
2741	4	7	180	5198	1542
2742	3	16	100	5200	2441
2743	6	19	200	5202	7498
2744	19	8	180	5204	7750
2745	3	16	100	5206	367
2746	19	8	180	5208	4329
2747	0	18	120	5210	13976
2748	3	16	100	5212	1611
2749	19	8	200	5250	761
2750	19	8	200	5252	482
2751	6	19	120	5254	5725
2752	6	19	120	5256	2144
2753	3	16	200	5258	3155
2754	0	18	200	5260	2533
2755	3	16	200	5262	5397
2756	6	19	200	5264	6203
2757	19	8	180	5266	5076
2758	0	18	100	5268	17970
2759	3	16	200	5270	461
2760	6	19	200	5272	3011
2761	0	18	180	5274	1144
2762	15	0	180	5276	1469
2763	15	0	200	5278	581
2764	0	18	120	5280	4795
2765	6	19	120	5282	266
2766	3	16	200	5284	9354
2767	5	13	180	5286	2300
2768	6	19	100	5288	2986
2769	19	8	180	5290	47
2770	0	18	120	5292	4404
2771	0	18	120	5294	1955
2772	1	11	200	5296	4739
2773	15	0	120	5298	9879
2774	4	7	100	5300	5628
2775	15	0	120	5302	11015
2776	0	18	100	5304	3341
2777	6	19	120	5306	9264
2778	19	8	180	5308	5072
2779	19	8	120	5310	1026
2780	3	16	100	5312	2906
2781	15	0	180	5314	11205
2782	3	16	120	5316	1790
2783	1	11	100	5318	3467
2784	15	0	180	5320	3703
2785	0	18	180	5322	837
2786	5	13	120	5324	12543
2787	6	19	100	5326	3249
2788	5	13	180	5328	749
2789	4	7	180	5330	1426
2790	0	18	100	5332	854
2791	6	19	200	5334	451
2792	15	0	100	5336	18176
2793	0	18	120	5338	3402
2794	15	0	180	5340	9332
2795	4	7	120	5342	2055
2796	6	19	100	5344	52
2797	5	13	120	5346	1589
2798	6	19	120	5348	761
2799	3	16	120	5350	6494
2800	19	8	120	5352	1024
2801	4	7	100	5354	1104
2802	4	7	120	5356	2858
2803	3	16	180	5358	1544
2804	19	8	120	5360	3411
2805	15	0	120	5362	6226
2806	4	7	120	5364	319
2807	15	0	200	5366	3033
2808	15	0	200	5368	7029
2809	3	16	180	5370	3274
2810	3	16	180	5372	863
2811	19	8	120	5374	9382
2812	19	8	100	5376	1
2813	1	11	200	5378	6764
2814	19	8	180	5380	4373
2815	15	0	120	5382	3805
2816	15	0	100	5384	10197
2817	6	19	120	5386	6085
2818	19	8	100	5388	3697
2819	19	8	200	5400	2992
2820	1	11	100	5401	570
2821	6	19	180	5402	2012
2822	0	18	200	5403	1275
2823	1	11	180	5404	1079
2824	19	8	120	5405	8181
2825	4	7	120	5406	3386
2826	3	16	120	5407	2079
2827	1	11	180	5408	578
2828	0	18	200	5409	65
2829	0	18	180	5410	1918
2830	1	11	120	5411	10449
2831	5	13	200	5412	1156
2832	0	18	100	5413	5677
2833	6	19	120	5414	10948
2834	19	8	200	5415	1
2835	19	8	100	5416	1344
2836	4	7	120	5417	2664
2837	19	8	200	5418	173
2838	3	16	180	5419	26
2839	0	18	120	5420	7511
2840	5	13	100	5421	479
2841	6	19	120	5422	2674
2842	15	0	100	5423	5793
2843	3	16	100	5424	4553
2844	1	11	200	5425	459
2845	0	18	180	5426	1586
2846	6	19	200	5427	450
2847	6	19	120	5428	1031
2848	0	18	180	5429	10781
2849	19	8	100	5430	1627
2850	6	19	100	5431	2860
2851	19	8	180	5432	1417
2852	5	13	100	5433	6014
2853	6	19	180	5434	4987
2854	0	18	120	5435	4657
2855	3	16	180	5436	8332
2856	4	7	100	5437	15901
2857	1	11	180	5438	1336
2858	4	7	100	5439	2713
2859	4	7	200	5440	11
2860	5	13	100	5441	2146
2861	3	16	200	5442	13305
2862	15	0	200	5443	2908
2863	6	19	100	5444	2635
2864	0	18	100	5445	4296
2865	6	19	200	5446	13307
2866	19	8	120	5447	778
2867	1	11	180	5448	414
2868	1	11	200	5449	6756
2869	0	18	180	5450	2032
2870	4	7	100	5451	595
2871	15	0	120	5452	8799
2872	4	7	200	5453	5986
2873	19	8	200	5454	6214
2874	3	16	200	5455	2183
2875	5	13	180	5456	5003
2876	15	0	120	5457	4554
2877	15	0	200	5458	4241
2878	19	8	200	5459	556
2879	15	0	200	5460	3499
2880	15	0	180	5461	2558
2881	5	13	200	5462	812
2882	0	18	100	5463	1070
2883	0	18	180	5464	5583
2884	4	7	180	5465	9416
2885	1	11	200	5466	4495
2886	19	8	180	5467	3024
2887	3	16	120	5468	216
2888	6	19	100	5469	1400
2889	6	19	100	5470	770
2890	4	7	200	5471	1524
2891	1	11	180	5472	948
2892	5	13	200	5473	3957
2893	15	0	180	5474	14
2894	4	7	120	5475	2547
2895	3	16	120	5476	748
2896	19	8	120	5477	16094
2897	0	18	100	5478	1483
2898	1	11	200	5479	97
2899	5	13	200	5480	726
2900	1	11	100	5550	669
2901	4	7	100	5551	32
2902	5	13	120	5552	2510
2903	19	8	200	5553	3548
2904	5	13	100	5554	891
2905	15	0	180	5555	4259
2906	5	13	200	5556	3441
2907	6	19	120	5557	20120
2908	3	16	200	5558	1512
2909	5	13	180	5559	16376
2910	5	13	100	5560	1040
2911	6	19	120	5561	2011
2912	3	16	200	5562	681
2913	5	13	100	5563	10952
2914	6	19	120	5564	3787
2915	19	8	100	5565	1084
2916	1	11	180	5566	5998
2917	6	19	100	5567	6519
2918	3	16	120	5568	3762
2919	15	0	120	5569	18422
2920	15	0	100	5570	2762
2921	5	13	200	5571	534
2922	6	19	180	5572	7730
2923	4	7	180	5573	4351
2924	6	19	200	5574	355
2925	1	11	120	5575	12224
2926	1	11	180	5576	1437
2927	5	13	100	5577	5933
2928	4	7	180	5578	1711
2929	0	18	120	5579	1184
2930	5	13	100	5580	5403
2931	6	19	120	5581	1978
2932	5	13	200	5582	4000
2933	4	7	200	5583	15382
2934	6	19	200	5584	2315
2935	3	16	180	5585	2501
2936	0	18	180	5586	6019
2937	0	18	100	5587	4937
2938	4	7	180	5588	3408
2939	5	13	200	5589	1383
2940	6	19	100	5590	459
2941	3	16	120	5591	3125
2942	0	18	180	5592	6449
2943	0	18	120	5593	1564
2944	1	11	100	5594	13566
2945	15	0	180	5595	11774
2946	19	8	200	5596	227
2947	0	18	180	5597	5025
2948	1	11	120	5598	2561
2949	4	7	100	5599	1107
2950	0	18	180	5600	2426
2951	1	11	100	5601	1042
2952	15	0	180	5602	5635
2953	4	7	180	5603	174
2954	15	0	180	5604	5274
2955	5	13	100	5605	119
2956	15	0	120	5606	929
2957	0	18	180	5607	7422
2958	3	16	100	5608	2853
2959	4	7	200	5609	1269
2960	6	19	200	5610	1859
2961	0	18	200	5611	7290
2962	1	11	180	5612	5018
2963	3	16	120	5613	250
2964	19	8	120	5614	1445
2965	15	0	200	5615	8556
2966	1	11	120	5616	6644
2967	19	8	200	5617	856
2968	15	0	120	5618	3211
2969	3	16	180	5619	692
2970	19	8	180	5620	2913
2971	1	11	120	5621	327
2972	1	11	180	5622	1199
2973	6	19	180	5623	1617
2974	1	11	120	5624	9778
2975	4	7	200	5625	14263
2976	5	13	120	5626	1942
2977	5	13	120	5627	3367
2978	3	16	180	5628	4973
2979	19	8	120	5629	726
2980	1	11	120	5630	9715
2981	1	11	100	5631	4132
2982	3	16	180	5632	1594
2983	0	18	120	5633	465
2984	19	8	200	5634	7580
2985	4	7	100	5635	3049
2986	19	8	180	5636	4617
2987	1	11	100	5637	3601
2988	6	19	100	5638	1459
2989	1	11	180	5639	2121
2990	5	13	120	5640	1234
2991	19	8	200	5641	11945
2992	15	0	100	5700	985
2993	0	18	200	5718	1511
2994	19	8	200	5736	11735
2995	5	13	100	5754	1573
2996	0	18	200	5772	7936
2997	6	19	120	5790	5530
2998	0	18	100	5808	86
2999	3	16	100	5826	475
