0	6	19	80	0	5467
1	1	11	80	5	5369
2	19	8	200	10	4201
3	6	19	200	15	1511
4	3	16	200	20	14370
5	0	18	120	25	15369
6	3	16	200	30	12619
7	4	7	120	35	830
8	0	18	80	40	2296
9	6	19	160	45	8795
10	4	7	160	50	15953
11	0	18	160	55	2024
12	3	16	80	60	4687
13	15	0	160	65	8463
14	3	16	200	70	14706
15	4	7	120	75	19543
16	0	18	200	80	8996
17	1	11	160	85	32387
18	5	13	120	90	25510
19	15	0	200	95	4633
20	4	7	80	100	7648
21	3	16	120	105	2946
22	15	0	120	110	7960
23	15	0	120	115	11114
24	4	7	80	120	5908
25	15	0	160	125	1948
26	15	0	120	130	8980
27	1	11	200	135	9896
28	6	19	80	140	12701
29	19	8	160	145	4948
30	15	0	200	150	16804
31	3	16	160	155	17285
32	4	7	200	160	8104
33	6	19	80	165	4318
34	3	16	80	170	29420
35	6	19	120	175	37453
36	5	13	200	180	1331
37	3	16	160	185	2406
38	5	13	120	190	231
39	5	13	80	195	11119
40	6	19	200	200	22508
41	15	0	160	205	9022
42	3	16	160	210	11829
43	3	16	200	215	72692
44	5	13	80	220	16541
45	15	0	200	225	20101
46	5	13	160	230	21090
47	5	13	160	235	24655
48	6	19	80	240	13269
49	5	13	200	245	8437
50	0	18	160	250	7382
51	15	0	160	255	12859
52	1	11	120	260	16881
53	4	7	160	265	15951
54	0	18	160	270	4521
55	3	16	160	275	1925
56	4	7	200	280	25034
57	1	11	160	285	14109
58	3	16	200	290	15691
59	4	7	120	295	9534
60	1	11	80	300	2608
61	1	11	80	305	1118
62	6	19	80	310	6409
63	0	18	120	315	21712
64	19	8	200	320	17431
65	0	18	200	325	42991
66	5	13	200	330	13093
67	6	19	200	335	256
68	4	7	120	340	10762
69	6	19	160	345	16660
70	15	0	120	350	14400
71	15	0	80	400	5091
72	5	13	120	406	29391
73	19	8	120	412	3884
74	0	18	80	418	7699
75	5	13	120	424	34335
76	0	18	160	430	10724
77	4	7	120	436	8015
78	1	11	120	442	23249
79	6	19	80	448	10299
80	3	16	200	454	4669
81	3	16	160	460	12770
82	4	7	160	466	26771
83	1	11	80	472	1922
84	19	8	80	478	25288
85	19	8	80	484	1210
86	0	18	120	490	97
87	0	18	80	496	16913
88	5	13	160	502	53391
89	0	18	120	508	17409
90	1	11	120	514	1001
91	3	16	120	520	6404
92	0	18	200	526	7222
93	1	11	200	532	7638
94	4	7	200	538	6306
95	4	7	160	544	17014
96	1	11	160	550	1461
97	3	16	120	556	18763
98	4	7	80	562	3161
99	4	7	80	568	17944
100	3	16	80	574	1929
101	19	8	200	580	19702
102	0	18	80	586	3936
103	0	18	160	592	30090
104	6	19	160	598	19688
105	3	16	120	604	1448
106	1	11	80	610	16346
107	1	11	200	616	7813
108	3	16	160	622	3642
109	4	7	120	628	5565
110	3	16	80	634	9780
111	0	18	160	640	5904
112	0	18	120	646	21658
113	6	19	160	652	1998
114	0	18	160	658	3072
115	19	8	160	664	9327
116	6	19	120	670	2624
117	5	13	80	676	3707
118	0	18	120	682	37981
119	19	8	160	688	13307
120	19	8	160	694	39926
121	5	13	160	700	28688
122	0	18	80	706	400
123	4	7	80	712	21022
124	4	7	80	718	13321
125	4	7	80	724	4030
126	15	0	120	730	26881
127	4	7	120	736	7017
128	5	13	120	742	24279
129	6	19	120	748	15095
130	4	7	200	754	21130
131	15	0	120	760	19328
132	0	18	120	766	3542
133	6	19	80	772	1001
134	3	16	80	800	6694
135	4	7	200	805	8706
136	1	11	120	810	5645
137	4	7	200	815	43814
138	5	13	160	820	5020
139	6	19	200	825	17364
140	15	0	80	830	5207
141	19	8	120	835	9049
142	6	19	160	840	8173
143	0	18	120	845	11522
144	6	19	120	850	2802
145	1	11	200	855	14109
146	3	16	200	860	10354
147	4	7	120	865	4259
148	0	18	120	870	3372
149	4	7	120	875	24338
150	6	19	80	880	9888
151	6	19	120	885	22678
152	1	11	200	890	21464
153	4	7	120	895	9893
154	4	7	160	900	20037
155	6	19	120	905	3295
156	15	0	160	910	17822
157	5	13	80	915	7242
158	5	13	160	920	3421
159	1	11	120	925	8830
160	4	7	200	930	2983
161	15	0	200	935	4299
162	5	13	160	940	11322
163	6	19	80	945	9475
164	0	18	160	950	9397
165	4	7	160	955	16982
166	0	18	80	960	1712
167	3	16	80	965	16898
168	3	16	120	970	15529
169	6	19	160	975	14851
170	6	19	80	980	2164
171	3	16	160	985	3018
172	19	8	160	990	30910
173	4	7	120	995	2573
174	1	11	160	1000	4593
175	0	18	80	1005	6841
176	19	8	200	1010	6423
177	19	8	200	1015	6447
178	6	19	160	1020	11557
179	3	16	80	1025	46381
180	1	11	80	1030	14740
181	3	16	200	1035	10839
182	3	16	200	1040	2644
183	1	11	80	1045	88064
184	19	8	80	1050	2012
185	15	0	120	1055	46471
186	5	13	120	1060	41088
187	5	13	200	1065	14213
188	1	11	160	1070	3749
189	5	13	160	1075	2490
190	5	13	120	1080	16276
191	6	19	80	1085	30638
192	15	0	120	1090	15534
193	3	16	80	1095	20643
194	1	11	200	1100	9438
195	0	18	120	1105	627
196	4	7	200	1110	30132
197	19	8	160	1115	35466
198	0	18	200	1120	924
199	3	16	160	1125	7198
200	0	18	200	1130	9808
201	0	18	160	1135	20754
202	0	18	80	1140	10209
203	4	7	200	1145	9190
204	15	0	80	1150	14583
205	3	16	160	1155	4967
206	6	19	200	1160	31081
207	6	19	160	1165	12252
208	3	16	160	1200	3347
209	4	7	160	1206	5681
210	15	0	120	1212	20958
211	19	8	160	1218	5316
212	15	0	160	1224	21610
213	3	16	120	1230	3760
214	0	18	80	1236	20162
215	1	11	200	1242	11782
216	4	7	200	1248	1308
217	4	7	160	1254	11342
218	6	19	200	1260	5962
219	1	11	80	1266	9956
220	15	0	80	1272	18710
221	4	7	80	1278	6934
222	0	18	160	1284	8010
223	6	19	160	1290	9277
224	1	11	80	1296	41125
225	0	18	80	1302	3338
226	5	13	120	1308	8231
227	6	19	120	1314	1303
228	3	16	160	1320	12545
229	0	18	120	1326	3729
230	6	19	80	1332	8701
231	19	8	120	1338	7540
232	15	0	80	1344	5013
233	4	7	200	1350	2195
234	1	11	120	1356	6549
235	0	18	120	1362	25911
236	3	16	200	1368	264
237	15	0	80	1374	13043
238	3	16	200	1380	4211
239	5	13	160	1386	20276
240	1	11	160	1392	668
241	19	8	200	1398	4763
242	1	11	80	1404	7188
243	15	0	200	1410	26619
244	6	19	80	1416	5389
245	5	13	160	1422	5823
246	15	0	160	1428	1096
247	5	13	200	1434	7326
248	3	16	200	1440	88
249	0	18	200	1446	30187
250	5	13	160	1452	35391
251	19	8	120	1458	4407
252	1	11	160	1464	9753
253	19	8	160	1470	8568
254	4	7	160	1476	12996
255	5	13	160	1482	1527
256	0	18	80	1488	4906
257	4	7	120	1494	421
258	3	16	160	1500	10058
259	6	19	80	1506	7405
260	15	0	120	1512	22186
261	19	8	120	1518	20715
262	4	7	200	1524	56936
263	3	16	120	1530	44912
264	6	19	120	1536	23717
265	15	0	80	1542	5338
266	0	18	160	1548	198
267	4	7	160	1554	13219
268	0	18	80	1560	22638
269	19	8	200	1566	31753
270	19	8	80	1600	11102
271	5	13	160	1606	6969
272	0	18	200	1612	4547
273	1	11	120	1618	10300
274	19	8	160	1624	8551
275	19	8	120	1630	7440
276	3	16	80	1636	53343
277	1	11	200	1642	10870
278	19	8	160	1648	2331
279	5	13	160	1654	10496
280	3	16	120	1660	2028
281	19	8	120	1666	482
282	4	7	160	1672	1206
283	1	11	160	1678	15680
284	4	7	200	1684	4619
285	6	19	160	1690	2803
286	15	0	200	1696	28917
287	19	8	120	1702	21345
288	0	18	120	1708	8456
289	5	13	200	1714	4299
290	0	18	120	1720	9555
291	19	8	160	1726	52423
292	5	13	120	1732	1200
293	6	19	160	1738	21655
294	15	0	80	1744	43274
295	1	11	80	1750	3169
296	4	7	200	1756	4919
297	19	8	160	1762	7717
298	0	18	120	1768	362
299	19	8	80	1774	32
300	5	13	80	1780	5508
301	3	16	80	1786	6529
302	4	7	160	1792	11254
303	3	16	80	1798	977
304	1	11	200	1804	4551
305	19	8	200	1810	8488
306	19	8	160	1816	57914
307	0	18	120	1822	47077
308	19	8	80	1828	8
309	4	7	120	1834	2668
310	3	16	120	1840	1688
311	15	0	120	1846	16154
312	4	7	160	1852	23415
313	15	0	80	1858	50016
314	4	7	200	1864	4365
315	15	0	200	1870	19503
316	5	13	200	1876	15555
317	1	11	120	1882	3645
318	15	0	160	1888	12833
319	0	18	200	1894	12705
320	0	18	80	1900	7150
321	0	18	80	1906	2458
322	3	16	80	1912	2119
323	4	7	120	1918	9510
324	19	8	120	1924	5737
325	19	8	120	1930	11492
326	0	18	120	1936	5083
327	4	7	80	1942	7846
328	3	16	80	1948	11094
329	15	0	120	1954	3900
330	5	13	120	1960	1612
331	4	7	120	1966	8656
332	0	18	120	1972	10018
333	0	18	120	1978	2292
334	19	8	120	1984	2903
335	19	8	120	1990	15976
336	5	13	160	2000	6764
337	0	18	120	2005	210
338	0	18	200	2010	6406
339	5	13	200	2015	20083
340	15	0	80	2020	2925
341	6	19	120	2025	31901
342	0	18	120	2030	21296
343	6	19	80	2035	4389
344	3	16	120	2040	2233
345	1	11	80	2045	19880
346	4	7	80	2050	1663
347	15	0	80	2055	1407
348	1	11	160	2060	9073
349	19	8	120	2065	2231
350	5	13	120	2070	8455
351	1	11	160	2075	926
352	0	18	80	2080	20414
353	0	18	160	2085	5671
354	15	0	200	2090	9684
355	4	7	200	2095	2423
356	0	18	200	2100	3576
357	19	8	120	2105	758
358	3	16	160	2110	14374
359	1	11	120	2115	14423
360	19	8	120	2120	2117
361	5	13	120	2125	8609
362	6	19	120	2130	5676
363	0	18	160	2135	15414
364	19	8	200	2140	917
365	15	0	80	2145	11526
366	6	19	200	2150	2289
367	3	16	80	2155	13825
368	15	0	160	2160	17615
369	4	7	160	2165	10101
370	3	16	80	2170	5587
371	5	13	120	2175	14815
372	1	11	160	2180	22634
373	3	16	200	2185	22322
374	1	11	160	2190	6889
375	3	16	160	2195	8782
376	0	18	200	2200	5257
377	6	19	80	2205	23217
378	1	11	200	2210	5687
379	15	0	120	2215	10151
380	5	13	120	2220	8005
381	1	11	80	2225	3208
382	1	11	160	2230	35821
383	4	7	160	2235	6821
384	1	11	80	2240	17729
385	3	16	200	2245	633
386	3	16	120	2250	14304
387	0	18	160	2255	2520
388	3	16	120	2260	11613
389	5	13	160	2265	391
390	19	8	120	2270	7804
391	5	13	120	2275	5538
392	6	19	200	2280	4614
393	19	8	120	2285	15031
394	5	13	120	2290	12621
395	3	16	160	2295	14621
396	0	18	80	2300	9663
397	19	8	160	2305	1361
398	6	19	80	2310	3179
399	4	7	80	2315	9650
400	4	7	80	2320	12111
401	1	11	200	2325	7073
402	19	8	160	2330	5006
403	6	19	80	2335	39064
404	6	19	80	2340	19162
405	0	18	80	2345	19112
406	0	18	80	2350	3073
407	15	0	120	2355	43425
408	19	8	200	2360	33727
409	4	7	80	2365	425
410	4	7	80	2370	21127
411	3	16	200	2375	6173
412	15	0	120	2380	13815
413	5	13	120	2385	1634
414	6	19	80	2390	2868
415	6	19	120	2395	31428
416	3	16	200	2400	9921
417	3	16	160	2405	34444
418	19	8	160	2410	36296
419	5	13	80	2415	270
420	4	7	200	2420	30448
421	6	19	120	2425	49824
422	0	18	200	2430	793
423	3	16	80	2435	16051
424	5	13	80	2440	1143
425	6	19	200	2445	30
426	15	0	160	2450	5928
427	3	16	80	2455	1727
428	6	19	120	2460	2583
429	15	0	80	2465	15822
430	3	16	160	2470	40559
431	1	11	80	2475	3412
432	0	18	200	2480	11700
433	6	19	200	2485	20909
434	3	16	80	2490	32860
435	3	16	160	2495	507
436	3	16	160	2500	26877
437	4	7	120	2505	53108
438	15	0	160	2510	12131
439	1	11	200	2515	44340
440	3	16	200	2520	20944
441	5	13	200	2525	15413
442	1	11	160	2530	3445
443	15	0	80	2535	10560
444	1	11	120	2540	2737
445	6	19	160	2545	948
446	6	19	200	2550	13896
447	1	11	120	2555	2557
448	3	16	80	2560	8357
449	19	8	80	2565	15429
450	0	18	160	2570	1834
451	6	19	120	2575	11290
452	0	18	80	2580	2032
453	1	11	80	2585	2835
454	19	8	80	2590	11983
455	15	0	200	2595	12641
456	0	18	80	2600	5763
457	6	19	120	2605	11103
458	1	11	80	2610	24530
459	19	8	80	2615	19011
460	3	16	160	2620	6266
461	15	0	200	2625	1156
462	0	18	200	2630	18143
463	0	18	200	2635	2788
464	0	18	160	2640	856
465	3	16	200	2645	10425
466	3	16	200	2650	18135
467	1	11	160	2655	23497
468	3	16	120	2660	2558
469	3	16	160	2665	2253
470	4	7	200	2670	410
471	15	0	120	2675	10254
472	5	13	200	2680	4404
473	15	0	160	2685	44894
474	3	16	80	2690	2630
475	19	8	200	2695	2643
476	5	13	160	2700	15921
477	1	11	160	2705	7817
478	1	11	160	2710	9150
479	19	8	160	2715	180
480	0	18	200	2720	4569
481	5	13	80	2725	2646
482	19	8	80	2730	12010
483	15	0	80	2735	7620
484	15	0	160	2740	10719
485	6	19	80	2745	5285
486	0	18	80	2750	1154
487	15	0	160	2800	6379
488	6	19	160	2805	2577
489	4	7	80	2810	4010
490	3	16	160	2815	12945
491	5	13	120	2820	4108
492	3	16	120	2825	1500
493	19	8	160	2830	22082
494	15	0	120	2835	10081
495	4	7	80	2840	15870
496	4	7	80	2845	34520
497	0	18	200	2850	517
498	6	19	160	2855	8717
499	15	0	160	2860	11720
500	3	16	160	2865	4221
501	5	13	120	2870	21054
502	19	8	80	2875	115593
503	19	8	160	2880	4814
504	4	7	120	2885	14052
505	1	11	80	2890	10051
506	1	11	160	2895	4323
507	1	11	120	2900	2374
508	15	0	200	2905	164
509	0	18	80	2910	6827
510	3	16	120	2915	29808
511	15	0	120	2920	27956
512	5	13	160	2925	871
513	1	11	120	2930	23219
514	15	0	120	2935	7806
515	6	19	120	2940	2811
516	15	0	160	2945	7381
517	1	11	160	2950	4442
518	1	11	120	2955	11505
519	4	7	120	2960	14963
520	1	11	200	2965	8052
521	4	7	120	2970	5488
522	4	7	200	2975	13144
523	15	0	80	2980	28620
524	0	18	200	2985	8589
525	15	0	160	2990	16335
526	5	13	80	2995	7327
527	5	13	120	3000	7527
528	19	8	120	3005	6289
529	15	0	80	3010	7467
530	4	7	200	3015	3516
531	4	7	160	3020	14148
532	5	13	200	3025	39360
533	3	16	80	3030	28903
534	5	13	200	3035	15205
535	4	7	120	3040	8072
536	6	19	200	3045	2647
537	19	8	120	3050	4314
538	4	7	200	3055	18176
539	6	19	120	3060	284
540	4	7	160	3065	662
541	19	8	200	3070	29187
542	0	18	160	3075	6103
543	5	13	120	3080	17095
544	1	11	200	3085	5496
545	4	7	80	3090	16992
546	0	18	160	3095	2979
547	1	11	200	3100	3644
548	0	18	80	3105	5411
549	1	11	200	3110	5345
550	6	19	120	3115	3844
551	1	11	120	3120	12069
552	15	0	160	3125	6652
553	3	16	80	3130	19539
554	6	19	160	3135	1735
555	19	8	120	3200	31836
556	1	11	160	3205	2112
557	0	18	80	3210	1158
558	19	8	160	3215	20529
559	6	19	200	3220	35089
560	6	19	80	3225	1402
561	5	13	80	3230	21733
562	3	16	80	3235	17721
563	0	18	200	3240	9591
564	6	19	120	3245	2379
565	15	0	160	3250	3045
566	3	16	160	3255	33822
567	1	11	120	3260	2092
568	5	13	160	3265	1771
569	4	7	200	3270	53660
570	19	8	160	3275	131
571	15	0	120	3280	2055
572	15	0	200	3285	9042
573	5	13	200	3290	10793
574	19	8	200	3295	12906
575	3	16	80	3300	10315
576	4	7	160	3305	41431
577	15	0	120	3310	28396
578	6	19	80	3315	9329
579	5	13	200	3320	16822
580	6	19	200	3325	8902
581	4	7	80	3330	2603
582	5	13	80	3335	1304
583	15	0	120	3340	595
584	1	11	200	3345	2516
585	1	11	160	3350	11604
586	6	19	80	3355	3724
587	1	11	160	3360	2072
588	5	13	160	3365	17922
589	6	19	160	3370	18658
590	3	16	200	3375	4773
591	6	19	200	3380	1344
592	0	18	200	3385	7909
593	15	0	80	3390	21537
594	19	8	80	3395	29325
595	15	0	160	3400	2938
596	5	13	160	3405	1817
597	19	8	200	3410	22633
598	19	8	80	3415	10397
599	4	7	120	3420	1856
600	0	18	120	3425	20380
601	19	8	120	3430	741
602	5	13	120	3435	1598
603	5	13	120	3440	5628
604	1	11	120	3445	5143
605	15	0	80	3450	1488
606	4	7	160	3455	1330
607	3	16	160	3460	21431
608	3	16	120	3465	1877
609	4	7	160	3470	9796
610	5	13	160	3475	39000
611	3	16	80	3480	3536
612	3	16	200	3485	9624
613	3	16	160	3490	811
614	19	8	80	3495	6588
615	3	16	200	3500	29611
616	0	18	200	3505	15869
617	4	7	160	3510	15413
618	19	8	200	3515	5377
619	4	7	160	3520	9853
620	0	18	120	3525	37850
621	1	11	200	3530	18261
622	5	13	200	3535	5825
623	19	8	200	3540	5140
624	0	18	200	3545	12957
625	3	16	160	3550	28235
626	15	0	120	3555	13477
627	0	18	160	3560	14267
628	5	13	160	3565	13675
629	1	11	120	3570	6993
630	6	19	120	3575	6875
631	4	7	160	3600	1533
632	15	0	80	3605	4745
633	1	11	200	3610	6072
634	5	13	120	3615	33147
635	15	0	120	3620	7480
636	15	0	200	3625	875
637	19	8	200	3630	15649
638	5	13	200	3635	14440
639	3	16	200	3640	903
640	15	0	80	3645	8679
641	4	7	120	3650	6840
642	19	8	120	3655	166
643	1	11	200	3660	2942
644	1	11	200	3665	21092
645	0	18	160	3670	909
646	3	16	80	3675	9699
647	6	19	80	3680	6480
648	19	8	80	3685	6358
649	6	19	120	3690	74295
650	15	0	160	3695	7932
651	1	11	80	3700	6481
652	1	11	200	3705	8013
653	5	13	160	3710	236
654	3	16	200	3715	2469
655	19	8	160	3720	431
656	3	16	160	3725	13499
657	5	13	120	3730	17969
658	5	13	120	3735	15023
659	19	8	160	3740	7037
660	0	18	160	3745	6999
661	3	16	200	3750	6321
662	6	19	80	3755	1982
663	1	11	80	3760	14576
664	15	0	120	3765	1559
665	0	18	200	3770	22083
666	4	7	200	3775	31677
667	1	11	200	3780	2013
668	15	0	120	3785	1651
669	0	18	160	3790	38217
670	4	7	80	3795	22363
671	0	18	80	3800	59
672	15	0	160	3805	284
673	5	13	80	3810	4087
674	6	19	160	3815	555
675	6	19	80	3820	8879
676	1	11	120	3825	17526
677	4	7	200	3830	2194
678	15	0	200	3835	8829
679	0	18	80	3840	10622
680	19	8	160	3845	5179
681	1	11	120	3850	3572
682	1	11	120	3855	4010
683	15	0	120	3860	13752
684	3	16	160	3865	38031
685	4	7	120	3870	227
686	3	16	200	3875	12023
687	3	16	160	3880	4403
688	19	8	200	3885	2846
689	6	19	200	3890	27813
690	5	13	200	3895	18645
691	3	16	120	3900	4178
692	4	7	120	3905	175
693	6	19	120	3910	3550
694	3	16	120	3915	11949
695	5	13	80	3920	1335
696	6	19	120	3925	3978
697	15	0	120	3930	4463
698	4	7	160	3935	1205
699	0	18	80	3940	51507
700	5	13	200	3945	1870
701	1	11	80	3950	6128
702	15	0	200	3955	4088
703	15	0	160	3960	7233
704	3	16	80	3965	1993
705	15	0	160	4000	7818
706	3	16	120	4004	6008
707	5	13	200	4008	2654
708	19	8	80	4012	43911
709	5	13	200	4016	13056
710	6	19	80	4020	3734
711	15	0	160	4024	8516
712	15	0	120	4028	3539
713	4	7	80	4032	1625
714	0	18	80	4036	1173
715	15	0	80	4040	2447
716	0	18	160	4044	1607
717	15	0	160	4048	7623
718	15	0	120	4052	16408
719	3	16	80	4056	1304
720	15	0	80	4060	2804
721	1	11	80	4064	11657
722	1	11	80	4068	34442
723	1	11	120	4072	3090
724	4	7	200	4076	2236
725	1	11	200	4080	9605
726	5	13	160	4084	55782
727	1	11	120	4088	17495
728	1	11	200	4092	12879
729	1	11	120	4096	33740
730	0	18	200	4100	3304
731	4	7	80	4104	7334
732	0	18	120	4108	890
733	15	0	200	4112	9176
734	5	13	120	4116	7023
735	6	19	120	4120	36093
736	3	16	160	4124	41578
737	4	7	200	4128	21361
738	5	13	80	4132	9035
739	4	7	200	4136	7828
740	1	11	200	4140	11766
741	6	19	80	4144	6837
742	4	7	160	4148	4857
743	4	7	80	4152	9529
744	19	8	160	4156	12063
745	15	0	80	4160	3947
746	4	7	200	4164	472
747	0	18	80	4168	26252
748	6	19	80	4172	2134
749	4	7	80	4176	7088
750	4	7	160	4180	46910
751	15	0	160	4184	20052
752	19	8	200	4188	9998
753	0	18	120	4192	58828
754	1	11	200	4196	18056
755	4	7	160	4200	8879
756	0	18	80	4204	7319
757	6	19	120	4208	763
758	4	7	160	4212	3986
759	0	18	120	4216	11061
760	3	16	80	4220	8040
761	1	11	200	4224	11822
762	3	16	200	4228	9327
763	15	0	160	4232	419
764	4	7	200	4236	6587
765	1	11	80	4240	19938
766	6	19	120	4244	6887
767	19	8	160	4248	15313
768	19	8	200	4252	13811
769	3	16	160	4256	1845
770	4	7	160	4260	2916
771	6	19	160	4264	4177
772	3	16	120	4268	33998
773	3	16	160	4272	3711
774	0	18	80	4276	7804
775	1	11	80	4280	17848
776	15	0	160	4284	4085
777	15	0	200	4288	6036
778	3	16	200	4292	10787
779	6	19	200	4296	26455
780	6	19	200	4300	8615
781	5	13	120	4304	1298
782	5	13	120	4308	11126
783	15	0	160	4312	2859
784	6	19	160	4316	38612
785	1	11	80	4320	6718
786	5	13	80	4324	26700
787	19	8	200	4328	986
788	5	13	80	4332	16957
789	0	18	200	4336	30334
790	6	19	120	4340	8174
791	6	19	80	4344	28508
792	19	8	80	4348	9547
793	4	7	200	4400	31380
794	1	11	200	4404	56375
795	0	18	200	4408	76238
796	4	7	80	4412	26935
797	5	13	200	4416	4255
798	19	8	80	4420	1610
799	6	19	160	4424	20840
800	0	18	160	4428	22267
801	4	7	120	4432	4587
802	0	18	120	4436	2740
803	4	7	120	4440	246
804	19	8	160	4444	3141
805	6	19	200	4448	13897
806	5	13	80	4452	24554
807	5	13	120	4456	4268
808	0	18	120	4460	8669
809	0	18	200	4464	46
810	5	13	80	4468	3203
811	1	11	80	4472	759
812	3	16	160	4476	7588
813	15	0	200	4480	5990
814	4	7	120	4484	1131
815	6	19	160	4488	5847
816	6	19	160	4492	270
817	5	13	120	4496	4774
818	0	18	80	4500	927
819	3	16	200	4504	60813
820	6	19	200	4508	30045
821	15	0	120	4512	5313
822	4	7	120	4516	39978
823	15	0	80	4520	17300
824	5	13	120	4524	12549
825	15	0	120	4528	4430
826	6	19	120	4532	16412
827	15	0	160	4536	173
828	1	11	160	4540	3861
829	0	18	120	4544	7844
830	6	19	200	4548	25443
831	1	11	160	4552	55292
832	19	8	160	4556	3772
833	5	13	120	4560	17589
834	5	13	80	4564	565
835	1	11	160	4568	2595
836	4	7	80	4572	27442
837	0	18	200	4576	10524
838	15	0	80	4580	48037
839	0	18	160	4584	3842
840	6	19	200	4588	9796
841	0	18	200	4592	10774
842	19	8	160	4596	9975
843	5	13	120	4600	16767
844	5	13	200	4604	13895
845	5	13	120	4608	6801
846	3	16	160	4612	6923
847	1	11	120	4616	2031
848	0	18	160	4620	21759
849	5	13	80	4624	11151
850	4	7	120	4628	44747
851	15	0	200	4632	10009
852	5	13	200	4636	3045
853	6	19	120	4640	1696
854	0	18	160	4644	28331
855	3	16	80	4648	7983
856	0	18	200	4652	5233
857	1	11	120	4656	6972
858	15	0	80	4660	5577
859	1	11	80	4664	30551
860	19	8	160	4668	33885
861	15	0	160	4672	23291
862	4	7	160	4676	294
863	19	8	200	4680	421
864	3	16	200	4684	1587
865	4	7	120	4688	3360
866	3	16	120	4692	18818
867	15	0	120	4696	14430
868	1	11	200	4700	5112
869	3	16	160	4704	27094
870	1	11	160	4708	8017
871	5	13	160	4712	6920
872	6	19	120	4716	5105
873	0	18	120	4720	19335
874	5	13	200	4724	6866
875	6	19	80	4728	4727
876	15	0	200	4732	18914
877	15	0	80	4736	2852
878	3	16	120	4740	969
879	19	8	200	4744	2918
880	4	7	200	4748	24513
881	5	13	80	4752	10686
882	15	0	200	4756	2344
883	5	13	160	4800	13302
884	6	19	80	4804	8411
885	19	8	80	4808	4526
886	6	19	160	4812	17422
887	3	16	120	4816	1780
888	5	13	160	4820	23891
889	3	16	200	4824	9856
890	0	18	160	4828	22070
891	3	16	160	4832	7343
892	1	11	200	4836	2862
893	5	13	200	4840	744
894	0	18	80	4844	4866
895	15	0	120	4848	14509
896	5	13	80	4852	10081
897	0	18	160	4856	9059
898	1	11	120	4860	11893
899	0	18	120	4864	6992
900	3	16	200	4868	12296
901	5	13	120	4872	16109
902	0	18	160	4876	19855
903	15	0	200	4880	34054
904	3	16	120	4884	1504
905	19	8	160	4888	9258
906	0	18	160	4892	2969
907	4	7	160	4896	6615
908	0	18	160	4900	14293
909	3	16	120	4904	10410
910	4	7	120	4908	14157
911	1	11	200	4912	1836
912	19	8	200	4916	5413
913	15	0	80	4920	2032
914	15	0	120	4924	631
915	4	7	120	4928	5188
916	0	18	160	4932	13634
917	15	0	200	4936	5248
918	3	16	200	4940	9076
919	4	7	160	4944	19906
920	6	19	160	4948	7810
921	19	8	80	4952	12726
922	1	11	160	4956	21704
923	15	0	200	4960	18542
924	1	11	80	4964	670
925	19	8	200	4968	360
926	3	16	200	4972	3074
927	1	11	120	4976	4049
928	0	18	80	4980	7550
929	6	19	160	4984	15899
930	0	18	80	4988	16990
931	15	0	120	4992	3666
932	6	19	160	4996	10487
933	1	11	200	5000	12127
934	6	19	80	5004	10263
935	15	0	120	5008	1692
936	4	7	160	5012	18210
937	19	8	80	5016	3230
938	3	16	120	5020	9639
939	15	0	120	5024	40644
940	15	0	160	5028	1198
941	1	11	80	5032	5024
942	1	11	160	5036	6994
943	1	11	120	5040	3998
944	15	0	160	5044	24255
945	15	0	200	5048	14412
946	4	7	160	5052	1193
947	4	7	160	5056	696
948	15	0	120	5060	106
949	5	13	160	5064	48448
950	15	0	160	5068	273
951	15	0	80	5072	2891
952	6	19	160	5076	87393
953	15	0	200	5080	20524
954	3	16	160	5084	39632
955	3	16	160	5088	52458
956	3	16	200	5092	27954
957	1	11	160	5096	268
958	5	13	200	5100	26172
959	3	16	120	5104	1108
960	5	13	160	5108	4481
961	19	8	80	5112	32404
962	4	7	120	5116	37701
963	3	16	80	5120	39221
964	3	16	80	5124	20761
965	6	19	80	5128	6732
966	5	13	80	5132	9830
967	6	19	80	5136	15583
968	1	11	200	5140	10438
969	19	8	200	5144	30268
970	0	18	200	5148	10135
971	0	18	160	5152	7021
972	4	7	160	5156	19441
973	5	13	120	5160	9974
974	5	13	80	5164	15046
975	5	13	120	5168	1758
976	6	19	120	5200	2858
977	0	18	80	5203	9655
978	19	8	120	5206	30191
979	3	16	80	5209	5266
980	5	13	80	5212	32787
981	19	8	80	5215	2230
982	4	7	80	5218	3900
983	4	7	120	5221	7954
984	19	8	200	5224	14921
985	3	16	200	5227	9401
986	1	11	160	5230	3677
987	15	0	200	5233	17301
988	15	0	80	5236	13405
989	4	7	120	5239	10625
990	4	7	160	5242	3118
991	1	11	80	5245	17057
992	4	7	120	5248	5149
993	19	8	200	5251	7480
994	1	11	160	5254	12753
995	19	8	160	5257	2123
996	15	0	200	5260	5839
997	19	8	160	5263	7842
998	19	8	80	5266	7409
999	1	11	160	5269	6917
1000	3	16	200	5272	1808
1001	6	19	160	5275	5498
1002	1	11	160	5278	7741
1003	15	0	120	5281	1120
1004	5	13	200	5284	6373
1005	6	19	200	5287	10398
1006	3	16	120	5290	6371
1007	0	18	120	5293	6848
1008	1	11	160	5296	1325
1009	15	0	80	5299	21048
1010	5	13	120	5302	17920
1011	3	16	160	5305	5168
1012	3	16	80	5308	1302
1013	3	16	160	5311	9107
1014	15	0	80	5314	1997
1015	6	19	160	5317	1838
1016	5	13	80	5320	12780
1017	19	8	200	5323	7667
1018	3	16	80	5326	3457
1019	19	8	120	5329	3934
1020	5	13	120	5332	2169
1021	15	0	80	5335	19059
1022	15	0	200	5338	669
1023	15	0	160	5341	60493
1024	4	7	120	5344	14087
1025	15	0	160	5347	20033
1026	6	19	80	5350	1184
1027	5	13	200	5353	4954
1028	4	7	160	5356	28887
1029	6	19	160	5359	9646
1030	6	19	160	5362	16683
1031	15	0	160	5365	15809
1032	1	11	80	5368	1159
1033	15	0	200	5371	7872
1034	0	18	120	5374	2910
1035	19	8	160	5377	10054
1036	6	19	120	5380	14218
1037	5	13	160	5383	2504
1038	19	8	120	5386	903
1039	1	11	80	5389	1698
1040	19	8	120	5392	1687
1041	0	18	120	5395	21200
1042	5	13	80	5398	12907
1043	0	18	200	5401	22438
1044	15	0	80	5404	20061
1045	1	11	80	5407	25338
1046	19	8	200	5410	12797
1047	1	11	160	5413	20386
1048	1	11	160	5416	4462
1049	4	7	80	5419	8620
1050	3	16	160	5422	8484
1051	19	8	200	5425	29320
1052	5	13	160	5428	3128
1053	19	8	200	5431	2397
1054	6	19	80	5434	3821
1055	4	7	160	5437	5062
1056	19	8	200	5440	4509
1057	4	7	80	5443	7890
1058	3	16	80	5446	6095
1059	6	19	120	5449	11007
1060	0	18	200	5452	7976
1061	15	0	160	5455	919
1062	6	19	160	5458	8931
1063	4	7	80	5461	9640
1064	1	11	160	5464	947
1065	15	0	160	5467	529
1066	0	18	160	5470	3578
1067	5	13	120	5473	11668
1068	1	11	120	5476	4565
1069	19	8	160	5479	10581
1070	0	18	120	5482	7126
1071	19	8	120	5485	7548
1072	0	18	120	5488	6122
1073	1	11	80	5491	1510
1074	0	18	200	5494	1926
1075	5	13	80	5497	4919
1076	1	11	200	5500	1765
1077	15	0	200	5503	2805
1078	19	8	120	5600	2402
1079	3	16	120	5604	20049
1080	19	8	200	5608	2033
1081	5	13	120	5612	3890
1082	3	16	80	5616	337
1083	19	8	160	5620	6079
1084	4	7	80	5624	558
1085	15	0	160	5628	21831
1086	1	11	80	5632	8382
1087	3	16	80	5636	29023
1088	1	11	160	5640	2803
1089	5	13	200	5644	24592
1090	19	8	200	5648	3517
1091	1	11	80	5652	2864
1092	3	16	160	5656	18732
1093	1	11	80	5660	7667
1094	1	11	120	5664	12475
1095	1	11	200	5668	710
1096	3	16	200	5672	4352
1097	0	18	80	5676	1354
1098	15	0	120	5680	17632
1099	19	8	160	5684	17578
1100	0	18	120	5688	11645
1101	4	7	160	5692	414
1102	19	8	120	5696	8332
1103	3	16	80	5700	15473
1104	4	7	200	5704	801
1105	4	7	80	5708	489
1106	15	0	160	5712	8646
1107	4	7	160	5716	1414
1108	19	8	80	5720	399
1109	1	11	80	5724	33061
1110	3	16	160	5728	2788
1111	0	18	200	5732	1328
1112	5	13	200	5736	4287
1113	0	18	200	5740	10593
1114	15	0	120	5744	7054
1115	5	13	120	5748	2808
1116	4	7	160	5752	565
1117	6	19	200	5756	1635
1118	0	18	200	5760	8479
1119	3	16	200	5764	3262
1120	6	19	120	5768	9331
1121	15	0	120	5772	5112
1122	4	7	160	5776	6401
1123	5	13	160	5780	7071
1124	19	8	200	5784	4839
1125	19	8	80	5788	3222
1126	5	13	160	5792	13554
1127	15	0	80	5796	31481
1128	0	18	200	5800	7660
1129	15	0	80	5804	1143
1130	1	11	120	5808	391
1131	0	18	200	5812	366
1132	19	8	160	5816	6926
1133	0	18	160	5820	6383
1134	1	11	200	5824	2540
1135	5	13	120	5828	1560
1136	5	13	80	5832	17969
1137	0	18	80	5836	4333
1138	5	13	200	5840	4856
1139	19	8	200	5844	65
1140	19	8	80	5848	4704
1141	6	19	120	5852	5961
1142	3	16	80	5856	25263
1143	19	8	160	5860	3808
1144	3	16	80	5864	13081
1145	15	0	200	5868	1940
1146	6	19	120	5872	29154
1147	3	16	200	5876	2733
1148	3	16	200	5880	336
1149	5	13	200	5884	6909
1150	15	0	80	5888	138
1151	6	19	200	5892	2334
1152	19	8	80	5896	10995
1153	5	13	120	5900	9107
1154	3	16	120	5904	3111
1155	1	11	80	5908	3845
1156	19	8	200	5912	11627
1157	3	16	200	5916	683
1158	3	16	80	5920	5984
1159	4	7	160	5924	21203
1160	15	0	160	5928	5415
1161	0	18	120	5932	10584
1162	4	7	200	5936	12237
1163	0	18	200	6000	34144
1164	0	18	200	6005	28156
1165	1	11	200	6010	2341
1166	1	11	120	6015	13169
1167	5	13	120	6020	26257
1168	15	0	200	6025	6041
1169	3	16	80	6030	4673
1170	19	8	120	6035	6795
1171	3	16	160	6040	16299
1172	1	11	80	6045	18992
1173	1	11	80	6050	8347
1174	3	16	160	6055	29404
1175	19	8	200	6060	1935
1176	4	7	120	6065	7589
1177	4	7	80	6070	1830
1178	1	11	120	6075	18249
1179	0	18	80	6080	2419
1180	3	16	200	6085	4691
1181	3	16	200	6090	7689
1182	4	7	120	6095	27607
1183	4	7	200	6100	416
1184	19	8	200	6105	993
1185	4	7	120	6110	23201
1186	0	18	160	6115	6747
1187	4	7	80	6120	28460
1188	6	19	120	6125	2442
1189	19	8	200	6130	29813
1190	5	13	120	6135	8351
1191	3	16	80	6140	15316
1192	15	0	200	6145	28952
1193	0	18	80	6150	8406
1194	1	11	120	6155	12336
1195	19	8	200	6160	16085
1196	3	16	160	6165	16741
1197	3	16	80	6170	33044
1198	19	8	200	6175	5500
1199	1	11	120	6180	7999
1200	6	19	120	6185	7916
1201	0	18	200	6190	292
1202	4	7	200	6195	19811
1203	0	18	160	6200	14651
1204	6	19	160	6205	64
1205	4	7	160	6210	3752
1206	5	13	160	6215	5778
1207	15	0	80	6220	1248
1208	1	11	160	6225	11551
1209	3	16	120	6230	993
1210	15	0	160	6235	19646
1211	5	13	200	6240	7825
1212	0	18	160	6245	3840
1213	1	11	80	6250	2830
1214	1	11	200	6255	8452
1215	5	13	200	6260	26494
1216	5	13	200	6265	13910
1217	19	8	80	6270	11152
1218	0	18	80	6275	23805
1219	5	13	120	6280	601
1220	0	18	120	6285	16501
1221	15	0	120	6290	17106
1222	15	0	200	6295	14597
1223	19	8	80	6300	7822
1224	15	0	160	6305	20656
1225	6	19	80	6310	14912
1226	5	13	160	6315	21439
1227	0	18	80	6320	4124
1228	0	18	200	6325	23501
1229	4	7	200	6330	2315
1230	6	19	120	6335	6065
1231	1	11	80	6340	9121
1232	4	7	120	6345	17834
1233	0	18	80	6350	4193
1234	4	7	160	6355	14432
1235	1	11	200	6360	4271
1236	19	8	200	6365	13122
1237	4	7	200	6370	2599
1238	15	0	80	6375	349
1239	5	13	80	6380	19985
1240	19	8	200	6385	7690
1241	3	16	120	6390	4828
1242	1	11	120	6395	4085
1243	3	16	80	6400	1327
1244	1	11	80	6404	1413
1245	19	8	160	6408	270
1246	1	11	160	6412	7110
1247	5	13	200	6416	14460
1248	15	0	80	6420	75329
1249	6	19	160	6424	16743
1250	4	7	200	6428	640
1251	3	16	160	6432	1907
1252	1	11	200	6436	920
1253	4	7	120	6440	4606
1254	1	11	80	6444	16135
1255	19	8	80	6448	15420
1256	3	16	80	6452	4633
1257	5	13	160	6456	4791
1258	3	16	200	6460	25836
1259	19	8	160	6464	4177
1260	15	0	80	6468	6873
1261	4	7	120	6472	1148
1262	15	0	120	6476	3291
1263	15	0	200	6480	7014
1264	6	19	80	6484	13772
1265	5	13	120	6488	3827
1266	0	18	160	6492	14661
1267	0	18	160	6496	46336
1268	15	0	160	6500	8572
1269	0	18	200	6504	2768
1270	6	19	200	6508	3060
1271	1	11	80	6512	8115
1272	1	11	80	6516	10310
1273	5	13	200	6520	635
1274	5	13	160	6524	10289
1275	15	0	200	6528	6452
1276	5	13	200	6532	7642
1277	4	7	200	6536	10966
1278	6	19	80	6540	5502
1279	15	0	80	6544	19245
1280	4	7	160	6548	3683
1281	0	18	200	6552	1700
1282	1	11	200	6556	4156
1283	4	7	80	6560	1353
1284	0	18	80	6564	1581
1285	3	16	160	6568	3449
1286	0	18	80	6572	7361
1287	0	18	200	6576	7283
1288	19	8	200	6580	9730
1289	5	13	120	6584	44876
1290	19	8	200	6588	46481
1291	3	16	80	6592	4909
1292	1	11	200	6596	4467
1293	15	0	160	6600	15923
1294	6	19	80	6604	5636
1295	4	7	120	6608	5773
1296	4	7	80	6612	1150
1297	4	7	160	6616	22443
1298	5	13	80	6620	6579
1299	6	19	160	6624	21847
1300	15	0	80	6628	4575
1301	1	11	200	6632	7576
1302	6	19	120	6636	2525
1303	15	0	120	6640	18846
1304	19	8	160	6644	8987
1305	3	16	200	6648	9865
1306	1	11	160	6652	10140
1307	5	13	80	6656	270
1308	15	0	200	6660	16304
1309	4	7	120	6664	4689
1310	3	16	80	6668	3489
1311	15	0	120	6672	15331
1312	15	0	160	6676	39060
1313	4	7	200	6680	1066
1314	4	7	200	6684	361
1315	15	0	80	6688	4347
1316	3	16	160	6692	19224
1317	4	7	80	6696	1715
1318	15	0	200	6700	4613
1319	4	7	120	6704	6805
1320	4	7	120	6708	20218
1321	0	18	160	6712	3457
1322	1	11	160	6716	6607
1323	3	16	80	6720	9169
1324	1	11	80	6724	3087
1325	3	16	160	6728	26413
1326	19	8	120	6732	2390
1327	3	16	120	6800	22125
1328	15	0	160	6804	13551
1329	0	18	120	6808	2585
1330	3	16	200	6812	4707
1331	1	11	120	6816	11774
1332	15	0	200	6820	2336
1333	0	18	120	6824	9053
1334	0	18	200	6828	7889
1335	3	16	160	6832	19086
1336	4	7	160	6836	34237
1337	3	16	160	6840	8334
1338	4	7	120	6844	10396
1339	15	0	120	6848	9933
1340	1	11	80	6852	13648
1341	4	7	80	6856	6877
1342	1	11	80	6860	14937
1343	4	7	160	6864	3168
1344	3	16	120	6868	15444
1345	0	18	120	6872	3579
1346	5	13	160	6876	5627
1347	6	19	200	6880	3072
1348	4	7	160	6884	14651
1349	19	8	80	6888	882
1350	1	11	160	6892	10507
1351	0	18	200	6896	38109
1352	6	19	160	6900	8977
1353	1	11	160	6904	54388
1354	1	11	120	6908	285
1355	6	19	120	6912	828
1356	0	18	120	6916	548
1357	3	16	80	6920	12789
1358	6	19	80	6924	9995
1359	6	19	80	6928	12187
1360	3	16	120	6932	5733
1361	15	0	80	6936	15654
1362	15	0	120	6940	5087
1363	6	19	120	6944	9559
1364	1	11	160	6948	82587
1365	0	18	160	6952	11840
1366	19	8	120	6956	9432
1367	6	19	80	6960	6781
1368	4	7	200	6964	11090
1369	0	18	80	6968	3190
1370	3	16	160	6972	5385
1371	19	8	200	6976	4242
1372	0	18	160	6980	9679
1373	19	8	160	6984	16937
1374	1	11	80	6988	16804
1375	19	8	80	6992	5703
1376	19	8	160	6996	9274
1377	6	19	200	7000	2548
1378	0	18	200	7004	19950
1379	0	18	160	7008	41652
1380	15	0	80	7012	8682
1381	1	11	120	7016	37154
1382	19	8	200	7020	1764
1383	15	0	160	7024	11171
1384	19	8	160	7028	11313
1385	1	11	200	7032	5473
1386	5	13	200	7036	1242
1387	6	19	80	7040	2494
1388	15	0	200	7044	8467
1389	3	16	160	7048	6436
1390	3	16	120	7052	16706
1391	0	18	120	7056	4055
1392	6	19	160	7060	32887
1393	6	19	120	7064	34105
1394	4	7	200	7068	2427
1395	3	16	80	7072	36101
1396	6	19	160	7076	1140
1397	4	7	160	7080	2132
1398	3	16	80	7084	3184
1399	1	11	160	7088	1220
1400	1	11	200	7092	15003
1401	15	0	120	7096	34301
1402	3	16	80	7100	11696
1403	3	16	120	7104	7654
1404	5	13	120	7108	14826
1405	3	16	160	7112	4035
1406	0	18	80	7116	6221
1407	6	19	80	7120	17663
1408	0	18	160	7124	3226
1409	3	16	120	7128	12435
1410	15	0	200	7132	9019
1411	3	16	120	7136	23039
1412	3	16	120	7200	22388
1413	6	19	120	7205	10885
1414	19	8	80	7210	1572
1415	0	18	80	7215	6642
1416	19	8	80	7220	10756
1417	19	8	160	7225	16151
1418	15	0	200	7230	33502
1419	19	8	160	7235	12019
1420	5	13	200	7240	9029
1421	3	16	120	7245	5292
1422	19	8	80	7250	31166
1423	1	11	120	7255	2499
1424	15	0	200	7260	7893
1425	3	16	80	7265	932
1426	1	11	120	7270	5399
1427	3	16	120	7275	11359
1428	5	13	200	7280	10214
1429	19	8	80	7285	19486
1430	1	11	120	7290	4069
1431	4	7	200	7295	5649
1432	3	16	160	7300	38102
1433	15	0	80	7305	15005
1434	15	0	160	7310	3537
1435	19	8	160	7315	10192
1436	19	8	120	7320	4843
1437	5	13	120	7325	13129
1438	3	16	80	7330	27220
1439	5	13	200	7335	4714
1440	0	18	160	7340	39136
1441	19	8	160	7345	4767
1442	6	19	160	7350	36426
1443	5	13	160	7355	23674
1444	4	7	160	7360	26135
1445	19	8	200	7365	27404
1446	15	0	80	7370	6991
1447	0	18	80	7375	4970
1448	6	19	120	7380	20500
1449	4	7	160	7385	17028
1450	3	16	200	7390	5330
1451	15	0	200	7395	5187
1452	6	19	200	7400	3045
1453	4	7	160	7405	11007
1454	6	19	160	7410	10069
1455	19	8	160	7415	5298
1456	15	0	80	7420	207
1457	1	11	160	7425	6843
1458	5	13	160	7430	54750
1459	3	16	120	7435	12078
1460	0	18	120	7440	30802
1461	15	0	200	7445	18878
1462	1	11	120	7450	2639
1463	0	18	120	7455	6806
1464	0	18	200	7460	5311
1465	3	16	80	7465	1991
1466	0	18	200	7470	27064
1467	4	7	80	7475	1693
1468	15	0	160	7480	5003
1469	19	8	120	7485	9596
1470	0	18	200	7490	1171
1471	3	16	200	7495	31376
1472	6	19	160	7500	22233
1473	1	11	80	7505	11416
1474	15	0	200	7510	13342
1475	6	19	120	7515	2691
1476	6	19	200	7520	6224
1477	4	7	160	7525	801
1478	6	19	200	7530	4302
1479	15	0	80	7535	10522
1480	4	7	80	7540	12036
1481	1	11	80	7545	281
1482	5	13	80	7550	18906
1483	0	18	80	7555	20251
1484	5	13	80	7600	7048
1485	3	16	120	7605	33105
1486	15	0	80	7610	1969
1487	15	0	80	7615	5314
1488	1	11	160	7620	1889
1489	19	8	80	7625	27441
1490	0	18	160	7630	9721
1491	15	0	160	7635	27326
1492	0	18	200	7640	13509
1493	19	8	200	7645	3645
1494	5	13	160	7650	6163
1495	3	16	200	7655	2221
1496	6	19	80	7660	1677
1497	5	13	80	7665	8784
1498	4	7	200	7670	8397
1499	0	18	120	7675	15882
1500	19	8	80	7680	35
1501	3	16	200	7685	4452
1502	1	11	160	7690	75696
1503	15	0	200	7695	3749
1504	3	16	160	7700	13125
1505	19	8	80	7705	6784
1506	1	11	120	7710	8505
1507	4	7	200	7715	11309
1508	5	13	160	7720	31795
1509	0	18	120	7725	5487
1510	1	11	200	7730	36497
1511	4	7	160	7735	36575
1512	4	7	200	7740	1717
1513	6	19	120	7745	6243
1514	15	0	80	7750	15
1515	15	0	80	7755	27635
1516	1	11	200	7760	91748
1517	0	18	80	7765	5782
1518	5	13	80	7770	53774
1519	6	19	120	7775	6557
1520	5	13	80	7780	18
1521	1	11	160	7785	9249
1522	1	11	160	7790	51141
1523	15	0	160	7795	7012
1524	19	8	200	7800	64353
1525	3	16	120	7805	2611
1526	3	16	200	7810	3471
1527	6	19	160	7815	10444
1528	6	19	120	7820	2861
1529	5	13	80	7825	8366
1530	19	8	80	7830	877
1531	1	11	160	7835	26019
1532	0	18	160	7840	9886
1533	6	19	120	7845	10058
1534	15	0	200	7850	10438
1535	1	11	120	7855	4685
1536	19	8	160	7860	303
1537	15	0	80	7865	8927
1538	6	19	120	7870	1950
1539	5	13	80	7875	149
1540	1	11	200	7880	6721
1541	4	7	120	7885	9344
1542	3	16	160	7890	6714
1543	1	11	80	7895	18099
1544	6	19	80	7900	35064
1545	6	19	200	7905	11075
1546	3	16	200	7910	17331
1547	3	16	120	7915	3775
1548	0	18	200	7920	3624
1549	6	19	120	7925	8356
1550	0	18	80	7930	2228
1551	6	19	200	7935	16542
1552	19	8	200	7940	9070
1553	6	19	120	7945	1030
1554	5	13	120	7950	15811
1555	6	19	120	7955	7519
1556	1	11	80	8000	4699
1557	4	7	80	8004	9732
1558	19	8	80	8008	3826
1559	0	18	120	8012	7607
1560	6	19	80	8016	2390
1561	4	7	200	8020	31335
1562	15	0	120	8024	6093
1563	0	18	120	8028	6688
1564	1	11	120	8032	4220
1565	0	18	80	8036	827
1566	4	7	200	8040	5956
1567	15	0	120	8044	10011
1568	19	8	120	8048	20892
1569	6	19	200	8052	13599
1570	19	8	120	8056	24955
1571	4	7	160	8060	7726
1572	4	7	200	8064	3173
1573	0	18	80	8068	44921
1574	5	13	160	8072	58158
1575	1	11	160	8076	7406
1576	19	8	80	8080	1382
1577	0	18	160	8084	2786
1578	0	18	120	8088	8231
1579	1	11	200	8092	5983
1580	0	18	120	8096	6776
1581	19	8	160	8100	47735
1582	5	13	160	8104	4636
1583	19	8	80	8108	14875
1584	4	7	80	8112	4850
1585	1	11	80	8116	4670
1586	1	11	160	8120	5266
1587	3	16	120	8124	7823
1588	0	18	200	8128	21642
1589	1	11	160	8132	1471
1590	19	8	80	8136	85569
1591	5	13	160	8140	7604
1592	19	8	80	8144	3480
1593	6	19	80	8148	13691
1594	15	0	80	8152	21385
1595	6	19	80	8156	8373
1596	5	13	80	8160	1849
1597	1	11	80	8164	14
1598	0	18	200	8168	7898
1599	6	19	80	8172	25400
1600	1	11	80	8176	2849
1601	5	13	120	8180	2651
1602	4	7	200	8184	7071
1603	4	7	80	8188	10487
1604	15	0	200	8192	11821
1605	6	19	120	8196	14240
1606	1	11	80	8200	8699
1607	19	8	200	8204	9690
1608	0	18	200	8208	1133
1609	4	7	200	8212	3803
1610	15	0	120	8216	5294
1611	0	18	160	8220	1491
1612	3	16	200	8224	732
1613	6	19	80	8228	25479
1614	0	18	200	8232	465
1615	6	19	160	8236	2668
1616	19	8	80	8240	11178
1617	15	0	80	8244	13965
1618	6	19	120	8248	1194
1619	19	8	80	8252	43828
1620	15	0	120	8256	14911
1621	0	18	160	8260	29203
1622	6	19	160	8264	15735
1623	6	19	200	8268	14823
1624	6	19	200	8272	13629
1625	3	16	200	8276	6242
1626	5	13	120	8280	3027
1627	15	0	200	8284	9633
1628	1	11	200	8288	1874
1629	19	8	160	8292	8076
1630	5	13	160	8296	4588
1631	6	19	200	8300	1366
1632	0	18	160	8304	15491
1633	4	7	120	8308	11510
1634	19	8	160	8312	2399
1635	4	7	80	8316	3186
1636	5	13	160	8320	9214
1637	1	11	160	8324	16064
1638	1	11	80	8328	1051
1639	6	19	160	8332	12184
1640	0	18	200	8336	19725
1641	3	16	200	8340	19384
1642	1	11	160	8344	5908
1643	6	19	80	8348	9951
1644	4	7	80	8352	17057
1645	19	8	120	8356	25678
1646	3	16	200	8360	6335
1647	3	16	200	8364	5571
1648	6	19	80	8400	12341
1649	1	11	120	8405	12007
1650	15	0	200	8410	27188
1651	15	0	200	8415	7286
1652	5	13	160	8420	28431
1653	0	18	160	8425	8514
1654	15	0	160	8430	2210
1655	1	11	160	8435	4264
1656	15	0	200	8440	7567
1657	6	19	200	8445	15982
1658	6	19	120	8450	28104
1659	5	13	80	8455	2996
1660	1	11	80	8460	7659
1661	4	7	120	8465	39809
1662	15	0	200	8470	6320
1663	1	11	120	8475	11004
1664	15	0	80	8480	36925
1665	0	18	120	8485	3438
1666	0	18	80	8490	5968
1667	19	8	160	8495	7009
1668	6	19	120	8500	14412
1669	5	13	200	8505	19608
1670	1	11	80	8510	13064
1671	6	19	160	8515	24322
1672	6	19	80	8520	11110
1673	19	8	200	8525	7328
1674	19	8	80	8530	2197
1675	5	13	160	8535	28920
1676	15	0	200	8540	8894
1677	0	18	120	8545	2191
1678	3	16	200	8550	36096
1679	15	0	120	8555	19104
1680	0	18	80	8560	64714
1681	1	11	160	8565	22890
1682	1	11	160	8570	28825
1683	0	18	120	8575	8615
1684	1	11	160	8580	10804
1685	6	19	200	8585	23821
1686	1	11	120	8590	2694
1687	19	8	200	8595	2933
1688	5	13	160	8600	7143
1689	15	0	80	8605	25658
1690	6	19	120	8610	17400
1691	15	0	160	8615	19311
1692	4	7	120	8620	21545
1693	6	19	80	8625	23845
1694	5	13	160	8630	2177
1695	5	13	120	8635	22218
1696	5	13	200	8640	5965
1697	0	18	120	8645	18644
1698	15	0	80	8650	11290
1699	3	16	200	8655	8547
1700	15	0	120	8660	8091
1701	3	16	120	8665	41218
1702	5	13	120	8670	13387
1703	0	18	120	8675	21811
1704	19	8	120	8680	41685
1705	0	18	120	8685	340
1706	1	11	200	8690	22870
1707	5	13	200	8695	7161
1708	1	11	120	8700	5001
1709	1	11	200	8705	3581
1710	3	16	160	8710	17935
1711	6	19	120	8715	4294
1712	4	7	80	8720	18468
1713	19	8	200	8725	1363
1714	5	13	200	8730	3066
1715	19	8	120	8735	11618
1716	3	16	200	8740	669
1717	15	0	120	8745	27300
1718	0	18	160	8750	80
1719	1	11	120	8755	1148
1720	15	0	80	8760	590
1721	1	11	80	8765	2308
1722	3	16	200	8770	60976
1723	15	0	120	8800	20378
1724	15	0	120	8805	482
1725	4	7	120	8810	23887
1726	1	11	80	8815	418
1727	19	8	200	8820	16205
1728	4	7	80	8825	4128
1729	3	16	160	8830	4704
1730	0	18	200	8835	8769
1731	15	0	160	8840	15932
1732	1	11	120	8845	9775
1733	19	8	80	8850	6981
1734	19	8	80	8855	4383
1735	6	19	200	8860	336
1736	6	19	80	8865	2370
1737	0	18	120	8870	895
1738	0	18	80	8875	9403
1739	0	18	120	8880	10005
1740	5	13	200	8885	136
1741	6	19	120	8890	16718
1742	6	19	120	8895	25053
1743	4	7	160	8900	2537
1744	5	13	160	8905	1350
1745	0	18	80	8910	7497
1746	3	16	120	8915	175
1747	5	13	120	8920	15560
1748	1	11	120	8925	12173
1749	5	13	80	8930	9467
1750	1	11	160	8935	18655
1751	15	0	120	8940	8186
1752	19	8	200	8945	18269
1753	6	19	160	8950	8768
1754	5	13	160	8955	7427
1755	6	19	120	8960	4548
1756	0	18	120	8965	43787
1757	15	0	80	8970	23197
1758	3	16	200	8975	19204
1759	4	7	200	8980	1339
1760	15	0	80	8985	60790
1761	1	11	200	8990	1404
1762	0	18	160	8995	2068
1763	15	0	200	9000	199
1764	1	11	80	9005	16144
1765	4	7	200	9010	499
1766	4	7	80	9015	16334
1767	4	7	80	9020	5064
1768	19	8	200	9025	19394
1769	15	0	200	9030	2645
1770	3	16	120	9035	6978
1771	3	16	120	9040	48471
1772	6	19	120	9045	5242
1773	0	18	80	9050	6981
1774	5	13	120	9055	999
1775	1	11	160	9060	4216
1776	4	7	160	9065	4262
1777	19	8	80	9070	19506
1778	3	16	200	9075	14876
1779	15	0	120	9080	10262
1780	0	18	80	9085	22672
1781	6	19	160	9090	4413
1782	15	0	160	9095	1311
1783	15	0	80	9100	16416
1784	1	11	200	9105	9203
1785	3	16	120	9110	290
1786	19	8	200	9115	36716
1787	4	7	160	9120	474
1788	4	7	120	9125	46730
1789	3	16	160	9130	55958
1790	5	13	120	9135	662
1791	15	0	80	9140	4698
1792	15	0	120	9145	3837
1793	5	13	80	9150	6907
1794	3	16	120	9155	10181
1795	3	16	80	9160	27739
1796	5	13	200	9165	10797
1797	19	8	160	9170	23552
1798	3	16	160	9175	7197
1799	0	18	160	9180	815
1800	5	13	80	9185	15316
1801	19	8	80	9190	13313
1802	5	13	160	9200	31117
1803	3	16	120	9205	6947
1804	3	16	200	9210	1327
1805	19	8	120	9215	19699
1806	0	18	80	9220	1817
1807	19	8	160	9225	4999
1808	1	11	120	9230	6925
1809	3	16	80	9235	2166
1810	3	16	160	9240	199
1811	1	11	120	9245	2247
1812	5	13	120	9250	1876
1813	4	7	160	9255	3033
1814	4	7	200	9260	3561
1815	1	11	120	9265	13898
1816	3	16	120	9270	83
1817	3	16	120	9275	6391
1818	6	19	200	9280	7868
1819	15	0	200	9285	15088
1820	5	13	80	9290	1100
1821	0	18	120	9295	14646
1822	19	8	200	9300	5442
1823	6	19	80	9305	19978
1824	3	16	160	9310	1867
1825	4	7	120	9315	1493
1826	5	13	200	9320	14799
1827	0	18	80	9325	29771
1828	15	0	160	9330	24408
1829	1	11	120	9335	2367
1830	5	13	160	9340	14565
1831	4	7	200	9345	6945
1832	6	19	160	9350	5208
1833	1	11	80	9355	12421
1834	3	16	120	9360	23076
1835	1	11	200	9365	2360
1836	0	18	80	9370	5785
1837	5	13	120	9375	13086
1838	5	13	120	9380	12282
1839	1	11	160	9385	15678
1840	1	11	120	9390	25788
1841	19	8	80	9395	11373
1842	3	16	80	9400	11002
1843	1	11	120	9405	20213
1844	19	8	80	9410	43827
1845	3	16	80	9415	25736
1846	3	16	160	9420	2369
1847	3	16	200	9425	619
1848	1	11	80	9430	2394
1849	1	11	80	9435	26053
1850	0	18	160	9440	26928
1851	3	16	120	9445	2387
1852	3	16	200	9450	5708
1853	4	7	160	9455	15956
1854	5	13	160	9460	45822
1855	5	13	160	9465	193
1856	19	8	120	9470	4376
1857	19	8	120	9475	1458
1858	19	8	160	9480	4201
1859	19	8	160	9485	52759
1860	4	7	120	9490	1233
1861	0	18	200	9495	3046
1862	1	11	80	9500	7652
1863	19	8	80	9505	3604
1864	15	0	120	9510	7444
1865	15	0	160	9515	10326
1866	5	13	200	9520	20488
1867	3	16	80	9525	8316
1868	1	11	80	9530	5535
1869	3	16	80	9535	977
1870	0	18	80	9540	4339
1871	6	19	80	9545	5040
1872	6	19	80	9550	17754
1873	4	7	80	9555	16717
1874	6	19	160	9560	21419
1875	5	13	200	9565	7738
1876	6	19	80	9570	1326
1877	15	0	160	9575	9587
1878	15	0	80	9580	21747
1879	19	8	120	9585	3633
1880	0	18	160	9590	33335
1881	3	16	200	9600	12887
1882	19	8	80	9605	15957
1883	5	13	160	9610	49069
1884	1	11	160	9615	4026
1885	1	11	120	9620	8870
1886	1	11	80	9625	753
1887	1	11	200	9630	11506
1888	5	13	160	9635	13187
1889	15	0	200	9640	21827
1890	1	11	120	9645	24759
1891	1	11	160	9650	3745
1892	6	19	160	9655	5517
1893	5	13	200	9660	12701
1894	15	0	80	9665	11982
1895	1	11	120	9670	12917
1896	15	0	80	9675	1822
1897	4	7	80	9680	5000
1898	3	16	200	9685	5209
1899	0	18	120	9690	6070
1900	15	0	120	9695	796
1901	19	8	160	9700	13644
1902	0	18	200	9705	13702
1903	19	8	80	9710	1299
1904	0	18	200	9715	10482
1905	3	16	160	9720	9608
1906	5	13	80	9725	6293
1907	15	0	160	9730	11829
1908	15	0	80	9735	28028
1909	19	8	200	9740	8384
1910	19	8	120	9745	29076
1911	0	18	200	9750	16898
1912	1	11	120	9755	3903
1913	0	18	120	9760	416
1914	15	0	200	9765	613
1915	0	18	120	9770	6943
1916	1	11	200	9775	8050
1917	5	13	120	9780	8039
1918	6	19	160	9785	43966
1919	5	13	80	9790	33707
1920	6	19	160	9795	8712
1921	3	16	200	9800	2707
1922	15	0	160	9805	21488
1923	4	7	120	9810	9104
1924	0	18	160	9815	2756
1925	19	8	160	9820	431
1926	0	18	120	9825	43981
1927	0	18	120	9830	1523
1928	5	13	200	9835	1535
1929	4	7	80	9840	2279
1930	15	0	160	9845	4884
1931	1	11	80	9850	17321
1932	5	13	160	9855	2647
1933	6	19	160	9860	6951
1934	1	11	80	9865	2632
1935	0	18	80	9870	3590
1936	3	16	80	9875	45563
1937	0	18	200	9880	12022
1938	5	13	200	9885	6144
1939	19	8	200	9890	15894
1940	5	13	80	9895	1457
1941	3	16	120	9900	6829
1942	4	7	160	9905	14996
1943	5	13	160	9910	2149
1944	19	8	120	9915	31318
1945	0	18	160	9920	1500
1946	19	8	120	9925	55748
1947	5	13	120	9930	4885
1948	15	0	200	9935	11090
1949	15	0	200	9940	2562
1950	0	18	160	9945	2242
1951	3	16	200	9950	12688
1952	15	0	160	9955	5476
1953	6	19	200	9960	6381
1954	4	7	160	9965	25526
1955	4	7	120	9970	23788
1956	1	11	200	9975	22456
1957	5	13	120	9980	1936
1958	15	0	120	9985	27326
1959	1	11	80	9990	9507
1960	1	11	80	10000	10313
1961	5	13	200	10004	4090
1962	3	16	200	10008	8480
1963	3	16	80	10012	15723
1964	1	11	80	10016	2212
1965	6	19	120	10020	1914
1966	5	13	80	10024	9781
1967	5	13	160	10028	21841
1968	19	8	80	10032	21777
1969	6	19	200	10036	18799
1970	15	0	80	10040	7433
1971	0	18	200	10044	23248
1972	0	18	120	10048	1099
1973	6	19	160	10052	3297
1974	0	18	80	10056	20939
1975	3	16	120	10060	1029
1976	19	8	120	10064	8046
1977	1	11	200	10068	13272
1978	5	13	80	10072	11154
1979	19	8	200	10076	1101
1980	19	8	80	10080	551
1981	5	13	80	10084	12258
1982	3	16	160	10088	8710
1983	15	0	80	10092	31551
1984	3	16	120	10096	30
1985	4	7	200	10100	13739
1986	3	16	160	10104	6079
1987	15	0	200	10108	18475
1988	1	11	80	10112	9821
1989	6	19	160	10116	4890
1990	15	0	120	10120	6382
1991	6	19	200	10124	21158
1992	1	11	160	10128	15953
1993	3	16	160	10132	23053
1994	15	0	200	10136	2056
1995	0	18	80	10140	20950
1996	0	18	160	10144	31451
1997	0	18	160	10148	49004
1998	4	7	160	10152	65179
1999	1	11	80	10156	18114
2000	4	7	160	10160	9855
2001	4	7	200	10164	1984
2002	6	19	80	10168	8252
2003	0	18	80	10172	20049
2004	19	8	160	10176	15734
2005	19	8	160	10180	4532
2006	1	11	120	10184	9991
2007	1	11	80	10188	1617
2008	6	19	200	10192	10615
2009	1	11	120	10196	19232
2010	5	13	80	10200	5615
2011	0	18	200	10204	2336
2012	19	8	120	10208	9417
2013	15	0	120	10212	19912
2014	1	11	80	10216	8371
2015	6	19	80	10220	33106
2016	1	11	120	10224	17782
2017	4	7	160	10228	10377
2018	0	18	160	10232	15612
2019	6	19	120	10236	8001
2020	4	7	200	10240	16635
2021	15	0	80	10244	17733
2022	3	16	160	10248	3927
2023	1	11	120	10252	8375
2024	19	8	160	10256	5712
2025	0	18	120	10260	12036
2026	19	8	120	10264	1541
2027	6	19	200	10268	3198
2028	15	0	200	10272	1037
2029	19	8	200	10276	104630
2030	1	11	160	10280	2019
2031	19	8	160	10284	8448
2032	15	0	120	10288	13432
2033	4	7	80	10292	21004
2034	4	7	120	10296	8997
2035	4	7	120	10300	26767
2036	15	0	80	10304	1847
2037	3	16	120	10308	14616
2038	15	0	120	10312	2638
2039	4	7	200	10316	13976
2040	3	16	120	10320	1488
2041	1	11	160	10324	3798
2042	0	18	200	10328	2654
2043	0	18	160	10400	17136
2044	1	11	160	10404	38941
2045	6	19	120	10408	3223
2046	15	0	160	10412	4021
2047	3	16	80	10416	31186
2048	1	11	160	10420	5193
2049	1	11	160	10424	2994
2050	19	8	200	10428	649
2051	5	13	200	10432	5140
2052	0	18	80	10436	3539
2053	6	19	80	10440	8535
2054	15	0	80	10444	352
2055	6	19	120	10448	18629
2056	1	11	80	10452	24788
2057	5	13	160	10456	63348
2058	1	11	160	10460	6811
2059	15	0	120	10464	1227
2060	0	18	120	10468	2588
2061	5	13	120	10472	4825
2062	3	16	80	10476	531
2063	15	0	80	10480	10619
2064	19	8	160	10484	12385
2065	6	19	120	10488	24327
2066	3	16	120	10492	8400
2067	5	13	80	10496	15168
2068	3	16	80	10500	3978
2069	6	19	160	10504	11289
2070	15	0	200	10508	18956
2071	19	8	200	10512	852
2072	6	19	80	10516	5765
2073	5	13	200	10520	486
2074	4	7	80	10524	5543
2075	1	11	120	10528	7816
2076	15	0	120	10532	10224
2077	1	11	200	10536	8780
2078	19	8	200	10540	9353
2079	1	11	80	10544	1854
2080	3	16	200	10548	5142
2081	5	13	120	10552	2601
2082	5	13	120	10556	25711
2083	6	19	80	10560	23766
2084	0	18	200	10564	35275
2085	6	19	200	10568	19709
2086	15	0	160	10572	3451
2087	1	11	120	10576	2157
2088	6	19	200	10580	19152
2089	15	0	80	10584	16131
2090	3	16	80	10588	233
2091	3	16	160	10592	1918
2092	0	18	200	10596	3793
2093	0	18	80	10600	1265
2094	3	16	160	10604	8174
2095	6	19	200	10608	18476
2096	15	0	120	10612	3105
2097	3	16	200	10616	11334
2098	1	11	200	10620	1485
2099	5	13	120	10624	1167
2100	4	7	200	10628	15806
2101	1	11	120	10632	10050
2102	0	18	80	10636	12375
2103	4	7	200	10640	16240
2104	4	7	200	10644	6679
2105	19	8	80	10648	49715
2106	19	8	160	10652	40900
2107	4	7	120	10656	2914
2108	1	11	80	10660	1796
2109	5	13	200	10664	9590
2110	19	8	80	10668	2902
2111	0	18	120	10672	5250
2112	5	13	200	10676	7251
2113	19	8	120	10680	4108
2114	4	7	160	10684	16575
2115	4	7	200	10688	84218
2116	19	8	80	10692	7140
2117	6	19	80	10696	2400
2118	15	0	80	10700	12265
2119	3	16	200	10704	21785
2120	15	0	200	10708	11558
2121	1	11	80	10712	4966
2122	19	8	120	10716	30337
2123	5	13	80	10720	9394
2124	4	7	160	10724	10711
2125	4	7	120	10728	12467
2126	15	0	200	10732	19167
2127	5	13	200	10736	3965
2128	1	11	120	10740	9470
2129	6	19	80	10744	10536
2130	3	16	200	10748	3462
2131	5	13	120	10752	39335
2132	19	8	200	10756	6178
2133	4	7	160	10800	7144
2134	6	19	80	10804	6354
2135	0	18	120	10808	18239
2136	5	13	80	10812	9620
2137	1	11	120	10816	1824
2138	3	16	80	10820	6854
2139	0	18	200	10824	39559
2140	6	19	80	10828	21960
2141	4	7	120	10832	419
2142	19	8	120	10836	309
2143	0	18	200	10840	3404
2144	15	0	200	10844	8919
2145	1	11	200	10848	13119
2146	15	0	200	10852	14218
2147	0	18	160	10856	47633
2148	5	13	160	10860	5194
2149	19	8	160	10864	8195
2150	15	0	160	10868	4933
2151	1	11	80	10872	574
2152	4	7	160	10876	42476
2153	19	8	80	10880	3929
2154	15	0	120	10884	7718
2155	1	11	200	10888	5994
2156	3	16	200	10892	12496
2157	4	7	80	10896	1271
2158	19	8	120	10900	1967
2159	19	8	160	10904	18206
2160	1	11	80	10908	2478
2161	3	16	200	10912	13881
2162	1	11	80	10916	13299
2163	4	7	200	10920	9705
2164	1	11	80	10924	4274
2165	4	7	200	10928	3492
2166	1	11	120	10932	36421
2167	0	18	80	10936	59
2168	3	16	80	10940	25325
2169	3	16	80	10944	41104
2170	19	8	200	10948	7123
2171	15	0	160	10952	4408
2172	4	7	200	10956	16452
2173	15	0	120	10960	13567
2174	5	13	200	10964	72594
2175	4	7	120	10968	10524
2176	1	11	160	10972	4512
2177	19	8	160	10976	13420
2178	6	19	80	10980	223
2179	3	16	160	10984	31168
2180	6	19	160	10988	36428
2181	6	19	120	10992	20342
2182	0	18	120	10996	31921
2183	3	16	160	11000	627
2184	19	8	120	11004	3409
2185	1	11	200	11008	2736
2186	0	18	160	11012	56955
2187	0	18	200	11016	1577
2188	6	19	80	11020	43898
2189	4	7	80	11024	216
2190	15	0	120	11028	1729
2191	0	18	80	11032	7193
2192	3	16	80	11036	55057
2193	4	7	160	11040	12751
2194	15	0	160	11044	17975
2195	3	16	120	11048	2008
2196	1	11	120	11052	5439
2197	5	13	160	11056	7638
2198	15	0	200	11060	35328
2199	4	7	80	11064	3807
2200	0	18	120	11068	14977
2201	6	19	160	11072	14027
2202	15	0	120	11076	1294
2203	1	11	160	11080	5811
2204	19	8	200	11084	580
2205	0	18	80	11088	361
2206	6	19	80	11092	4290
2207	6	19	120	11096	4174
2208	3	16	80	11100	3968
2209	3	16	80	11104	26533
2210	0	18	120	11108	997
2211	4	7	120	11112	43728
2212	15	0	200	11116	1027
2213	6	19	160	11120	3069
2214	1	11	80	11124	21173
2215	4	7	200	11128	5547
2216	3	16	120	11132	16899
2217	15	0	120	11136	11578
2218	5	13	120	11140	4405
2219	0	18	80	11200	1207
2220	4	7	80	11205	3633
2221	0	18	120	11210	21173
2222	4	7	80	11215	374
2223	15	0	200	11220	23671
2224	5	13	160	11225	21493
2225	15	0	160	11230	68756
2226	5	13	160	11235	4585
2227	0	18	120	11240	1154
2228	19	8	160	11245	27722
2229	1	11	160	11250	22259
2230	1	11	80	11255	2974
2231	6	19	80	11260	22181
2232	0	18	200	11265	15528
2233	1	11	200	11270	16472
2234	1	11	120	11275	2867
2235	0	18	200	11280	3656
2236	15	0	200	11285	15026
2237	15	0	160	11290	9480
2238	3	16	200	11295	44
2239	19	8	120	11300	2945
2240	4	7	160	11305	28038
2241	3	16	80	11310	14348
2242	6	19	160	11315	22112
2243	3	16	200	11320	1050
2244	4	7	200	11325	33393
2245	3	16	80	11330	2097
2246	3	16	80	11335	5522
2247	5	13	160	11340	17335
2248	1	11	160	11345	20966
2249	4	7	200	11350	6256
2250	0	18	200	11355	6103
2251	3	16	80	11360	16421
2252	19	8	80	11365	2144
2253	15	0	160	11370	22895
2254	0	18	80	11375	128
2255	19	8	200	11380	25874
2256	1	11	160	11385	12896
2257	0	18	120	11390	3315
2258	5	13	200	11395	9599
2259	1	11	80	11400	621
2260	4	7	120	11405	14939
2261	6	19	200	11410	2811
2262	15	0	200	11415	5991
2263	0	18	160	11420	6916
2264	1	11	80	11425	13336
2265	3	16	80	11430	3250
2266	4	7	160	11435	3420
2267	5	13	80	11440	4904
2268	4	7	120	11445	158
2269	1	11	80	11450	10018
2270	6	19	200	11455	12805
2271	4	7	160	11460	2817
2272	5	13	120	11465	11462
2273	5	13	80	11470	1126
2274	5	13	160	11475	2564
2275	0	18	200	11480	9953
2276	4	7	160	11485	52218
2277	1	11	80	11490	35227
2278	3	16	80	11495	30731
2279	3	16	160	11500	13407
2280	5	13	120	11505	11863
2281	19	8	80	11510	9674
2282	15	0	200	11515	3710
2283	5	13	160	11520	8186
2284	1	11	160	11525	7062
2285	19	8	200	11530	7709
2286	6	19	80	11535	13632
2287	3	16	80	11540	24879
2288	1	11	200	11545	15977
2289	1	11	120	11550	4775
2290	15	0	120	11555	11117
2291	15	0	160	11560	7680
2292	1	11	200	11565	64873
2293	1	11	200	11600	36750
2294	4	7	200	11605	8453
2295	15	0	200	11610	14227
2296	5	13	120	11615	4356
2297	6	19	80	11620	6201
2298	1	11	200	11625	6390
2299	1	11	160	11630	14482
2300	19	8	120	11635	29216
2301	15	0	80	11640	407
2302	0	18	80	11645	16686
2303	0	18	120	11650	3607
2304	15	0	80	11655	16648
2305	5	13	80	11660	2519
2306	15	0	200	11665	1674
2307	4	7	200	11670	922
2308	3	16	80	11675	12917
2309	0	18	80	11680	7107
2310	5	13	80	11685	27290
2311	0	18	120	11690	14925
2312	6	19	120	11695	4603
2313	3	16	120	11700	25227
2314	6	19	160	11705	6589
2315	5	13	120	11710	2072
2316	15	0	200	11715	34359
2317	3	16	80	11720	27459
2318	19	8	80	11725	59868
2319	1	11	80	11730	2631
2320	5	13	80	11735	9807
2321	0	18	120	11740	5616
2322	3	16	80	11745	10983
2323	3	16	200	11750	13853
2324	3	16	200	11755	39253
2325	15	0	120	11760	2429
2326	3	16	200	11765	2885
2327	3	16	120	11770	13017
2328	1	11	80	11775	10524
2329	6	19	160	11780	8268
2330	4	7	160	11785	3601
2331	6	19	160	11790	10511
2332	0	18	80	11795	9163
2333	1	11	120	11800	3010
2334	4	7	80	11805	17148
2335	15	0	80	11810	10833
2336	15	0	200	11815	19457
2337	15	0	120	11820	75
2338	15	0	160	11825	16361
2339	5	13	120	11830	3539
2340	0	18	80	11835	5055
2341	3	16	80	11840	11143
2342	0	18	80	11845	2905
2343	1	11	200	11850	4091
2344	6	19	80	11855	6770
2345	15	0	200	11860	26743
2346	0	18	80	11865	2008
2347	19	8	120	11870	1502
2348	5	13	80	11875	9077
2349	19	8	160	11880	5114
2350	19	8	200	11885	16709
2351	3	16	120	11890	6248
2352	6	19	200	11895	6339
2353	19	8	160	11900	2920
2354	5	13	120	11905	1845
2355	15	0	80	11910	9281
2356	4	7	80	11915	6825
2357	15	0	120	11920	822
2358	6	19	160	11925	4239
2359	19	8	200	11930	10044
2360	3	16	120	11935	44587
2361	5	13	120	11940	7577
2362	3	16	200	11945	8080
2363	5	13	120	11950	2110
2364	5	13	160	12000	2494
2365	15	0	120	12005	4515
2366	0	18	80	12010	2347
2367	5	13	80	12015	1220
2368	19	8	120	12020	1498
2369	19	8	160	12025	21123
2370	6	19	120	12030	5284
2371	0	18	160	12035	33104
2372	4	7	160	12040	2011
2373	3	16	160	12045	16060
2374	1	11	80	12050	23016
2375	3	16	80	12055	36811
2376	0	18	80	12060	2074
2377	1	11	80	12065	4464
2378	6	19	200	12070	3509
2379	5	13	200	12075	867
2380	15	0	80	12080	354
2381	3	16	120	12085	1211
2382	15	0	120	12090	1689
2383	1	11	160	12095	3245
2384	15	0	200	12100	16464
2385	1	11	120	12105	23035
2386	0	18	200	12110	2282
2387	1	11	120	12115	4592
2388	6	19	200	12120	992
2389	5	13	200	12125	3010
2390	3	16	80	12130	2103
2391	0	18	160	12135	15987
2392	0	18	200	12140	14799
2393	15	0	200	12145	2340
2394	3	16	80	12150	3938
2395	5	13	160	12155	25009
2396	0	18	120	12160	1464
2397	4	7	200	12165	663
2398	6	19	120	12170	1280
2399	15	0	160	12175	1501
2400	6	19	200	12180	15047
2401	5	13	80	12185	709
2402	0	18	80	12190	3
2403	6	19	160	12195	14555
2404	3	16	80	12200	56243
2405	15	0	120	12205	20242
2406	15	0	160	12210	3477
2407	4	7	120	12215	13400
2408	6	19	160	12220	5409
2409	1	11	120	12225	2514
2410	15	0	200	12230	5733
2411	1	11	200	12235	1576
2412	1	11	120	12240	20100
2413	0	18	200	12245	3103
2414	1	11	160	12250	9263
2415	19	8	200	12255	25402
2416	6	19	80	12260	4928
2417	0	18	80	12265	3500
2418	15	0	160	12270	6430
2419	3	16	120	12275	4884
2420	15	0	160	12280	1815
2421	19	8	160	12285	23568
2422	15	0	80	12290	210
2423	3	16	120	12295	27104
2424	5	13	120	12300	13202
2425	5	13	200	12305	11614
2426	0	18	160	12310	3104
2427	6	19	200	12315	45343
2428	19	8	120	12320	7348
2429	5	13	120	12325	45541
2430	1	11	200	12330	21886
2431	5	13	120	12335	1331
2432	5	13	200	12340	2819
2433	19	8	80	12400	1753
2434	15	0	80	12405	5263
2435	1	11	80	12410	42780
2436	3	16	80	12415	1207
2437	0	18	160	12420	6717
2438	19	8	120	12425	3391
2439	19	8	120	12430	32171
2440	4	7	160	12435	11048
2441	5	13	120	12440	8330
2442	4	7	200	12445	37239
2443	4	7	160	12450	26521
2444	15	0	80	12455	22142
2445	1	11	80	12460	460
2446	19	8	80	12465	30833
2447	19	8	200	12470	7864
2448	6	19	80	12475	12236
2449	4	7	120	12480	6133
2450	15	0	120	12485	9285
2451	0	18	80	12490	23752
2452	6	19	120	12495	12223
2453	3	16	200	12500	17472
2454	19	8	200	12505	45393
2455	15	0	80	12510	23165
2456	6	19	200	12515	490
2457	6	19	200	12520	1328
2458	1	11	80	12525	433
2459	6	19	80	12530	5557
2460	15	0	160	12535	10610
2461	1	11	200	12540	3849
2462	5	13	80	12545	2900
2463	1	11	80	12550	5841
2464	0	18	120	12555	5177
2465	1	11	160	12560	3856
2466	6	19	200	12565	29398
2467	3	16	120	12570	13551
2468	3	16	200	12575	24745
2469	19	8	120	12580	10021
2470	5	13	160	12585	18380
2471	6	19	120	12590	28652
2472	1	11	200	12595	82
2473	15	0	80	12600	7924
2474	19	8	160	12605	15828
2475	3	16	120	12610	12254
2476	4	7	200	12615	28196
2477	4	7	160	12620	1630
2478	5	13	80	12625	659
2479	3	16	80	12630	11916
2480	6	19	200	12635	14315
2481	0	18	160	12640	16502
2482	19	8	160	12645	4947
2483	5	13	200	12650	713
2484	15	0	80	12655	6931
2485	1	11	200	12660	45142
2486	19	8	80	12665	7530
2487	1	11	200	12670	7013
2488	19	8	80	12675	2073
2489	0	18	200	12680	8322
2490	5	13	120	12685	32196
2491	6	19	120	12690	56468
2492	19	8	160	12695	5994
2493	3	16	80	12700	25003
2494	1	11	160	12705	5069
2495	3	16	160	12710	4758
2496	0	18	120	12715	4039
2497	3	16	160	12720	10119
2498	4	7	80	12725	9314
2499	5	13	160	12730	10048
2500	5	13	120	12735	1588
2501	6	19	160	12740	3399
2502	6	19	80	12745	11235
2503	15	0	160	12750	910
2504	15	0	200	12755	11496
2505	1	11	80	12760	11950
2506	19	8	80	12765	23173
2507	15	0	80	12770	2028
2508	4	7	80	12775	418
2509	6	19	160	12780	4938
2510	3	16	80	12800	36022
2511	3	16	80	12804	29305
2512	0	18	160	12808	631
2513	15	0	200	12812	6248
2514	19	8	120	12816	13450
2515	6	19	200	12820	21970
2516	1	11	80	12824	33094
2517	19	8	80	12828	2049
2518	3	16	80	12832	35161
2519	15	0	160	12836	5615
2520	3	16	120	12840	19849
2521	4	7	200	12844	7643
2522	3	16	80	12848	8758
2523	3	16	200	12852	5594
2524	3	16	80	12856	12079
2525	15	0	80	12860	18893
2526	6	19	200	12864	8681
2527	15	0	160	12868	1689
2528	6	19	120	12872	1793
2529	5	13	80	12876	6235
2530	1	11	80	12880	5243
2531	1	11	80	12884	4893
2532	19	8	160	12888	10616
2533	0	18	160	12892	7994
2534	15	0	200	12896	8452
2535	0	18	80	12900	7173
2536	4	7	160	12904	1799
2537	0	18	200	12908	3690
2538	6	19	80	12912	6987
2539	5	13	80	12916	19814
2540	3	16	160	12920	1557
2541	0	18	200	12924	4462
2542	15	0	160	12928	6297
2543	1	11	160	12932	20665
2544	6	19	160	12936	9578
2545	1	11	80	12940	225
2546	5	13	200	12944	33695
2547	1	11	160	12948	52382
2548	3	16	160	12952	2700
2549	4	7	200	12956	8434
2550	0	18	120	12960	5946
2551	0	18	80	12964	1655
2552	19	8	120	12968	11709
2553	6	19	160	12972	2180
2554	3	16	80	12976	17046
2555	0	18	120	12980	12695
2556	3	16	160	12984	15651
2557	4	7	120	12988	3219
2558	5	13	160	12992	6926
2559	19	8	160	12996	20811
2560	5	13	80	13000	1474
2561	0	18	160	13004	15435
2562	0	18	160	13008	202
2563	15	0	80	13012	11898
2564	4	7	160	13016	49163
2565	1	11	200	13020	11467
2566	3	16	160	13024	4731
2567	0	18	200	13028	9986
2568	19	8	80	13032	27672
2569	19	8	120	13036	3043
2570	3	16	120	13040	14465
2571	1	11	120	13044	13370
2572	3	16	200	13048	15088
2573	15	0	80	13052	1787
2574	4	7	200	13056	3483
2575	1	11	160	13060	8274
2576	6	19	80	13064	778
2577	0	18	160	13068	14317
2578	5	13	80	13072	20763
2579	0	18	80	13076	11483
2580	1	11	120	13080	23025
2581	4	7	80	13084	9000
2582	5	13	200	13088	31877
2583	3	16	160	13092	12060
2584	5	13	160	13096	174
2585	1	11	200	13100	3061
2586	3	16	200	13104	14928
2587	3	16	80	13108	6557
2588	6	19	160	13112	15620
2589	15	0	120	13116	22986
2590	6	19	160	13120	15333
2591	19	8	80	13124	28119
2592	5	13	120	13128	20997
2593	6	19	160	13132	11544
2594	0	18	200	13136	14153
2595	3	16	80	13140	6090
2596	0	18	120	13144	4174
2597	19	8	160	13148	18134
2598	15	0	200	13152	21837
2599	4	7	160	13156	32701
2600	19	8	120	13200	14162
2601	5	13	200	13205	5635
2602	3	16	160	13210	1091
2603	3	16	80	13215	45523
2604	0	18	120	13220	19578
2605	15	0	80	13225	15230
2606	15	0	120	13230	6397
2607	0	18	120	13235	7955
2608	1	11	160	13240	29471
2609	0	18	160	13245	3617
2610	4	7	80	13250	10701
2611	3	16	200	13255	389
2612	15	0	80	13260	6383
2613	4	7	160	13265	20753
2614	6	19	80	13270	42185
2615	0	18	200	13275	10640
2616	4	7	160	13280	18952
2617	15	0	80	13285	5790
2618	3	16	120	13290	11438
2619	3	16	200	13295	17036
2620	15	0	80	13300	28074
2621	0	18	160	13305	28225
2622	3	16	80	13310	21767
2623	1	11	160	13315	585
2624	3	16	200	13320	8381
2625	4	7	80	13325	19102
2626	6	19	200	13330	22420
2627	5	13	120	13335	1233
2628	6	19	120	13340	7084
2629	1	11	200	13345	23082
2630	1	11	80	13350	2743
2631	6	19	160	13355	3999
2632	3	16	200	13360	23489
2633	1	11	160	13365	26303
2634	1	11	160	13370	30790
2635	6	19	160	13375	7811
2636	1	11	160	13380	6973
2637	1	11	160	13385	36518
2638	1	11	80	13390	21234
2639	6	19	160	13395	4203
2640	3	16	160	13400	20050
2641	1	11	120	13405	3091
2642	1	11	120	13410	8481
2643	5	13	80	13415	7566
2644	3	16	80	13420	3656
2645	4	7	160	13425	14032
2646	1	11	80	13430	8114
2647	0	18	160	13435	42
2648	19	8	120	13440	12516
2649	0	18	200	13445	1325
2650	15	0	120	13450	11120
2651	3	16	80	13455	29037
2652	6	19	80	13460	2161
2653	5	13	80	13465	996
2654	6	19	160	13470	375
2655	15	0	160	13475	18611
2656	1	11	160	13480	9259
2657	1	11	200	13485	481
2658	0	18	80	13490	7728
2659	6	19	120	13495	95
2660	1	11	80	13500	24793
2661	3	16	200	13505	4549
2662	4	7	200	13510	474
2663	19	8	160	13515	746
2664	19	8	120	13520	690
2665	6	19	160	13525	4394
2666	19	8	80	13530	2281
2667	6	19	160	13535	8913
2668	1	11	200	13540	27568
2669	0	18	160	13545	8122
2670	15	0	120	13600	1911
2671	3	16	80	13604	22110
2672	5	13	200	13608	9666
2673	5	13	200	13612	4610
2674	19	8	120	13616	35092
2675	5	13	160	13620	13543
2676	19	8	80	13624	6090
2677	15	0	80	13628	5530
2678	15	0	120	13632	18442
2679	15	0	120	13636	20134
2680	3	16	80	13640	4365
2681	5	13	120	13644	22146
2682	5	13	200	13648	7176
2683	6	19	120	13652	5009
2684	3	16	160	13656	3448
2685	19	8	200	13660	4165
2686	0	18	120	13664	1514
2687	15	0	160	13668	18118
2688	4	7	200	13672	23377
2689	4	7	200	13676	1743
2690	5	13	200	13680	33905
2691	0	18	160	13684	6157
2692	0	18	120	13688	7789
2693	5	13	200	13692	20689
2694	5	13	120	13696	6582
2695	0	18	160	13700	8231
2696	15	0	160	13704	2503
2697	1	11	200	13708	7097
2698	6	19	200	13712	6368
2699	6	19	160	13716	37487
2700	4	7	160	13720	8715
2701	4	7	120	13724	41018
2702	15	0	160	13728	1319
2703	19	8	200	13732	2032
2704	3	16	160	13736	37844
2705	5	13	120	13740	17254
2706	15	0	120	13744	5316
2707	0	18	120	13748	22439
2708	5	13	200	13752	1718
2709	1	11	200	13756	5249
2710	19	8	120	13760	5929
2711	4	7	160	13764	2213
2712	3	16	160	13768	3522
2713	3	16	200	13772	13002
2714	4	7	120	13776	14565
2715	5	13	200	13780	381
2716	15	0	80	13784	24068
2717	15	0	160	13788	14348
2718	5	13	200	13792	19962
2719	0	18	120	13796	17256
2720	6	19	120	13800	2500
2721	1	11	120	13804	6012
2722	3	16	160	13808	13186
2723	15	0	80	13812	17341
2724	4	7	160	13816	9610
2725	6	19	160	13820	16439
2726	1	11	160	13824	5432
2727	0	18	80	13828	15778
2728	0	18	120	13832	27252
2729	19	8	160	13836	7172
2730	6	19	80	13840	8038
2731	6	19	120	13844	36325
2732	0	18	80	13848	37893
2733	1	11	200	13852	21188
2734	4	7	160	13856	4227
2735	15	0	160	13860	4945
2736	15	0	160	13864	16071
2737	5	13	200	13868	4182
2738	3	16	200	13872	5814
2739	15	0	120	13876	8014
2740	1	11	160	13880	32872
2741	0	18	80	13884	3820
2742	3	16	160	13888	12449
2743	3	16	80	13892	8393
2744	4	7	120	13896	16411
2745	1	11	120	13900	17754
2746	6	19	80	13904	1908
2747	15	0	120	13908	20307
2748	0	18	160	13912	1516
2749	19	8	160	13916	5949
2750	3	16	160	13920	11962
2751	0	18	200	13924	8098
2752	5	13	80	13928	12125
2753	5	13	160	13932	12570
2754	19	8	120	13936	17528
2755	1	11	80	13940	1564
2756	1	11	200	13944	4288
2757	19	8	160	14000	4982
2758	5	13	120	14005	11139
2759	5	13	80	14010	2850
2760	3	16	160	14015	6099
2761	6	19	80	14020	11814
2762	19	8	200	14025	35728
2763	5	13	80	14030	13805
2764	4	7	160	14035	24126
2765	1	11	80	14040	6922
2766	3	16	120	14045	2843
2767	1	11	160	14050	6650
2768	15	0	120	14055	5443
2769	6	19	200	14060	5452
2770	15	0	80	14065	4165
2771	1	11	80	14070	10160
2772	4	7	200	14075	4513
2773	15	0	160	14080	4686
2774	19	8	160	14085	21068
2775	5	13	80	14090	29635
2776	19	8	200	14095	16561
2777	19	8	120	14100	2144
2778	4	7	160	14105	230
2779	3	16	80	14110	18105
2780	19	8	120	14115	10961
2781	4	7	80	14120	9533
2782	19	8	160	14125	11384
2783	0	18	160	14130	8459
2784	6	19	80	14135	20508
2785	6	19	120	14140	71587
2786	1	11	120	14145	4550
2787	5	13	120	14150	4422
2788	1	11	160	14155	755
2789	1	11	120	14160	2304
2790	6	19	160	14165	456
2791	15	0	200	14170	6093
2792	0	18	160	14175	14034
2793	6	19	160	14180	2273
2794	5	13	160	14185	1115
2795	4	7	160	14190	4435
2796	0	18	80	14195	4692
2797	6	19	120	14200	39280
2798	15	0	160	14205	12162
2799	1	11	120	14210	4399
2800	15	0	200	14215	9886
2801	5	13	120	14220	15342
2802	19	8	80	14225	7201
2803	4	7	200	14230	16808
2804	1	11	120	14235	1232
2805	0	18	120	14240	739
2806	6	19	80	14245	2341
2807	15	0	120	14250	4498
2808	6	19	80	14255	20710
2809	4	7	80	14260	22971
2810	3	16	120	14265	5616
2811	1	11	120	14270	1765
2812	5	13	80	14275	4642
2813	3	16	120	14280	20980
2814	6	19	160	14285	11378
2815	19	8	160	14290	22789
2816	6	19	160	14295	164
2817	19	8	80	14300	7026
2818	15	0	80	14305	23990
2819	15	0	120	14310	24358
2820	0	18	200	14315	1571
2821	15	0	200	14320	27959
2822	19	8	80	14325	5439
2823	6	19	200	14330	2527
2824	19	8	80	14335	4767
2825	19	8	120	14340	27061
2826	1	11	160	14345	25611
2827	6	19	80	14350	1822
2828	1	11	200	14355	3208
2829	5	13	80	14360	8763
2830	5	13	200	14365	10750
2831	1	11	120	14400	18519
2832	0	18	160	14405	8972
2833	1	11	120	14410	14941
2834	4	7	80	14415	2943
2835	4	7	80	14420	25178
2836	4	7	200	14425	1223
2837	5	13	200	14430	23523
2838	15	0	80	14435	6295
2839	6	19	200	14440	17084
2840	19	8	80	14445	20587
2841	3	16	200	14450	35
2842	19	8	120	14455	7993
2843	15	0	120	14460	2805
2844	19	8	200	14465	19369
2845	5	13	80	14470	27685
2846	1	11	200	14475	966
2847	15	0	120	14480	23902
2848	1	11	80	14485	9852
2849	6	19	80	14490	3268
2850	6	19	200	14495	4200
2851	1	11	200	14500	25484
2852	19	8	120	14505	1231
2853	0	18	120	14510	17553
2854	0	18	120	14515	2442
2855	0	18	200	14520	12895
2856	5	13	120	14525	5301
2857	3	16	80	14530	3634
2858	4	7	160	14535	6655
2859	1	11	80	14540	2715
2860	19	8	200	14545	2353
2861	19	8	200	14550	444
2862	6	19	160	14555	974
2863	0	18	200	14560	4344
2864	19	8	80	14565	3626
2865	0	18	80	14570	10624
2866	0	18	200	14575	11308
2867	4	7	160	14580	11260
2868	15	0	80	14585	11250
2869	1	11	120	14590	15947
2870	4	7	160	14595	16797
2871	1	11	160	14600	2013
2872	0	18	80	14605	427
2873	1	11	80	14610	1336
2874	15	0	80	14615	596
2875	15	0	80	14620	1531
2876	19	8	160	14625	6462
2877	1	11	160	14630	2035
2878	6	19	80	14635	5912
2879	4	7	200	14640	6691
2880	15	0	120	14645	20431
2881	4	7	80	14650	219
2882	5	13	200	14655	10436
2883	4	7	200	14660	66747
2884	19	8	80	14665	3025
2885	3	16	200	14670	14910
2886	3	16	200	14675	14006
2887	0	18	120	14680	17032
2888	0	18	200	14685	9007
2889	4	7	120	14690	9823
2890	15	0	160	14695	8813
2891	0	18	200	14700	21668
2892	0	18	80	14705	6818
2893	6	19	80	14710	2763
2894	6	19	200	14715	10440
2895	19	8	120	14720	18378
2896	6	19	80	14725	31076
2897	15	0	120	14730	2418
2898	19	8	80	14735	35396
2899	19	8	200	14740	2881
2900	4	7	120	14745	4112
2901	15	0	80	14750	7587
2902	19	8	120	14755	3535
2903	19	8	160	14760	20900
2904	1	11	120	14800	7965
2905	4	7	120	14805	1822
2906	0	18	200	14810	22404
2907	6	19	80	14815	58212
2908	1	11	120	14820	15271
2909	3	16	80	14825	798
2910	0	18	120	14830	3327
2911	3	16	160	14835	2693
2912	5	13	80	14840	24695
2913	0	18	160	14845	76494
2914	4	7	200	14850	5827
2915	5	13	160	14855	2092
2916	4	7	80	14860	7292
2917	1	11	200	14865	1024
2918	1	11	200	14870	1012
2919	5	13	120	14875	9567
2920	6	19	120	14880	27475
2921	19	8	120	14885	22938
2922	3	16	160	14890	1010
2923	4	7	200	14895	608
2924	4	7	200	14900	2904
2925	3	16	200	14905	29969
2926	0	18	120	14910	15317
2927	4	7	200	14915	21212
2928	4	7	120	14920	8916
2929	19	8	200	14925	3689
2930	0	18	200	14930	2600
2931	1	11	80	14935	3196
2932	3	16	120	14940	2803
2933	15	0	80	14945	2316
2934	19	8	160	14950	1771
2935	0	18	80	14955	5154
2936	4	7	200	14960	17274
2937	6	19	120	14965	16934
2938	1	11	120	14970	8586
2939	4	7	200	14975	1026
2940	1	11	200	14980	24112
2941	6	19	160	14985	14311
2942	15	0	80	14990	467
2943	15	0	200	14995	7474
2944	3	16	200	15000	4571
2945	4	7	80	15005	4613
2946	5	13	160	15010	39680
2947	0	18	160	15015	6854
2948	1	11	80	15020	20645
2949	1	11	80	15025	6558
2950	5	13	80	15030	4776
2951	5	13	120	15035	22225
2952	6	19	160	15040	1286
2953	4	7	200	15045	6093
2954	1	11	160	15050	4536
2955	4	7	80	15055	6915
2956	4	7	160	15060	5889
2957	4	7	160	15065	2763
2958	5	13	200	15070	11292
2959	19	8	160	15075	10054
2960	4	7	200	15080	6535
2961	6	19	80	15085	195
2962	1	11	200	15090	7570
2963	3	16	160	15095	7288
2964	1	11	80	15100	24438
2965	19	8	120	15105	100
2966	0	18	80	15110	59041
2967	6	19	200	15115	14318
2968	0	18	80	15120	23683
2969	4	7	200	15125	434
2970	0	18	200	15130	6070
2971	15	0	200	15135	14418
2972	19	8	120	15140	10149
2973	6	19	80	15145	81881
2974	3	16	120	15150	13805
2975	0	18	160	15155	2709
2976	1	11	120	15160	20178
2977	5	13	200	15165	11522
2978	1	11	200	15170	15829
2979	19	8	160	15175	27143
2980	15	0	80	15180	37039
2981	0	18	200	15185	4039
2982	1	11	200	15200	99
2983	3	16	120	15204	1307
2984	3	16	160	15208	33047
2985	5	13	160	15212	5201
2986	5	13	120	15216	1701
2987	19	8	160	15220	19939
2988	5	13	160	15224	23655
2989	4	7	160	15228	14416
2990	5	13	160	15232	39032
2991	0	18	120	15236	9776
2992	0	18	120	15240	1899
2993	3	16	160	15244	34524
2994	0	18	200	15248	13018
2995	5	13	200	15252	22748
2996	4	7	200	15256	3116
2997	5	13	120	15260	10496
2998	5	13	160	15264	10819
2999	3	16	120	15268	4425
3000	4	7	200	15272	4742
3001	15	0	200	15276	3720
3002	19	8	120	15280	10243
3003	15	0	120	15284	18472
3004	1	11	120	15288	291
3005	15	0	120	15292	11902
3006	5	13	200	15296	3814
3007	19	8	160	15300	1301
3008	0	18	160	15304	15049
3009	1	11	200	15308	1434
3010	3	16	160	15312	11741
3011	19	8	160	15316	17670
3012	1	11	160	15320	7688
3013	6	19	80	15324	15017
3014	0	18	160	15328	11393
3015	4	7	200	15332	1728
3016	5	13	80	15336	95
3017	19	8	160	15340	5442
3018	19	8	200	15344	8779
3019	6	19	160	15348	8752
3020	4	7	200	15352	25065
3021	1	11	160	15356	2418
3022	0	18	80	15360	21697
3023	6	19	160	15364	2118
3024	15	0	80	15368	925
3025	0	18	120	15372	21977
3026	6	19	120	15376	9659
3027	5	13	160	15380	11836
3028	6	19	80	15384	4929
3029	6	19	120	15388	21529
3030	5	13	200	15392	43521
3031	6	19	200	15396	3150
3032	0	18	120	15400	280
3033	19	8	160	15404	6623
3034	4	7	200	15408	10110
3035	19	8	80	15412	13967
3036	0	18	160	15416	14923
3037	4	7	120	15420	3024
3038	0	18	80	15424	990
3039	5	13	80	15428	4404
3040	19	8	160	15432	992
3041	5	13	200	15436	358
3042	15	0	80	15440	1204
3043	4	7	200	15444	16542
3044	0	18	200	15448	937
3045	6	19	200	15452	2538
3046	15	0	200	15456	1054
3047	4	7	80	15460	6797
3048	3	16	80	15464	4817
3049	6	19	80	15468	9007
3050	0	18	160	15472	22133
3051	4	7	120	15476	23951
3052	5	13	120	15480	795
3053	15	0	200	15484	952
3054	15	0	120	15488	6793
3055	3	16	80	15492	1864
3056	6	19	200	15496	6757
3057	3	16	200	15500	6378
3058	19	8	120	15504	14907
3059	0	18	200	15508	2443
3060	0	18	80	15512	951
3061	0	18	120	15516	12435
3062	1	11	120	15520	17423
3063	3	16	80	15524	25538
3064	6	19	80	15528	1799
3065	6	19	200	15532	5995
3066	15	0	80	15536	16517
3067	3	16	200	15600	601
3068	1	11	120	15604	1872
3069	0	18	120	15608	31130
3070	3	16	120	15612	6587
3071	1	11	200	15616	18452
3072	15	0	160	15620	4032
3073	4	7	200	15624	2853
3074	6	19	200	15628	6922
3075	19	8	200	15632	22508
3076	3	16	160	15636	1092
3077	6	19	80	15640	1105
3078	5	13	160	15644	1088
3079	1	11	80	15648	25800
3080	3	16	160	15652	16910
3081	1	11	120	15656	1539
3082	3	16	160	15660	4218
3083	0	18	80	15664	19861
3084	6	19	160	15668	57703
3085	1	11	160	15672	1388
3086	0	18	120	15676	2188
3087	1	11	120	15680	35208
3088	1	11	80	15684	57785
3089	1	11	200	15688	6650
3090	1	11	120	15692	3567
3091	6	19	160	15696	4269
3092	4	7	80	15700	8596
3093	0	18	80	15704	27047
3094	4	7	80	15708	3151
3095	19	8	120	15712	6833
3096	4	7	160	15716	3670
3097	4	7	200	15720	2897
3098	15	0	200	15724	11261
3099	4	7	80	15728	13744
3100	15	0	200	15732	7025
3101	4	7	200	15736	430
3102	3	16	200	15740	4075
3103	1	11	160	15744	6237
3104	3	16	160	15748	1337
3105	19	8	200	15752	701
3106	5	13	200	15756	10373
3107	1	11	160	15760	22966
3108	0	18	200	15764	12191
3109	19	8	120	15768	10569
3110	19	8	160	15772	702
3111	0	18	160	15776	5033
3112	15	0	80	15780	4727
3113	6	19	80	15784	21106
3114	15	0	120	15788	6714
3115	19	8	200	15792	37430
3116	15	0	160	15796	5147
3117	1	11	120	15800	37746
3118	5	13	120	15804	26390
3119	4	7	120	15808	365
3120	6	19	120	15812	3081
3121	5	13	200	15816	19356
3122	1	11	200	15820	704
3123	0	18	120	15824	15234
3124	19	8	80	15828	13235
3125	6	19	160	15832	1576
3126	6	19	200	15836	3836
3127	15	0	120	15840	5938
3128	19	8	200	15844	47349
3129	15	0	160	15848	50
3130	5	13	120	15852	10503
3131	15	0	200	15856	24714
3132	19	8	120	15860	7828
3133	1	11	160	15864	6226
3134	4	7	120	15868	6965
3135	15	0	160	15872	15293
3136	19	8	120	15876	21437
3137	0	18	80	15880	26602
3138	6	19	160	15884	14587
3139	15	0	200	15888	32814
3140	5	13	160	15892	9074
3141	19	8	200	15896	4526
3142	1	11	120	15900	4433
3143	1	11	160	15904	6257
3144	1	11	120	15908	5517
3145	1	11	200	15912	29524
3146	19	8	160	15916	43683
3147	15	0	80	15920	13813
3148	1	11	200	15924	7538
3149	5	13	120	15928	3862
3150	0	18	200	15932	1070
3151	1	11	120	15936	4392
3152	15	0	120	15940	4724
3153	3	16	120	15944	10375
3154	15	0	160	16000	7292
3155	1	11	200	16004	12340
3156	3	16	80	16008	45932
3157	3	16	120	16012	10097
3158	3	16	120	16016	16038
3159	6	19	200	16020	48463
3160	1	11	200	16024	18341
3161	6	19	120	16028	2504
3162	1	11	160	16032	24652
3163	3	16	120	16036	12053
3164	4	7	80	16040	27
3165	1	11	200	16044	2446
3166	0	18	80	16048	23885
3167	6	19	120	16052	30429
3168	3	16	160	16056	5880
3169	19	8	160	16060	14776
3170	0	18	120	16064	1579
3171	6	19	160	16068	7344
3172	4	7	160	16072	3508
3173	15	0	160	16076	36958
3174	19	8	200	16080	8304
3175	6	19	160	16084	29200
3176	4	7	120	16088	8123
3177	19	8	80	16092	12619
3178	15	0	80	16096	5177
3179	6	19	120	16100	16805
3180	6	19	80	16104	1940
3181	19	8	200	16108	10696
3182	5	13	160	16112	30907
3183	3	16	160	16116	14668
3184	6	19	200	16120	30130
3185	3	16	80	16124	3887
3186	19	8	120	16128	9503
3187	6	19	200	16132	27683
3188	4	7	200	16136	35807
3189	3	16	120	16140	19190
3190	5	13	160	16144	16266
3191	5	13	80	16148	3670
3192	15	0	160	16152	2003
3193	0	18	160	16156	15322
3194	6	19	200	16160	1977
3195	15	0	120	16164	5026
3196	15	0	80	16168	7009
3197	19	8	200	16172	13492
3198	15	0	160	16176	6211
3199	19	8	160	16180	2442
3200	0	18	160	16184	631
3201	3	16	80	16188	652
3202	4	7	120	16192	4217
3203	3	16	80	16196	17043
3204	5	13	200	16200	1976
3205	3	16	80	16204	11853
3206	6	19	160	16208	654
3207	0	18	200	16212	5571
3208	3	16	160	16216	992
3209	0	18	80	16220	9400
3210	6	19	160	16224	1958
3211	3	16	200	16228	4762
3212	4	7	80	16232	2958
3213	5	13	80	16236	49423
3214	19	8	200	16240	21480
3215	3	16	80	16244	2576
3216	1	11	200	16248	3685
3217	19	8	80	16252	2183
3218	5	13	160	16256	15061
3219	0	18	200	16260	15517
3220	1	11	120	16264	12172
3221	4	7	80	16268	39540
3222	3	16	160	16272	42648
3223	19	8	80	16276	10682
3224	3	16	80	16280	40551
3225	4	7	120	16284	23579
3226	19	8	80	16288	4348
3227	4	7	80	16292	9121
3228	1	11	160	16296	19439
3229	1	11	120	16300	2052
3230	19	8	160	16304	7615
3231	5	13	120	16308	20359
3232	1	11	160	16312	3397
3233	15	0	160	16316	2182
3234	6	19	160	16320	14539
3235	4	7	200	16400	1216
3236	4	7	120	16405	4170
3237	3	16	120	16410	2171
3238	6	19	160	16415	9679
3239	4	7	160	16420	4129
3240	5	13	160	16425	3037
3241	19	8	120	16430	2317
3242	3	16	120	16435	20650
3243	3	16	160	16440	6255
3244	5	13	200	16445	12507
3245	3	16	160	16450	6425
3246	1	11	200	16455	553
3247	3	16	120	16460	2236
3248	0	18	200	16465	26276
3249	3	16	200	16470	38247
3250	6	19	120	16475	970
3251	15	0	200	16480	3876
3252	3	16	120	16485	38680
3253	6	19	160	16490	13616
3254	15	0	80	16495	9497
3255	6	19	160	16500	1109
3256	19	8	160	16505	1021
3257	5	13	80	16510	14727
3258	19	8	80	16515	18867
3259	1	11	160	16520	4143
3260	4	7	80	16525	4692
3261	3	16	120	16530	8824
3262	19	8	120	16535	10108
3263	1	11	80	16540	30627
3264	1	11	160	16545	913
3265	0	18	80	16550	4875
3266	1	11	120	16555	1014
3267	5	13	120	16560	643
3268	19	8	160	16565	3966
3269	5	13	200	16570	16011
3270	19	8	160	16575	27591
3271	15	0	120	16580	1250
3272	1	11	120	16585	11383
3273	0	18	80	16590	6614
3274	4	7	120	16595	8365
3275	3	16	80	16600	7432
3276	0	18	200	16605	1835
3277	0	18	200	16610	9992
3278	4	7	120	16615	34182
3279	0	18	120	16620	9618
3280	1	11	120	16625	20235
3281	6	19	160	16630	1725
3282	3	16	80	16635	12405
3283	15	0	160	16640	22246
3284	4	7	80	16645	994
3285	0	18	160	16650	2584
3286	1	11	80	16655	23298
3287	4	7	80	16660	10074
3288	0	18	160	16665	11593
3289	19	8	80	16670	11423
3290	4	7	80	16675	179
3291	19	8	80	16680	10601
3292	4	7	120	16685	5603
3293	5	13	80	16690	3639
3294	19	8	120	16695	41133
3295	3	16	80	16700	14566
3296	19	8	80	16705	11186
3297	1	11	120	16710	27510
3298	0	18	80	16715	4859
3299	4	7	160	16720	4513
3300	0	18	120	16725	4869
3301	5	13	120	16730	59274
3302	3	16	200	16735	26338
3303	5	13	200	16740	1969
3304	4	7	80	16745	730
3305	19	8	200	16750	46237
3306	6	19	120	16755	13064
3307	1	11	80	16760	9225
3308	1	11	80	16765	2330
3309	4	7	80	16770	1067
3310	6	19	160	16775	35125
3311	19	8	200	16780	8719
3312	0	18	200	16800	17370
3313	15	0	160	16805	3310
3314	19	8	80	16810	7782
3315	15	0	160	16815	2524
3316	0	18	120	16820	25079
3317	0	18	160	16825	15532
3318	15	0	80	16830	22185
3319	1	11	200	16835	25394
3320	15	0	80	16840	7786
3321	6	19	120	16845	8633
3322	4	7	200	16850	6803
3323	0	18	120	16855	13210
3324	0	18	200	16860	15354
3325	19	8	160	16865	4505
3326	4	7	80	16870	15528
3327	6	19	120	16875	5189
3328	1	11	160	16880	7310
3329	1	11	120	16885	19253
3330	4	7	200	16890	23203
3331	15	0	120	16895	3338
3332	19	8	160	16900	3169
3333	19	8	200	16905	11885
3334	19	8	80	16910	2947
3335	5	13	80	16915	20708
3336	3	16	200	16920	3376
3337	6	19	120	16925	8150
3338	4	7	160	16930	18408
3339	5	13	80	16935	1274
3340	4	7	80	16940	9071
3341	19	8	200	16945	4629
3342	3	16	200	16950	5962
3343	5	13	160	16955	9171
3344	1	11	120	16960	13215
3345	4	7	120	16965	8278
3346	15	0	120	16970	20697
3347	5	13	160	16975	1699
3348	5	13	80	16980	18413
3349	1	11	200	16985	18050
3350	1	11	200	16990	21029
3351	15	0	120	16995	25482
3352	4	7	120	17000	696
3353	19	8	80	17005	7249
3354	6	19	120	17010	21702
3355	4	7	200	17015	20615
3356	1	11	120	17020	9854
3357	3	16	120	17025	2999
3358	4	7	80	17030	6735
3359	4	7	160	17035	16445
3360	4	7	200	17040	3499
3361	19	8	80	17045	4492
3362	0	18	160	17050	1003
3363	19	8	200	17055	5688
3364	0	18	80	17060	3132
3365	15	0	120	17065	14592
3366	0	18	80	17070	4013
3367	1	11	80	17075	1757
3368	19	8	160	17080	282
3369	3	16	200	17085	12779
3370	4	7	200	17090	34686
3371	4	7	200	17095	5801
3372	6	19	200	17100	34087
3373	1	11	200	17105	16250
3374	6	19	160	17110	5152
3375	15	0	120	17115	2053
3376	4	7	160	17120	1553
3377	15	0	120	17125	27439
3378	15	0	80	17130	107788
3379	6	19	120	17135	3035
3380	1	11	80	17140	8109
3381	15	0	160	17145	10811
3382	0	18	120	17150	10034
3383	19	8	200	17155	13614
3384	0	18	160	17160	43056
3385	5	13	160	17165	44262
3386	4	7	80	17170	2475
3387	0	18	160	17175	18098
3388	3	16	120	17180	18871
3389	5	13	80	17200	6074
3390	4	7	160	17204	3643
3391	0	18	120	17208	292
3392	1	11	120	17212	786
3393	19	8	80	17216	468
3394	0	18	120	17220	22589
3395	4	7	80	17224	2953
3396	19	8	120	17228	3291
3397	3	16	200	17232	169
3398	5	13	120	17236	4359
3399	4	7	80	17240	39876
3400	4	7	120	17244	2890
3401	6	19	120	17248	13882
3402	6	19	80	17252	1381
3403	3	16	80	17256	1659
3404	15	0	80	17260	21502
3405	15	0	200	17264	7029
3406	0	18	120	17268	33519
3407	1	11	120	17272	4532
3408	1	11	120	17276	1323
3409	15	0	80	17280	13629
3410	0	18	120	17284	14413
3411	3	16	80	17288	13006
3412	5	13	80	17292	3001
3413	15	0	160	17296	2769
3414	3	16	120	17300	3528
3415	6	19	120	17304	12915
3416	19	8	200	17308	16427
3417	1	11	160	17312	6165
3418	19	8	120	17316	6233
3419	5	13	120	17320	3528
3420	4	7	80	17324	8737
3421	19	8	120	17328	8452
3422	19	8	160	17332	5054
3423	3	16	120	17336	11802
3424	15	0	120	17340	5998
3425	4	7	120	17344	30362
3426	1	11	160	17348	4626
3427	15	0	200	17352	28032
3428	0	18	160	17356	26938
3429	3	16	160	17360	1683
3430	19	8	80	17364	29916
3431	0	18	160	17368	1362
3432	3	16	200	17372	10809
3433	4	7	80	17376	438
3434	1	11	80	17380	113
3435	5	13	200	17384	19660
3436	1	11	120	17388	7964
3437	15	0	80	17392	6903
3438	1	11	200	17396	22377
3439	3	16	160	17400	9035
3440	4	7	80	17404	442
3441	1	11	200	17408	24654
3442	15	0	80	17412	13461
3443	4	7	80	17416	1447
3444	5	13	160	17420	14371
3445	1	11	120	17424	10999
3446	4	7	80	17428	19480
3447	4	7	160	17432	23368
3448	5	13	200	17436	18365
3449	4	7	200	17440	2508
3450	5	13	120	17444	7676
3451	6	19	160	17448	21853
3452	4	7	160	17452	11265
3453	19	8	200	17456	614
3454	0	18	200	17460	7104
3455	4	7	200	17464	14791
3456	6	19	160	17468	5018
3457	3	16	160	17472	7910
3458	4	7	200	17476	15970
3459	4	7	160	17480	29300
3460	6	19	120	17484	1580
3461	3	16	160	17488	433
3462	0	18	160	17492	6547
3463	19	8	200	17496	43573
3464	15	0	80	17500	17200
3465	19	8	200	17504	10751
3466	19	8	120	17508	844
3467	1	11	80	17512	2460
3468	6	19	120	17516	2628
3469	15	0	120	17520	7153
3470	4	7	200	17524	2294
3471	1	11	160	17528	4420
3472	0	18	200	17532	9761
3473	5	13	160	17536	25062
3474	0	18	120	17540	2958
3475	1	11	80	17544	12438
3476	0	18	120	17548	21356
3477	4	7	120	17552	3137
3478	15	0	200	17556	31561
3479	6	19	200	17560	18915
3480	19	8	80	17564	1501
3481	15	0	200	17600	7451
3482	3	16	80	17605	1530
3483	6	19	200	17610	14666
3484	6	19	80	17615	12886
3485	1	11	120	17620	990
3486	6	19	200	17625	8281
3487	3	16	200	17630	9419
3488	4	7	80	17635	10673
3489	6	19	120	17640	4295
3490	15	0	120	17645	7481
3491	15	0	200	17650	28
3492	3	16	120	17655	14516
3493	6	19	80	17660	32273
3494	6	19	120	17665	6243
3495	1	11	160	17670	8
3496	0	18	120	17675	7203
3497	19	8	120	17680	14478
3498	6	19	80	17685	5209
3499	6	19	160	17690	1348
3500	3	16	80	17695	9116
3501	3	16	80	17700	11528
3502	15	0	120	17705	12969
3503	15	0	120	17710	4886
3504	19	8	80	17715	176
3505	4	7	200	17720	2155
3506	6	19	160	17725	3966
3507	15	0	200	17730	15835
3508	19	8	160	17735	21360
3509	15	0	200	17740	19401
3510	4	7	160	17745	25163
3511	3	16	80	17750	1421
3512	5	13	200	17755	9710
3513	15	0	80	17760	34272
3514	5	13	160	17765	19040
3515	15	0	120	17770	12975
3516	19	8	120	17775	29688
3517	4	7	200	17780	15067
3518	1	11	160	17785	4543
3519	5	13	160	17790	13759
3520	1	11	80	17795	1175
3521	5	13	120	17800	8909
3522	15	0	80	17805	10883
3523	19	8	80	17810	27135
3524	0	18	80	17815	50521
3525	5	13	200	17820	2260
3526	15	0	120	17825	11190
3527	3	16	200	17830	11757
3528	19	8	120	17835	7629
3529	19	8	160	17840	2947
3530	0	18	200	17845	2587
3531	1	11	80	17850	1678
3532	15	0	120	17855	25237
3533	1	11	80	17860	20686
3534	3	16	160	17865	3630
3535	5	13	80	17870	8322
3536	0	18	160	17875	19427
3537	4	7	200	17880	18458
3538	6	19	160	17885	14086
3539	3	16	120	17890	8172
3540	4	7	200	17895	19178
3541	15	0	200	17900	17414
3542	4	7	80	17905	14958
3543	5	13	120	17910	18595
3544	3	16	200	17915	6614
3545	4	7	120	17920	5210
3546	3	16	200	17925	7120
3547	5	13	120	17930	17085
3548	1	11	160	17935	1763
3549	15	0	200	17940	16387
3550	1	11	120	18000	1065
3551	6	19	160	18005	15991
3552	6	19	160	18010	5845
3553	0	18	120	18015	13299
3554	4	7	160	18020	156
3555	6	19	200	18025	98
3556	5	13	80	18030	256
3557	15	0	80	18035	17372
3558	6	19	80	18040	5157
3559	4	7	80	18045	22205
3560	6	19	120	18050	9796
3561	4	7	200	18055	12834
3562	15	0	160	18060	3649
3563	0	18	200	18065	11409
3564	15	0	200	18070	11221
3565	1	11	120	18075	16475
3566	5	13	200	18080	3195
3567	4	7	200	18085	15853
3568	4	7	120	18090	13727
3569	0	18	160	18095	4197
3570	15	0	200	18100	23503
3571	5	13	160	18105	1678
3572	15	0	80	18110	294
3573	19	8	80	18115	20662
3574	0	18	200	18120	25908
3575	4	7	80	18125	4762
3576	1	11	80	18130	20028
3577	1	11	160	18135	19840
3578	6	19	120	18140	7665
3579	5	13	200	18145	12027
3580	3	16	200	18150	15456
3581	1	11	200	18155	22545
3582	0	18	120	18160	8031
3583	1	11	120	18165	15523
3584	6	19	120	18170	1710
3585	4	7	120	18175	7344
3586	5	13	120	18180	16395
3587	6	19	200	18185	2799
3588	6	19	120	18190	19842
3589	6	19	200	18195	3498
3590	19	8	200	18200	7826
3591	1	11	120	18205	452
3592	15	0	160	18210	6870
3593	3	16	120	18215	22607
3594	6	19	200	18220	32975
3595	0	18	200	18225	1822
3596	0	18	120	18230	8400
3597	3	16	80	18235	1249
3598	15	0	120	18240	2384
3599	0	18	120	18245	13564
3600	19	8	160	18250	1512
3601	15	0	80	18255	15037
3602	0	18	200	18260	971
3603	1	11	80	18265	22103
3604	19	8	80	18270	26041
3605	6	19	160	18275	37064
3606	19	8	120	18280	14935
3607	15	0	120	18285	9969
3608	19	8	160	18290	18462
3609	0	18	120	18295	13876
3610	4	7	160	18300	2626
3611	3	16	120	18305	2866
3612	1	11	160	18310	4157
3613	1	11	120	18315	15121
3614	0	18	80	18320	1515
3615	4	7	160	18325	14885
3616	3	16	160	18330	2220
3617	6	19	80	18335	9228
3618	4	7	160	18340	7864
3619	3	16	160	18345	1946
3620	6	19	200	18350	20
3621	19	8	200	18355	312
3622	6	19	120	18360	31008
3623	15	0	160	18365	6714
3624	0	18	160	18370	20319
3625	5	13	120	18375	20707
3626	6	19	200	18380	14235
3627	4	7	160	18385	2326
3628	3	16	80	18390	25988
3629	0	18	200	18400	16335
3630	4	7	160	18404	20857
3631	15	0	200	18408	14964
3632	4	7	80	18412	11879
3633	5	13	80	18416	19015
3634	5	13	120	18420	8672
3635	4	7	200	18424	118
3636	0	18	80	18428	17608
3637	19	8	80	18432	12476
3638	1	11	80	18436	21981
3639	19	8	160	18440	2357
3640	4	7	200	18444	16435
3641	6	19	80	18448	2390
3642	6	19	80	18452	6593
3643	6	19	200	18456	1578
3644	1	11	80	18460	696
3645	5	13	160	18464	3720
3646	0	18	200	18468	16359
3647	5	13	80	18472	15254
3648	1	11	120	18476	15683
3649	1	11	120	18480	3061
3650	6	19	120	18484	42894
3651	3	16	120	18488	40902
3652	19	8	160	18492	11553
3653	4	7	200	18496	371
3654	3	16	120	18500	13501
3655	0	18	160	18504	1167
3656	1	11	200	18508	18718
3657	3	16	80	18512	12571
3658	0	18	120	18516	308
3659	3	16	200	18520	792
3660	19	8	160	18524	3610
3661	4	7	160	18528	9206
3662	5	13	80	18532	13634
3663	19	8	160	18536	510
3664	6	19	200	18540	23699
3665	6	19	160	18544	7937
3666	19	8	80	18548	10527
3667	5	13	160	18552	8266
3668	5	13	80	18556	2705
3669	5	13	120	18560	1383
3670	3	16	120	18564	34018
3671	3	16	120	18568	8869
3672	4	7	200	18572	14315
3673	4	7	200	18576	4320
3674	15	0	200	18580	6208
3675	19	8	200	18584	20649
3676	1	11	160	18588	11085
3677	19	8	120	18592	19390
3678	5	13	120	18596	5585
3679	4	7	80	18600	9568
3680	5	13	160	18604	971
3681	0	18	200	18608	44330
3682	3	16	120	18612	7106
3683	0	18	200	18616	12950
3684	3	16	160	18620	17725
3685	0	18	120	18624	23359
3686	15	0	120	18628	1191
3687	0	18	120	18632	10933
3688	1	11	160	18636	1528
3689	5	13	160	18640	6575
3690	3	16	200	18644	2980
3691	15	0	200	18648	1537
3692	15	0	200	18652	11643
3693	19	8	120	18656	17952
3694	19	8	80	18660	30099
3695	0	18	80	18664	2830
3696	1	11	200	18668	8357
3697	6	19	120	18672	5758
3698	0	18	80	18676	3646
3699	5	13	160	18680	10196
3700	6	19	120	18684	13767
3701	5	13	80	18688	3393
3702	0	18	80	18692	8749
3703	5	13	200	18696	11626
3704	15	0	80	18700	4007
3705	3	16	80	18704	7162
3706	19	8	120	18708	3780
3707	5	13	200	18712	4554
3708	5	13	200	18716	11819
3709	4	7	120	18720	23115
3710	19	8	200	18724	8072
3711	1	11	120	18728	53656
3712	6	19	200	18732	3893
3713	6	19	120	18800	7753
3714	15	0	120	18805	51338
3715	15	0	200	18810	4020
3716	1	11	120	18815	1115
3717	4	7	120	18820	228
3718	6	19	80	18825	3775
3719	5	13	120	18830	47
3720	15	0	120	18835	5920
3721	19	8	200	18840	51363
3722	3	16	200	18845	5703
3723	0	18	120	18850	18167
3724	3	16	120	18855	26368
3725	5	13	160	18860	20646
3726	5	13	160	18865	27805
3727	5	13	160	18870	30412
3728	4	7	200	18875	5809
3729	15	0	160	18880	2585
3730	6	19	80	18885	4617
3731	4	7	120	18890	3010
3732	15	0	80	18895	9298
3733	0	18	200	18900	19296
3734	6	19	200	18905	24208
3735	0	18	120	18910	21366
3736	0	18	160	18915	7337
3737	6	19	120	18920	21013
3738	1	11	160	18925	5663
3739	19	8	160	18930	4667
3740	1	11	80	18935	10611
3741	3	16	120	18940	18098
3742	4	7	120	18945	42643
3743	15	0	120	18950	3698
3744	6	19	200	18955	32291
3745	0	18	160	18960	3157
3746	0	18	80	18965	22232
3747	1	11	120	18970	1881
3748	0	18	200	18975	18718
3749	0	18	80	18980	12058
3750	19	8	200	18985	1551
3751	15	0	120	18990	7912
3752	0	18	80	18995	1414
3753	5	13	200	19000	3581
3754	6	19	120	19005	2425
3755	15	0	120	19010	14301
3756	1	11	80	19015	24302
3757	19	8	200	19020	16059
3758	3	16	160	19025	15782
3759	3	16	160	19030	7458
3760	15	0	120	19035	9530
3761	3	16	200	19040	5161
3762	1	11	200	19045	32264
3763	15	0	120	19050	6803
3764	6	19	120	19055	9186
3765	4	7	160	19060	3740
3766	4	7	80	19065	7159
3767	5	13	200	19070	7785
3768	19	8	160	19075	11265
3769	15	0	80	19080	2016
3770	15	0	120	19085	21067
3771	4	7	200	19090	3651
3772	3	16	160	19095	12347
3773	6	19	160	19100	35412
3774	4	7	120	19105	6474
3775	5	13	200	19110	11321
3776	4	7	120	19115	178
3777	4	7	160	19120	1439
3778	4	7	120	19125	22588
3779	1	11	200	19130	12858
3780	4	7	120	19135	45716
3781	3	16	80	19140	16942
3782	5	13	160	19145	1682
3783	3	16	200	19150	16628
3784	15	0	200	19155	903
3785	19	8	160	19160	21738
3786	4	7	80	19165	1407
3787	3	16	120	19170	3962
3788	4	7	160	19175	11507
3789	19	8	120	19180	2245
3790	15	0	80	19185	39698
3791	0	18	200	19190	15264
3792	4	7	200	19200	1195
3793	19	8	80	19204	29347
3794	0	18	80	19208	17855
3795	15	0	80	19212	3253
3796	1	11	120	19216	22501
3797	6	19	80	19220	9282
3798	1	11	200	19224	15728
3799	3	16	120	19228	13100
3800	6	19	120	19232	18282
3801	4	7	80	19236	5465
3802	3	16	160	19240	9220
3803	3	16	200	19244	12099
3804	3	16	160	19248	19723
3805	4	7	200	19252	23501
3806	4	7	160	19256	22005
3807	3	16	160	19260	2142
3808	0	18	160	19264	22070
3809	1	11	120	19268	10192
3810	4	7	80	19272	13731
3811	6	19	160	19276	16878
3812	5	13	120	19280	26480
3813	0	18	200	19284	923
3814	15	0	80	19288	7964
3815	4	7	120	19292	18826
3816	15	0	80	19296	2961
3817	15	0	80	19300	2413
3818	19	8	160	19304	5359
3819	6	19	200	19308	14379
3820	19	8	120	19312	2051
3821	1	11	200	19316	2208
3822	1	11	120	19320	23647
3823	0	18	120	19324	6920
3824	19	8	200	19328	2547
3825	6	19	120	19332	1364
3826	0	18	80	19336	2200
3827	4	7	160	19340	15680
3828	6	19	160	19344	2287
3829	5	13	80	19348	2374
3830	4	7	120	19352	17330
3831	6	19	120	19356	7758
3832	3	16	160	19360	5787
3833	1	11	80	19364	2431
3834	5	13	120	19368	24996
3835	19	8	80	19372	11360
3836	0	18	120	19376	2983
3837	1	11	160	19380	8214
3838	19	8	80	19384	34404
3839	3	16	200	19388	2883
3840	5	13	200	19392	67534
3841	1	11	160	19396	35292
3842	1	11	200	19400	6960
3843	3	16	80	19404	544
3844	4	7	80	19408	8059
3845	0	18	160	19412	2804
3846	4	7	120	19416	21250
3847	3	16	80	19420	251
3848	0	18	80	19424	6709
3849	5	13	160	19428	48508
3850	0	18	200	19432	227
3851	3	16	120	19436	13104
3852	6	19	160	19440	2358
3853	5	13	80	19444	391
3854	3	16	200	19448	8491
3855	5	13	160	19452	11421
3856	3	16	200	19456	8443
3857	1	11	120	19460	1237
3858	3	16	80	19464	7041
3859	6	19	120	19468	14418
3860	4	7	200	19472	14107
3861	0	18	80	19476	1410
3862	6	19	200	19480	55181
3863	4	7	120	19484	12999
3864	6	19	80	19488	19818
3865	6	19	200	19492	2759
3866	4	7	200	19496	5589
3867	4	7	120	19500	14711
3868	4	7	120	19504	2656
3869	15	0	200	19508	24767
3870	4	7	200	19512	10172
3871	5	13	120	19516	15405
3872	15	0	80	19520	3278
3873	5	13	200	19524	1902
3874	0	18	200	19528	14523
3875	6	19	200	19532	2828
3876	19	8	200	19536	15622
3877	19	8	120	19540	20330
3878	5	13	80	19544	35739
3879	15	0	80	19600	48797
3880	1	11	200	19604	3902
3881	15	0	200	19608	1904
3882	4	7	120	19612	4297
3883	0	18	80	19616	2545
3884	5	13	80	19620	2103
3885	0	18	80	19624	1258
3886	19	8	200	19628	4241
3887	6	19	160	19632	5180
3888	15	0	80	19636	13532
3889	0	18	200	19640	3637
3890	6	19	120	19644	1354
3891	15	0	80	19648	1563
3892	19	8	160	19652	638
3893	3	16	200	19656	3354
3894	19	8	200	19660	8862
3895	4	7	160	19664	26005
3896	5	13	160	19668	37830
3897	6	19	120	19672	18094
3898	5	13	200	19676	3232
3899	15	0	120	19680	4004
3900	6	19	200	19684	21696
3901	0	18	80	19688	1579
3902	15	0	200	19692	20723
3903	1	11	80	19696	9722
3904	1	11	160	19700	6348
3905	4	7	120	19704	4206
3906	4	7	80	19708	6649
3907	1	11	160	19712	387
3908	4	7	120	19716	4808
3909	6	19	80	19720	4232
3910	5	13	160	19724	26056
3911	3	16	160	19728	14014
3912	6	19	80	19732	1934
3913	4	7	80	19736	7417
3914	4	7	120	19740	6570
3915	6	19	200	19744	9439
3916	6	19	200	19748	19922
3917	5	13	200	19752	19243
3918	19	8	120	19756	8335
3919	5	13	80	19760	14799
3920	6	19	80	19764	28587
3921	15	0	80	19768	264
3922	6	19	120	19772	369
3923	3	16	120	19776	33195
3924	1	11	120	19780	17443
3925	5	13	200	19784	7163
3926	6	19	200	19788	13349
3927	4	7	120	19792	64013
3928	6	19	200	19796	11751
3929	6	19	80	19800	20339
3930	1	11	80	19804	3495
3931	1	11	160	19808	35793
3932	3	16	120	19812	10413
3933	15	0	200	19816	13137
3934	1	11	80	19820	1905
3935	1	11	200	19824	2011
3936	19	8	80	19828	4709
3937	1	11	80	19832	16434
3938	15	0	120	19836	18184
3939	1	11	160	19840	24036
3940	6	19	200	19844	13456
3941	15	0	80	19848	3710
3942	1	11	120	19852	247
3943	1	11	80	19856	5717
3944	5	13	80	19860	5650
3945	3	16	200	19864	6491
3946	1	11	200	19868	43462
3947	4	7	160	19872	10720
3948	19	8	120	19876	20728
3949	3	16	80	19880	45574
3950	15	0	200	19884	943
3951	19	8	200	19888	2069
3952	19	8	80	19892	3907
3953	0	18	160	19896	8996
3954	0	18	120	19900	5660
3955	19	8	160	19904	20200
3956	3	16	200	19908	1171
3957	5	13	120	19912	25960
3958	19	8	200	19916	18667
3959	6	19	200	19920	39031
3960	15	0	160	19924	11753
3961	19	8	160	19928	6750
3962	5	13	200	20000	6277
3963	15	0	80	20010	8652
3964	4	7	200	20020	546
3965	4	7	80	20030	33105
3966	19	8	80	20040	1383
3967	19	8	120	20050	7927
3968	3	16	200	20060	4526
3969	3	16	120	20070	3732
3970	6	19	160	20080	2982
3971	4	7	160	20090	795
3972	6	19	160	20100	224
3973	6	19	160	20110	12115
3974	19	8	120	20120	421
3975	19	8	80	20130	12316
3976	5	13	200	20140	16
3977	5	13	120	20150	12641
3978	15	0	120	20160	9894
3979	15	0	160	20170	5141
3980	4	7	200	20180	7760
3981	1	11	120	20190	1007
3982	5	13	200	20200	2278
3983	3	16	200	20210	12490
3984	15	0	120	20220	16201
3985	3	16	80	20230	1188
3986	3	16	120	20240	13356
3987	3	16	160	20250	648
3988	15	0	160	20260	4098
3989	3	16	120	20270	4852
3990	19	8	80	20280	759
3991	4	7	200	20290	6947
3992	1	11	120	20300	37712
3993	1	11	120	20310	20507
3994	3	16	80	20320	3302
3995	6	19	80	20330	3355
3996	3	16	80	20340	23474
3997	4	7	80	20350	8478
3998	6	19	80	20360	4886
3999	0	18	80	20370	6934
