0	0	18	200	0	1935
1	0	18	200	10	2395
2	15	0	100	20	4166
3	3	16	180	30	25780
4	4	7	200	40	10
5	1	11	120	50	2800
6	1	11	120	60	5037
7	1	11	100	70	1860
8	4	7	200	80	4246
9	1	11	100	90	10072
10	4	7	120	100	2047
11	3	16	180	110	3959
12	6	19	200	120	2452
13	19	8	200	130	903
14	19	8	180	140	12150
15	1	11	100	150	6493
16	1	11	180	160	884
17	3	16	200	170	801
18	5	13	200	180	1302
19	0	18	200	190	10389
20	0	18	100	200	11431
21	15	0	100	210	12508
22	19	8	120	220	1835
23	15	0	100	230	2979
24	6	19	100	240	3106
25	1	11	120	250	2993
26	15	0	200	260	8043
27	15	0	180	270	5771
28	4	7	180	280	19802
29	3	16	120	290	560
30	3	16	200	300	192
31	1	11	200	310	1026
32	1	11	120	320	242
33	0	18	200	330	2241
34	1	11	200	340	4427
35	15	0	180	350	3624
36	1	11	200	360	4327
37	15	0	200	370	17580
38	1	11	180	380	3010
39	6	19	180	390	3225
40	3	16	180	400	11243
41	15	0	100	409	6934
42	6	19	200	418	12318
43	1	11	100	427	764
44	5	13	180	436	2421
45	5	13	100	445	2971
46	19	8	200	454	5825
47	1	11	200	463	3533
48	6	19	100	472	13393
49	19	8	120	481	607
50	19	8	100	490	16550
51	1	11	100	499	3131
52	4	7	200	508	11307
53	6	19	100	517	808
54	0	18	100	526	1697
55	1	11	180	535	2230
56	0	18	180	544	344
57	0	18	200	553	519
58	6	19	180	562	2452
59	1	11	180	571	2583
60	3	16	180	580	4058
61	3	16	200	589	12179
62	6	19	120	598	1905
63	1	11	120	607	2964
64	19	8	120	616	8236
65	3	16	120	625	765
66	0	18	120	634	3371
67	5	13	100	643	118
68	15	0	100	652	3043
69	0	18	100	661	1761
70	19	8	120	670	611
71	4	7	200	679	946
72	1	11	100	688	4230
73	15	0	100	697	5155
74	6	19	120	706	16985
75	3	16	200	715	508
76	1	11	120	724	8
77	6	19	120	733	862
78	1	11	120	742	295
79	0	18	200	751	63
80	3	16	180	760	5708
81	6	19	200	800	1311
82	1	11	120	809	6415
83	4	7	100	818	7643
84	4	7	120	827	634
85	0	18	180	836	2805
86	15	0	200	845	1345
87	5	13	100	854	8346
88	0	18	180	863	347
89	19	8	100	872	1108
90	6	19	100	881	2880
91	0	18	100	890	3098
92	0	18	120	899	3013
93	19	8	100	908	218
94	4	7	100	917	9910
95	19	8	200	926	17512
96	0	18	200	935	2350
97	5	13	120	944	2253
98	1	11	180	953	1435
99	3	16	120	962	1313
100	5	13	200	971	12375
101	3	16	180	980	5351
102	3	16	200	989	221
103	5	13	100	998	3753
104	0	18	100	1007	28346
105	4	7	120	1016	5937
106	0	18	200	1025	8834
107	6	19	180	1034	975
108	19	8	200	1043	878
109	6	19	120	1052	1027
110	0	18	120	1061	2215
111	3	16	100	1070	8774
112	19	8	120	1079	208
113	5	13	180	1088	2338
114	19	8	200	1097	5031
115	6	19	180	1106	1772
116	1	11	120	1115	666
117	1	11	100	1124	2994
118	6	19	100	1133	1891
119	15	0	180	1142	1837
120	4	7	180	1151	8780
121	4	7	100	1160	4732
122	5	13	180	1169	11683
123	19	8	200	1200	1373
124	4	7	200	1209	7401
125	19	8	120	1218	3691
126	3	16	120	1227	4575
127	3	16	100	1236	3661
128	4	7	100	1245	6608
129	6	19	120	1254	25356
130	1	11	100	1263	4494
131	6	19	100	1272	3389
132	4	7	180	1281	8923
133	15	0	100	1290	6265
134	5	13	100	1299	252
135	19	8	200	1308	90
136	3	16	200	1317	1022
137	5	13	100	1326	843
138	4	7	100	1335	7665
139	19	8	100	1344	1869
140	0	18	180	1353	3807
141	0	18	100	1362	286
142	5	13	120	1371	4540
143	3	16	100	1380	7768
144	15	0	200	1389	6788
145	3	16	200	1398	3921
146	1	11	180	1407	2680
147	5	13	200	1416	362
148	19	8	100	1425	1646
149	6	19	120	1434	3266
150	15	0	120	1443	7181
151	15	0	180	1452	9976
152	15	0	100	1461	221
153	4	7	200	1470	10820
154	15	0	180	1479	1985
155	0	18	180	1488	1209
156	15	0	100	1497	6270
157	4	7	100	1506	5761
158	1	11	120	1515	5807
159	0	18	200	1524	2020
160	1	11	200	1533	385
161	6	19	200	1542	1372
162	3	16	180	1551	2097
163	1	11	120	1560	887
164	5	13	120	1569	3209
165	4	7	120	1578	7690
166	15	0	120	1600	22023
167	0	18	100	1610	1202
168	19	8	120	1620	1922
169	0	18	100	1630	4728
170	3	16	200	1640	568
171	6	19	120	1650	13217
172	15	0	100	1660	4484
173	15	0	100	1670	13
174	6	19	100	1680	5616
175	4	7	120	1690	6847
176	19	8	180	1700	60
177	3	16	120	1710	375
178	0	18	100	1720	2569
179	1	11	100	1730	983
180	15	0	180	1740	485
181	15	0	180	1750	3613
182	3	16	200	1760	1216
183	6	19	200	1770	1152
184	19	8	100	1780	717
185	3	16	120	1790	5666
186	19	8	200	1800	2915
187	0	18	180	1810	12818
188	19	8	120	1820	2042
189	5	13	120	1830	6439
190	1	11	200	1840	1050
191	19	8	200	1850	2482
192	4	7	200	1860	2209
193	3	16	120	1870	2437
194	15	0	100	1880	1321
195	3	16	200	1890	1562
196	15	0	180	1900	4328
197	3	16	100	1910	2613
198	6	19	200	1920	1454
199	4	7	180	1930	13190
200	4	7	120	1940	3965
201	0	18	120	1950	1038
202	5	13	120	1960	4883
203	19	8	100	2000	4131
204	4	7	120	2010	2218
205	1	11	100	2020	8181
206	0	18	120	2030	1115
207	19	8	100	2040	207
208	6	19	200	2050	787
209	4	7	120	2060	3392
210	1	11	200	2070	1129
211	4	7	180	2080	4842
212	3	16	200	2090	1365
213	19	8	120	2100	3174
214	3	16	100	2110	1326
215	3	16	100	2120	2749
216	4	7	100	2130	114
217	5	13	200	2140	686
218	3	16	120	2150	141
219	1	11	200	2160	6323
220	5	13	120	2170	1639
221	15	0	200	2180	148
222	1	11	180	2190	7855
223	4	7	200	2200	3484
224	19	8	100	2210	2482
225	3	16	100	2220	4434
226	1	11	120	2230	3096
227	4	7	200	2240	982
228	0	18	200	2250	5121
229	4	7	120	2260	2255
230	5	13	180	2270	689
231	5	13	180	2280	3066
232	5	13	120	2290	6140
233	6	19	180	2300	2860
234	6	19	180	2310	3557
235	6	19	120	2320	8669
236	1	11	120	2330	8822
237	4	7	200	2340	3851
238	3	16	120	2350	6961
239	15	0	200	2360	1390
240	1	11	200	2400	2886
241	19	8	180	2411	2517
242	3	16	200	2422	6069
243	5	13	100	2433	7043
244	4	7	120	2444	3230
245	6	19	100	2455	3011
246	6	19	200	2466	760
247	4	7	180	2477	8366
248	0	18	100	2488	764
249	4	7	100	2499	6134
250	19	8	200	2510	1398
251	1	11	200	2521	2799
252	0	18	180	2532	2354
253	4	7	200	2543	2859
254	19	8	100	2554	3942
255	6	19	180	2565	3589
256	19	8	180	2576	1842
257	1	11	120	2587	527
258	19	8	200	2598	801
259	0	18	120	2609	5637
260	19	8	200	2620	1612
261	6	19	120	2631	103
262	15	0	120	2642	1592
263	3	16	180	2653	5509
264	15	0	180	2664	2134
265	5	13	120	2675	4959
266	19	8	100	2686	9974
267	6	19	120	2697	6027
268	1	11	180	2708	12750
269	6	19	200	2719	2022
270	0	18	200	2730	3738
271	19	8	100	2741	2111
272	3	16	120	2752	1620
273	4	7	120	2763	5405
274	19	8	200	2774	1314
275	5	13	200	2785	8134
276	4	7	100	2800	1181
277	5	13	180	2811	128
278	0	18	120	2822	111
279	1	11	100	2833	10840
280	6	19	100	2844	2747
281	6	19	180	2855	4343
282	4	7	180	2866	179
283	5	13	200	2877	11109
284	4	7	180	2888	584
285	3	16	200	2899	4255
286	5	13	200	2910	379
287	0	18	180	2921	1280
288	6	19	180	2932	8618
289	1	11	200	2943	22900
290	15	0	180	2954	2906
291	0	18	200	2965	5814
292	5	13	200	2976	2294
293	3	16	200	2987	285
294	19	8	100	2998	13064
295	5	13	180	3009	2681
296	0	18	120	3020	596
297	0	18	100	3031	134
298	6	19	120	3042	2141
299	19	8	100	3053	7418
300	15	0	100	3064	3782
301	19	8	120	3075	2008
302	3	16	200	3086	9994
303	4	7	120	3097	6005
304	4	7	100	3108	779
305	0	18	180	3119	8649
306	19	8	120	3130	746
307	6	19	120	3141	4867
308	4	7	200	3152	1048
309	3	16	120	3163	5670
310	1	11	180	3200	1641
311	3	16	100	3211	1646
312	1	11	100	3222	404
313	6	19	200	3233	1140
314	3	16	120	3244	1198
315	1	11	100	3255	4426
316	3	16	200	3266	16035
317	1	11	180	3277	1981
318	15	0	100	3288	3785
319	5	13	200	3299	5685
320	0	18	120	3310	3872
321	15	0	180	3321	4125
322	19	8	200	3332	8989
323	0	18	180	3343	13079
324	15	0	100	3354	8492
325	19	8	100	3365	7355
326	4	7	120	3376	14532
327	19	8	180	3387	1227
328	4	7	100	3398	6043
329	4	7	120	3409	6275
330	4	7	120	3420	5244
331	4	7	200	3431	1008
332	19	8	120	3442	3838
333	0	18	100	3453	812
334	4	7	100	3464	1553
335	15	0	180	3475	431
336	4	7	180	3486	5459
337	0	18	100	3497	1240
338	1	11	180	3508	5721
339	4	7	100	3519	1155
340	4	7	120	3530	2651
341	15	0	180	3541	1955
342	5	13	180	3552	177
343	4	7	100	3563	540
344	19	8	120	3574	4317
345	5	13	180	3585	788
346	19	8	200	3600	4436
347	15	0	100	3610	835
348	0	18	180	3620	6643
349	6	19	100	3630	1383
350	3	16	180	3640	2825
351	19	8	200	3650	5513
352	3	16	100	3660	2186
353	1	11	120	3670	4268
354	19	8	200	3680	1010
355	19	8	120	3690	13779
356	19	8	180	3700	2775
357	1	11	120	3710	12476
358	5	13	120	3720	9084
359	4	7	100	3730	1637
360	5	13	100	3740	9693
361	19	8	180	3750	9452
362	1	11	100	3760	10337
363	0	18	180	3770	2310
364	19	8	200	3780	110
365	15	0	180	3790	482
366	3	16	180	3800	5098
367	0	18	200	3810	9733
368	3	16	200	3820	10428
369	5	13	180	3830	681
370	6	19	120	3840	10348
371	3	16	180	3850	5024
372	0	18	200	3860	3975
373	3	16	200	3870	1790
374	0	18	120	3880	1280
375	1	11	180	3890	1064
376	1	11	100	3900	3666
377	5	13	180	3910	5843
378	1	11	120	3920	1437
379	3	16	180	3930	4833
380	0	18	120	3940	749
381	6	19	120	3950	6150
382	19	8	100	3960	2422
383	15	0	100	3970	2668
384	1	11	180	4000	1342
385	5	13	180	4012	16181
386	0	18	200	4024	6472
387	15	0	200	4036	12976
388	1	11	100	4048	12931
389	5	13	180	4060	1746
390	15	0	100	4072	3682
391	3	16	120	4084	6219
392	4	7	200	4096	1847
393	15	0	120	4108	2212
394	15	0	200	4120	1659
395	4	7	180	4132	3458
396	6	19	180	4144	2480
397	5	13	200	4156	3710
398	4	7	120	4168	417
399	1	11	200	4180	3163
400	1	11	200	4192	2453
401	15	0	200	4204	5672
402	4	7	100	4216	1216
403	4	7	200	4228	4237
404	19	8	200	4240	1833
405	0	18	100	4252	6268
406	19	8	200	4264	503
407	19	8	100	4276	248
408	0	18	100	4288	1925
409	6	19	120	4300	18325
410	6	19	120	4312	1835
411	3	16	100	4324	5273
412	0	18	100	4336	4245
413	3	16	180	4348	869
414	3	16	200	4360	721
415	19	8	200	4400	539
416	0	18	180	4410	2402
417	4	7	200	4420	2303
418	19	8	200	4430	667
419	3	16	100	4440	182
420	6	19	200	4450	1495
421	5	13	200	4460	5699
422	15	0	180	4470	12121
423	15	0	100	4480	3398
424	6	19	180	4490	3237
425	4	7	200	4500	584
426	15	0	180	4510	1694
427	1	11	180	4520	917
428	5	13	100	4530	85
429	6	19	180	4540	4752
430	5	13	200	4550	5904
431	6	19	100	4560	21688
432	1	11	100	4570	4419
433	0	18	120	4580	5630
434	0	18	200	4590	1112
435	1	11	120	4600	2131
436	1	11	100	4610	2960
437	4	7	120	4620	6457
438	15	0	120	4630	507
439	0	18	180	4640	2723
440	6	19	200	4650	7990
441	1	11	180	4660	5410
442	6	19	200	4670	3460
443	5	13	200	4680	14134
444	15	0	120	4690	17027
445	4	7	200	4700	8140
446	1	11	120	4710	579
447	0	18	120	4720	766
448	4	7	120	4730	1202
449	19	8	100	4740	959
450	4	7	100	4750	544
451	1	11	180	4760	98
452	5	13	100	4770	2397
453	1	11	120	4800	224
454	4	7	200	4809	1069
455	6	19	200	4818	4802
456	0	18	120	4827	6562
457	6	19	200	4836	4681
458	15	0	120	4845	414
459	5	13	200	4854	1054
460	1	11	180	4863	2362
461	6	19	100	4872	9775
462	4	7	100	4881	159
463	3	16	120	4890	4644
464	1	11	120	4899	984
465	0	18	100	4908	1863
466	1	11	200	4917	263
467	0	18	180	4926	9158
468	1	11	200	4935	12198
469	1	11	180	4944	5578
470	15	0	180	4953	3698
471	5	13	120	4962	4205
472	6	19	180	4971	1534
473	15	0	120	4980	4314
474	6	19	100	4989	795
475	4	7	100	4998	3380
476	15	0	100	5007	796
477	3	16	200	5016	15833
478	19	8	200	5025	3533
479	1	11	180	5034	4627
480	1	11	180	5043	4
481	6	19	100	5052	750
482	6	19	100	5061	11621
483	5	13	100	5070	6598
484	3	16	180	5079	3356
485	3	16	120	5088	5500
486	1	11	200	5097	3147
487	19	8	180	5106	3810
488	5	13	180	5115	2942
489	4	7	200	5124	3139
490	1	11	100	5133	3734
491	4	7	120	5142	7163
492	6	19	200	5151	4849
493	3	16	120	5160	8733
494	19	8	200	5169	195
495	0	18	180	5178	12077
496	15	0	180	5187	4848
497	4	7	180	5200	8907
498	4	7	120	5208	5586
499	15	0	100	5216	3802
500	3	16	100	5224	6553
501	1	11	180	5232	1077
502	15	0	180	5240	1002
503	3	16	200	5248	2834
504	1	11	120	5256	3766
505	15	0	200	5264	2590
506	5	13	200	5272	4891
507	6	19	200	5280	6261
508	5	13	120	5288	8289
509	19	8	180	5296	4363
510	15	0	200	5304	2923
511	15	0	120	5312	6977
512	6	19	100	5320	435
513	6	19	180	5328	2130
514	3	16	100	5336	1048
515	4	7	120	5344	1286
516	19	8	100	5352	13755
517	15	0	200	5360	1051
518	19	8	200	5368	506
519	15	0	100	5376	2547
520	15	0	100	5384	7033
521	3	16	100	5392	2386
522	4	7	100	5400	1898
523	15	0	200	5408	2102
524	19	8	120	5416	627
525	3	16	120	5424	5880
526	19	8	120	5432	11828
527	4	7	100	5440	2257
528	19	8	120	5448	3788
529	6	19	120	5456	1041
530	6	19	180	5464	8102
531	4	7	180	5472	1360
532	19	8	120	5480	1036
533	1	11	200	5488	14472
534	19	8	180	5496	8475
535	0	18	200	5504	5794
536	15	0	180	5512	11922
537	3	16	100	5520	2302
538	4	7	180	5528	881
539	5	13	180	5536	382
540	15	0	120	5544	169
541	4	7	100	5552	5604
542	4	7	120	5560	5390
543	5	13	200	5568	7770
544	5	13	200	5600	102
545	4	7	180	5608	6086
546	15	0	100	5616	5238
547	19	8	120	5624	1367
548	0	18	100	5632	4277
549	4	7	120	5640	5927
550	0	18	180	5648	16360
551	0	18	180	5656	2548
552	4	7	180	5664	5935
553	5	13	120	5672	1322
554	19	8	200	5680	6162
555	0	18	200	5688	1762
556	6	19	180	5696	7811
557	0	18	180	5704	6705
558	4	7	180	5712	1800
559	15	0	100	5720	7328
560	19	8	180	5728	3008
561	1	11	180	5736	1282
562	15	0	120	5744	788
563	19	8	200	5752	4141
564	3	16	100	5760	6358
565	4	7	120	5768	1046
566	19	8	100	5776	3634
567	5	13	120	5784	556
568	6	19	100	5792	3046
569	1	11	120	5800	2505
570	5	13	200	5808	1576
571	6	19	200	5816	3022
572	3	16	120	5824	135
573	4	7	100	5832	111
574	19	8	180	5840	2244
575	4	7	200	5848	307
576	15	0	180	5856	4940
577	15	0	100	5864	2946
578	1	11	100	5872	1934
579	5	13	200	5880	1807
580	5	13	100	5888	163
581	19	8	200	5896	4296
582	3	16	100	5904	5958
583	4	7	100	5912	7313
584	5	13	200	5920	1129
585	6	19	200	5928	2022
586	19	8	200	5936	2895
587	3	16	100	5944	11739
588	1	11	200	5952	829
589	19	8	180	5960	2965
590	3	16	100	5968	9498
591	15	0	200	6000	586
592	19	8	180	6007	312
593	6	19	180	6014	1772
594	6	19	100	6021	3308
595	6	19	180	6028	5832
596	5	13	200	6035	3421
597	5	13	180	6042	400
598	3	16	180	6049	250
599	1	11	120	6056	6342
600	4	7	180	6063	816
601	1	11	200	6070	3666
602	3	16	120	6077	5651
603	15	0	200	6084	849
604	15	0	120	6091	2369
605	4	7	180	6098	2412
606	6	19	120	6105	2304
607	19	8	180	6112	5475
608	5	13	180	6119	7643
609	4	7	100	6126	4976
610	1	11	100	6133	4167
611	19	8	180	6140	1643
612	15	0	180	6147	2244
613	15	0	200	6154	27137
614	3	16	200	6161	6435
615	19	8	180	6168	8167
616	15	0	180	6175	2770
617	4	7	100	6182	1659
618	3	16	100	6189	2036
619	5	13	100	6196	2037
620	4	7	180	6203	5020
621	5	13	100	6210	4199
622	3	16	120	6217	11427
623	15	0	120	6224	38
624	19	8	100	6231	3270
625	15	0	100	6238	840
626	6	19	120	6245	2428
627	6	19	180	6252	4500
628	15	0	200	6259	2501
629	3	16	200	6266	4340
630	19	8	200	6273	2765
631	1	11	100	6280	3806
632	4	7	120	6287	2469
633	0	18	180	6294	3550
634	0	18	100	6301	788
635	3	16	100	6308	2318
636	6	19	180	6315	9284
637	5	13	100	6322	3500
638	5	13	180	6329	1992
639	1	11	100	6336	6299
640	19	8	180	6343	12768
641	0	18	100	6350	5870
642	6	19	120	6357	398
643	15	0	200	6364	2581
644	6	19	180	6400	8360
645	4	7	180	6408	3376
646	19	8	100	6416	4908
647	1	11	200	6424	317
648	3	16	200	6432	3266
649	6	19	180	6440	4716
650	19	8	200	6448	1245
651	0	18	200	6456	1073
652	3	16	120	6464	4766
653	15	0	180	6472	4333
654	15	0	200	6480	334
655	19	8	180	6488	3060
656	19	8	180	6496	4287
657	4	7	100	6504	5497
658	19	8	180	6512	4007
659	0	18	120	6520	1191
660	6	19	120	6528	24521
661	0	18	180	6536	5751
662	1	11	180	6544	1318
663	3	16	200	6552	842
664	5	13	100	6560	956
665	19	8	200	6568	135
666	4	7	100	6576	8357
667	15	0	100	6584	7356
668	6	19	180	6592	6859
669	19	8	180	6600	1785
670	3	16	200	6608	13816
671	1	11	180	6616	9934
672	19	8	120	6624	11765
673	0	18	200	6632	3725
674	5	13	180	6640	2320
675	4	7	120	6648	11633
676	15	0	200	6656	3240
677	5	13	180	6664	2516
678	0	18	180	6672	571
679	4	7	120	6680	17821
680	15	0	100	6688	2635
681	4	7	120	6696	1904
682	3	16	200	6704	499
683	1	11	120	6712	5921
684	3	16	200	6720	2007
685	15	0	100	6728	1225
686	19	8	180	6736	9988
687	6	19	200	6744	6419
688	1	11	200	6752	2838
689	1	11	180	6760	4133
690	4	7	180	6800	6097
691	1	11	180	6809	672
692	6	19	120	6818	12009
693	4	7	120	6827	578
694	5	13	200	6836	6341
695	19	8	200	6845	874
696	19	8	180	6854	2684
697	4	7	120	6863	9413
698	1	11	200	6872	1220
699	15	0	180	6881	7408
700	0	18	180	6890	4735
701	0	18	200	6899	8034
702	5	13	120	6908	1184
703	4	7	100	6917	882
704	3	16	200	6926	5150
705	6	19	120	6935	1729
706	1	11	120	6944	1359
707	1	11	120	6953	378
708	1	11	200	6962	1000
709	3	16	120	6971	579
710	0	18	200	6980	15548
711	3	16	200	6989	846
712	4	7	120	6998	3805
713	4	7	100	7007	4136
714	1	11	100	7016	5966
715	1	11	200	7025	3859
716	6	19	200	7034	4145
717	19	8	120	7043	2839
718	19	8	200	7052	6344
719	6	19	200	7061	11888
720	0	18	100	7070	491
721	6	19	100	7079	321
722	5	13	120	7088	1619
723	4	7	200	7097	773
724	5	13	100	7106	3449
725	1	11	120	7115	6718
726	5	13	100	7124	13552
727	4	7	100	7133	6695
728	5	13	100	7142	6661
729	5	13	200	7151	1118
730	5	13	200	7160	2439
731	4	7	120	7200	4202
732	3	16	200	7208	912
733	3	16	100	7216	1370
734	4	7	200	7224	1395
735	6	19	100	7232	3836
736	19	8	100	7240	523
737	19	8	200	7248	10067
738	15	0	180	7256	198
739	6	19	180	7264	178
740	5	13	200	7272	14876
741	6	19	100	7280	7027
742	5	13	100	7288	3449
743	19	8	120	7296	1869
744	0	18	200	7304	4370
745	0	18	200	7312	3581
746	15	0	120	7320	3115
747	1	11	100	7328	1460
748	1	11	100	7336	1783
749	3	16	100	7344	775
750	3	16	200	7352	3203
751	19	8	120	7360	15754
752	4	7	180	7368	464
753	4	7	200	7376	1508
754	15	0	120	7384	5200
755	3	16	120	7392	3836
756	4	7	180	7400	3045
757	0	18	120	7408	335
758	19	8	200	7416	3872
759	1	11	120	7424	9654
760	1	11	100	7432	1942
761	15	0	100	7440	2582
762	6	19	120	7448	1310
763	5	13	200	7456	15158
764	15	0	180	7464	4534
765	6	19	120	7472	1597
766	0	18	200	7480	17259
767	0	18	100	7488	1564
768	0	18	120	7496	1722
769	5	13	100	7504	688
770	3	16	180	7512	2743
771	15	0	100	7520	5177
772	1	11	180	7528	2464
773	3	16	120	7536	5571
774	1	11	200	7544	14457
775	3	16	100	7552	1359
776	1	11	100	7560	2767
777	6	19	200	7568	12822
778	4	7	100	7576	2863
779	4	7	100	7584	17134
780	3	16	200	7600	1272
781	3	16	100	7612	4319
782	1	11	200	7624	2410
783	3	16	200	7636	4028
784	3	16	200	7648	4720
785	5	13	120	7660	2585
786	0	18	180	7672	3111
787	19	8	200	7684	8825
788	5	13	200	7696	3307
789	0	18	180	7708	4530
790	1	11	120	7720	350
791	19	8	200	7732	172
792	0	18	200	7744	1421
793	5	13	100	7756	593
794	5	13	120	7768	4301
795	15	0	180	7780	2773
796	19	8	200	7792	3176
797	19	8	100	7804	3669
798	0	18	200	7816	4753
799	4	7	120	7828	1634
800	0	18	200	7840	3715
801	6	19	100	7852	980
802	1	11	200	7864	12485
803	6	19	100	7876	900
804	19	8	180	7888	4555
805	4	7	200	7900	6975
806	6	19	180	7912	2940
807	0	18	120	7924	1772
808	3	16	100	7936	1668
809	4	7	120	7948	2314
810	1	11	100	7960	499
811	15	0	200	7972	3408
812	6	19	120	7984	3368
813	4	7	200	8000	4020
814	15	0	180	8011	4064
815	15	0	100	8022	5155
816	6	19	120	8033	92
817	4	7	180	8044	4138
818	3	16	200	8055	1339
819	1	11	100	8066	902
820	5	13	200	8077	6216
821	1	11	100	8088	406
822	5	13	120	8099	5725
823	19	8	180	8110	4461
824	3	16	180	8121	309
825	4	7	180	8132	2421
826	15	0	100	8143	2226
827	5	13	180	8154	1554
828	15	0	200	8165	389
829	4	7	100	8176	2561
830	3	16	100	8187	5389
831	3	16	100	8198	9167
832	5	13	200	8209	1227
833	19	8	180	8220	773
834	3	16	120	8231	1920
835	6	19	200	8242	226
836	0	18	100	8253	4875
837	4	7	200	8264	1156
838	3	16	120	8275	12393
839	19	8	100	8286	8088
840	15	0	180	8297	12449
841	19	8	120	8308	806
842	5	13	200	8319	3183
843	0	18	120	8330	526
844	15	0	180	8341	3287
845	4	7	180	8352	2856
846	1	11	180	8363	2561
847	5	13	100	8374	4375
848	6	19	180	8400	2771
849	6	19	100	8409	10901
850	1	11	120	8418	2593
851	5	13	100	8427	9348
852	6	19	100	8436	1518
853	19	8	180	8445	2718
854	15	0	180	8454	3165
855	19	8	200	8463	2838
856	1	11	180	8472	2438
857	3	16	100	8481	1334
858	4	7	180	8490	544
859	5	13	200	8499	1022
860	6	19	200	8508	2031
861	1	11	100	8517	885
862	3	16	120	8526	1232
863	19	8	200	8535	8102
864	1	11	100	8544	4806
865	19	8	100	8553	986
866	1	11	200	8562	1480
867	6	19	180	8571	1999
868	1	11	120	8580	1165
869	1	11	180	8589	3497
870	6	19	100	8598	80
871	1	11	180	8607	5911
872	1	11	100	8616	4682
873	3	16	200	8625	2158
874	3	16	120	8634	1132
875	6	19	120	8643	3726
876	5	13	100	8652	3175
877	4	7	200	8661	4061
878	0	18	100	8670	474
879	15	0	200	8679	3320
880	1	11	100	8688	15903
881	1	11	100	8697	5738
882	19	8	200	8706	6908
883	0	18	200	8715	689
884	3	16	200	8724	21908
885	15	0	200	8733	7248
886	5	13	200	8742	3499
887	6	19	100	8751	5895
888	1	11	100	8760	3966
889	3	16	120	8800	8255
890	5	13	100	8813	3652
891	15	0	200	8826	2183
892	0	18	100	8839	529
893	15	0	120	8852	5226
894	1	11	100	8865	2534
895	6	19	180	8878	5658
896	5	13	200	8891	9971
897	6	19	100	8904	4566
898	19	8	120	8917	2206
899	19	8	120	8930	1673
900	1	11	200	8943	897
901	5	13	100	8956	331
902	3	16	180	8969	2126
903	5	13	200	8982	9957
904	0	18	100	8995	9839
905	19	8	200	9008	4886
906	4	7	100	9021	961
907	3	16	100	9034	9164
908	5	13	120	9047	1133
909	1	11	100	9060	11301
910	4	7	180	9073	12907
911	6	19	180	9086	6829
912	1	11	100	9099	754
913	5	13	180	9112	3313
914	3	16	200	9125	1120
915	4	7	180	9138	4047
916	3	16	100	9151	1888
917	3	16	180	9164	452
918	6	19	200	9200	8231
919	4	7	100	9208	7939
920	3	16	100	9216	4035
921	4	7	180	9224	3091
922	4	7	120	9232	5783
923	15	0	200	9240	1910
924	6	19	120	9248	16559
925	15	0	100	9256	3657
926	0	18	120	9264	4176
927	3	16	180	9272	12929
928	1	11	180	9280	11795
929	6	19	200	9288	2689
930	0	18	120	9296	4668
931	15	0	100	9304	8074
932	5	13	180	9312	961
933	1	11	180	9320	5876
934	5	13	100	9328	1803
935	6	19	100	9336	9280
936	15	0	120	9344	1720
937	3	16	100	9352	9423
938	0	18	180	9360	1117
939	3	16	200	9368	1373
940	3	16	200	9376	3902
941	3	16	180	9384	4611
942	1	11	200	9392	2971
943	0	18	200	9400	4662
944	19	8	200	9408	9754
945	15	0	180	9416	6058
946	6	19	200	9424	1144
947	4	7	120	9432	3290
948	5	13	180	9440	2653
949	15	0	180	9448	7156
950	4	7	120	9456	1916
951	3	16	120	9464	6650
952	0	18	100	9472	6610
953	5	13	100	9480	3296
954	5	13	120	9488	4904
955	15	0	100	9496	4347
956	1	11	180	9504	1513
957	5	13	180	9512	132
958	15	0	180	9520	10810
959	1	11	100	9528	1515
960	19	8	180	9536	236
961	0	18	120	9544	1167
962	1	11	120	9552	12083
963	19	8	120	9560	5661
964	0	18	180	9568	1161
965	5	13	180	9576	391
966	1	11	100	9584	3714
967	0	18	120	9592	2057
968	19	8	180	9600	893
969	6	19	200	9610	1678
970	5	13	100	9620	1352
971	19	8	100	9630	2547
972	1	11	200	9640	7957
973	4	7	100	9650	3486
974	0	18	100	9660	1095
975	0	18	180	9670	12072
976	3	16	180	9680	56
977	4	7	120	9690	317
978	19	8	100	9700	2517
979	15	0	200	9710	912
980	1	11	100	9720	1725
981	6	19	200	9730	365
982	15	0	100	9740	2582
983	4	7	100	9750	487
984	1	11	180	9760	460
985	6	19	100	9770	8427
986	15	0	100	9780	242
987	19	8	120	9790	4226
988	5	13	120	9800	261
989	15	0	200	9810	4818
990	4	7	120	9820	3534
991	3	16	180	9830	1524
992	5	13	120	9840	14334
993	15	0	180	9850	10544
994	3	16	120	9860	1062
995	1	11	180	9870	1848
996	1	11	100	9880	5282
997	3	16	180	9890	5829
998	19	8	120	9900	2292
999	4	7	100	9910	6849
1000	6	19	120	9920	770
1001	6	19	180	9930	7500
1002	4	7	200	9940	1787
1003	15	0	200	9950	613
1004	1	11	120	9960	3158
1005	5	13	100	9970	9614
1006	1	11	120	10000	11761
1007	6	19	100	10011	1028
1008	4	7	200	10022	1553
1009	5	13	180	10033	5633
1010	4	7	180	10044	4184
1011	6	19	100	10055	1091
1012	6	19	180	10066	3334
1013	0	18	180	10077	5222
1014	0	18	200	10088	13402
1015	1	11	180	10099	14028
1016	3	16	120	10110	6009
1017	15	0	120	10121	7245
1018	6	19	180	10132	4179
1019	4	7	180	10143	1871
1020	6	19	180	10154	140
1021	1	11	180	10165	12187
1022	4	7	200	10176	1654
1023	1	11	200	10187	2773
1024	1	11	120	10198	5641
1025	1	11	120	10209	14026
1026	4	7	180	10220	2763
1027	4	7	120	10231	10924
1028	0	18	180	10242	1713
1029	15	0	180	10253	8146
1030	15	0	120	10264	984
1031	19	8	200	10275	1134
1032	4	7	100	10286	4085
1033	5	13	200	10297	4170
1034	1	11	120	10308	116
1035	5	13	120	10319	2802
1036	1	11	100	10330	5190
1037	19	8	100	10341	1622
1038	1	11	200	10352	3364
1039	5	13	180	10363	888
1040	5	13	180	10400	10707
1041	1	11	100	10411	7135
1042	4	7	120	10422	1605
1043	19	8	180	10433	1471
1044	3	16	120	10444	211
1045	15	0	120	10455	1710
1046	6	19	100	10466	5567
1047	4	7	200	10477	1114
1048	15	0	180	10488	13233
1049	0	18	180	10499	1221
1050	19	8	120	10510	3591
1051	4	7	200	10521	9071
1052	5	13	100	10532	506
1053	5	13	180	10543	259
1054	6	19	180	10554	6151
1055	4	7	180	10565	1007
1056	1	11	200	10576	2836
1057	3	16	100	10587	7875
1058	6	19	180	10598	1952
1059	19	8	200	10609	3431
1060	1	11	120	10620	2115
1061	6	19	100	10631	49
1062	6	19	120	10642	8421
1063	6	19	120	10653	2407
1064	15	0	120	10664	3083
1065	4	7	180	10675	2055
1066	1	11	200	10686	3654
1067	1	11	180	10697	10009
1068	19	8	100	10708	4818
1069	5	13	180	10719	2473
1070	0	18	180	10730	1114
1071	3	16	100	10741	2347
1072	5	13	120	10752	1246
1073	1	11	200	10763	2384
1074	15	0	200	10774	2336
1075	5	13	180	10800	904
1076	6	19	100	10812	3890
1077	5	13	100	10824	125
1078	15	0	120	10836	2381
1079	4	7	100	10848	2097
1080	5	13	120	10860	986
1081	19	8	200	10872	1180
1082	6	19	180	10884	14221
1083	19	8	200	10896	356
1084	19	8	120	10908	1296
1085	4	7	180	10920	1552
1086	4	7	200	10932	548
1087	19	8	180	10944	3443
1088	15	0	120	10956	7930
1089	6	19	200	10968	6561
1090	3	16	180	10980	21949
1091	19	8	100	10992	8052
1092	3	16	180	11004	11763
1093	1	11	100	11016	19726
1094	4	7	120	11028	6214
1095	19	8	180	11040	10049
1096	5	13	180	11052	12301
1097	19	8	100	11064	8425
1098	1	11	120	11076	5887
1099	15	0	200	11088	4194
1100	5	13	120	11100	5528
1101	5	13	180	11112	7166
1102	5	13	180	11124	3132
1103	1	11	100	11136	2790
1104	0	18	100	11148	80
1105	5	13	100	11160	643
1106	15	0	120	11172	3962
1107	4	7	100	11184	4432
1108	6	19	180	11200	3873
1109	1	11	100	11209	3496
1110	15	0	180	11218	3673
1111	6	19	180	11227	2592
1112	5	13	180	11236	2122
1113	3	16	120	11245	15300
1114	4	7	120	11254	1768
1115	3	16	120	11263	674
1116	0	18	120	11272	166
1117	6	19	120	11281	6298
1118	6	19	200	11290	771
1119	3	16	200	11299	971
1120	0	18	180	11308	1279
1121	3	16	120	11317	87
1122	3	16	120	11326	229
1123	1	11	120	11335	8980
1124	1	11	200	11344	2504
1125	1	11	120	11353	1891
1126	0	18	120	11362	2746
1127	3	16	120	11371	1286
1128	15	0	180	11380	4321
1129	19	8	120	11389	2964
1130	19	8	200	11398	1142
1131	15	0	100	11407	5443
1132	3	16	200	11416	1206
1133	19	8	180	11425	6417
1134	15	0	180	11434	4305
1135	19	8	200	11443	1946
1136	3	16	100	11452	4987
1137	4	7	180	11461	2533
1138	15	0	200	11470	269
1139	4	7	100	11479	549
1140	6	19	100	11488	4723
1141	0	18	180	11497	2451
1142	1	11	200	11506	12572
1143	6	19	120	11515	1311
1144	15	0	100	11524	919
1145	6	19	200	11533	2926
1146	4	7	180	11542	2425
1147	0	18	100	11551	13895
1148	15	0	180	11560	4036
1149	0	18	200	11569	4014
1150	15	0	100	11578	8416
1151	15	0	120	11600	701
1152	1	11	100	11610	4855
1153	19	8	120	11620	3236
1154	15	0	100	11630	1885
1155	1	11	100	11640	5196
1156	3	16	120	11650	6010
1157	3	16	120	11660	4187
1158	0	18	100	11670	150
1159	19	8	180	11680	4123
1160	4	7	200	11690	4220
1161	4	7	100	11700	1745
1162	5	13	180	11710	37
1163	15	0	120	11720	407
1164	1	11	100	11730	1627
1165	19	8	120	11740	7786
1166	3	16	200	11750	976
1167	5	13	100	11760	3795
1168	4	7	180	11770	1537
1169	4	7	180	11780	14306
1170	19	8	120	11790	2337
1171	5	13	180	11800	3391
1172	19	8	180	11810	5202
1173	3	16	200	11820	192
1174	5	13	200	11830	2958
1175	19	8	200	11840	6760
1176	1	11	120	11850	268
1177	6	19	100	11860	5990
1178	4	7	100	11870	4668
1179	5	13	100	11880	11708
1180	15	0	200	11890	10209
1181	0	18	100	11900	3001
1182	5	13	180	11910	4082
1183	6	19	200	11920	109
1184	0	18	100	11930	4147
1185	1	11	180	11940	366
1186	5	13	200	11950	165
1187	4	7	120	11960	4891
1188	1	11	120	11970	2200
1189	6	19	180	11980	10749
1190	6	19	180	12000	3744
1191	19	8	180	12010	262
1192	3	16	120	12020	2264
1193	19	8	100	12030	2192
1194	19	8	120	12040	2588
1195	3	16	200	12050	1658
1196	4	7	100	12060	2384
1197	4	7	180	12070	7863
1198	4	7	100	12080	11619
1199	15	0	200	12090	1711
1200	3	16	100	12100	1439
1201	15	0	120	12110	7376
1202	5	13	180	12120	4198
1203	4	7	200	12130	4355
1204	0	18	180	12140	847
1205	1	11	120	12150	1463
1206	19	8	180	12160	2271
1207	19	8	100	12170	4267
1208	3	16	180	12180	130
1209	15	0	120	12190	3286
1210	0	18	180	12200	4342
1211	6	19	100	12210	4
1212	19	8	120	12220	12896
1213	5	13	100	12230	379
1214	0	18	200	12240	5108
1215	4	7	180	12250	530
1216	19	8	180	12260	5007
1217	19	8	180	12270	16104
1218	6	19	100	12280	2402
1219	0	18	120	12290	1132
1220	4	7	120	12300	6784
1221	19	8	120	12310	2861
1222	4	7	180	12320	841
1223	15	0	100	12330	1958
1224	15	0	100	12340	1811
1225	0	18	180	12350	1905
1226	3	16	120	12360	600
1227	19	8	180	12400	1459
1228	3	16	180	12410	3382
1229	3	16	200	12420	810
1230	5	13	180	12430	1826
1231	15	0	200	12440	917
1232	1	11	200	12450	7113
1233	5	13	120	12460	1666
1234	1	11	200	12470	4132
1235	19	8	120	12480	334
1236	4	7	180	12490	8408
1237	0	18	180	12500	14948
1238	5	13	120	12510	7235
1239	15	0	180	12520	1656
1240	1	11	100	12530	4249
1241	6	19	180	12540	1942
1242	0	18	200	12550	4478
1243	3	16	100	12560	7946
1244	5	13	100	12570	1256
1245	19	8	120	12580	3732
1246	19	8	120	12590	436
1247	15	0	120	12600	1673
1248	19	8	120	12610	4826
1249	4	7	180	12620	1737
1250	3	16	120	12630	3926
1251	5	13	180	12640	2515
1252	6	19	120	12650	2100
1253	4	7	180	12660	4797
1254	4	7	120	12670	3032
1255	3	16	180	12680	6268
1256	4	7	200	12690	4224
1257	15	0	120	12700	1219
1258	5	13	180	12710	1422
1259	0	18	200	12720	6684
1260	19	8	100	12730	730
1261	0	18	100	12740	546
1262	5	13	180	12750	356
1263	19	8	180	12760	7553
1264	3	16	180	12800	861
1265	3	16	180	12808	2445
1266	5	13	120	12816	745
1267	4	7	200	12824	3865
1268	3	16	100	12832	2364
1269	0	18	120	12840	4096
1270	0	18	200	12848	1131
1271	15	0	200	12856	5355
1272	3	16	120	12864	631
1273	15	0	180	12872	477
1274	15	0	120	12880	3588
1275	6	19	180	12888	2261
1276	15	0	180	12896	7266
1277	0	18	180	12904	1583
1278	1	11	200	12912	499
1279	15	0	200	12920	5666
1280	0	18	100	12928	1289
1281	4	7	200	12936	6389
1282	0	18	120	12944	3714
1283	19	8	200	12952	985
1284	0	18	180	12960	3266
1285	19	8	100	12968	9196
1286	0	18	120	12976	6367
1287	6	19	100	12984	568
1288	0	18	200	12992	6627
1289	15	0	120	13000	7663
1290	5	13	180	13008	2235
1291	5	13	100	13016	3817
1292	5	13	100	13024	4519
1293	4	7	120	13032	98
1294	15	0	120	13040	755
1295	1	11	200	13048	2992
1296	0	18	100	13056	1423
1297	1	11	100	13064	6969
1298	0	18	120	13072	4422
1299	3	16	120	13080	6690
1300	4	7	200	13088	2295
1301	4	7	180	13096	2645
1302	4	7	100	13104	9034
1303	15	0	200	13112	246
1304	4	7	180	13120	448
1305	5	13	180	13128	8738
1306	3	16	100	13136	1547
1307	15	0	200	13144	1403
1308	5	13	120	13152	449
1309	6	19	180	13160	419
1310	5	13	200	13168	12309
1311	3	16	100	13176	1574
1312	6	19	180	13184	628
1313	15	0	180	13200	3121
1314	0	18	200	13211	3074
1315	5	13	120	13222	1844
1316	0	18	180	13233	2958
1317	6	19	180	13244	8062
1318	19	8	200	13255	1373
1319	3	16	180	13266	1393
1320	1	11	100	13277	4326
1321	15	0	100	13288	153
1322	4	7	100	13299	6647
1323	5	13	200	13310	3600
1324	5	13	180	13321	957
1325	4	7	180	13332	3991
1326	3	16	180	13343	251
1327	15	0	100	13354	519
1328	0	18	100	13365	11283
1329	6	19	120	13376	271
1330	6	19	180	13387	568
1331	6	19	120	13398	50
1332	19	8	120	13409	4289
1333	19	8	180	13420	1456
1334	3	16	100	13431	1547
1335	5	13	180	13442	6275
1336	0	18	180	13453	9293
1337	1	11	120	13464	3150
1338	4	7	100	13475	477
1339	4	7	100	13486	4441
1340	6	19	100	13497	3458
1341	3	16	180	13508	2776
1342	1	11	200	13519	105
1343	3	16	100	13530	4947
1344	3	16	120	13541	9165
1345	1	11	180	13552	433
1346	19	8	180	13563	2536
1347	6	19	120	13600	581
1348	4	7	120	13610	2676
1349	3	16	100	13620	6489
1350	0	18	100	13630	16
1351	4	7	120	13640	2267
1352	1	11	120	13650	3056
1353	15	0	200	13660	1879
1354	0	18	100	13670	656
1355	6	19	180	13680	2037
1356	0	18	120	13690	4478
1357	19	8	120	13700	1437
1358	1	11	120	13710	7509
1359	0	18	200	13720	2574
1360	1	11	200	13730	7008
1361	4	7	200	13740	888
1362	15	0	180	13750	1757
1363	15	0	200	13760	166
1364	0	18	100	13770	13660
1365	15	0	120	13780	11348
1366	4	7	200	13790	4404
1367	6	19	200	13800	7334
1368	4	7	180	13810	998
1369	4	7	120	13820	5460
1370	5	13	180	13830	2519
1371	15	0	120	13840	15201
1372	3	16	180	13850	5614
1373	4	7	200	13860	3870
1374	6	19	120	13870	5026
1375	19	8	180	13880	699
1376	6	19	120	13890	46
1377	1	11	200	13900	423
1378	1	11	120	13910	4745
1379	3	16	100	13920	466
1380	5	13	100	13930	706
1381	5	13	120	13940	10398
1382	3	16	180	13950	4020
1383	6	19	100	13960	593
1384	5	13	100	13970	253
1385	3	16	120	14000	4811
1386	5	13	100	14010	2602
1387	1	11	120	14020	1330
1388	15	0	120	14030	668
1389	6	19	120	14040	10190
1390	5	13	100	14050	502
1391	0	18	120	14060	3666
1392	19	8	100	14070	4789
1393	4	7	100	14080	4062
1394	3	16	120	14090	7431
1395	3	16	100	14100	1910
1396	4	7	200	14110	625
1397	3	16	100	14120	16873
1398	1	11	100	14130	5428
1399	5	13	100	14140	12630
1400	15	0	180	14150	2285
1401	1	11	180	14160	3970
1402	1	11	180	14170	9825
1403	0	18	100	14180	5436
1404	15	0	120	14190	1633
1405	3	16	200	14200	107
1406	0	18	200	14210	4538
1407	6	19	120	14220	9824
1408	1	11	120	14230	4309
1409	1	11	180	14240	18731
1410	19	8	120	14250	1961
1411	19	8	180	14260	3405
1412	15	0	200	14270	3739
1413	19	8	100	14280	5341
1414	5	13	200	14290	1500
1415	5	13	120	14300	9245
1416	0	18	120	14310	3331
1417	0	18	180	14320	982
1418	3	16	180	14330	15521
1419	15	0	200	14340	1245
1420	1	11	100	14350	2488
1421	1	11	120	14360	1941
1422	19	8	180	14370	4635
1423	15	0	100	14400	1422
1424	19	8	100	14406	3940
1425	4	7	100	14412	8077
1426	15	0	100	14418	1311
1427	15	0	120	14424	495
1428	1	11	180	14430	5985
1429	3	16	120	14436	1636
1430	4	7	180	14442	63
1431	4	7	100	14448	106
1432	19	8	200	14454	1771
1433	6	19	120	14460	5344
1434	5	13	120	14466	4493
1435	3	16	120	14472	3040
1436	4	7	180	14478	46
1437	3	16	120	14484	8859
1438	19	8	180	14490	6490
1439	3	16	120	14496	142
1440	1	11	180	14502	85
1441	15	0	200	14508	3320
1442	0	18	100	14514	3906
1443	6	19	200	14520	712
1444	6	19	100	14526	3055
1445	5	13	180	14532	3149
1446	3	16	120	14538	19722
1447	0	18	200	14544	12989
1448	19	8	120	14550	1572
1449	6	19	200	14556	11466
1450	1	11	180	14562	6739
1451	4	7	100	14568	10477
1452	0	18	180	14574	23
1453	4	7	120	14580	2578
1454	3	16	200	14586	2727
1455	6	19	120	14592	208
1456	3	16	100	14598	11474
1457	4	7	180	14604	3818
1458	1	11	100	14610	495
1459	3	16	120	14616	2524
1460	4	7	180	14622	5494
1461	3	16	120	14628	3301
1462	5	13	200	14634	594
1463	15	0	200	14640	1565
1464	6	19	200	14646	14769
1465	5	13	100	14652	1793
1466	0	18	200	14658	969
1467	1	11	180	14664	8165
1468	3	16	200	14670	256
1469	1	11	180	14676	6063
1470	1	11	200	14682	8808
1471	15	0	200	14688	4487
1472	1	11	100	14694	2145
1473	19	8	100	14700	11551
1474	6	19	100	14706	1130
1475	3	16	120	14712	9176
1476	0	18	120	14718	5726
1477	1	11	200	14724	2960
1478	0	18	200	14730	5794
1479	3	16	180	14736	340
1480	1	11	180	14742	8301
1481	6	19	120	14748	1533
1482	19	8	100	14754	6268
1483	5	13	180	14800	7157
1484	1	11	200	14808	2945
1485	0	18	120	14816	370
1486	4	7	180	14824	82
1487	5	13	120	14832	8573
1488	3	16	180	14840	1112
1489	19	8	100	14848	3913
1490	0	18	100	14856	3558
1491	0	18	100	14864	2019
1492	1	11	120	14872	5953
1493	5	13	120	14880	1629
1494	15	0	180	14888	1359
1495	19	8	100	14896	2459
1496	3	16	200	14904	2219
1497	3	16	100	14912	1424
1498	0	18	200	14920	833
1499	1	11	100	14928	758
1500	5	13	200	14936	1600
1501	1	11	200	14944	523
1502	15	0	100	14952	9171
1503	6	19	180	14960	3147
1504	4	7	200	14968	220
1505	4	7	180	14976	604
1506	1	11	100	14984	2870
1507	0	18	120	14992	254
1508	6	19	100	15000	1039
1509	19	8	120	15008	3617
1510	5	13	200	15016	1367
1511	0	18	120	15024	2180
1512	3	16	180	15032	7587
1513	15	0	120	15040	142
1514	1	11	180	15048	3600
1515	6	19	120	15056	2236
1516	3	16	120	15064	5889
1517	0	18	100	15072	1456
1518	5	13	100	15080	6490
1519	5	13	120	15088	8706
1520	1	11	120	15096	1668
1521	4	7	120	15104	1616
1522	15	0	100	15112	3947
1523	3	16	180	15120	2305
1524	1	11	120	15128	848
1525	1	11	200	15136	2716
1526	6	19	180	15144	9212
1527	5	13	200	15152	335
1528	1	11	180	15160	4269
1529	6	19	100	15168	6186
1530	0	18	180	15176	2564
1531	15	0	100	15184	2475
1532	1	11	200	15200	1630
1533	15	0	180	15211	3588
1534	15	0	180	15222	5575
1535	0	18	200	15233	5575
1536	19	8	100	15244	2175
1537	1	11	120	15255	1132
1538	0	18	200	15266	6042
1539	15	0	100	15277	1918
1540	19	8	120	15288	3436
1541	3	16	120	15299	12744
1542	15	0	120	15310	4243
1543	3	16	100	15321	4172
1544	4	7	100	15332	1628
1545	19	8	200	15343	740
1546	6	19	120	15354	3162
1547	4	7	200	15365	5378
1548	4	7	180	15376	5406
1549	0	18	120	15387	7860
1550	5	13	200	15398	4667
1551	3	16	180	15409	514
1552	6	19	200	15420	2749
1553	4	7	120	15431	1435
1554	0	18	200	15442	7127
1555	0	18	180	15453	23540
1556	3	16	200	15464	2735
1557	4	7	120	15475	2472
1558	5	13	100	15486	1744
1559	3	16	100	15497	3290
1560	15	0	100	15508	1098
1561	5	13	120	15519	2260
1562	19	8	200	15530	2080
1563	19	8	100	15541	2332
1564	19	8	200	15552	519
1565	15	0	200	15563	7045
1566	19	8	180	15574	357
1567	4	7	200	15600	1191
1568	19	8	200	15608	1331
1569	1	11	180	15616	7370
1570	15	0	100	15624	35
1571	1	11	200	15632	2968
1572	19	8	120	15640	2986
1573	15	0	100	15648	2189
1574	6	19	100	15656	1485
1575	15	0	200	15664	1927
1576	6	19	100	15672	4541
1577	5	13	200	15680	15571
1578	19	8	180	15688	437
1579	1	11	180	15696	89
1580	5	13	180	15704	11712
1581	1	11	180	15712	700
1582	1	11	100	15720	1657
1583	0	18	100	15728	6362
1584	1	11	100	15736	414
1585	6	19	200	15744	1739
1586	0	18	120	15752	13336
1587	6	19	120	15760	135
1588	6	19	200	15768	5718
1589	15	0	100	15776	5620
1590	6	19	100	15784	1185
1591	5	13	200	15792	12722
1592	5	13	120	15800	8944
1593	15	0	180	15808	986
1594	0	18	200	15816	607
1595	3	16	200	15824	625
1596	4	7	180	15832	3221
1597	15	0	100	15840	952
1598	3	16	120	15848	2984
1599	5	13	120	15856	2823
1600	19	8	120	15864	348
1601	1	11	120	15872	1363
1602	4	7	100	15880	2437
1603	3	16	100	15888	9195
1604	3	16	100	15896	7613
1605	4	7	100	15904	719
1606	3	16	120	15912	3611
1607	19	8	200	15920	313
1608	15	0	100	15928	19032
1609	3	16	200	15936	2386
1610	3	16	120	15944	1534
1611	15	0	200	15952	2900
1612	4	7	200	15960	1769
1613	4	7	180	16000	1609
1614	6	19	180	16011	3809
1615	5	13	120	16022	331
1616	4	7	100	16033	388
1617	15	0	180	16044	3759
1618	15	0	100	16055	1683
1619	3	16	100	16066	5864
1620	15	0	120	16077	7976
1621	3	16	100	16088	214
1622	15	0	100	16099	2748
1623	1	11	180	16110	3006
1624	4	7	180	16121	3518
1625	3	16	120	16132	207
1626	5	13	180	16143	3985
1627	1	11	180	16154	1469
1628	15	0	100	16165	1318
1629	3	16	100	16176	722
1630	3	16	120	16187	7071
1631	19	8	200	16198	2514
1632	1	11	180	16209	2418
1633	4	7	120	16220	3637
1634	1	11	120	16231	11169
1635	3	16	100	16242	4287
1636	6	19	180	16253	4875
1637	19	8	100	16264	2316
1638	15	0	100	16275	11619
1639	15	0	200	16286	10853
1640	3	16	180	16297	5676
1641	1	11	180	16308	8788
1642	19	8	100	16319	171
1643	4	7	200	16330	1492
1644	4	7	200	16341	2291
1645	15	0	100	16352	5400
1646	0	18	200	16363	3674
1647	1	11	180	16400	3300
1648	0	18	100	16408	3708
1649	5	13	180	16416	253
1650	19	8	200	16424	214
1651	5	13	100	16432	11512
1652	19	8	100	16440	8113
1653	0	18	100	16448	5653
1654	15	0	200	16456	4113
1655	6	19	100	16464	127
1656	4	7	120	16472	6277
1657	3	16	180	16480	10516
1658	15	0	120	16488	1510
1659	0	18	200	16496	6447
1660	15	0	180	16504	3053
1661	0	18	180	16512	1353
1662	1	11	180	16520	6333
1663	4	7	200	16528	6996
1664	19	8	180	16536	3870
1665	4	7	120	16544	7637
1666	6	19	120	16552	255
1667	0	18	120	16560	5712
1668	1	11	120	16568	1994
1669	4	7	120	16576	12543
1670	15	0	200	16584	1880
1671	5	13	200	16592	4232
1672	0	18	180	16600	4363
1673	0	18	100	16608	2109
1674	19	8	180	16616	44
1675	6	19	200	16624	14749
1676	4	7	200	16632	41
1677	3	16	100	16640	821
1678	6	19	200	16648	387
1679	6	19	120	16656	7437
1680	1	11	120	16664	2387
1681	4	7	200	16672	285
1682	1	11	180	16680	4857
1683	3	16	180	16688	990
1684	4	7	120	16696	479
1685	15	0	120	16704	8669
1686	19	8	200	16712	3648
1687	1	11	120	16720	4777
1688	5	13	120	16728	12389
1689	4	7	100	16736	9515
1690	19	8	200	16744	8034
1691	3	16	200	16752	5994
1692	0	18	180	16760	534
1693	6	19	100	16800	625
1694	0	18	120	16811	2042
1695	1	11	200	16822	2546
1696	19	8	200	16833	395
1697	4	7	120	16844	972
1698	4	7	120	16855	4702
1699	19	8	120	16866	3511
1700	1	11	200	16877	4543
1701	19	8	120	16888	7348
1702	0	18	120	16899	741
1703	6	19	180	16910	4174
1704	6	19	180	16921	4638
1705	4	7	200	16932	2039
1706	5	13	180	16943	1312
1707	19	8	200	16954	2454
1708	0	18	180	16965	5475
1709	1	11	200	16976	4403
1710	3	16	120	16987	85
1711	0	18	100	16998	3727
1712	6	19	200	17009	7220
1713	1	11	200	17020	2541
1714	15	0	120	17031	1728
1715	3	16	200	17042	2501
1716	19	8	200	17053	3508
1717	19	8	100	17064	3426
1718	0	18	180	17075	4993
1719	1	11	100	17086	5303
1720	5	13	180	17097	1169
1721	5	13	200	17108	1815
1722	5	13	100	17119	6547
1723	6	19	100	17130	2656
1724	4	7	180	17141	380
1725	4	7	200	17152	3649
1726	4	7	120	17163	3001
1727	3	16	120	17174	2930
1728	0	18	200	17200	40
1729	6	19	180	17206	3107
1730	6	19	200	17212	8507
1731	19	8	180	17218	6329
1732	15	0	180	17224	2727
1733	6	19	120	17230	2837
1734	4	7	180	17236	723
1735	1	11	100	17242	3754
1736	4	7	120	17248	9197
1737	5	13	100	17254	227
1738	5	13	200	17260	3045
1739	19	8	120	17266	5001
1740	1	11	200	17272	3724
1741	19	8	100	17278	601
1742	0	18	180	17284	12107
1743	3	16	180	17290	1355
1744	0	18	180	17296	8695
1745	15	0	180	17302	1202
1746	6	19	100	17308	11321
1747	15	0	180	17314	4253
1748	15	0	200	17320	6316
1749	6	19	120	17326	10927
1750	3	16	100	17332	8717
1751	0	18	200	17338	2925
1752	3	16	180	17344	2794
1753	3	16	100	17350	12579
1754	3	16	200	17356	1606
1755	6	19	200	17362	1507
1756	4	7	120	17368	143
1757	3	16	100	17374	4608
1758	1	11	200	17380	3257
1759	3	16	200	17386	368
1760	19	8	180	17392	8209
1761	1	11	100	17398	5714
1762	19	8	100	17404	2381
1763	4	7	100	17410	919
1764	5	13	200	17416	6179
1765	4	7	200	17422	1027
1766	1	11	120	17428	474
1767	19	8	120	17434	1587
1768	6	19	120	17440	1455
1769	6	19	120	17446	5421
1770	19	8	120	17452	3331
1771	3	16	200	17458	3009
1772	3	16	100	17464	173
1773	0	18	100	17470	29801
1774	19	8	120	17476	550
1775	6	19	120	17482	483
1776	4	7	120	17488	2132
1777	1	11	120	17494	2919
1778	5	13	120	17500	3654
1779	6	19	100	17506	7112
1780	6	19	200	17512	4284
1781	5	13	180	17518	8258
1782	5	13	120	17524	5171
1783	3	16	120	17530	312
1784	3	16	120	17536	4236
1785	5	13	100	17542	1797
1786	6	19	200	17548	1379
1787	5	13	180	17600	3083
1788	3	16	180	17609	780
1789	15	0	200	17618	7622
1790	15	0	180	17627	3408
1791	0	18	100	17636	971
1792	4	7	100	17645	2758
1793	1	11	100	17654	2354
1794	0	18	200	17663	7381
1795	0	18	180	17672	7470
1796	19	8	100	17681	4698
1797	6	19	180	17690	5483
1798	15	0	180	17699	2778
1799	6	19	200	17708	4311
1800	5	13	100	17717	639
1801	6	19	180	17726	3802
1802	1	11	120	17735	1721
1803	1	11	180	17744	212
1804	6	19	100	17753	1846
1805	19	8	100	17762	1773
1806	6	19	180	17771	2587
1807	1	11	180	17780	2799
1808	4	7	200	17789	7049
1809	6	19	120	17798	977
1810	1	11	180	17807	9242
1811	1	11	200	17816	2913
1812	6	19	200	17825	355
1813	4	7	200	17834	5179
1814	5	13	200	17843	2252
1815	3	16	200	17852	25848
1816	6	19	200	17861	141
1817	5	13	180	17870	1870
1818	0	18	180	17879	3213
1819	19	8	200	17888	2211
1820	6	19	200	17897	10926
1821	6	19	200	17906	3418
1822	5	13	180	17915	651
1823	19	8	120	17924	2418
1824	15	0	180	17933	738
1825	15	0	100	17942	1720
1826	19	8	200	17951	123
1827	1	11	100	17960	3640
1828	0	18	100	17969	684
1829	15	0	180	17978	1331
1830	6	19	120	18000	2198
1831	15	0	180	18013	4400
1832	4	7	200	18026	69
1833	15	0	120	18039	11207
1834	0	18	200	18052	4598
1835	19	8	100	18065	179
1836	4	7	100	18078	2963
1837	3	16	200	18091	4480
1838	6	19	100	18104	4889
1839	3	16	100	18117	1398
1840	19	8	120	18130	8674
1841	4	7	120	18143	6211
1842	1	11	180	18156	4937
1843	6	19	120	18169	12913
1844	5	13	120	18182	12021
1845	6	19	180	18195	231
1846	4	7	120	18208	559
1847	19	8	100	18221	5916
1848	6	19	100	18234	57
1849	6	19	200	18247	7421
1850	4	7	180	18260	6657
1851	4	7	120	18273	1528
1852	6	19	200	18286	862
1853	15	0	180	18299	316
1854	0	18	100	18312	5160
1855	19	8	120	18325	3406
1856	1	11	200	18338	2488
1857	1	11	200	18351	9057
1858	4	7	200	18364	8585
1859	15	0	100	18377	81
1860	0	18	120	18400	1588
1861	5	13	180	18413	8441
1862	0	18	120	18426	1698
1863	5	13	100	18439	3152
1864	0	18	200	18452	6320
1865	4	7	200	18465	1064
1866	15	0	200	18478	2772
1867	19	8	120	18491	630
1868	4	7	100	18504	175
1869	5	13	200	18517	1955
1870	19	8	200	18530	2578
1871	4	7	100	18543	1791
1872	19	8	120	18556	4411
1873	6	19	120	18569	1188
1874	0	18	180	18582	3097
1875	1	11	180	18595	633
1876	5	13	120	18608	8024
1877	19	8	120	18621	842
1878	3	16	100	18634	2798
1879	1	11	100	18647	476
1880	4	7	180	18660	988
1881	19	8	180	18673	1195
1882	4	7	100	18686	3500
1883	4	7	120	18699	1506
1884	4	7	200	18712	2557
1885	1	11	100	18725	445
1886	1	11	200	18738	2564
1887	5	13	120	18751	11339
1888	15	0	120	18764	965
1889	1	11	120	18777	465
1890	15	0	100	18800	3477
1891	1	11	100	18809	3947
1892	19	8	200	18818	6255
1893	15	0	100	18827	4625
1894	3	16	200	18836	13688
1895	3	16	180	18845	27
1896	3	16	100	18854	2336
1897	6	19	120	18863	715
1898	5	13	180	18872	727
1899	1	11	180	18881	5047
1900	15	0	180	18890	3250
1901	5	13	100	18899	16735
1902	5	13	100	18908	5227
1903	0	18	100	18917	3952
1904	15	0	100	18926	1838
1905	0	18	180	18935	2388
1906	5	13	200	18944	4193
1907	19	8	120	18953	11044
1908	15	0	200	18962	3080
1909	15	0	180	18971	3453
1910	3	16	100	18980	4921
1911	1	11	180	18989	1276
1912	19	8	200	18998	1996
1913	1	11	200	19007	5891
1914	3	16	120	19016	6458
1915	0	18	200	19025	287
1916	1	11	120	19034	1401
1917	6	19	100	19043	130
1918	0	18	100	19052	302
1919	15	0	180	19061	4668
1920	3	16	200	19070	5714
1921	1	11	180	19079	3272
1922	0	18	200	19088	10709
1923	1	11	180	19097	10806
1924	15	0	180	19106	6555
1925	6	19	180	19115	7531
1926	4	7	100	19124	3379
1927	0	18	120	19133	16230
1928	4	7	180	19142	1368
1929	15	0	200	19151	3038
1930	15	0	120	19160	4871
1931	19	8	200	19200	4839
1932	3	16	200	19208	95
1933	1	11	180	19216	6173
1934	3	16	120	19224	3248
1935	19	8	180	19232	1067
1936	4	7	180	19240	3011
1937	3	16	200	19248	12441
1938	5	13	100	19256	11622
1939	4	7	120	19264	92
1940	6	19	100	19272	2433
1941	1	11	120	19280	3075
1942	15	0	120	19288	2071
1943	19	8	200	19296	4045
1944	15	0	120	19304	2057
1945	5	13	180	19312	1470
1946	3	16	120	19320	1067
1947	6	19	100	19328	80
1948	5	13	180	19336	8628
1949	1	11	100	19344	9129
1950	1	11	100	19352	4968
1951	6	19	100	19360	2112
1952	5	13	120	19368	380
1953	6	19	200	19376	2597
1954	19	8	180	19384	12539
1955	6	19	100	19392	24118
1956	4	7	100	19400	219
1957	3	16	120	19408	6366
1958	3	16	120	19416	6902
1959	1	11	180	19424	2941
1960	5	13	120	19432	8456
1961	4	7	120	19440	4395
1962	5	13	180	19448	4165
1963	0	18	200	19456	19
1964	19	8	100	19464	8290
1965	4	7	100	19472	24
1966	19	8	200	19480	1148
1967	6	19	120	19488	3731
1968	19	8	180	19496	966
1969	3	16	200	19504	3345
1970	6	19	100	19512	3109
1971	15	0	180	19520	1663
1972	0	18	200	19528	363
1973	6	19	200	19536	205
1974	0	18	180	19544	1060
1975	1	11	120	19552	1013
1976	4	7	100	19560	671
1977	0	18	200	19568	1398
1978	4	7	120	19600	3026
1979	1	11	100	19618	2758
1980	3	16	100	19636	3802
1981	15	0	100	19654	3197
1982	5	13	200	19672	414
1983	1	11	180	19690	1989
1984	5	13	200	19708	6879
1985	1	11	120	19726	1391
1986	3	16	180	19744	3776
1987	6	19	100	19762	3158
1988	3	16	200	19780	7084
1989	6	19	100	19798	3270
1990	5	13	180	19816	797
1991	1	11	120	19834	5275
1992	0	18	120	19852	573
1993	4	7	120	19870	2210
1994	19	8	200	19888	619
1995	3	16	200	19906	6224
1996	5	13	200	19924	8810
1997	6	19	180	19942	2038
1998	0	18	200	19960	5743
1999	4	7	120	19978	2017
