0	0	18	80	0	1324
1	1	11	40	8	8979
2	1	11	160	16	2030
3	3	16	80	24	1208
4	3	16	80	32	7028
5	5	13	160	40	184
6	3	16	120	48	1123
7	19	8	120	56	1566
8	5	13	120	64	722
9	4	7	160	72	4614
10	4	7	120	80	5180
11	3	16	120	88	5615
12	0	18	160	96	1854
13	0	18	40	104	902
14	4	7	80	112	1639
15	5	13	160	120	2044
16	3	16	120	128	385
17	0	18	120	136	487
18	1	11	80	144	2009
19	19	8	120	152	1268
20	4	7	120	160	3345
21	19	8	160	168	3157
22	0	18	120	176	95
23	5	13	80	184	4145
24	3	16	80	192	262
25	1	11	120	200	5898
26	6	19	80	208	4869
27	19	8	40	216	2806
28	1	11	80	224	2801
29	4	7	80	232	745
30	19	8	40	240	8570
31	5	13	120	248	1310
32	15	0	80	256	2776
33	5	13	160	264	4727
34	3	16	160	272	1121
35	4	7	160	280	1499
36	5	13	120	288	1550
37	15	0	40	296	802
38	1	11	160	304	6189
39	15	0	120	312	876
40	4	7	160	320	8287
41	15	0	160	328	1156
42	1	11	40	336	4047
43	15	0	40	344	2381
44	1	11	120	352	4422
45	5	13	80	400	1357
46	1	11	80	409	780
47	0	18	160	418	710
48	15	0	120	427	3207
49	5	13	80	436	3802
50	1	11	40	445	11320
51	5	13	40	454	3954
52	0	18	120	463	20768
53	0	18	160	472	3968
54	5	13	120	481	4748
55	0	18	80	490	5327
56	0	18	120	499	8174
57	6	19	120	508	5589
58	19	8	40	517	878
59	1	11	120	526	231
60	19	8	120	535	1668
61	4	7	120	544	5397
62	6	19	40	553	6868
63	1	11	80	562	21485
64	5	13	120	571	6475
65	15	0	160	580	2367
66	4	7	40	589	1171
67	4	7	160	598	4528
68	6	19	80	607	12640
69	19	8	80	616	95
70	19	8	40	625	328
71	4	7	120	634	9641
72	15	0	160	643	1586
73	4	7	160	652	883
74	5	13	120	661	2028
75	5	13	120	670	1517
76	15	0	160	679	9606
77	1	11	80	688	3422
78	3	16	160	697	14974
79	6	19	40	706	5979
80	0	18	80	715	3604
81	5	13	80	724	3117
82	0	18	80	733	12211
83	5	13	40	742	8834
84	3	16	40	751	1040
85	3	16	40	760	1176
86	5	13	40	769	1341
87	15	0	80	778	8199
88	0	18	80	800	25774
89	1	11	120	811	2840
90	4	7	40	822	2334
91	19	8	40	833	3362
92	15	0	40	844	16663
93	0	18	40	855	5250
94	15	0	160	866	7745
95	19	8	80	877	572
96	1	11	160	888	2253
97	0	18	160	899	4098
98	3	16	80	910	4162
99	4	7	120	921	1005
100	0	18	40	932	137
101	6	19	80	943	2769
102	3	16	120	954	918
103	19	8	40	965	3001
104	6	19	40	976	3060
105	6	19	80	987	125
106	6	19	40	998	1429
107	6	19	160	1009	6365
108	4	7	80	1020	1052
109	19	8	160	1031	1907
110	3	16	120	1042	7008
111	19	8	40	1053	1400
112	3	16	160	1064	5992
113	1	11	160	1075	2189
114	0	18	80	1086	2482
115	3	16	80	1097	6432
116	3	16	40	1108	6201
117	0	18	160	1119	10650
118	19	8	40	1130	5816
119	1	11	80	1141	3168
120	3	16	160	1152	705
121	6	19	120	1163	1929
122	4	7	120	1174	4548
123	5	13	120	1185	2384
124	5	13	40	1200	3484
125	19	8	160	1210	2855
126	5	13	120	1220	10401
127	15	0	120	1230	3630
128	5	13	160	1240	1676
129	5	13	80	1250	1227
130	4	7	120	1260	8648
131	6	19	160	1270	1249
132	15	0	40	1280	10537
133	19	8	40	1290	5611
134	6	19	40	1300	5417
135	3	16	160	1310	395
136	3	16	120	1320	1639
137	1	11	80	1330	2213
138	19	8	160	1340	1757
139	5	13	160	1350	883
140	5	13	160	1360	12341
141	19	8	40	1370	2682
142	4	7	40	1380	4084
143	0	18	80	1390	3861
144	19	8	160	1400	4581
145	4	7	160	1410	634
146	6	19	80	1420	6283
147	6	19	40	1430	3311
148	19	8	120	1440	1250
149	5	13	80	1450	230
150	6	19	80	1460	1696
151	0	18	160	1470	2776
152	1	11	160	1480	8308
153	0	18	40	1490	419
154	0	18	160	1500	249
155	4	7	80	1510	4212
156	3	16	160	1520	6867
157	15	0	160	1530	5642
158	4	7	160	1540	11700
159	6	19	80	1550	98
160	0	18	160	1560	443
161	19	8	120	1600	4868
162	0	18	160	1609	2420
163	19	8	40	1618	13665
164	5	13	40	1627	2727
165	5	13	160	1636	3268
166	0	18	40	1645	1830
167	4	7	120	1654	90
168	5	13	160	1663	4553
169	15	0	120	1672	1836
170	19	8	160	1681	2491
171	0	18	120	1690	1803
172	1	11	40	1699	3420
173	3	16	40	1708	3359
174	6	19	80	1717	3594
175	4	7	120	1726	4472
176	1	11	120	1735	5432
177	3	16	40	1744	247
178	6	19	160	1753	5831
179	0	18	80	1762	2282
180	3	16	120	1771	5064
181	19	8	80	1780	1802
182	15	0	160	1789	1590
183	19	8	80	1798	1349
184	15	0	160	1807	10035
185	4	7	160	1816	1941
186	5	13	40	1825	2000
187	15	0	160	1834	7055
188	15	0	80	1843	4731
189	1	11	120	1852	380
190	19	8	160	1861	1280
191	5	13	120	1870	3471
192	15	0	80	1879	2604
193	3	16	120	1888	1608
194	4	7	40	1897	391
195	6	19	80	1906	1152
196	15	0	40	1915	140
197	5	13	40	1924	4466
198	4	7	40	1933	533
199	3	16	40	1942	527
200	3	16	160	1951	6047
201	3	16	160	1960	5875
202	0	18	80	1969	8593
203	1	11	40	2000	9221
204	5	13	120	2009	3590
205	5	13	120	2018	16240
206	19	8	160	2027	10398
207	19	8	120	2036	1464
208	4	7	120	2045	2827
209	6	19	40	2054	1959
210	1	11	160	2063	9557
211	0	18	160	2072	5713
212	1	11	40	2081	17940
213	3	16	120	2090	2866
214	3	16	160	2099	1463
215	0	18	80	2108	5423
216	0	18	160	2117	1885
217	1	11	120	2126	734
218	0	18	40	2135	198
219	1	11	80	2144	465
220	0	18	160	2153	719
221	3	16	40	2162	3093
222	5	13	40	2171	1594
223	3	16	40	2180	3556
224	15	0	160	2189	396
225	4	7	80	2198	8594
226	3	16	80	2207	8627
227	15	0	80	2216	1117
228	15	0	40	2225	2577
229	0	18	40	2234	1676
230	5	13	80	2243	4070
231	6	19	80	2252	291
232	15	0	160	2261	10949
233	3	16	160	2270	4127
234	15	0	80	2279	4260
235	0	18	120	2288	11850
236	19	8	40	2297	2611
237	5	13	160	2306	2232
238	3	16	160	2315	4734
239	1	11	40	2324	10988
240	5	13	160	2333	2455
241	6	19	80	2342	364
242	3	16	80	2351	1553
243	0	18	80	2360	1462
244	0	18	120	2400	805
245	19	8	160	2407	2882
246	4	7	80	2414	3580
247	4	7	120	2421	13648
248	0	18	160	2428	100
249	4	7	120	2435	1728
250	5	13	120	2442	8304
251	6	19	120	2449	8063
252	4	7	160	2456	3913
253	3	16	120	2463	60
254	3	16	80	2470	12767
255	19	8	120	2477	1102
256	6	19	120	2484	2326
257	6	19	40	2491	1394
258	4	7	80	2498	6558
259	1	11	80	2505	4938
260	3	16	80	2512	414
261	0	18	80	2519	4582
262	0	18	80	2526	7122
263	4	7	120	2533	718
264	1	11	120	2540	5525
265	4	7	120	2547	7283
266	1	11	160	2554	6972
267	15	0	80	2561	1692
268	5	13	40	2568	7758
269	1	11	40	2575	1772
270	1	11	80	2582	1219
271	4	7	160	2589	11827
272	15	0	120	2596	2569
273	15	0	160	2603	478
274	5	13	120	2610	4211
275	3	16	80	2617	322
276	0	18	160	2624	977
277	4	7	160	2631	90
278	3	16	120	2638	2087
279	15	0	160	2645	3477
280	0	18	160	2652	1380
281	15	0	120	2659	9968
282	15	0	120	2666	988
283	4	7	80	2673	530
284	4	7	120	2680	2523
285	19	8	160	2687	5909
286	1	11	80	2694	2363
287	5	13	80	2701	10117
288	0	18	80	2708	4617
289	15	0	160	2715	2140
290	3	16	40	2722	2830
291	1	11	160	2729	818
292	1	11	120	2736	3889
293	1	11	120	2743	16734
294	19	8	160	2750	7266
295	4	7	80	2757	5998
296	5	13	40	2764	1180
297	19	8	160	2771	685
298	19	8	120	2778	3261
299	5	13	40	2800	1687
300	15	0	40	2809	4666
301	5	13	40	2818	1131
302	19	8	120	2827	469
303	15	0	160	2836	4394
304	1	11	80	2845	368
305	0	18	120	2854	10445
306	15	0	40	2863	1996
307	6	19	160	2872	2865
308	6	19	40	2881	1809
309	19	8	160	2890	8526
310	19	8	120	2899	97
311	3	16	160	2908	2169
312	3	16	120	2917	8749
313	5	13	80	2926	1020
314	0	18	80	2935	2159
315	4	7	160	2944	799
316	3	16	160	2953	2486
317	6	19	160	2962	4915
318	19	8	160	2971	4768
319	1	11	160	2980	15080
320	1	11	40	2989	1990
321	6	19	120	2998	9404
322	15	0	160	3007	4318
323	6	19	80	3016	2332
324	19	8	40	3025	7609
325	19	8	80	3034	323
326	3	16	80	3043	1579
327	5	13	40	3052	2686
328	15	0	40	3061	1287
329	1	11	40	3070	8295
330	6	19	80	3079	6901
331	0	18	40	3088	243
332	4	7	40	3097	2500
333	15	0	80	3106	257
334	0	18	120	3115	8909
335	5	13	160	3124	186
336	15	0	40	3133	6569
337	19	8	120	3142	3214
338	1	11	40	3151	146
339	4	7	160	3160	3117
340	0	18	160	3169	1905
341	5	13	120	3200	10909
342	15	0	40	3209	3251
343	0	18	80	3218	6507
344	15	0	80	3227	1978
345	0	18	80	3236	370
346	19	8	80	3245	1411
347	5	13	40	3254	2020
348	1	11	40	3263	3353
349	5	13	40	3272	4271
350	1	11	120	3281	1506
351	19	8	40	3290	3178
352	0	18	160	3299	2472
353	15	0	160	3308	3475
354	3	16	40	3317	12165
355	1	11	120	3326	6126
356	15	0	40	3335	3529
357	3	16	80	3344	4421
358	19	8	120	3353	6768
359	1	11	40	3362	41
360	15	0	40	3371	3669
361	3	16	40	3380	9360
362	15	0	160	3389	1078
363	5	13	40	3398	2689
364	3	16	120	3407	245
365	19	8	120	3416	13411
366	15	0	120	3425	12302
367	5	13	40	3434	6982
368	5	13	120	3443	1619
369	5	13	120	3452	1859
370	5	13	120	3461	1878
371	3	16	40	3470	9658
372	4	7	160	3479	4450
373	4	7	40	3488	674
374	0	18	40	3497	3645
375	6	19	120	3506	2445
376	19	8	80	3515	1712
377	6	19	80	3524	7774
378	15	0	160	3533	212
379	15	0	160	3542	5745
380	0	18	40	3551	6064
381	6	19	80	3560	10611
382	4	7	160	3600	10184
383	3	16	40	3609	3859
384	19	8	120	3618	3288
385	6	19	40	3627	1278
386	0	18	80	3636	3646
387	6	19	80	3645	8624
388	4	7	80	3654	466
389	15	0	40	3663	458
390	6	19	160	3672	2459
391	5	13	160	3681	591
392	0	18	40	3690	5334
393	19	8	160	3699	103
394	5	13	160	3708	11314
395	15	0	120	3717	2579
396	6	19	120	3726	4793
397	1	11	40	3735	276
398	15	0	160	3744	5450
399	19	8	160	3753	2214
400	3	16	120	3762	578
401	3	16	40	3771	2553
402	19	8	80	3780	263
403	5	13	80	3789	871
404	0	18	80	3798	1322
405	15	0	80	3807	2064
406	5	13	40	3816	8381
407	5	13	160	3825	1460
408	6	19	160	3834	16201
409	6	19	120	3843	2731
410	3	16	40	3852	2287
411	0	18	120	3861	5228
412	4	7	80	3870	3842
413	0	18	160	3879	220
414	1	11	40	3888	1044
415	0	18	160	3897	4444
416	15	0	40	3906	16086
417	5	13	120	3915	3842
418	6	19	120	3924	10584
419	5	13	80	3933	6163
420	19	8	40	3942	1828
421	0	18	80	3951	288
422	0	18	160	3960	5025
423	15	0	120	3969	1017
424	15	0	160	3978	9745
425	19	8	160	4000	1082
426	3	16	40	4010	765
427	4	7	40	4020	4150
428	19	8	40	4030	964
429	1	11	80	4040	524
430	19	8	160	4050	5692
431	6	19	80	4060	1322
432	19	8	120	4070	478
433	19	8	40	4080	3938
434	5	13	40	4090	3949
435	6	19	160	4100	1476
436	6	19	160	4110	8036
437	15	0	80	4120	5175
438	3	16	160	4130	1646
439	0	18	80	4140	684
440	1	11	40	4150	2021
441	4	7	120	4160	1382
442	19	8	80	4170	9276
443	15	0	120	4180	3821
444	5	13	160	4190	4470
445	6	19	40	4200	5235
446	0	18	80	4210	2937
447	0	18	40	4220	4592
448	15	0	160	4230	6353
449	4	7	160	4240	1259
450	0	18	120	4250	2718
451	1	11	40	4260	337
452	4	7	120	4270	593
453	3	16	80	4280	12698
454	0	18	120	4290	240
455	1	11	80	4300	269
456	3	16	40	4310	5650
457	1	11	120	4320	7306
458	6	19	120	4330	1332
459	0	18	80	4340	181
460	5	13	40	4350	1040
461	1	11	40	4360	1052
462	6	19	120	4370	384
463	5	13	120	4380	7858
464	6	19	160	4390	5323
465	5	13	160	4400	669
466	0	18	160	4409	3834
467	5	13	40	4418	18795
468	4	7	160	4427	2221
469	4	7	40	4436	10166
470	3	16	160	4445	6537
471	19	8	120	4454	1184
472	3	16	160	4463	1313
473	5	13	80	4472	5910
474	3	16	80	4481	1971
475	4	7	120	4490	310
476	1	11	160	4499	735
477	1	11	40	4508	421
478	1	11	160	4517	3209
479	0	18	120	4526	806
480	19	8	120	4535	5048
481	3	16	160	4544	2703
482	6	19	40	4553	7586
483	4	7	40	4562	11542
484	1	11	120	4571	3973
485	6	19	120	4580	4533
486	1	11	160	4589	620
487	6	19	80	4598	671
488	15	0	120	4607	3358
489	4	7	120	4616	3305
490	4	7	120	4625	3213
491	5	13	40	4634	108
492	1	11	160	4643	2337
493	1	11	80	4652	1386
494	5	13	40	4661	10533
495	0	18	40	4670	723
496	15	0	160	4679	894
497	4	7	160	4688	171
498	0	18	160	4697	8465
499	19	8	40	4706	2926
500	6	19	80	4715	480
501	5	13	80	4724	3014
502	5	13	80	4733	1186
503	3	16	120	4742	8301
504	1	11	40	4751	2502
505	0	18	40	4760	1081
506	19	8	80	4769	6459
507	19	8	80	4778	1822
508	19	8	40	4787	3366
509	5	13	160	4800	16415
510	0	18	80	4811	9097
511	1	11	40	4822	4273
512	19	8	160	4833	1354
513	6	19	160	4844	424
514	1	11	160	4855	1586
515	3	16	40	4866	5353
516	5	13	160	4877	1921
517	1	11	80	4888	638
518	3	16	160	4899	1046
519	19	8	40	4910	237
520	3	16	160	4921	41
521	4	7	120	4932	2479
522	15	0	120	4943	2197
523	0	18	40	4954	7974
524	0	18	80	4965	1842
525	15	0	120	4976	6021
526	15	0	160	4987	6722
527	0	18	80	4998	17349
528	19	8	40	5009	7422
529	3	16	80	5020	1013
530	6	19	160	5031	8295
531	6	19	40	5042	539
532	0	18	40	5053	996
533	3	16	120	5064	133
534	4	7	80	5075	287
535	3	16	40	5086	831
536	6	19	120	5097	1070
537	3	16	120	5108	14823
538	3	16	40	5119	2608
539	1	11	120	5130	1995
540	19	8	80	5141	8380
541	3	16	120	5152	6015
542	6	19	40	5163	3523
543	1	11	120	5200	3514
544	4	7	80	5210	4377
545	1	11	120	5220	9044
546	5	13	80	5230	5381
547	4	7	160	5240	1673
548	0	18	120	5250	13474
549	1	11	160	5260	845
550	5	13	40	5270	6129
551	5	13	80	5280	217
552	1	11	160	5290	6679
553	1	11	160	5300	6899
554	5	13	80	5310	2841
555	3	16	120	5320	4214
556	6	19	160	5330	450
557	5	13	80	5340	1995
558	1	11	40	5350	2816
559	3	16	80	5360	4647
560	1	11	40	5370	2200
561	15	0	160	5380	6731
562	19	8	40	5390	2955
563	6	19	160	5400	1693
564	19	8	40	5410	462
565	3	16	80	5420	5896
566	0	18	160	5430	2289
567	6	19	80	5440	1174
568	1	11	120	5450	127
569	15	0	120	5460	602
570	6	19	120	5470	2796
571	1	11	80	5480	2083
572	19	8	80	5490	4415
573	0	18	80	5500	7264
574	0	18	120	5510	797
575	0	18	40	5520	1059
576	6	19	80	5530	8361
577	5	13	160	5540	7282
578	5	13	160	5550	885
579	15	0	160	5560	2564
580	1	11	80	5570	157
581	3	16	160	5600	2553
582	19	8	120	5610	86
583	15	0	80	5620	4236
584	6	19	40	5630	2317
585	0	18	80	5640	6888
586	5	13	80	5650	1509
587	19	8	80	5660	2034
588	6	19	80	5670	2971
589	1	11	120	5680	2165
590	6	19	80	5690	338
591	1	11	40	5700	7378
592	0	18	80	5710	2539
593	19	8	120	5720	6280
594	19	8	80	5730	13973
595	0	18	120	5740	259
596	3	16	120	5750	1179
597	0	18	80	5760	1099
598	1	11	80	5770	2581
599	0	18	40	5780	8985
600	1	11	160	5790	2463
601	19	8	160	5800	2654
602	3	16	80	5810	1488
603	3	16	160	5820	6989
604	5	13	40	5830	4651
605	3	16	160	5840	1899
606	6	19	40	5850	1941
607	0	18	120	5860	14660
608	0	18	80	5870	4098
609	5	13	40	5880	1291
610	5	13	80	5890	5966
611	1	11	160	5900	1250
612	19	8	120	5910	863
613	3	16	80	5920	130
614	0	18	40	5930	4183
615	19	8	80	5940	12093
616	15	0	40	5950	6296
617	1	11	160	5960	8132
618	19	8	120	5970	9433
619	19	8	160	6000	1357
620	15	0	160	6011	2439
621	0	18	80	6022	151
622	19	8	40	6033	5241
623	0	18	160	6044	3799
624	1	11	80	6055	242
625	4	7	120	6066	4328
626	0	18	160	6077	10990
627	0	18	120	6088	8365
628	1	11	160	6099	8092
629	0	18	40	6110	502
630	6	19	120	6121	15130
631	6	19	160	6132	4042
632	3	16	80	6143	1801
633	5	13	160	6154	1451
634	6	19	160	6165	54
635	3	16	80	6176	3225
636	0	18	80	6187	702
637	6	19	120	6198	870
638	1	11	40	6209	13502
639	4	7	80	6220	255
640	4	7	40	6231	2296
641	4	7	160	6242	1661
642	19	8	40	6253	5669
643	1	11	80	6264	1141
644	6	19	80	6275	4120
645	4	7	80	6286	6697
646	1	11	120	6297	4172
647	15	0	40	6308	2304
648	15	0	120	6319	619
649	0	18	40	6330	73
650	3	16	80	6341	1258
651	1	11	120	6352	1953
652	0	18	160	6363	1631
653	3	16	120	6374	831
654	1	11	40	6400	2302
655	0	18	80	6411	2197
656	19	8	160	6422	5622
657	3	16	80	6433	4781
658	1	11	120	6444	5827
659	1	11	120	6455	106
660	1	11	160	6466	2334
661	5	13	80	6477	2837
662	19	8	120	6488	451
663	19	8	40	6499	2961
664	19	8	80	6510	1419
665	19	8	80	6521	598
666	15	0	120	6532	9452
667	4	7	160	6543	8825
668	6	19	80	6554	75
669	6	19	120	6565	399
670	15	0	160	6576	6246
671	0	18	80	6587	3637
672	0	18	160	6598	9343
673	5	13	40	6609	7422
674	4	7	160	6620	7616
675	4	7	40	6631	496
676	1	11	80	6642	1311
677	15	0	120	6653	2630
678	4	7	120	6664	14051
679	6	19	40	6675	1130
680	1	11	160	6686	54
681	3	16	160	6697	2756
682	1	11	40	6708	5283
683	0	18	160	6719	7575
684	15	0	160	6730	7534
685	5	13	160	6741	3575
686	5	13	160	6752	1432
687	0	18	160	6763	769
688	3	16	120	6774	8062
689	5	13	120	6785	3573
690	4	7	120	6800	6412
691	6	19	160	6808	2492
692	5	13	40	6816	2238
693	19	8	80	6824	11219
694	1	11	120	6832	3866
695	15	0	120	6840	10567
696	4	7	40	6848	1062
697	19	8	160	6856	1069
698	3	16	160	6864	11954
699	6	19	160	6872	2805
700	6	19	120	6880	9487
701	15	0	120	6888	5671
702	1	11	120	6896	2174
703	1	11	160	6904	198
704	3	16	40	6912	1035
705	1	11	160	6920	4468
706	0	18	160	6928	2639
707	5	13	160	6936	2703
708	19	8	120	6944	1641
709	15	0	40	6952	1548
710	19	8	160	6960	618
711	1	11	40	6968	1274
712	19	8	160	6976	5196
713	4	7	120	6984	2943
714	19	8	160	6992	51
715	19	8	40	7000	11539
716	4	7	80	7008	5965
717	19	8	120	7016	1189
718	1	11	80	7024	4497
719	3	16	80	7032	4920
720	3	16	120	7040	7277
721	15	0	160	7048	5250
722	0	18	40	7056	93
723	0	18	160	7064	2233
724	3	16	40	7072	1406
725	0	18	160	7080	1581
726	5	13	80	7088	738
727	0	18	120	7096	13275
728	3	16	120	7104	1014
729	5	13	40	7112	10218
730	19	8	160	7120	8593
731	1	11	120	7128	184
732	5	13	160	7136	3039
733	6	19	120	7144	2510
734	19	8	80	7152	1658
735	4	7	80	7160	1181
736	1	11	40	7200	327
737	0	18	80	7211	4618
738	15	0	160	7222	3886
739	6	19	40	7233	770
740	4	7	40	7244	456
741	19	8	40	7255	6638
742	1	11	40	7266	7291
743	4	7	120	7277	3157
744	6	19	120	7288	2373
745	1	11	80	7299	2985
746	15	0	40	7310	5334
747	1	11	120	7321	9531
748	0	18	120	7332	10446
749	1	11	80	7343	4502
750	3	16	80	7354	668
751	5	13	80	7365	14949
752	15	0	120	7376	3278
753	19	8	120	7387	1107
754	4	7	80	7398	4389
755	19	8	160	7409	773
756	6	19	120	7420	5306
757	0	18	160	7431	19041
758	15	0	160	7442	5576
759	1	11	40	7453	9271
760	6	19	120	7464	2805
761	0	18	80	7475	2929
762	1	11	40	7486	1244
763	3	16	120	7497	2139
764	19	8	80	7508	2302
765	6	19	80	7519	413
766	6	19	80	7530	5396
767	1	11	40	7541	1210
768	4	7	80	7552	800
769	5	13	120	7563	5662
770	15	0	40	7600	8025
771	4	7	40	7607	377
772	1	11	160	7614	4038
773	4	7	80	7621	2772
774	19	8	80	7628	3663
775	3	16	80	7635	113
776	6	19	120	7642	8919
777	6	19	120	7649	2595
778	4	7	80	7656	15735
779	0	18	120	7663	5887
780	3	16	160	7670	3566
781	4	7	160	7677	1209
782	19	8	160	7684	151
783	1	11	40	7691	3180
784	1	11	160	7698	5852
785	3	16	80	7705	9507
786	3	16	160	7712	2658
787	5	13	80	7719	1372
788	1	11	80	7726	6434
789	0	18	80	7733	715
790	6	19	160	7740	2944
791	0	18	40	7747	364
792	1	11	80	7754	10804
793	5	13	120	7761	5091
794	0	18	120	7768	4447
795	3	16	120	7775	3553
796	15	0	40	7782	3127
797	15	0	80	7789	2207
798	4	7	80	7796	458
799	19	8	40	7803	1718
800	5	13	40	7810	6155
801	5	13	160	7817	2580
802	6	19	80	7824	5183
803	5	13	40	7831	742
804	4	7	80	7838	6643
805	19	8	80	7845	263
806	4	7	120	7852	1665
807	3	16	80	7859	244
808	19	8	40	7866	4109
809	0	18	160	7873	4066
810	3	16	40	7880	1332
811	0	18	160	7887	1189
812	6	19	120	7894	44
813	6	19	40	7901	15948
814	19	8	80	7908	1492
815	1	11	120	7915	1114
816	0	18	80	7922	2631
817	0	18	160	7929	5076
818	0	18	120	7936	4151
819	6	19	160	7943	3023
820	4	7	80	7950	3793
821	0	18	160	7957	2392
822	0	18	120	7964	2474
823	4	7	160	8000	71
824	15	0	160	8011	1077
825	6	19	160	8022	6026
826	1	11	120	8033	684
827	5	13	80	8044	9891
828	4	7	160	8055	7063
829	6	19	120	8066	44
830	5	13	80	8077	2659
831	15	0	40	8088	2526
832	1	11	80	8099	1842
833	4	7	40	8110	3990
834	5	13	120	8121	16831
835	6	19	160	8132	487
836	6	19	80	8143	3059
837	4	7	160	8154	8095
838	6	19	160	8165	5363
839	3	16	120	8176	4880
840	15	0	160	8187	3344
841	0	18	120	8198	2221
842	6	19	40	8209	4180
843	1	11	80	8220	705
844	15	0	40	8231	8493
845	5	13	160	8242	1225
846	4	7	120	8253	316
847	5	13	80	8264	12097
848	6	19	80	8275	2100
849	15	0	160	8286	2233
850	1	11	40	8297	451
851	6	19	40	8308	6938
852	15	0	160	8319	6026
853	15	0	80	8330	3448
854	5	13	160	8341	5335
855	5	13	40	8352	1633
856	5	13	40	8363	56
857	1	11	80	8400	4932
858	6	19	80	8410	10825
859	6	19	120	8420	128
860	6	19	120	8430	9473
861	19	8	80	8440	2212
862	15	0	120	8450	1047
863	3	16	120	8460	3986
864	5	13	120	8470	661
865	4	7	40	8480	6749
866	15	0	120	8490	8761
867	1	11	120	8500	1910
868	1	11	120	8510	22426
869	1	11	80	8520	876
870	5	13	80	8530	4932
871	6	19	80	8540	3809
872	3	16	40	8550	15750
873	6	19	40	8560	11320
874	15	0	40	8570	13278
875	4	7	160	8580	825
876	3	16	160	8590	6473
877	19	8	80	8600	1424
878	6	19	160	8610	590
879	1	11	160	8620	14349
880	3	16	40	8630	4844
881	6	19	80	8640	922
882	15	0	160	8650	2830
883	6	19	40	8660	2050
884	4	7	80	8670	9393
885	15	0	40	8680	4339
886	0	18	80	8690	4684
887	4	7	40	8700	6268
888	19	8	80	8710	9002
889	19	8	80	8720	4198
890	0	18	160	8730	424
891	5	13	40	8740	6994
892	6	19	120	8750	10910
893	19	8	80	8760	4906
894	6	19	160	8770	6407
895	19	8	120	8800	611
896	1	11	40	8808	871
897	3	16	120	8816	70
898	5	13	160	8824	36
899	3	16	40	8832	270
900	15	0	80	8840	1884
901	1	11	40	8848	4767
902	4	7	120	8856	12412
903	4	7	40	8864	951
904	3	16	120	8872	5080
905	5	13	160	8880	2713
906	3	16	160	8888	7407
907	0	18	120	8896	7264
908	0	18	40	8904	3807
909	1	11	40	8912	3194
910	1	11	80	8920	3049
911	6	19	160	8928	5013
912	5	13	80	8936	3387
913	5	13	80	8944	12965
914	4	7	80	8952	1598
915	19	8	80	8960	4822
916	1	11	80	8968	9989
917	1	11	80	8976	7071
918	19	8	40	8984	5184
919	6	19	80	8992	2696
920	4	7	120	9000	534
921	4	7	120	9008	407
922	3	16	80	9016	2655
923	1	11	40	9024	1701
924	1	11	80	9032	404
925	19	8	40	9040	8569
926	0	18	120	9048	4551
927	4	7	160	9056	1279
928	19	8	80	9064	615
929	15	0	120	9072	6905
930	1	11	120	9080	18717
931	0	18	40	9088	6135
932	3	16	120	9096	1372
933	3	16	160	9104	298
934	4	7	120	9112	3631
935	1	11	40	9120	23
936	3	16	120	9128	1154
937	3	16	160	9136	1401
938	4	7	120	9144	4581
939	15	0	120	9152	2123
940	5	13	80	9200	6837
941	19	8	160	9210	7660
942	3	16	160	9220	781
943	15	0	40	9230	1689
944	6	19	40	9240	495
945	4	7	160	9250	1951
946	19	8	120	9260	1175
947	1	11	80	9270	14558
948	5	13	160	9280	1894
949	6	19	120	9290	412
950	15	0	40	9300	1014
951	0	18	120	9310	1825
952	4	7	120	9320	1375
953	19	8	80	9330	2925
954	15	0	80	9340	11279
955	3	16	160	9350	1307
956	15	0	160	9360	949
957	1	11	120	9370	3752
958	3	16	120	9380	490
959	3	16	80	9390	7246
960	4	7	40	9400	6706
961	19	8	40	9410	3369
962	1	11	80	9420	4747
963	1	11	80	9430	6278
964	19	8	80	9440	3278
965	1	11	40	9450	5531
966	4	7	80	9460	2207
967	1	11	120	9470	2767
968	0	18	160	9480	1811
969	3	16	40	9490	1564
970	6	19	160	9500	2389
971	15	0	80	9510	3893
972	6	19	160	9520	637
973	0	18	80	9530	1510
974	1	11	40	9540	4451
975	5	13	160	9550	1271
976	0	18	120	9560	10071
977	5	13	40	9600	605
978	5	13	40	9614	1045
979	6	19	120	9628	4952
980	0	18	80	9642	3954
981	19	8	80	9656	4893
982	15	0	160	9670	9074
983	1	11	160	9684	182
984	0	18	80	9698	3645
985	1	11	160	9712	3915
986	6	19	120	9726	2718
987	4	7	40	9740	5907
988	5	13	80	9754	564
989	1	11	120	9768	1529
990	3	16	80	9782	6330
991	0	18	40	9796	4110
992	19	8	80	9810	794
993	1	11	40	9824	7465
994	4	7	120	9838	3654
995	5	13	80	9852	1149
996	6	19	80	9866	687
997	1	11	80	9880	1948
998	19	8	160	9894	6152
999	5	13	160	9908	1831
1000	0	18	120	9922	13084
1001	6	19	40	9936	5631
1002	0	18	120	9950	3761
1003	3	16	120	9964	219
1004	0	18	120	9978	4179
1005	19	8	160	10000	3683
1006	3	16	120	10010	989
1007	3	16	40	10020	15018
1008	6	19	40	10030	7518
1009	1	11	120	10040	4411
1010	1	11	40	10050	1782
1011	3	16	120	10060	293
1012	6	19	80	10070	1903
1013	5	13	160	10080	2079
1014	1	11	40	10090	936
1015	5	13	120	10100	453
1016	0	18	40	10110	4467
1017	19	8	120	10120	4201
1018	0	18	160	10130	861
1019	6	19	120	10140	10940
1020	5	13	120	10150	1182
1021	19	8	40	10160	4227
1022	6	19	80	10170	1833
1023	15	0	40	10180	190
1024	19	8	160	10190	3013
1025	5	13	120	10200	6591
1026	15	0	40	10210	2334
1027	5	13	160	10220	1438
1028	6	19	160	10230	5028
1029	5	13	160	10240	2190
1030	15	0	80	10250	486
1031	19	8	40	10260	3052
1032	5	13	80	10270	1756
1033	19	8	40	10280	7941
1034	6	19	40	10290	5514
1035	3	16	80	10300	8241
1036	15	0	160	10310	405
1037	5	13	40	10320	7407
1038	1	11	40	10330	2018
1039	1	11	120	10340	22252
1040	19	8	40	10350	2077
1041	3	16	80	10360	2908
1042	6	19	40	10400	10324
1043	3	16	120	10409	2490
1044	19	8	120	10418	12699
1045	19	8	120	10427	5147
1046	4	7	120	10436	1223
1047	4	7	80	10445	5961
1048	19	8	40	10454	4049
1049	19	8	160	10463	2706
1050	5	13	40	10472	3442
1051	15	0	160	10481	2834
1052	0	18	80	10490	851
1053	1	11	80	10499	7591
1054	0	18	80	10508	472
1055	0	18	80	10517	1481
1056	0	18	160	10526	1961
1057	1	11	80	10535	3310
1058	3	16	160	10544	2972
1059	4	7	40	10553	7348
1060	0	18	120	10562	696
1061	15	0	160	10571	9957
1062	6	19	80	10580	1210
1063	1	11	80	10589	2218
1064	3	16	80	10598	3226
1065	3	16	160	10607	6988
1066	6	19	80	10616	5026
1067	6	19	80	10625	2902
1068	15	0	160	10634	4283
1069	19	8	160	10643	1638
1070	6	19	160	10652	43
1071	4	7	160	10661	7080
1072	6	19	120	10670	1171
1073	19	8	40	10679	880
1074	6	19	80	10688	3019
1075	1	11	40	10697	5376
1076	3	16	40	10706	5209
1077	3	16	120	10715	9383
1078	19	8	80	10724	369
1079	19	8	80	10733	6545
1080	1	11	40	10742	3142
1081	4	7	160	10751	4403
1082	5	13	160	10760	4379
1083	6	19	160	10769	1013
1084	0	18	120	10800	7446
1085	0	18	80	10810	3733
1086	15	0	160	10820	1674
1087	4	7	40	10830	2814
1088	19	8	120	10840	5565
1089	6	19	120	10850	2308
1090	3	16	80	10860	2654
1091	6	19	80	10870	3048
1092	3	16	80	10880	1535
1093	6	19	160	10890	3243
1094	0	18	40	10900	7240
1095	1	11	80	10910	2678
1096	6	19	40	10920	1180
1097	5	13	160	10930	2761
1098	19	8	40	10940	9624
1099	6	19	160	10950	568
1100	1	11	40	10960	34
1101	6	19	80	10970	5503
1102	5	13	80	10980	499
1103	0	18	40	10990	1429
1104	3	16	40	11000	2621
1105	0	18	80	11010	5503
1106	0	18	80	11020	1170
1107	1	11	40	11030	20517
1108	4	7	160	11040	1543
1109	15	0	80	11050	1861
1110	6	19	80	11060	3483
1111	6	19	40	11070	2641
1112	3	16	160	11080	2574
1113	3	16	80	11090	5077
1114	3	16	160	11100	1407
1115	6	19	160	11110	2712
1116	1	11	40	11120	1159
1117	19	8	80	11130	151
1118	1	11	120	11140	3480
1119	3	16	40	11150	11743
1120	4	7	40	11160	2643
1121	3	16	80	11170	943
1122	15	0	160	11180	5788
1123	0	18	80	11190	987
1124	6	19	80	11200	7617
1125	19	8	80	11207	2597
1126	1	11	80	11214	2861
1127	0	18	120	11221	4794
1128	19	8	40	11228	1793
1129	5	13	160	11235	170
1130	5	13	160	11242	2644
1131	15	0	80	11249	1043
1132	3	16	80	11256	20729
1133	1	11	120	11263	12478
1134	15	0	40	11270	6375
1135	4	7	160	11277	6372
1136	19	8	80	11284	3194
1137	4	7	120	11291	1815
1138	4	7	160	11298	5434
1139	19	8	80	11305	408
1140	19	8	40	11312	1741
1141	6	19	120	11319	1710
1142	19	8	40	11326	818
1143	1	11	40	11333	1906
1144	0	18	40	11340	7780
1145	5	13	80	11347	6
1146	3	16	120	11354	241
1147	19	8	40	11361	3662
1148	4	7	160	11368	1198
1149	4	7	40	11375	1686
1150	19	8	80	11382	1079
1151	6	19	160	11389	985
1152	4	7	40	11396	9978
1153	6	19	40	11403	13179
1154	3	16	120	11410	4186
1155	15	0	160	11417	6404
1156	19	8	80	11424	16215
1157	4	7	160	11431	9151
1158	4	7	160	11438	2387
1159	3	16	160	11445	13
1160	15	0	160	11452	1079
1161	0	18	120	11459	3241
1162	3	16	40	11466	4007
1163	19	8	160	11473	1304
1164	1	11	120	11480	8773
1165	15	0	40	11487	1734
1166	4	7	120	11494	2685
1167	1	11	80	11501	2926
1168	5	13	40	11508	10210
1169	15	0	40	11515	2771
1170	15	0	120	11522	11416
1171	15	0	80	11529	8714
1172	5	13	120	11536	1393
1173	1	11	40	11543	2646
1174	4	7	160	11550	3604
1175	15	0	120	11557	583
1176	4	7	80	11564	101
1177	5	13	120	11571	1948
1178	0	18	40	11600	1796
1179	0	18	160	11609	7574
1180	6	19	160	11618	2171
1181	1	11	80	11627	9685
1182	5	13	120	11636	2315
1183	5	13	40	11645	69
1184	6	19	120	11654	6546
1185	19	8	160	11663	1233
1186	4	7	40	11672	1496
1187	6	19	80	11681	127
1188	19	8	40	11690	1466
1189	19	8	80	11699	26158
1190	5	13	80	11708	6729
1191	4	7	80	11717	4216
1192	0	18	160	11726	9877
1193	1	11	160	11735	5384
1194	1	11	120	11744	7885
1195	15	0	80	11753	6392
1196	3	16	80	11762	5023
1197	0	18	40	11771	9488
1198	19	8	80	11780	2698
1199	1	11	40	11789	2814
1200	1	11	160	11798	2874
1201	1	11	40	11807	3105
1202	4	7	160	11816	4527
1203	5	13	160	11825	5693
1204	5	13	120	11834	2054
1205	1	11	40	11843	1721
1206	1	11	80	11852	10315
1207	1	11	160	11861	2273
1208	1	11	80	11870	1842
1209	4	7	40	11879	2879
1210	4	7	80	11888	5934
1211	3	16	160	11897	3635
1212	4	7	160	11906	3077
1213	3	16	160	11915	3665
1214	5	13	40	11924	3511
1215	5	13	80	11933	1573
1216	4	7	40	11942	492
1217	15	0	160	11951	3823
1218	1	11	80	11960	2562
1219	3	16	160	11969	3903
1220	4	7	40	12000	162
1221	6	19	80	12008	2446
1222	3	16	80	12016	952
1223	6	19	160	12024	10285
1224	3	16	160	12032	4630
1225	4	7	40	12040	1375
1226	15	0	80	12048	14223
1227	3	16	120	12056	3233
1228	0	18	120	12064	3904
1229	5	13	120	12072	6362
1230	5	13	40	12080	2181
1231	4	7	40	12088	504
1232	6	19	40	12096	9013
1233	19	8	40	12104	7770
1234	19	8	40	12112	1642
1235	5	13	120	12120	8447
1236	15	0	120	12128	1064
1237	0	18	160	12136	4561
1238	19	8	80	12144	3824
1239	5	13	120	12152	2432
1240	6	19	120	12160	1669
1241	1	11	40	12168	8432
1242	4	7	40	12176	4343
1243	4	7	160	12184	6314
1244	4	7	160	12192	1021
1245	1	11	80	12200	978
1246	0	18	120	12208	487
1247	6	19	40	12216	1515
1248	5	13	160	12224	675
1249	5	13	40	12232	3067
1250	3	16	80	12240	4580
1251	5	13	120	12248	419
1252	15	0	160	12256	2274
1253	6	19	120	12264	8084
1254	15	0	40	12272	2504
1255	4	7	80	12280	226
1256	15	0	160	12288	1590
1257	15	0	160	12296	5610
1258	3	16	160	12304	304
1259	1	11	120	12312	469
1260	3	16	120	12320	1900
1261	15	0	160	12328	1846
1262	1	11	80	12336	6649
1263	6	19	120	12344	3402
1264	19	8	40	12352	389
1265	19	8	40	12360	4254
1266	6	19	120	12368	4843
1267	4	7	120	12400	4558
1268	4	7	120	12409	1221
1269	0	18	120	12418	4888
1270	15	0	160	12427	384
1271	4	7	80	12436	2287
1272	15	0	120	12445	36026
1273	6	19	120	12454	69
1274	5	13	40	12463	1325
1275	1	11	160	12472	703
1276	1	11	80	12481	6340
1277	15	0	80	12490	2165
1278	1	11	160	12499	4792
1279	0	18	80	12508	2530
1280	3	16	80	12517	775
1281	1	11	80	12526	4269
1282	15	0	120	12535	2037
1283	4	7	120	12544	367
1284	1	11	40	12553	485
1285	19	8	120	12562	1547
1286	6	19	80	12571	4616
1287	19	8	80	12580	111
1288	1	11	40	12589	1985
1289	4	7	120	12598	1323
1290	6	19	120	12607	3202
1291	0	18	120	12616	2612
1292	15	0	160	12625	3736
1293	6	19	160	12634	2812
1294	1	11	40	12643	322
1295	19	8	160	12652	14227
1296	19	8	160	12661	282
1297	15	0	80	12670	375
1298	5	13	160	12679	4828
1299	5	13	160	12688	3381
1300	5	13	120	12697	2894
1301	5	13	160	12706	2281
1302	3	16	80	12715	214
1303	4	7	80	12724	2391
1304	15	0	80	12733	2347
1305	19	8	40	12742	1130
1306	6	19	160	12751	420
1307	0	18	40	12760	2154
1308	0	18	120	12769	3522
1309	5	13	40	12778	1449
1310	3	16	40	12787	1204
1311	0	18	120	12800	9628
1312	6	19	40	12810	229
1313	1	11	120	12820	3710
1314	19	8	40	12830	10905
1315	1	11	40	12840	5122
1316	0	18	40	12850	14109
1317	15	0	120	12860	5130
1318	4	7	80	12870	2453
1319	19	8	80	12880	5913
1320	3	16	120	12890	14047
1321	6	19	80	12900	4490
1322	3	16	120	12910	1362
1323	19	8	40	12920	15955
1324	3	16	160	12930	670
1325	6	19	40	12940	3787
1326	6	19	80	12950	7052
1327	1	11	120	12960	2732
1328	5	13	120	12970	11246
1329	6	19	80	12980	1487
1330	3	16	160	12990	390
1331	3	16	160	13000	4890
1332	3	16	80	13010	5051
1333	5	13	40	13020	546
1334	4	7	120	13030	12293
1335	15	0	80	13040	5410
1336	15	0	40	13050	3705
1337	3	16	80	13060	11909
1338	6	19	80	13070	4128
1339	3	16	40	13080	8103
1340	1	11	120	13090	999
1341	6	19	80	13100	1248
1342	19	8	160	13110	2333
1343	6	19	160	13120	365
1344	1	11	80	13130	87
1345	6	19	160	13140	4098
1346	4	7	120	13150	2204
1347	5	13	80	13160	10
1348	15	0	120	13170	3379
1349	19	8	160	13200	1755
1350	19	8	120	13210	3
1351	1	11	40	13220	1695
1352	4	7	160	13230	3988
1353	5	13	80	13240	10577
1354	3	16	40	13250	3669
1355	19	8	80	13260	7340
1356	1	11	80	13270	631
1357	3	16	80	13280	293
1358	1	11	80	13290	1401
1359	0	18	40	13300	7131
1360	3	16	120	13310	2163
1361	5	13	80	13320	3714
1362	5	13	120	13330	2589
1363	4	7	40	13340	1286
1364	3	16	80	13350	947
1365	19	8	40	13360	3234
1366	6	19	40	13370	856
1367	0	18	160	13380	10534
1368	6	19	160	13390	4208
1369	0	18	160	13400	858
1370	4	7	40	13410	502
1371	6	19	120	13420	87
1372	0	18	80	13430	328
1373	0	18	80	13440	3569
1374	6	19	160	13450	3202
1375	6	19	80	13460	4842
1376	15	0	80	13470	1058
1377	6	19	160	13480	899
1378	6	19	120	13490	12853
1379	5	13	160	13500	2881
1380	3	16	80	13510	834
1381	0	18	40	13520	6994
1382	3	16	40	13530	10334
1383	6	19	120	13540	3513
1384	15	0	160	13550	1482
1385	0	18	120	13560	5505
1386	19	8	40	13570	309
1387	6	19	160	13580	6208
1388	3	16	40	13600	2996
1389	5	13	80	13609	481
1390	5	13	40	13618	3619
1391	5	13	160	13627	3048
1392	1	11	160	13636	4239
1393	6	19	40	13645	6684
1394	0	18	120	13654	2394
1395	6	19	80	13663	3830
1396	0	18	160	13672	6274
1397	4	7	160	13681	731
1398	3	16	120	13690	8358
1399	1	11	40	13699	2518
1400	19	8	120	13708	2378
1401	3	16	120	13717	2737
1402	19	8	80	13726	1733
1403	6	19	160	13735	1894
1404	5	13	120	13744	1082
1405	1	11	40	13753	15510
1406	1	11	160	13762	1240
1407	3	16	120	13771	166
1408	15	0	120	13780	1899
1409	5	13	120	13789	9148
1410	0	18	40	13798	3744
1411	5	13	80	13807	11570
1412	5	13	120	13816	470
1413	5	13	80	13825	6096
1414	6	19	120	13834	4125
1415	1	11	80	13843	3583
1416	3	16	80	13852	4562
1417	15	0	160	13861	8901
1418	6	19	80	13870	13439
1419	1	11	120	13879	2490
1420	19	8	40	13888	2616
1421	0	18	40	13897	2073
1422	6	19	160	13906	2049
1423	0	18	120	13915	3084
1424	5	13	160	13924	3642
1425	19	8	80	13933	3516
1426	5	13	160	13942	1835
1427	3	16	80	13951	1242
1428	0	18	120	13960	603
1429	0	18	120	13969	10923
1430	5	13	80	14000	9645
1431	3	16	120	14009	271
1432	3	16	80	14018	1573
1433	5	13	80	14027	2713
1434	6	19	40	14036	269
1435	0	18	160	14045	4720
1436	1	11	120	14054	2572
1437	5	13	80	14063	3169
1438	1	11	160	14072	1707
1439	5	13	120	14081	1604
1440	19	8	160	14090	2622
1441	6	19	120	14099	136
1442	15	0	80	14108	2112
1443	6	19	80	14117	3964
1444	4	7	80	14126	2816
1445	0	18	120	14135	4209
1446	19	8	40	14144	2195
1447	6	19	80	14153	8201
1448	19	8	80	14162	737
1449	19	8	40	14171	7825
1450	4	7	40	14180	10981
1451	1	11	40	14189	9197
1452	15	0	120	14198	901
1453	1	11	40	14207	2129
1454	1	11	40	14216	17418
1455	19	8	120	14225	178
1456	5	13	160	14234	397
1457	15	0	160	14243	6732
1458	1	11	160	14252	6049
1459	6	19	80	14261	4225
1460	6	19	40	14270	3779
1461	15	0	120	14279	32713
1462	1	11	160	14288	9241
1463	6	19	40	14297	2341
1464	0	18	80	14306	17734
1465	15	0	80	14315	3125
1466	1	11	40	14324	3864
1467	0	18	40	14333	3852
1468	19	8	80	14342	5049
1469	6	19	160	14351	12043
1470	19	8	160	14360	499
1471	6	19	40	14400	571
1472	6	19	160	14413	3145
1473	0	18	120	14426	4029
1474	3	16	120	14439	16203
1475	3	16	80	14452	2365
1476	1	11	160	14465	20705
1477	0	18	120	14478	5915
1478	5	13	80	14491	130
1479	4	7	40	14504	11736
1480	19	8	40	14517	708
1481	19	8	80	14530	2746
1482	4	7	160	14543	414
1483	1	11	80	14556	1321
1484	6	19	120	14569	27851
1485	3	16	80	14582	42
1486	5	13	40	14595	7974
1487	1	11	80	14608	9737
1488	3	16	80	14621	2816
1489	6	19	120	14634	86
1490	4	7	160	14647	3646
1491	4	7	120	14660	4316
1492	4	7	80	14673	5836
1493	5	13	120	14686	4752
1494	19	8	120	14699	5079
1495	0	18	80	14712	2624
1496	4	7	120	14725	570
1497	1	11	80	14738	13657
1498	6	19	40	14751	4094
1499	6	19	160	14764	13211
1500	19	8	120	14777	127
1501	15	0	160	14800	6520
1502	6	19	40	14809	670
1503	3	16	80	14818	981
1504	19	8	80	14827	5406
1505	6	19	160	14836	6490
1506	5	13	80	14845	1755
1507	6	19	160	14854	3347
1508	15	0	80	14863	2250
1509	19	8	120	14872	3112
1510	15	0	120	14881	202
1511	5	13	40	14890	1557
1512	1	11	120	14899	6096
1513	6	19	120	14908	7154
1514	6	19	80	14917	2692
1515	15	0	160	14926	486
1516	4	7	120	14935	9258
1517	0	18	120	14944	3864
1518	0	18	80	14953	2348
1519	15	0	160	14962	15177
1520	3	16	80	14971	4538
1521	19	8	120	14980	4911
1522	15	0	160	14989	479
1523	1	11	120	14998	4757
1524	3	16	160	15007	1739
1525	5	13	40	15016	2445
1526	3	16	120	15025	1820
1527	1	11	80	15034	7570
1528	1	11	40	15043	9894
1529	1	11	80	15052	2784
1530	19	8	120	15061	1504
1531	0	18	80	15070	110
1532	3	16	120	15079	563
1533	19	8	80	15088	285
1534	5	13	120	15097	9877
1535	1	11	40	15106	1774
1536	1	11	80	15115	1676
1537	1	11	120	15124	8508
1538	3	16	40	15133	3107
1539	0	18	120	15142	874
1540	15	0	40	15151	4261
1541	15	0	40	15160	1408
1542	3	16	160	15169	2632
1543	4	7	120	15178	13370
1544	15	0	40	15200	14320
1545	15	0	160	15208	1289
1546	1	11	40	15216	8412
1547	6	19	120	15224	10919
1548	19	8	80	15232	919
1549	1	11	120	15240	3711
1550	6	19	120	15248	3469
1551	3	16	40	15256	2881
1552	0	18	160	15264	2961
1553	19	8	40	15272	4352
1554	4	7	80	15280	1340
1555	19	8	160	15288	1568
1556	0	18	40	15296	4700
1557	4	7	120	15304	2455
1558	19	8	80	15312	8011
1559	3	16	40	15320	1335
1560	4	7	80	15328	2297
1561	3	16	40	15336	2819
1562	5	13	160	15344	4212
1563	6	19	40	15352	10567
1564	19	8	40	15360	1031
1565	15	0	40	15368	89
1566	1	11	120	15376	848
1567	3	16	40	15384	4998
1568	0	18	40	15392	9977
1569	4	7	40	15400	564
1570	5	13	120	15408	5915
1571	3	16	40	15416	82
1572	15	0	80	15424	330
1573	19	8	160	15432	1138
1574	19	8	160	15440	1554
1575	5	13	80	15448	1922
1576	5	13	160	15456	1019
1577	3	16	80	15464	641
1578	4	7	120	15472	5141
1579	4	7	40	15480	320
1580	4	7	40	15488	3464
1581	5	13	40	15496	2254
1582	3	16	160	15504	4131
1583	19	8	80	15512	1490
1584	5	13	120	15520	10178
1585	5	13	120	15528	6438
1586	19	8	120	15536	2806
1587	4	7	80	15544	2526
1588	4	7	160	15552	6130
1589	6	19	160	15560	3575
1590	0	18	40	15568	4399
1591	6	19	160	15576	8607
1592	1	11	40	15600	63
1593	0	18	40	15609	1184
1594	5	13	80	15618	5699
1595	5	13	40	15627	648
1596	1	11	40	15636	4150
1597	6	19	160	15645	3223
1598	4	7	120	15654	5348
1599	0	18	160	15663	11987
1600	5	13	40	15672	353
1601	19	8	160	15681	718
1602	6	19	80	15690	69
1603	4	7	40	15699	306
1604	5	13	40	15708	7147
1605	4	7	120	15717	3279
1606	5	13	160	15726	2278
1607	0	18	40	15735	1288
1608	19	8	40	15744	1668
1609	19	8	40	15753	9337
1610	4	7	40	15762	419
1611	15	0	120	15771	3132
1612	0	18	160	15780	5315
1613	4	7	80	15789	6205
1614	19	8	160	15798	4874
1615	19	8	40	15807	24
1616	19	8	40	15816	7917
1617	5	13	120	15825	1662
1618	0	18	80	15834	29
1619	4	7	80	15843	2229
1620	15	0	120	15852	2917
1621	6	19	40	15861	5132
1622	15	0	40	15870	10599
1623	4	7	40	15879	1580
1624	3	16	160	15888	2497
1625	19	8	160	15897	8769
1626	0	18	40	15906	18
1627	15	0	80	15915	6922
1628	4	7	120	15924	2678
1629	4	7	160	15933	757
1630	3	16	40	15942	5326
1631	15	0	160	15951	4454
1632	15	0	160	15960	2116
1633	3	16	160	15969	5938
1634	19	8	40	16000	19550
1635	4	7	40	16010	2144
1636	19	8	120	16020	2134
1637	19	8	160	16030	3378
1638	4	7	40	16040	2604
1639	0	18	160	16050	1797
1640	19	8	120	16060	1821
1641	15	0	120	16070	1039
1642	5	13	80	16080	543
1643	5	13	160	16090	8511
1644	3	16	160	16100	2705
1645	3	16	80	16110	530
1646	5	13	160	16120	642
1647	6	19	160	16130	1033
1648	1	11	40	16140	3212
1649	6	19	40	16150	5598
1650	6	19	40	16160	1357
1651	5	13	120	16170	1458
1652	6	19	80	16180	3159
1653	0	18	40	16190	1485
1654	3	16	40	16200	2264
1655	15	0	160	16210	1795
1656	0	18	160	16220	1072
1657	1	11	40	16230	4695
1658	0	18	80	16240	3759
1659	6	19	80	16250	11541
1660	3	16	120	16260	3238
1661	15	0	80	16270	3781
1662	6	19	80	16280	6190
1663	4	7	80	16290	738
1664	5	13	160	16300	731
1665	5	13	40	16310	2233
1666	19	8	160	16320	566
1667	15	0	40	16330	13065
1668	5	13	40	16340	6350
1669	4	7	160	16350	1366
1670	0	18	120	16360	3591
1671	19	8	80	16370	1378
1672	1	11	80	16380	7906
1673	19	8	120	16390	4146
1674	4	7	160	16400	253
1675	19	8	40	16408	1364
1676	1	11	160	16416	3622
1677	3	16	80	16424	198
1678	1	11	80	16432	7206
1679	0	18	80	16440	1664
1680	3	16	160	16448	5386
1681	4	7	40	16456	6000
1682	5	13	80	16464	1263
1683	6	19	120	16472	5309
1684	15	0	160	16480	8641
1685	6	19	120	16488	2250
1686	1	11	80	16496	536
1687	15	0	160	16504	424
1688	19	8	120	16512	1669
1689	0	18	40	16520	3985
1690	4	7	80	16528	792
1691	6	19	80	16536	5130
1692	19	8	80	16544	12975
1693	15	0	160	16552	3057
1694	15	0	80	16560	6580
1695	1	11	80	16568	5614
1696	0	18	40	16576	2330
1697	0	18	160	16584	12724
1698	19	8	160	16592	5002
1699	6	19	120	16600	263
1700	4	7	120	16608	19318
1701	15	0	120	16616	826
1702	0	18	120	16624	2263
1703	6	19	80	16632	1218
1704	6	19	120	16640	700
1705	6	19	160	16648	22281
1706	4	7	40	16656	2348
1707	6	19	160	16664	9239
1708	6	19	80	16672	1143
1709	3	16	40	16680	618
1710	6	19	40	16688	5809
1711	6	19	80	16696	826
1712	0	18	160	16704	7747
1713	0	18	160	16712	1252
1714	3	16	80	16720	914
1715	19	8	80	16728	6021
1716	1	11	40	16736	1666
1717	0	18	160	16744	215
1718	6	19	120	16752	1336
1719	15	0	80	16800	5340
1720	3	16	160	16809	1439
1721	1	11	160	16818	127
1722	15	0	120	16827	3877
1723	5	13	160	16836	720
1724	19	8	80	16845	464
1725	3	16	40	16854	8158
1726	0	18	160	16863	1605
1727	4	7	120	16872	1584
1728	1	11	80	16881	7289
1729	1	11	80	16890	1468
1730	15	0	160	16899	7520
1731	0	18	160	16908	4056
1732	4	7	80	16917	1630
1733	4	7	160	16926	5901
1734	6	19	160	16935	1712
1735	5	13	40	16944	3222
1736	3	16	120	16953	1691
1737	19	8	40	16962	33
1738	19	8	160	16971	3414
1739	0	18	40	16980	8775
1740	3	16	120	16989	17128
1741	5	13	120	16998	1018
1742	0	18	120	17007	7643
1743	6	19	80	17016	882
1744	3	16	40	17025	8002
1745	6	19	160	17034	19843
1746	6	19	120	17043	8064
1747	19	8	120	17052	4711
1748	4	7	80	17061	1602
1749	15	0	160	17070	117
1750	19	8	40	17079	2135
1751	0	18	80	17088	1971
1752	4	7	80	17097	4489
1753	0	18	80	17106	15055
1754	4	7	160	17115	5731
1755	1	11	120	17124	12936
1756	19	8	40	17133	3338
1757	5	13	120	17142	1243
1758	15	0	160	17151	663
1759	4	7	80	17160	1374
1760	6	19	160	17200	4381
1761	19	8	120	17210	498
1762	4	7	120	17220	257
1763	4	7	160	17230	11352
1764	4	7	40	17240	1402
1765	6	19	40	17250	551
1766	3	16	160	17260	7642
1767	5	13	160	17270	353
1768	4	7	160	17280	10132
1769	15	0	40	17290	4211
1770	6	19	160	17300	2271
1771	3	16	40	17310	1616
1772	1	11	160	17320	2602
1773	5	13	80	17330	2012
1774	5	13	160	17340	5556
1775	6	19	40	17350	322
1776	0	18	80	17360	790
1777	1	11	40	17370	2197
1778	3	16	160	17380	1427
1779	1	11	80	17390	496
1780	6	19	120	17400	12
1781	1	11	40	17410	4070
1782	0	18	40	17420	23111
1783	3	16	80	17430	6630
1784	3	16	80	17440	8960
1785	15	0	120	17450	2451
1786	5	13	120	17460	13157
1787	4	7	40	17470	1772
1788	19	8	160	17480	39
1789	4	7	40	17490	1962
1790	5	13	40	17500	17460
1791	6	19	160	17510	322
1792	0	18	40	17520	7734
1793	4	7	120	17530	1332
1794	4	7	40	17540	1008
1795	3	16	160	17550	8133
1796	1	11	40	17560	709
1797	6	19	160	17600	9658
1798	1	11	40	17609	9300
1799	5	13	40	17618	5326
1800	4	7	160	17627	607
1801	0	18	120	17636	6098
1802	4	7	120	17645	5904
1803	5	13	80	17654	4546
1804	1	11	160	17663	3622
1805	6	19	160	17672	338
1806	15	0	80	17681	9669
1807	15	0	160	17690	1308
1808	5	13	120	17699	1025
1809	6	19	120	17708	4606
1810	1	11	80	17717	6079
1811	15	0	40	17726	618
1812	3	16	160	17735	13660
1813	5	13	80	17744	147
1814	15	0	160	17753	1357
1815	5	13	160	17762	109
1816	19	8	80	17771	512
1817	0	18	40	17780	1166
1818	1	11	80	17789	196
1819	6	19	120	17798	7268
1820	0	18	120	17807	726
1821	19	8	160	17816	2725
1822	5	13	40	17825	310
1823	0	18	160	17834	3044
1824	3	16	40	17843	4359
1825	19	8	40	17852	1758
1826	3	16	40	17861	2593
1827	6	19	80	17870	867
1828	1	11	80	17879	757
1829	1	11	160	17888	8534
1830	5	13	40	17897	9862
1831	4	7	120	17906	1251
1832	19	8	160	17915	2939
1833	6	19	120	17924	3321
1834	6	19	120	17933	14877
1835	5	13	160	17942	998
1836	6	19	80	17951	8070
1837	4	7	160	17960	1529
1838	0	18	80	17969	961
1839	6	19	80	17978	6692
1840	0	18	80	18000	3171
1841	15	0	120	18011	4603
1842	19	8	80	18022	565
1843	3	16	80	18033	1578
1844	3	16	160	18044	3730
1845	6	19	40	18055	7431
1846	4	7	160	18066	468
1847	4	7	120	18077	6842
1848	6	19	160	18088	21704
1849	19	8	80	18099	871
1850	4	7	120	18110	5528
1851	0	18	160	18121	9606
1852	5	13	80	18132	7941
1853	5	13	120	18143	267
1854	5	13	120	18154	3375
1855	5	13	160	18165	4163
1856	5	13	120	18176	4919
1857	4	7	160	18187	1090
1858	1	11	40	18198	61
1859	3	16	160	18209	1098
1860	3	16	160	18220	3707
1861	0	18	40	18231	5032
1862	5	13	120	18242	450
1863	4	7	160	18253	1689
1864	1	11	80	18264	5859
1865	6	19	120	18275	2873
1866	19	8	40	18286	3900
1867	6	19	80	18297	2063
1868	15	0	160	18308	249
1869	1	11	160	18319	276
1870	15	0	80	18330	697
1871	4	7	120	18341	6485
1872	19	8	120	18352	160
1873	5	13	40	18363	1074
1874	6	19	80	18400	1370
1875	1	11	160	18408	2634
1876	0	18	120	18416	1799
1877	3	16	120	18424	5522
1878	6	19	160	18432	10436
1879	5	13	160	18440	6853
1880	4	7	40	18448	1125
1881	15	0	80	18456	4289
1882	19	8	120	18464	889
1883	3	16	40	18472	15043
1884	6	19	80	18480	569
1885	4	7	80	18488	22
1886	19	8	80	18496	2083
1887	3	16	40	18504	2433
1888	1	11	40	18512	20605
1889	1	11	120	18520	1595
1890	0	18	80	18528	2879
1891	1	11	120	18536	3960
1892	1	11	120	18544	1440
1893	15	0	120	18552	14541
1894	3	16	80	18560	933
1895	19	8	40	18568	7125
1896	3	16	40	18576	3442
1897	4	7	80	18584	6192
1898	0	18	160	18592	3257
1899	5	13	80	18600	394
1900	15	0	160	18608	999
1901	15	0	120	18616	4916
1902	5	13	160	18624	5689
1903	5	13	160	18632	10564
1904	0	18	40	18640	145
1905	19	8	160	18648	11716
1906	0	18	80	18656	8165
1907	19	8	80	18664	3945
1908	19	8	80	18672	5960
1909	3	16	120	18680	366
1910	5	13	80	18688	1339
1911	1	11	160	18696	12780
1912	6	19	40	18704	1497
1913	6	19	40	18712	870
1914	15	0	120	18720	21075
1915	5	13	120	18728	11703
1916	0	18	120	18736	2906
1917	1	11	80	18744	556
1918	6	19	120	18752	952
1919	6	19	40	18760	5763
1920	15	0	80	18768	450
1921	5	13	160	18800	731
1922	5	13	40	18811	2102
1923	6	19	80	18822	5259
1924	1	11	120	18833	3227
1925	5	13	120	18844	3034
1926	1	11	160	18855	2771
1927	1	11	40	18866	271
1928	1	11	120	18877	111
1929	6	19	40	18888	2453
1930	19	8	160	18899	9429
1931	5	13	40	18910	3421
1932	1	11	160	18921	850
1933	1	11	120	18932	7145
1934	6	19	40	18943	3650
1935	6	19	120	18954	3086
1936	1	11	120	18965	9168
1937	4	7	120	18976	1262
1938	3	16	160	18987	11321
1939	15	0	80	18998	823
1940	4	7	40	19009	582
1941	19	8	160	19020	6037
1942	3	16	160	19031	4571
1943	15	0	120	19042	9487
1944	5	13	40	19053	181
1945	15	0	80	19064	3231
1946	4	7	120	19075	1520
1947	5	13	80	19086	452
1948	19	8	160	19097	15411
1949	6	19	160	19108	1213
1950	15	0	120	19119	1514
1951	0	18	120	19130	2371
1952	15	0	160	19141	3427
1953	4	7	120	19152	6316
1954	15	0	160	19163	17530
1955	1	11	40	19174	222
1956	3	16	80	19185	1419
1957	19	8	80	19200	110
1958	4	7	40	19210	1880
1959	4	7	80	19220	2805
1960	6	19	160	19230	2367
1961	19	8	40	19240	6527
1962	15	0	160	19250	3661
1963	1	11	40	19260	1520
1964	3	16	120	19270	804
1965	0	18	40	19280	4947
1966	19	8	40	19290	5836
1967	5	13	80	19300	2613
1968	19	8	40	19310	3635
1969	1	11	40	19320	2443
1970	4	7	160	19330	194
1971	6	19	160	19340	1127
1972	19	8	120	19350	836
1973	15	0	40	19360	104
1974	3	16	40	19370	3953
1975	15	0	80	19380	1586
1976	1	11	160	19390	2662
1977	6	19	120	19400	2789
1978	1	11	40	19410	4649
1979	3	16	40	19420	30865
1980	1	11	40	19430	970
1981	6	19	120	19440	1997
1982	3	16	80	19450	363
1983	5	13	120	19460	5804
1984	19	8	120	19470	618
1985	19	8	80	19480	2450
1986	6	19	40	19490	29556
1987	15	0	40	19500	2027
1988	4	7	120	19510	7455
1989	5	13	160	19520	3145
1990	3	16	80	19530	1092
1991	3	16	40	19540	8210
1992	0	18	80	19550	9040
1993	19	8	120	19560	2297
1994	0	18	80	19570	5379
1995	5	13	160	19580	1607
1996	1	11	40	19600	790
1997	0	18	120	19612	1815
1998	5	13	160	19624	5156
1999	5	13	160	19636	1629
2000	15	0	40	19648	6177
2001	19	8	40	19660	7242
2002	6	19	40	19672	2852
2003	6	19	120	19684	2949
2004	3	16	160	19696	964
2005	1	11	120	19708	287
2006	0	18	40	19720	1196
2007	19	8	120	19732	3192
2008	0	18	120	19744	726
2009	19	8	80	19756	4315
2010	0	18	40	19768	3357
2011	6	19	120	19780	6370
2012	15	0	40	19792	1662
2013	0	18	160	19804	1883
2014	3	16	80	19816	1362
2015	0	18	80	19828	220
2016	5	13	160	19840	5057
2017	1	11	40	19852	7181
2018	3	16	120	19864	759
2019	3	16	80	19876	5151
2020	4	7	160	19888	4955
2021	0	18	40	19900	1847
2022	1	11	120	19912	4029
2023	4	7	40	19924	215
2024	15	0	120	19936	983
2025	1	11	120	19948	773
2026	5	13	80	19960	1723
2027	0	18	160	19972	5575
2028	15	0	160	20000	1348
2029	15	0	80	20008	1408
2030	6	19	80	20016	641
2031	0	18	80	20024	516
2032	0	18	160	20032	6012
2033	5	13	80	20040	1739
2034	4	7	40	20048	958
2035	1	11	40	20056	1905
2036	19	8	80	20064	8587
2037	5	13	120	20072	3331
2038	1	11	120	20080	3206
2039	15	0	160	20088	306
2040	15	0	40	20096	890
2041	6	19	120	20104	2388
2042	15	0	80	20112	1053
2043	4	7	80	20120	817
2044	4	7	160	20128	14992
2045	6	19	120	20136	2336
2046	4	7	40	20144	3032
2047	19	8	80	20152	2937
2048	5	13	80	20160	641
2049	19	8	160	20168	4631
2050	19	8	40	20176	3801
2051	19	8	40	20184	1694
2052	15	0	40	20192	852
2053	1	11	80	20200	1
2054	1	11	40	20208	3915
2055	15	0	40	20216	2155
2056	15	0	80	20224	900
2057	3	16	40	20232	2444
2058	19	8	40	20240	1447
2059	1	11	40	20248	156
2060	5	13	80	20256	5083
2061	0	18	40	20264	2825
2062	1	11	160	20272	1223
2063	3	16	80	20280	8136
2064	3	16	40	20288	2868
2065	19	8	160	20296	2368
2066	5	13	160	20304	76
2067	1	11	160	20312	17489
2068	6	19	160	20320	709
2069	0	18	80	20328	9618
2070	1	11	40	20336	747
2071	0	18	80	20344	661
2072	0	18	80	20352	1328
2073	5	13	160	20360	417
2074	4	7	80	20368	2973
2075	6	19	80	20376	1208
2076	3	16	120	20384	595
2077	6	19	80	20400	2390
2078	19	8	80	20411	316
2079	0	18	160	20422	5976
2080	6	19	120	20433	4134
2081	6	19	160	20444	7085
2082	4	7	120	20455	3701
2083	15	0	160	20466	3669
2084	19	8	80	20477	4600
2085	15	0	40	20488	6493
2086	3	16	80	20499	10588
2087	19	8	120	20510	6006
2088	4	7	40	20521	5214
2089	6	19	40	20532	6365
2090	4	7	120	20543	781
2091	6	19	80	20554	2219
2092	6	19	120	20565	1213
2093	0	18	120	20576	2877
2094	1	11	80	20587	1750
2095	6	19	40	20598	4723
2096	5	13	120	20609	822
2097	4	7	40	20620	1800
2098	1	11	40	20631	4471
2099	5	13	40	20642	3016
2100	1	11	160	20653	2202
2101	3	16	80	20664	3142
2102	3	16	120	20675	1770
2103	4	7	160	20686	1090
2104	15	0	160	20697	2897
2105	15	0	120	20708	2472
2106	19	8	120	20719	259
2107	1	11	40	20730	390
2108	15	0	40	20741	2583
2109	4	7	120	20752	1806
2110	4	7	80	20763	1304
2111	0	18	160	20800	5571
2112	3	16	120	20810	1919
2113	15	0	40	20820	3003
2114	5	13	120	20830	2004
2115	19	8	80	20840	8810
2116	6	19	80	20850	9331
2117	3	16	40	20860	4352
2118	4	7	40	20870	822
2119	5	13	160	20880	4939
2120	6	19	120	20890	2917
2121	6	19	40	20900	1107
2122	6	19	120	20910	1198
2123	19	8	160	20920	1823
2124	6	19	120	20930	5271
2125	4	7	160	20940	5459
2126	4	7	160	20950	8856
2127	0	18	160	20960	5873
2128	3	16	80	20970	5458
2129	6	19	80	20980	7124
2130	1	11	120	20990	311
2131	15	0	120	21000	5984
2132	5	13	80	21010	6001
2133	4	7	80	21020	3163
2134	19	8	40	21030	1735
2135	3	16	80	21040	422
2136	3	16	80	21050	2556
2137	19	8	120	21060	1816
2138	19	8	160	21070	355
2139	0	18	120	21080	1005
2140	19	8	120	21090	5387
2141	0	18	40	21100	7234
2142	0	18	120	21110	1434
2143	0	18	120	21120	1816
2144	3	16	120	21130	2920
2145	3	16	120	21140	2218
2146	4	7	120	21150	182
2147	19	8	80	21160	5289
2148	4	7	160	21170	505
2149	3	16	40	21180	2501
2150	0	18	120	21200	6242
2151	1	11	120	21208	2959
2152	0	18	40	21216	776
2153	6	19	40	21224	13281
2154	19	8	120	21232	47
2155	5	13	160	21240	802
2156	5	13	120	21248	1343
2157	3	16	120	21256	19096
2158	6	19	80	21264	2822
2159	4	7	40	21272	5891
2160	4	7	160	21280	3379
2161	15	0	160	21288	1387
2162	19	8	120	21296	1713
2163	0	18	160	21304	4134
2164	3	16	160	21312	1362
2165	5	13	160	21320	2790
2166	5	13	120	21328	14710
2167	19	8	80	21336	7198
2168	15	0	40	21344	774
2169	1	11	80	21352	1392
2170	6	19	160	21360	2160
2171	6	19	160	21368	3088
2172	4	7	40	21376	3451
2173	3	16	80	21384	13249
2174	6	19	80	21392	13923
2175	5	13	80	21400	4578
2176	5	13	120	21408	11279
2177	6	19	40	21416	8974
2178	6	19	40	21424	7536
2179	4	7	160	21432	1464
2180	0	18	40	21440	4815
2181	4	7	80	21448	684
2182	5	13	160	21456	4210
2183	0	18	80	21464	1311
2184	6	19	120	21472	169
2185	19	8	160	21480	3212
2186	15	0	80	21488	3659
2187	15	0	40	21496	6708
2188	4	7	120	21504	3060
2189	4	7	80	21512	747
2190	15	0	120	21520	6749
2191	19	8	160	21528	2620
2192	1	11	80	21536	7829
2193	5	13	160	21544	1509
2194	6	19	120	21552	4221
2195	0	18	120	21600	2368
2196	1	11	120	21609	2674
2197	0	18	120	21618	4281
2198	6	19	120	21627	317
2199	6	19	160	21636	63
2200	6	19	40	21645	2398
2201	4	7	40	21654	942
2202	0	18	80	21663	3261
2203	3	16	120	21672	6966
2204	6	19	40	21681	195
2205	3	16	160	21690	1161
2206	15	0	120	21699	11579
2207	6	19	120	21708	957
2208	0	18	120	21717	20916
2209	3	16	40	21726	1602
2210	19	8	40	21735	1104
2211	19	8	120	21744	1985
2212	6	19	80	21753	619
2213	3	16	80	21762	890
2214	4	7	160	21771	293
2215	19	8	120	21780	2131
2216	3	16	40	21789	4110
2217	15	0	40	21798	285
2218	4	7	40	21807	3693
2219	3	16	40	21816	5335
2220	15	0	80	21825	9325
2221	15	0	80	21834	705
2222	4	7	120	21843	1426
2223	4	7	160	21852	22
2224	4	7	120	21861	2607
2225	6	19	40	21870	11036
2226	5	13	80	21879	4547
2227	15	0	80	21888	1224
2228	6	19	160	21897	1493
2229	5	13	160	21906	2956
2230	4	7	160	21915	862
2231	4	7	160	21924	1332
2232	19	8	120	21933	6805
2233	0	18	80	21942	7140
2234	15	0	120	21951	7740
2235	5	13	40	21960	2692
2236	4	7	160	21969	3662
2237	3	16	40	21978	6998
2238	4	7	80	22000	1055
2239	3	16	160	22009	6232
2240	1	11	80	22018	3739
2241	0	18	120	22027	1954
2242	15	0	120	22036	6824
2243	1	11	120	22045	915
2244	4	7	40	22054	10583
2245	19	8	160	22063	2204
2246	3	16	80	22072	1644
2247	19	8	160	22081	4305
2248	1	11	160	22090	1116
2249	6	19	160	22099	1091
2250	15	0	120	22108	6530
2251	3	16	80	22117	2169
2252	6	19	120	22126	223
2253	4	7	120	22135	1660
2254	19	8	80	22144	479
2255	19	8	160	22153	1366
2256	0	18	80	22162	9637
2257	5	13	120	22171	3211
2258	19	8	40	22180	1697
2259	19	8	160	22189	470
2260	15	0	80	22198	3402
2261	19	8	80	22207	4570
2262	0	18	160	22216	9263
2263	4	7	160	22225	2556
2264	19	8	80	22234	585
2265	5	13	40	22243	12683
2266	19	8	40	22252	3410
2267	6	19	40	22261	1491
2268	5	13	120	22270	1686
2269	15	0	160	22279	3477
2270	4	7	120	22288	6715
2271	19	8	160	22297	6771
2272	4	7	160	22306	7258
2273	0	18	40	22315	6713
2274	0	18	120	22324	553
2275	6	19	160	22333	2905
2276	0	18	120	22342	1681
2277	3	16	40	22351	400
2278	0	18	120	22360	318
2279	4	7	120	22400	227
2280	4	7	120	22417	3660
2281	6	19	80	22434	80
2282	6	19	80	22451	81
2283	19	8	160	22468	302
2284	15	0	40	22485	5060
2285	0	18	80	22502	5972
2286	15	0	80	22519	1040
2287	5	13	160	22536	2598
2288	0	18	160	22553	5081
2289	15	0	160	22570	3341
2290	5	13	120	22587	3468
2291	15	0	80	22604	195
2292	4	7	40	22621	2618
2293	4	7	80	22638	515
2294	5	13	80	22655	976
2295	3	16	40	22672	10434
2296	0	18	160	22689	2655
2297	3	16	120	22706	1699
2298	3	16	40	22723	283
2299	19	8	40	22740	14164
2300	0	18	160	22757	7586
2301	5	13	80	22774	104
2302	3	16	80	22800	1513
2303	3	16	40	22813	4348
2304	1	11	80	22826	2215
2305	15	0	120	22839	17894
2306	19	8	80	22852	3484
2307	5	13	80	22865	1103
2308	3	16	160	22878	945
2309	3	16	120	22891	3631
2310	19	8	40	22904	11686
2311	15	0	80	22917	6745
2312	5	13	40	22930	2580
2313	4	7	80	22943	1372
2314	5	13	40	22956	2865
2315	1	11	160	22969	3219
2316	1	11	160	22982	4326
2317	0	18	160	22995	7051
2318	6	19	160	23008	5615
2319	15	0	160	23021	1790
2320	6	19	120	23034	5223
2321	3	16	40	23047	403
2322	5	13	40	23060	3586
2323	6	19	160	23073	6016
2324	1	11	40	23086	4
2325	6	19	80	23099	5803
2326	4	7	160	23112	1635
2327	19	8	120	23125	5038
2328	5	13	120	23138	3632
2329	6	19	120	23151	906
2330	6	19	160	23164	126
2331	6	19	40	23200	23211
2332	0	18	160	23211	109
2333	1	11	80	23222	446
2334	4	7	160	23233	919
2335	15	0	80	23244	3410
2336	3	16	40	23255	4882
2337	3	16	40	23266	1768
2338	6	19	120	23277	4171
2339	19	8	80	23288	5226
2340	1	11	40	23299	861
2341	3	16	160	23310	17681
2342	1	11	40	23321	1243
2343	15	0	80	23332	523
2344	19	8	120	23343	3871
2345	15	0	80	23354	5792
2346	3	16	80	23365	3398
2347	0	18	160	23376	842
2348	19	8	40	23387	3759
2349	3	16	120	23398	4358
2350	1	11	40	23409	1234
2351	19	8	160	23420	4276
2352	6	19	160	23431	3584
2353	4	7	80	23442	4917
2354	1	11	80	23453	1108
2355	6	19	120	23464	5608
2356	19	8	80	23475	2275
2357	6	19	80	23486	3082
2358	1	11	40	23497	4336
2359	5	13	160	23508	4311
2360	3	16	160	23519	4233
2361	0	18	160	23530	8018
2362	19	8	120	23541	4134
2363	6	19	80	23552	31
2364	6	19	120	23563	3333
2365	1	11	40	23574	11916
2366	6	19	80	23600	6202
2367	3	16	120	23611	1847
2368	19	8	80	23622	355
2369	6	19	160	23633	11108
2370	15	0	160	23644	7534
2371	15	0	160	23655	1447
2372	4	7	80	23666	798
2373	6	19	80	23677	101
2374	6	19	160	23688	731
2375	4	7	160	23699	5405
2376	1	11	40	23710	7059
2377	15	0	120	23721	2535
2378	6	19	80	23732	686
2379	3	16	120	23743	1076
2380	3	16	40	23754	859
2381	4	7	40	23765	629
2382	19	8	80	23776	452
2383	1	11	40	23787	10814
2384	5	13	120	23798	11082
2385	6	19	40	23809	1876
2386	0	18	80	23820	2077
2387	5	13	120	23831	1539
2388	19	8	40	23842	7967
2389	15	0	40	23853	2401
2390	15	0	40	23864	602
2391	6	19	160	23875	733
2392	1	11	40	23886	4756
2393	0	18	120	23897	17638
2394	6	19	120	23908	317
2395	0	18	40	23919	1592
2396	3	16	40	23930	1684
2397	5	13	120	23941	1201
2398	1	11	120	23952	3259
2399	15	0	120	23963	4445
2400	0	18	40	23974	15114
2401	0	18	160	23985	905
2402	1	11	80	24000	443
2403	3	16	80	24008	4453
2404	5	13	120	24016	6765
2405	3	16	40	24024	13062
2406	5	13	120	24032	2583
2407	0	18	80	24040	3345
2408	15	0	80	24048	3110
2409	15	0	120	24056	2779
2410	5	13	120	24064	10367
2411	1	11	120	24072	13338
2412	19	8	40	24080	1909
2413	15	0	120	24088	2219
2414	3	16	120	24096	2512
2415	19	8	120	24104	2831
2416	1	11	120	24112	5681
2417	15	0	80	24120	4968
2418	0	18	160	24128	291
2419	19	8	120	24136	847
2420	0	18	160	24144	3141
2421	1	11	120	24152	2528
2422	3	16	80	24160	2823
2423	0	18	80	24168	4016
2424	15	0	120	24176	6395
2425	1	11	40	24184	4561
2426	6	19	160	24192	3747
2427	3	16	120	24200	858
2428	19	8	120	24208	11895
2429	5	13	120	24216	7295
2430	1	11	120	24224	2025
2431	5	13	80	24232	3370
2432	6	19	160	24240	9727
2433	19	8	120	24248	2668
2434	3	16	80	24256	1198
2435	1	11	80	24264	18731
2436	3	16	160	24272	166
2437	5	13	160	24280	2286
2438	6	19	120	24288	499
2439	1	11	80	24296	14845
2440	0	18	120	24304	9159
2441	19	8	160	24312	7291
2442	15	0	40	24320	6036
2443	1	11	120	24328	1802
2444	3	16	120	24336	2989
2445	6	19	80	24344	772
2446	15	0	120	24352	6204
2447	4	7	80	24360	1257
2448	15	0	160	24368	2947
2449	6	19	160	24376	3365
2450	19	8	120	24400	3376
2451	4	7	120	24411	4004
2452	4	7	160	24422	838
2453	1	11	40	24433	1825
2454	6	19	120	24444	542
2455	19	8	120	24455	2842
2456	6	19	80	24466	4766
2457	0	18	160	24477	2549
2458	4	7	120	24488	8276
2459	3	16	120	24499	581
2460	6	19	80	24510	1745
2461	3	16	160	24521	1329
2462	0	18	160	24532	3847
2463	1	11	160	24543	4841
2464	5	13	160	24554	436
2465	19	8	40	24565	1758
2466	5	13	120	24576	214
2467	19	8	80	24587	8934
2468	5	13	40	24598	730
2469	1	11	80	24609	2582
2470	6	19	160	24620	2513
2471	5	13	120	24631	1560
2472	0	18	160	24642	3604
2473	19	8	80	24653	398
2474	19	8	40	24664	1382
2475	1	11	40	24675	4891
2476	4	7	80	24686	4679
2477	1	11	160	24697	620
2478	15	0	160	24708	453
2479	1	11	40	24719	3894
2480	4	7	80	24730	8915
2481	1	11	80	24741	1652
2482	5	13	120	24752	4454
2483	3	16	160	24763	1912
2484	6	19	160	24774	1250
2485	6	19	160	24785	5790
2486	0	18	80	24800	1914
2487	5	13	160	24812	3156
2488	1	11	160	24824	1784
2489	4	7	160	24836	5548
2490	5	13	40	24848	1395
2491	1	11	160	24860	3371
2492	1	11	80	24872	3299
2493	4	7	160	24884	16046
2494	4	7	160	24896	3890
2495	15	0	120	24908	3828
2496	19	8	160	24920	997
2497	5	13	80	24932	320
2498	5	13	120	24944	1200
2499	3	16	80	24956	748
2500	1	11	160	24968	526
2501	15	0	40	24980	9020
2502	15	0	80	24992	433
2503	6	19	120	25004	187
2504	0	18	40	25016	431
2505	4	7	40	25028	1135
2506	4	7	160	25040	157
2507	5	13	120	25052	395
2508	3	16	40	25064	308
2509	5	13	120	25076	2187
2510	4	7	40	25088	6838
2511	5	13	80	25100	3217
2512	3	16	40	25112	1810
2513	1	11	80	25124	1158
2514	19	8	40	25136	1113
2515	4	7	160	25148	61
2516	15	0	80	25160	3777
2517	15	0	40	25200	1086
2518	5	13	40	25209	2272
2519	19	8	40	25218	1653
2520	19	8	160	25227	14818
2521	0	18	120	25236	2824
2522	6	19	80	25245	3045
2523	0	18	40	25254	2156
2524	5	13	80	25263	799
2525	4	7	160	25272	9095
2526	4	7	80	25281	5731
2527	6	19	40	25290	3787
2528	4	7	80	25299	2561
2529	0	18	80	25308	4509
2530	1	11	40	25317	2654
2531	15	0	40	25326	3793
2532	5	13	80	25335	8630
2533	4	7	80	25344	11037
2534	0	18	80	25353	2764
2535	6	19	40	25362	23524
2536	4	7	160	25371	1075
2537	19	8	40	25380	3932
2538	1	11	120	25389	1301
2539	3	16	120	25398	86
2540	3	16	40	25407	5183
2541	4	7	160	25416	1348
2542	1	11	160	25425	2550
2543	6	19	80	25434	11158
2544	19	8	160	25443	10700
2545	19	8	120	25452	5417
2546	19	8	120	25461	920
2547	19	8	160	25470	1485
2548	5	13	120	25479	5370
2549	19	8	160	25488	3732
2550	0	18	80	25497	19
2551	0	18	160	25506	16254
2552	0	18	40	25515	4126
2553	6	19	120	25524	10133
2554	4	7	120	25533	868
2555	1	11	40	25542	3837
2556	0	18	160	25551	1798
2557	15	0	40	25560	4632
2558	0	18	40	25569	7998
2559	5	13	40	25578	918
2560	0	18	160	25600	2660
2561	6	19	160	25609	2224
2562	1	11	40	25618	3883
2563	1	11	120	25627	2030
2564	3	16	120	25636	11016
2565	5	13	160	25645	925
2566	0	18	40	25654	4413
2567	15	0	120	25663	2229
2568	1	11	40	25672	5584
2569	1	11	40	25681	1128
2570	0	18	40	25690	6046
2571	19	8	80	25699	16854
2572	5	13	80	25708	12891
2573	1	11	80	25717	2124
2574	5	13	40	25726	3789
2575	4	7	160	25735	4675
2576	15	0	160	25744	142
2577	0	18	40	25753	3609
2578	1	11	80	25762	2659
2579	6	19	160	25771	2314
2580	6	19	40	25780	4705
2581	4	7	80	25789	2399
2582	1	11	80	25798	8260
2583	4	7	80	25807	8047
2584	0	18	40	25816	4449
2585	0	18	40	25825	2789
2586	15	0	160	25834	13898
2587	19	8	160	25843	13272
2588	0	18	160	25852	5410
2589	19	8	40	25861	8553
2590	5	13	80	25870	4032
2591	6	19	160	25879	3192
2592	15	0	160	25888	5729
2593	6	19	120	25897	300
2594	3	16	160	25906	3068
2595	5	13	80	25915	1425
2596	3	16	160	25924	4372
2597	0	18	40	25933	304
2598	3	16	120	25942	8
2599	3	16	160	25951	5158
2600	19	8	120	25960	305
2601	0	18	160	25969	6022
2602	6	19	160	26000	3264
2603	3	16	120	26009	2716
2604	15	0	160	26018	7023
2605	0	18	160	26027	79
2606	4	7	120	26036	91
2607	15	0	160	26045	1053
2608	0	18	80	26054	1474
2609	19	8	120	26063	2820
2610	3	16	40	26072	3486
2611	0	18	120	26081	5838
2612	5	13	160	26090	893
2613	3	16	80	26099	2215
2614	19	8	160	26108	2883
2615	5	13	80	26117	141
2616	5	13	80	26126	3224
2617	6	19	120	26135	5626
2618	1	11	120	26144	5191
2619	3	16	120	26153	2277
2620	15	0	40	26162	1084
2621	1	11	80	26171	4875
2622	6	19	160	26180	4631
2623	3	16	160	26189	8169
2624	6	19	120	26198	3774
2625	4	7	40	26207	1043
2626	0	18	120	26216	1014
2627	19	8	120	26225	8748
2628	19	8	80	26234	8361
2629	19	8	120	26243	1498
2630	1	11	40	26252	98
2631	15	0	160	26261	13055
2632	6	19	80	26270	3588
2633	15	0	80	26279	5726
2634	15	0	40	26288	1820
2635	5	13	80	26297	9790
2636	6	19	120	26306	8948
2637	19	8	120	26315	1913
2638	6	19	80	26324	159
2639	19	8	40	26333	4217
2640	5	13	120	26342	2611
2641	0	18	160	26351	5349
2642	15	0	80	26360	4262
2643	1	11	40	26369	1074
2644	5	13	160	26378	1428
2645	5	13	160	26387	8080
2646	0	18	160	26400	1720
2647	5	13	80	26411	1637
2648	6	19	160	26422	3272
2649	6	19	80	26433	2780
2650	0	18	160	26444	5487
2651	6	19	40	26455	9624
2652	19	8	120	26466	1701
2653	0	18	40	26477	3357
2654	5	13	160	26488	2671
2655	6	19	80	26499	1842
2656	3	16	40	26510	387
2657	4	7	160	26521	4653
2658	5	13	40	26532	8555
2659	3	16	120	26543	3640
2660	0	18	80	26554	6353
2661	5	13	160	26565	579
2662	15	0	80	26576	1755
2663	0	18	160	26587	21881
2664	15	0	120	26598	2627
2665	5	13	80	26609	3870
2666	3	16	40	26620	771
2667	15	0	80	26631	2313
2668	5	13	40	26642	246
2669	3	16	120	26653	3666
2670	15	0	160	26664	609
2671	5	13	120	26675	760
2672	0	18	40	26686	5034
2673	1	11	80	26697	313
2674	6	19	160	26708	12375
2675	15	0	40	26719	2772
2676	3	16	160	26730	200
2677	5	13	160	26741	2393
2678	6	19	160	26752	3374
2679	0	18	160	26763	5441
2680	4	7	80	26774	8485
2681	5	13	40	26785	8756
2682	1	11	160	26800	1595
2683	1	11	40	26809	1882
2684	15	0	160	26818	3340
2685	4	7	160	26827	486
2686	19	8	80	26836	3821
2687	6	19	80	26845	97
2688	1	11	120	26854	1280
2689	0	18	160	26863	22633
2690	1	11	40	26872	6887
2691	1	11	120	26881	921
2692	3	16	120	26890	2756
2693	3	16	120	26899	2329
2694	19	8	120	26908	7746
2695	0	18	120	26917	1690
2696	1	11	120	26926	1927
2697	6	19	120	26935	4311
2698	3	16	80	26944	5609
2699	0	18	120	26953	4562
2700	1	11	120	26962	4709
2701	3	16	80	26971	9645
2702	19	8	40	26980	1293
2703	3	16	40	26989	12744
2704	19	8	80	26998	1782
2705	5	13	40	27007	3405
2706	6	19	160	27016	861
2707	6	19	40	27025	1264
2708	4	7	40	27034	3801
2709	15	0	120	27043	17433
2710	3	16	80	27052	1543
2711	15	0	80	27061	4107
2712	15	0	40	27070	500
2713	5	13	80	27079	597
2714	19	8	80	27088	5055
2715	5	13	40	27097	9533
2716	3	16	160	27106	6558
2717	5	13	80	27115	15608
2718	1	11	160	27124	2245
2719	3	16	120	27133	1828
2720	6	19	40	27142	18
2721	6	19	160	27151	656
2722	5	13	120	27160	722
2723	5	13	80	27200	260
2724	0	18	80	27212	6036
2725	5	13	80	27224	10980
2726	3	16	40	27236	4498
2727	6	19	120	27248	1283
2728	3	16	120	27260	991
2729	5	13	80	27272	3767
2730	5	13	120	27284	500
2731	6	19	80	27296	1972
2732	1	11	80	27308	4767
2733	6	19	40	27320	8810
2734	19	8	80	27332	211
2735	1	11	160	27344	14005
2736	5	13	40	27356	3784
2737	19	8	160	27368	1850
2738	3	16	120	27380	63
2739	3	16	120	27392	19812
2740	15	0	40	27404	10140
2741	1	11	40	27416	1687
2742	1	11	40	27428	2115
2743	4	7	40	27440	1351
2744	6	19	120	27452	4512
2745	4	7	160	27464	790
2746	4	7	120	27476	368
2747	15	0	80	27488	1780
2748	4	7	80	27500	5150
2749	3	16	120	27512	11828
2750	15	0	160	27524	3094
2751	5	13	40	27536	2060
2752	4	7	120	27548	1045
2753	0	18	120	27560	1957
2754	3	16	120	27572	4504
2755	5	13	120	27600	3110
2756	6	19	120	27608	5465
2757	4	7	160	27616	958
2758	1	11	160	27624	792
2759	3	16	40	27632	2205
2760	3	16	40	27640	9131
2761	19	8	80	27648	10069
2762	4	7	120	27656	211
2763	15	0	160	27664	13
2764	3	16	40	27672	8147
2765	6	19	160	27680	10683
2766	5	13	160	27688	11638
2767	0	18	160	27696	1036
2768	5	13	160	27704	365
2769	6	19	80	27712	5506
2770	0	18	40	27720	1404
2771	4	7	40	27728	2288
2772	1	11	120	27736	13296
2773	19	8	80	27744	2295
2774	5	13	120	27752	2363
2775	4	7	160	27760	4320
2776	5	13	160	27768	5396
2777	1	11	120	27776	8436
2778	15	0	120	27784	1956
2779	5	13	120	27792	3660
2780	1	11	160	27800	7529
2781	4	7	120	27808	1519
2782	3	16	40	27816	3198
2783	19	8	40	27824	1267
2784	15	0	80	27832	296
2785	19	8	80	27840	5023
2786	1	11	120	27848	694
2787	1	11	160	27856	1480
2788	3	16	120	27864	961
2789	3	16	120	27872	2861
2790	5	13	40	27880	1018
2791	0	18	80	27888	2033
2792	6	19	40	27896	845
2793	0	18	120	27904	3585
2794	0	18	80	27912	398
2795	15	0	120	27920	5
2796	6	19	80	27928	1384
2797	3	16	40	27936	2093
2798	0	18	160	27944	2159
2799	19	8	120	27952	5474
2800	19	8	40	27960	1065
2801	3	16	120	27968	7857
2802	1	11	80	27976	1269
2803	6	19	160	27984	15000
2804	3	16	80	27992	4222
2805	3	16	120	28000	434
2806	4	7	80	28008	2308
2807	5	13	80	28016	6306
2808	4	7	160	28024	11311
2809	15	0	120	28032	61
2810	0	18	120	28040	6438
2811	5	13	160	28048	8048
2812	6	19	40	28056	7002
2813	5	13	40	28064	3472
2814	0	18	80	28072	3432
2815	15	0	80	28080	3489
2816	5	13	40	28088	1841
2817	5	13	120	28096	6057
2818	0	18	80	28104	10744
2819	3	16	120	28112	670
2820	4	7	80	28120	5904
2821	4	7	40	28128	4044
2822	15	0	80	28136	58
2823	3	16	80	28144	3434
2824	1	11	40	28152	2958
2825	19	8	160	28160	9110
2826	6	19	40	28168	1124
2827	1	11	40	28176	1860
2828	19	8	160	28184	1672
2829	6	19	160	28192	2353
2830	15	0	120	28200	1834
2831	1	11	120	28208	1620
2832	0	18	160	28216	2475
2833	15	0	40	28224	4100
2834	6	19	80	28232	1820
2835	19	8	40	28240	17698
2836	1	11	80	28248	180
2837	6	19	80	28256	3412
2838	5	13	120	28264	3865
2839	4	7	160	28272	13823
2840	5	13	160	28280	1295
2841	6	19	80	28288	1822
2842	6	19	160	28296	1838
2843	4	7	160	28304	884
2844	3	16	160	28312	4964
2845	0	18	80	28320	1776
2846	4	7	80	28328	3396
2847	0	18	160	28336	3768
2848	0	18	80	28344	64
2849	1	11	40	28352	2877
2850	3	16	120	28360	4004
2851	1	11	160	28368	2874
2852	3	16	120	28376	2582
2853	6	19	40	28400	1219
2854	5	13	80	28410	14606
2855	5	13	40	28420	3641
2856	5	13	80	28430	7465
2857	19	8	40	28440	4758
2858	4	7	120	28450	2419
2859	4	7	120	28460	5618
2860	6	19	120	28470	7803
2861	3	16	80	28480	275
2862	6	19	120	28490	2402
2863	15	0	160	28500	2741
2864	0	18	40	28510	4170
2865	15	0	40	28520	2516
2866	4	7	40	28530	2075
2867	15	0	160	28540	818
2868	19	8	120	28550	966
2869	1	11	40	28560	3547
2870	5	13	40	28570	3088
2871	19	8	160	28580	6337
2872	19	8	160	28590	700
2873	5	13	120	28600	13233
2874	15	0	160	28610	8407
2875	6	19	160	28620	2080
2876	6	19	40	28630	1246
2877	3	16	80	28640	6771
2878	19	8	80	28650	8019
2879	1	11	160	28660	717
2880	5	13	80	28670	1573
2881	6	19	40	28680	4030
2882	1	11	160	28690	1760
2883	6	19	160	28700	7061
2884	4	7	80	28710	6690
2885	5	13	120	28720	7729
2886	15	0	40	28730	7791
2887	3	16	120	28740	886
2888	3	16	160	28750	4400
2889	0	18	80	28760	5843
2890	3	16	120	28800	615
2891	3	16	40	28809	1713
2892	1	11	120	28818	512
2893	1	11	40	28827	8009
2894	15	0	40	28836	468
2895	3	16	120	28845	943
2896	0	18	160	28854	9834
2897	15	0	160	28863	8234
2898	4	7	120	28872	3202
2899	5	13	160	28881	1118
2900	5	13	40	28890	12297
2901	5	13	80	28899	1958
2902	0	18	40	28908	2014
2903	15	0	40	28917	2234
2904	5	13	160	28926	14746
2905	3	16	120	28935	7271
2906	1	11	40	28944	1735
2907	15	0	160	28953	2871
2908	19	8	80	28962	1944
2909	15	0	80	28971	3362
2910	15	0	160	28980	1601
2911	3	16	40	28989	119
2912	0	18	120	28998	7095
2913	3	16	160	29007	1368
2914	15	0	40	29016	2243
2915	19	8	80	29025	1008
2916	0	18	80	29034	4957
2917	19	8	160	29043	3898
2918	4	7	120	29052	4606
2919	4	7	120	29061	6286
2920	0	18	160	29070	3761
2921	0	18	80	29079	922
2922	5	13	40	29088	2918
2923	15	0	80	29097	2366
2924	15	0	120	29106	2357
2925	3	16	160	29115	840
2926	6	19	80	29124	4492
2927	15	0	120	29133	1401
2928	6	19	120	29142	7664
2929	5	13	40	29151	4406
2930	5	13	40	29160	2701
2931	15	0	80	29169	2012
2932	15	0	120	29178	1231
2933	4	7	80	29187	3884
2934	5	13	160	29200	944
2935	19	8	40	29210	11129
2936	5	13	40	29220	1093
2937	3	16	160	29230	10531
2938	0	18	160	29240	7694
2939	0	18	160	29250	14691
2940	4	7	80	29260	2798
2941	0	18	40	29270	1693
2942	4	7	80	29280	6724
2943	4	7	80	29290	415
2944	1	11	120	29300	2305
2945	0	18	120	29310	481
2946	1	11	80	29320	2919
2947	19	8	120	29330	7099
2948	3	16	160	29340	2288
2949	19	8	160	29350	8744
2950	1	11	80	29360	2770
2951	0	18	40	29370	1380
2952	4	7	80	29380	835
2953	19	8	40	29390	5686
2954	4	7	160	29400	4025
2955	5	13	120	29410	5509
2956	0	18	80	29420	8135
2957	3	16	160	29430	11904
2958	19	8	120	29440	16215
2959	3	16	40	29450	6155
2960	6	19	80	29460	711
2961	4	7	80	29470	232
2962	0	18	80	29480	4307
2963	4	7	80	29490	5053
2964	1	11	80	29500	322
2965	19	8	80	29510	10908
2966	4	7	80	29520	5780
2967	6	19	80	29530	937
2968	6	19	40	29540	330
2969	19	8	40	29550	2702
2970	3	16	40	29560	16458
2971	15	0	120	29570	6098
2972	19	8	160	29600	5856
2973	3	16	120	29614	4941
2974	0	18	40	29628	1364
2975	19	8	160	29642	1228
2976	6	19	40	29656	1991
2977	1	11	120	29670	2174
2978	5	13	120	29684	34
2979	15	0	160	29698	1613
2980	0	18	80	29712	4452
2981	6	19	120	29726	7438
2982	4	7	160	29740	7861
2983	15	0	160	29754	13430
2984	3	16	160	29768	735
2985	5	13	160	29782	888
2986	4	7	40	29796	927
2987	19	8	120	29810	2823
2988	19	8	80	29824	17345
2989	0	18	40	29838	2483
2990	19	8	120	29852	285
2991	3	16	80	29866	1371
2992	3	16	80	29880	11636
2993	6	19	160	29894	284
2994	3	16	80	29908	6679
2995	0	18	40	29922	2368
2996	19	8	160	29936	4631
2997	19	8	40	29950	406
2998	1	11	160	29964	85
2999	3	16	80	29978	2800
