0	5	13	200	0	5999
1	15	0	200	9	542
2	1	11	80	18	16539
3	5	13	80	27	2245
4	4	7	160	36	6892
5	4	7	120	45	3035
6	1	11	200	54	31646
7	5	13	200	63	2781
8	6	19	80	72	4433
9	1	11	80	81	4726
10	5	13	200	90	136
11	3	16	160	99	2307
12	19	8	80	108	4562
13	0	18	120	117	10260
14	3	16	160	126	2180
15	6	19	80	135	6937
16	5	13	160	144	4722
17	0	18	160	153	2485
18	3	16	160	162	1736
19	1	11	160	171	105
20	4	7	80	180	2514
21	4	7	160	189	1754
22	19	8	200	198	1666
23	15	0	200	207	982
24	3	16	80	216	1905
25	19	8	200	225	4381
26	4	7	80	234	3013
27	1	11	200	243	1974
28	4	7	200	252	2394
29	4	7	80	261	4029
30	15	0	200	270	901
31	1	11	80	279	2963
32	0	18	200	288	51
33	15	0	160	297	590
34	5	13	160	306	4325
35	4	7	160	315	1565
36	4	7	80	324	7764
37	5	13	160	333	7780
38	5	13	200	342	2337
39	3	16	80	351	6576
40	5	13	120	360	2450
41	4	7	120	400	11188
42	6	19	200	410	2375
43	19	8	80	420	6705
44	5	13	160	430	4879
45	0	18	200	440	1823
46	1	11	200	450	2263
47	15	0	120	460	5579
48	6	19	160	470	1308
49	15	0	80	480	5012
50	19	8	200	490	2362
51	1	11	120	500	4109
52	5	13	200	510	608
53	6	19	160	520	2283
54	5	13	80	530	1489
55	0	18	80	540	2191
56	19	8	80	550	6170
57	4	7	80	560	5812
58	3	16	80	570	207
59	5	13	160	580	678
60	0	18	120	590	10
61	0	18	80	600	3766
62	0	18	80	610	207
63	1	11	200	620	142
64	4	7	120	630	2704
65	3	16	160	640	2856
66	3	16	160	650	2216
67	0	18	120	660	3133
68	4	7	200	670	1216
69	19	8	80	680	404
70	1	11	200	690	13648
71	0	18	80	700	7228
72	4	7	200	710	81
73	0	18	120	720	3152
74	6	19	80	730	3356
75	0	18	160	740	3000
76	15	0	200	750	9510
77	19	8	160	760	3001
78	1	11	80	800	2879
79	1	11	80	814	51
80	15	0	80	828	1063
81	5	13	160	842	6004
82	4	7	80	856	469
83	6	19	160	870	5328
84	5	13	120	884	836
85	5	13	120	898	3281
86	5	13	120	912	1926
87	3	16	120	926	3449
88	3	16	160	940	7003
89	4	7	120	954	1092
90	5	13	120	968	3086
91	0	18	80	982	378
92	3	16	160	996	6567
93	19	8	80	1010	1351
94	1	11	200	1024	6522
95	4	7	120	1038	7535
96	4	7	120	1052	8771
97	4	7	80	1066	2128
98	5	13	200	1080	1551
99	1	11	80	1094	864
100	15	0	120	1108	11297
101	0	18	120	1122	8793
102	3	16	160	1136	2692
103	15	0	160	1150	806
104	6	19	120	1164	5503
105	19	8	160	1178	3768
106	6	19	160	1200	3889
107	5	13	120	1209	3622
108	0	18	120	1218	8069
109	5	13	120	1227	6116
110	3	16	120	1236	2891
111	19	8	120	1245	1195
112	3	16	200	1254	1166
113	0	18	200	1263	154
114	15	0	160	1272	10230
115	4	7	160	1281	1021
116	5	13	200	1290	2767
117	4	7	160	1299	1510
118	6	19	120	1308	7492
119	15	0	200	1317	10738
120	6	19	120	1326	548
121	0	18	120	1335	7525
122	15	0	200	1344	5045
123	19	8	120	1353	93
124	3	16	160	1362	3270
125	1	11	200	1371	8373
126	6	19	120	1380	119
127	4	7	160	1389	5291
128	15	0	160	1398	5405
129	1	11	200	1407	5091
130	6	19	120	1416	4078
131	3	16	200	1425	2728
132	3	16	200	1434	924
133	19	8	80	1443	1535
134	4	7	200	1452	299
135	15	0	160	1461	1688
136	1	11	200	1470	1354
137	6	19	160	1479	10524
138	19	8	120	1488	17933
139	5	13	160	1497	3456
140	19	8	200	1506	11116
141	0	18	200	1515	6176
142	1	11	80	1524	4963
143	6	19	120	1533	176
144	1	11	80	1542	5156
145	5	13	80	1551	1310
146	15	0	80	1560	7262
147	1	11	200	1569	5853
148	1	11	160	1600	1811
149	6	19	80	1609	3458
150	19	8	120	1618	1714
151	19	8	160	1627	3412
152	6	19	160	1636	3342
153	15	0	200	1645	1975
154	5	13	160	1654	274
155	6	19	80	1663	390
156	1	11	160	1672	756
157	4	7	120	1681	2515
158	5	13	200	1690	3914
159	4	7	120	1699	8180
160	1	11	120	1708	3477
161	1	11	200	1717	8762
162	6	19	200	1726	7714
163	19	8	120	1735	636
164	15	0	200	1744	621
165	19	8	160	1753	81
166	5	13	160	1762	214
167	3	16	200	1771	10889
168	6	19	200	1780	13490
169	0	18	200	1789	3451
170	3	16	200	1798	11137
171	19	8	80	1807	3388
172	4	7	80	1816	1577
173	1	11	200	1825	1246
174	19	8	80	1834	20356
175	6	19	120	1843	1671
176	15	0	80	1852	588
177	0	18	120	1861	4478
178	15	0	120	1870	1419
179	6	19	160	1879	1309
180	4	7	160	1888	161
181	5	13	120	1897	1209
182	3	16	80	1906	1845
183	0	18	120	1915	708
184	1	11	160	1924	1856
185	6	19	160	1933	270
186	5	13	80	1942	10531
187	5	13	200	1951	6783
188	4	7	120	1960	1164
189	6	19	200	2000	15475
190	5	13	80	2010	755
191	15	0	160	2020	6868
192	1	11	200	2030	1448
193	5	13	200	2040	502
194	4	7	120	2050	24425
195	6	19	80	2060	204
196	3	16	80	2070	10745
197	1	11	200	2080	3318
198	19	8	120	2090	9175
199	1	11	120	2100	4874
200	0	18	160	2110	1031
201	4	7	120	2120	9331
202	5	13	200	2130	6495
203	1	11	160	2140	6168
204	4	7	120	2150	4092
205	0	18	120	2160	6007
206	4	7	160	2170	1140
207	5	13	200	2180	1418
208	19	8	200	2190	2016
209	19	8	120	2200	5159
210	19	8	200	2210	12517
211	1	11	80	2220	2762
212	5	13	200	2230	736
213	15	0	80	2240	1693
214	0	18	200	2250	7115
215	6	19	200	2260	1541
216	19	8	160	2270	2924
217	6	19	120	2280	4714
218	6	19	200	2290	5979
219	1	11	80	2300	327
220	4	7	120	2310	385
221	0	18	160	2320	1074
222	15	0	120	2330	4580
223	19	8	80	2340	17244
224	4	7	160	2350	2083
225	4	7	80	2360	501
226	6	19	120	2370	1245
227	19	8	120	2380	931
228	15	0	120	2400	1259
229	1	11	200	2408	11536
230	3	16	80	2416	2108
231	6	19	120	2424	3403
232	1	11	80	2432	5957
233	5	13	200	2440	3608
234	6	19	80	2448	212
235	19	8	120	2456	586
236	19	8	160	2464	2450
237	0	18	120	2472	3503
238	6	19	80	2480	2951
239	1	11	80	2488	3605
240	1	11	80	2496	6799
241	19	8	120	2504	3972
242	6	19	200	2512	2183
243	5	13	80	2520	3001
244	15	0	80	2528	92
245	4	7	80	2536	4476
246	1	11	160	2544	4225
247	3	16	160	2552	12750
248	4	7	80	2560	1352
249	6	19	120	2568	4531
250	6	19	120	2576	3029
251	6	19	200	2584	1095
252	5	13	200	2592	6206
253	6	19	80	2600	6869
254	15	0	80	2608	3791
255	0	18	200	2616	19161
256	5	13	200	2624	999
257	6	19	200	2632	6777
258	15	0	200	2640	1912
259	0	18	80	2648	2958
260	3	16	80	2656	2851
261	5	13	80	2664	164
262	15	0	120	2672	115
263	6	19	80	2680	2404
264	5	13	80	2688	1513
265	1	11	120	2696	1933
266	19	8	80	2704	5152
267	0	18	80	2712	3411
268	1	11	80	2720	1388
269	0	18	120	2728	4745
270	6	19	120	2736	7917
271	19	8	80	2744	10945
272	0	18	80	2752	747
273	5	13	160	2760	802
274	19	8	80	2768	1211
275	4	7	200	2800	2482
276	3	16	200	2810	6747
277	3	16	120	2820	668
278	1	11	80	2830	13266
279	0	18	160	2840	5274
280	1	11	160	2850	2505
281	3	16	160	2860	1477
282	4	7	120	2870	10147
283	0	18	80	2880	3587
284	4	7	160	2890	2130
285	5	13	120	2900	745
286	1	11	160	2910	6144
287	4	7	200	2920	12315
288	15	0	160	2930	16040
289	6	19	120	2940	248
290	4	7	120	2950	9873
291	3	16	160	2960	4106
292	3	16	160	2970	909
293	5	13	200	2980	27964
294	15	0	80	2990	351
295	6	19	80	3000	6002
296	1	11	80	3010	3675
297	19	8	200	3020	13877
298	19	8	200	3030	957
299	5	13	160	3040	4081
300	4	7	80	3050	11919
301	1	11	160	3060	326
302	1	11	160	3070	4380
303	3	16	160	3080	3587
304	19	8	200	3090	6772
305	15	0	120	3100	3624
306	6	19	160	3110	286
307	19	8	120	3120	3729
308	15	0	80	3130	3276
309	3	16	120	3140	650
310	6	19	80	3150	778
311	3	16	160	3160	278
312	4	7	200	3200	7657
313	6	19	120	3211	4171
314	15	0	160	3222	235
315	0	18	120	3233	897
316	1	11	200	3244	508
317	15	0	80	3255	2293
318	3	16	120	3266	158
319	0	18	200	3277	625
320	0	18	200	3288	3650
321	5	13	80	3299	5882
322	1	11	120	3310	3585
323	5	13	200	3321	1061
324	6	19	200	3332	6045
325	4	7	200	3343	994
326	6	19	160	3354	5264
327	4	7	120	3365	751
328	6	19	160	3376	410
329	1	11	200	3387	2649
330	3	16	200	3398	7903
331	3	16	200	3409	7484
332	3	16	120	3420	11332
333	5	13	120	3431	1567
334	6	19	160	3442	6117
335	0	18	200	3453	1957
336	1	11	200	3464	4123
337	0	18	160	3475	1594
338	0	18	80	3486	5986
339	5	13	80	3497	6795
340	19	8	160	3508	425
341	1	11	80	3519	786
342	5	13	160	3530	2008
343	4	7	120	3541	7131
344	19	8	80	3552	8594
345	0	18	160	3563	7537
346	15	0	200	3574	6227
347	5	13	80	3600	3245
348	15	0	120	3608	11376
349	15	0	160	3616	8589
350	5	13	80	3624	4286
351	4	7	200	3632	719
352	6	19	120	3640	10640
353	19	8	200	3648	281
354	4	7	200	3656	167
355	15	0	200	3664	788
356	19	8	120	3672	2666
357	6	19	200	3680	2265
358	6	19	160	3688	6701
359	5	13	80	3696	3624
360	1	11	160	3704	7981
361	3	16	120	3712	9121
362	3	16	160	3720	2843
363	5	13	80	3728	311
364	19	8	120	3736	1362
365	3	16	80	3744	1606
366	19	8	120	3752	538
367	15	0	160	3760	3006
368	19	8	160	3768	7988
369	15	0	160	3776	4437
370	19	8	160	3784	3262
371	0	18	120	3792	6256
372	6	19	80	3800	4318
373	6	19	120	3808	1002
374	1	11	120	3816	179
375	19	8	160	3824	2179
376	19	8	120	3832	1882
377	6	19	200	3840	5710
378	5	13	160	3848	1721
379	5	13	120	3856	10713
380	5	13	200	3864	2254
381	0	18	120	3872	774
382	5	13	80	3880	1043
383	15	0	200	3888	964
384	6	19	200	3896	7012
385	19	8	200	3904	4772
386	6	19	120	3912	9907
387	3	16	120	3920	8260
388	1	11	120	3928	1331
389	15	0	200	3936	3709
390	0	18	160	3944	9230
391	4	7	200	3952	947
392	4	7	200	3960	2902
393	4	7	200	4000	794
394	4	7	120	4013	12234
395	5	13	120	4026	908
396	15	0	120	4039	4429
397	19	8	160	4052	1542
398	4	7	80	4065	3134
399	6	19	200	4078	3217
400	1	11	120	4091	5121
401	0	18	120	4104	1208
402	6	19	160	4117	4703
403	0	18	160	4130	1267
404	19	8	80	4143	1575
405	4	7	200	4156	8065
406	6	19	200	4169	2807
407	0	18	80	4182	4928
408	15	0	160	4195	97
409	5	13	120	4208	3879
410	19	8	160	4221	6509
411	1	11	160	4234	5184
412	1	11	120	4247	344
413	0	18	120	4260	8528
414	0	18	120	4273	721
415	1	11	120	4286	4658
416	6	19	120	4299	4412
417	4	7	200	4312	1395
418	19	8	120	4325	1140
419	0	18	120	4338	3584
420	6	19	200	4351	2142
421	6	19	200	4364	1165
422	6	19	80	4400	1124
423	1	11	200	4409	1203
424	6	19	80	4418	5874
425	4	7	160	4427	1703
426	5	13	120	4436	1284
427	1	11	80	4445	2616
428	3	16	200	4454	1251
429	5	13	200	4463	7344
430	0	18	80	4472	5553
431	19	8	200	4481	228
432	1	11	200	4490	978
433	15	0	160	4499	6380
434	4	7	200	4508	939
435	5	13	160	4517	745
436	4	7	200	4526	2651
437	5	13	160	4535	12680
438	19	8	200	4544	8785
439	1	11	200	4553	12863
440	1	11	80	4562	854
441	5	13	120	4571	930
442	4	7	160	4580	7563
443	6	19	200	4589	4342
444	19	8	80	4598	6454
445	15	0	200	4607	765
446	3	16	160	4616	549
447	4	7	120	4625	4026
448	4	7	160	4634	61
449	1	11	80	4643	1231
450	15	0	80	4652	3063
451	3	16	160	4661	1880
452	0	18	80	4670	298
453	4	7	160	4679	12087
454	0	18	80	4688	593
455	4	7	120	4697	2533
456	3	16	80	4706	63
457	5	13	160	4715	2259
458	3	16	120	4724	2787
459	4	7	120	4733	15412
460	19	8	120	4742	3587
461	5	13	160	4751	97
462	15	0	80	4760	2317
463	3	16	200	4800	811
464	4	7	120	4814	8171
465	19	8	160	4828	5515
466	19	8	200	4842	2848
467	3	16	160	4856	1344
468	5	13	120	4870	4461
469	4	7	160	4884	21110
470	15	0	160	4898	909
471	1	11	160	4912	4954
472	5	13	200	4926	2081
473	6	19	160	4940	1359
474	15	0	80	4954	2039
475	0	18	120	4968	928
476	1	11	120	4982	2068
477	0	18	120	4996	3496
478	1	11	160	5010	2457
479	19	8	120	5024	3621
480	1	11	200	5038	985
481	1	11	80	5052	4089
482	6	19	120	5066	2501
483	0	18	200	5080	14
484	6	19	200	5094	1458
485	6	19	120	5108	1882
486	19	8	200	5122	16413
487	15	0	80	5136	1234
488	15	0	160	5150	4306
489	19	8	160	5164	5388
490	1	11	160	5200	671
491	15	0	80	5210	217
492	1	11	80	5220	2436
493	4	7	160	5230	9632
494	3	16	120	5240	1833
495	6	19	160	5250	736
496	15	0	120	5260	5842
497	1	11	200	5270	4380
498	3	16	160	5280	6280
499	19	8	120	5290	216
500	15	0	80	5300	4370
501	0	18	80	5310	7400
502	15	0	200	5320	13116
503	0	18	80	5330	81
504	4	7	160	5340	254
505	6	19	120	5350	6969
506	15	0	200	5360	13944
507	3	16	120	5370	6124
508	5	13	120	5380	3210
509	19	8	200	5390	10680
510	3	16	80	5400	270
511	3	16	200	5410	2268
512	3	16	80	5420	14371
513	4	7	80	5430	9466
514	4	7	120	5440	5714
515	6	19	120	5450	12137
516	15	0	80	5460	3276
517	6	19	120	5470	2291
518	5	13	200	5480	8416
519	6	19	80	5490	2732
520	0	18	200	5500	5786
521	1	11	160	5510	1117
522	4	7	80	5520	3936
523	5	13	200	5530	10764
524	3	16	80	5540	7341
525	19	8	120	5550	651
526	19	8	120	5560	1172
527	1	11	120	5570	2738
528	4	7	80	5580	10125
529	1	11	160	5590	1051
530	3	16	80	5600	2313
531	19	8	120	5612	5362
532	6	19	200	5624	6258
533	1	11	80	5636	2086
534	0	18	80	5648	10690
535	0	18	200	5660	1884
536	3	16	80	5672	4531
537	6	19	120	5684	2353
538	6	19	120	5696	11378
539	0	18	160	5708	2620
540	19	8	160	5720	2083
541	5	13	120	5732	891
542	3	16	200	5744	5004
543	19	8	200	5756	5214
544	6	19	120	5768	4489
545	19	8	200	5780	5114
546	5	13	80	5792	335
547	15	0	80	5804	3193
548	0	18	80	5816	648
549	5	13	80	5828	2150
550	19	8	120	5840	3756
551	0	18	200	5852	1612
552	6	19	200	5864	6193
553	5	13	120	5876	1409
554	19	8	160	5888	1359
555	6	19	160	5900	2184
556	5	13	200	5912	975
557	1	11	80	5924	122
558	6	19	200	5936	792
559	4	7	80	5948	9693
560	6	19	200	5960	3383
561	6	19	120	5972	2567
562	19	8	120	6000	7959
563	4	7	160	6017	1546
564	6	19	160	6034	2705
565	3	16	160	6051	1585
566	5	13	200	6068	4108
567	0	18	200	6085	3339
568	4	7	200	6102	14800
569	3	16	160	6119	1942
570	3	16	120	6136	1280
571	0	18	200	6153	486
572	0	18	200	6170	2727
573	4	7	120	6187	2026
574	6	19	120	6204	372
575	4	7	160	6221	3328
576	15	0	160	6238	3020
577	5	13	120	6255	9123
578	19	8	120	6272	1192
579	4	7	120	6289	506
580	4	7	120	6306	289
581	1	11	120	6323	4870
582	0	18	120	6340	1698
583	15	0	80	6357	2809
584	1	11	120	6374	3892
585	3	16	80	6400	454
586	3	16	120	6408	12052
587	1	11	120	6416	2723
588	1	11	160	6424	503
589	3	16	160	6432	2853
590	5	13	80	6440	693
591	0	18	200	6448	4173
592	19	8	120	6456	1231
593	3	16	80	6464	123
594	4	7	160	6472	9621
595	3	16	80	6480	10774
596	5	13	200	6488	1640
597	19	8	120	6496	1998
598	1	11	80	6504	1081
599	3	16	200	6512	1706
600	3	16	200	6520	331
601	4	7	80	6528	2889
602	3	16	120	6536	3419
603	15	0	160	6544	5791
604	1	11	200	6552	611
605	15	0	160	6560	2729
606	19	8	200	6568	7267
607	1	11	160	6576	1977
608	19	8	200	6584	933
609	4	7	200	6592	5137
610	15	0	200	6600	8860
611	0	18	120	6608	1535
612	3	16	160	6616	5921
613	3	16	160	6624	251
614	19	8	160	6632	7370
615	4	7	160	6640	8064
616	5	13	80	6648	546
617	1	11	120	6656	1776
618	1	11	120	6664	4795
619	4	7	120	6672	1938
620	0	18	80	6680	1888
621	4	7	160	6688	641
622	15	0	120	6696	2375
623	1	11	120	6704	2503
624	15	0	120	6712	1022
625	3	16	120	6720	3936
626	1	11	120	6728	7576
627	15	0	200	6736	2493
628	0	18	160	6744	2674
629	4	7	120	6752	680
630	19	8	160	6760	1037
631	19	8	120	6768	588
632	3	16	80	6776	4325
633	6	19	160	6800	9649
634	0	18	160	6811	160
635	19	8	120	6822	3241
636	15	0	200	6833	554
637	3	16	200	6844	3480
638	5	13	80	6855	1802
639	4	7	160	6866	545
640	3	16	80	6877	1258
641	1	11	200	6888	3291
642	1	11	120	6899	1345
643	15	0	160	6910	2011
644	4	7	160	6921	3861
645	5	13	160	6932	7340
646	15	0	120	6943	8327
647	5	13	200	6954	912
648	3	16	120	6965	837
649	19	8	80	6976	175
650	6	19	80	6987	6532
651	3	16	160	6998	15230
652	6	19	200	7009	4745
653	15	0	160	7020	7663
654	3	16	160	7031	14158
655	15	0	80	7042	10718
656	5	13	200	7053	275
657	1	11	80	7064	463
658	19	8	80	7075	3100
659	19	8	160	7086	2899
660	6	19	80	7097	4143
661	1	11	80	7108	1871
662	1	11	80	7119	9307
663	4	7	160	7130	212
664	5	13	80	7141	2731
665	15	0	120	7152	5610
666	6	19	80	7163	4290
667	5	13	80	7174	7923
668	3	16	80	7185	87
669	0	18	120	7200	1349
670	5	13	160	7208	5349
671	1	11	120	7216	3164
672	6	19	80	7224	22024
673	6	19	160	7232	3385
674	0	18	120	7240	484
675	19	8	120	7248	6760
676	1	11	120	7256	7939
677	0	18	160	7264	216
678	6	19	160	7272	7483
679	1	11	200	7280	1945
680	4	7	80	7288	5560
681	5	13	160	7296	4149
682	5	13	120	7304	1286
683	1	11	120	7312	2352
684	6	19	120	7320	1734
685	5	13	80	7328	1153
686	3	16	120	7336	2334
687	4	7	160	7344	6602
688	4	7	80	7352	11215
689	1	11	120	7360	456
690	4	7	160	7368	2682
691	6	19	200	7376	80
692	3	16	160	7384	170
693	5	13	160	7392	7514
694	6	19	160	7400	2634
695	1	11	200	7408	9066
696	19	8	160	7416	4297
697	15	0	160	7424	1065
698	3	16	160	7432	9224
699	5	13	120	7440	8015
700	15	0	120	7448	806
701	1	11	80	7456	53
702	3	16	200	7464	804
703	3	16	80	7472	9314
704	3	16	120	7480	1458
705	5	13	200	7488	1194
706	6	19	120	7496	16039
707	19	8	120	7504	528
708	15	0	120	7512	5367
709	3	16	80	7520	675
710	6	19	160	7528	285
711	4	7	120	7536	56
712	5	13	160	7544	1223
713	15	0	120	7552	670
714	5	13	160	7600	5785
715	1	11	160	7612	29794
716	5	13	200	7624	415
717	0	18	160	7636	2447
718	6	19	120	7648	4814
719	19	8	200	7660	1119
720	5	13	200	7672	1495
721	1	11	160	7684	7582
722	1	11	80	7696	10236
723	0	18	160	7708	9809
724	5	13	200	7720	6390
725	19	8	200	7732	5057
726	15	0	160	7744	2812
727	1	11	160	7756	644
728	0	18	80	7768	370
729	19	8	120	7780	982
730	19	8	200	7792	683
731	4	7	160	7804	3962
732	15	0	80	7816	660
733	0	18	80	7828	15817
734	4	7	120	7840	905
735	3	16	200	7852	5353
736	1	11	160	7864	2490
737	3	16	120	7876	1863
738	15	0	200	7888	599
739	1	11	160	7900	393
740	19	8	200	7912	1251
741	3	16	80	7924	1533
742	6	19	80	7936	287
743	0	18	200	7948	6128
744	5	13	160	7960	159
745	19	8	80	7972	2574
746	1	11	120	7984	5649
747	5	13	120	8000	8737
748	0	18	80	8012	344
749	5	13	200	8024	2639
750	5	13	80	8036	6391
751	19	8	200	8048	896
752	0	18	120	8060	3054
753	3	16	160	8072	4270
754	19	8	120	8084	3223
755	6	19	160	8096	1618
756	19	8	80	8108	379
757	1	11	80	8120	1249
758	6	19	80	8132	443
759	3	16	160	8144	3545
760	6	19	80	8156	5595
761	5	13	160	8168	7161
762	19	8	120	8180	143
763	15	0	80	8192	2942
764	4	7	120	8204	25807
765	1	11	80	8216	2320
766	6	19	80	8228	7914
767	4	7	120	8240	1328
768	3	16	200	8252	12116
769	1	11	160	8264	108
770	19	8	200	8276	3071
771	3	16	120	8288	5182
772	1	11	200	8300	1533
773	5	13	200	8312	3726
774	0	18	80	8324	14830
775	3	16	200	8336	20105
776	4	7	160	8348	6063
777	1	11	80	8360	597
778	5	13	200	8372	8314
779	5	13	160	8384	1560
780	15	0	160	8400	12993
781	1	11	80	8406	3843
782	0	18	120	8412	273
783	4	7	120	8418	3720
784	4	7	80	8424	2180
785	19	8	200	8430	12522
786	4	7	120	8436	397
787	5	13	120	8442	2741
788	0	18	200	8448	2231
789	15	0	200	8454	8155
790	3	16	200	8460	4166
791	0	18	160	8466	868
792	5	13	80	8472	1244
793	4	7	120	8478	3205
794	4	7	120	8484	1665
795	3	16	80	8490	2288
796	3	16	200	8496	1332
797	19	8	80	8502	3181
798	5	13	160	8508	6158
799	4	7	160	8514	3654
800	3	16	80	8520	3796
801	15	0	200	8526	2568
802	1	11	160	8532	10984
803	15	0	120	8538	229
804	6	19	200	8544	11754
805	1	11	160	8550	296
806	15	0	80	8556	8556
807	4	7	120	8562	10520
808	1	11	120	8568	4566
809	6	19	120	8574	3282
810	1	11	80	8580	3215
811	15	0	200	8586	12140
812	6	19	120	8592	1999
813	0	18	160	8598	6092
814	5	13	200	8604	3941
815	4	7	200	8610	583
816	4	7	120	8616	5826
817	4	7	80	8622	2246
818	4	7	200	8628	424
819	5	13	160	8634	172
820	15	0	160	8640	1695
821	0	18	160	8646	1820
822	3	16	120	8652	7726
823	5	13	80	8658	341
824	19	8	200	8664	1910
825	19	8	120	8670	1667
826	6	19	120	8676	2455
827	15	0	120	8682	5830
828	0	18	120	8688	1234
829	15	0	200	8694	3104
830	19	8	80	8700	4954
831	5	13	120	8706	1054
832	5	13	160	8712	1742
833	1	11	80	8718	1291
834	3	16	160	8724	4952
835	0	18	160	8730	2672
836	0	18	160	8736	4578
837	3	16	80	8742	41
838	15	0	120	8800	4296
839	1	11	120	8809	1715
840	1	11	160	8818	307
841	19	8	200	8827	729
842	3	16	80	8836	6759
843	4	7	120	8845	8089
844	6	19	160	8854	1527
845	4	7	80	8863	4752
846	3	16	80	8872	6472
847	5	13	160	8881	2658
848	19	8	120	8890	10338
849	0	18	120	8899	917
850	15	0	200	8908	4418
851	15	0	160	8917	7682
852	5	13	80	8926	2376
853	0	18	80	8935	5441
854	5	13	200	8944	1169
855	1	11	120	8953	1136
856	4	7	160	8962	3856
857	5	13	160	8971	7696
858	15	0	160	8980	4508
859	6	19	120	8989	3727
860	5	13	120	8998	3793
861	19	8	200	9007	488
862	4	7	200	9016	4343
863	4	7	160	9025	607
864	6	19	120	9034	7579
865	5	13	200	9043	1546
866	3	16	80	9052	3652
867	5	13	80	9061	499
868	15	0	200	9070	298
869	5	13	120	9079	600
870	4	7	120	9088	2420
871	1	11	80	9097	5651
872	6	19	160	9106	5902
873	1	11	160	9115	5575
874	3	16	200	9124	13771
875	15	0	200	9133	787
876	6	19	160	9142	3195
877	15	0	200	9151	17505
878	19	8	120	9160	5782
879	5	13	200	9200	4614
880	5	13	80	9211	3098
881	1	11	200	9222	14490
882	19	8	80	9233	7396
883	0	18	80	9244	249
884	19	8	80	9255	8197
885	0	18	120	9266	7770
886	0	18	120	9277	6126
887	4	7	160	9288	3763
888	5	13	80	9299	91
889	0	18	120	9310	2485
890	5	13	80	9321	8120
891	4	7	200	9332	7033
892	4	7	120	9343	1627
893	0	18	80	9354	214
894	6	19	80	9365	5328
895	1	11	200	9376	12782
896	5	13	200	9387	2807
897	19	8	120	9398	4490
898	6	19	80	9409	72
899	0	18	200	9420	22968
900	0	18	200	9431	405
901	6	19	80	9442	4611
902	6	19	160	9453	2135
903	3	16	80	9464	6152
904	5	13	200	9475	5559
905	5	13	160	9486	9725
906	1	11	80	9497	342
907	3	16	160	9508	4763
908	6	19	80	9519	5973
909	15	0	80	9530	310
910	4	7	160	9541	4778
911	6	19	160	9552	3990
912	6	19	80	9563	375
913	3	16	160	9600	19098
914	1	11	80	9609	277
915	3	16	160	9618	4079
916	0	18	160	9627	1271
917	4	7	200	9636	3683
918	4	7	120	9645	1257
919	5	13	200	9654	19837
920	4	7	120	9663	3078
921	15	0	120	9672	18043
922	0	18	200	9681	398
923	15	0	160	9690	3756
924	19	8	80	9699	1262
925	0	18	160	9708	3937
926	15	0	200	9717	2194
927	5	13	120	9726	5079
928	5	13	120	9735	63
929	1	11	80	9744	36
930	3	16	200	9753	4488
931	15	0	120	9762	8335
932	1	11	200	9771	13950
933	19	8	160	9780	5837
934	4	7	200	9789	3547
935	15	0	80	9798	7719
936	5	13	80	9807	3280
937	5	13	200	9816	236
938	4	7	80	9825	1482
939	3	16	120	9834	12786
940	19	8	80	9843	5958
941	15	0	200	9852	367
942	15	0	160	9861	7191
943	15	0	200	9870	11810
944	5	13	160	9879	5803
945	19	8	160	9888	1084
946	15	0	160	9897	5358
947	0	18	160	9906	1678
948	19	8	200	9915	16834
949	3	16	160	9924	407
950	0	18	80	9933	4642
951	1	11	80	9942	9311
952	5	13	200	9951	2076
953	0	18	80	9960	101
954	5	13	120	9969	2464
955	3	16	160	9978	454
956	6	19	80	9987	3560
957	19	8	80	10000	6530
958	3	16	200	10014	2890
959	5	13	120	10028	532
960	15	0	200	10042	2691
961	5	13	160	10056	1803
962	6	19	80	10070	4560
963	5	13	80	10084	5816
964	4	7	120	10098	2045
965	6	19	120	10112	6895
966	5	13	160	10126	4336
967	6	19	120	10140	1554
968	15	0	200	10154	2066
969	3	16	80	10168	954
970	15	0	120	10182	332
971	5	13	200	10196	968
972	19	8	160	10210	1382
973	0	18	80	10224	1487
974	6	19	200	10238	985
975	6	19	160	10252	2383
976	0	18	200	10266	672
977	3	16	200	10280	636
978	1	11	200	10294	7417
979	0	18	160	10308	135
980	3	16	200	10322	8767
981	6	19	80	10336	331
982	6	19	160	10350	5297
983	1	11	200	10364	10054
984	1	11	200	10378	1556
985	1	11	160	10400	5911
986	3	16	120	10409	2544
987	0	18	200	10418	11559
988	3	16	120	10427	1470
989	1	11	80	10436	2620
990	1	11	200	10445	1233
991	5	13	80	10454	5626
992	1	11	200	10463	3131
993	15	0	160	10472	818
994	5	13	160	10481	2534
995	4	7	160	10490	2121
996	0	18	160	10499	2094
997	3	16	120	10508	281
998	3	16	160	10517	3171
999	15	0	120	10526	11527
1000	4	7	200	10535	3428
1001	0	18	120	10544	2152
1002	1	11	200	10553	11204
1003	5	13	160	10562	5929
1004	5	13	80	10571	68
1005	4	7	120	10580	2552
1006	1	11	120	10589	3770
1007	4	7	200	10598	396
1008	4	7	120	10607	6571
1009	19	8	160	10616	44
1010	1	11	200	10625	12211
1011	4	7	80	10634	2335
1012	6	19	80	10643	12987
1013	1	11	120	10652	2625
1014	3	16	160	10661	1078
1015	0	18	200	10670	2112
1016	19	8	80	10679	3965
1017	4	7	120	10688	5728
1018	4	7	80	10697	2348
1019	3	16	160	10706	3960
1020	4	7	80	10715	1729
1021	4	7	200	10724	5055
1022	4	7	80	10733	57
1023	6	19	160	10742	10248
1024	1	11	80	10751	11736
1025	1	11	120	10760	1570
1026	4	7	200	10769	4459
1027	1	11	80	10778	452
1028	5	13	120	10800	7362
1029	3	16	120	10809	6577
1030	5	13	80	10818	169
1031	15	0	120	10827	362
1032	0	18	120	10836	3661
1033	4	7	120	10845	9190
1034	6	19	160	10854	2447
1035	1	11	160	10863	2555
1036	4	7	80	10872	604
1037	0	18	200	10881	12990
1038	6	19	160	10890	9289
1039	6	19	160	10899	7603
1040	0	18	120	10908	704
1041	19	8	120	10917	1887
1042	6	19	120	10926	593
1043	3	16	160	10935	1407
1044	19	8	120	10944	3001
1045	6	19	200	10953	6928
1046	19	8	80	10962	6318
1047	19	8	120	10971	254
1048	5	13	80	10980	11894
1049	4	7	200	10989	243
1050	4	7	120	10998	6104
1051	5	13	120	11007	4158
1052	19	8	80	11016	3910
1053	19	8	200	11025	10055
1054	4	7	120	11034	3595
1055	19	8	80	11043	7812
1056	6	19	80	11052	2055
1057	5	13	80	11061	66
1058	4	7	120	11070	6996
1059	3	16	200	11079	4716
1060	0	18	120	11088	6431
1061	19	8	120	11097	2799
1062	15	0	120	11106	1167
1063	0	18	80	11115	32480
1064	3	16	160	11124	13979
1065	4	7	160	11133	8041
1066	4	7	200	11142	7398
1067	3	16	160	11151	254
1068	5	13	200	11160	95
1069	0	18	80	11169	5777
1070	6	19	160	11200	1259
1071	15	0	80	11211	4408
1072	15	0	160	11222	7842
1073	6	19	160	11233	3601
1074	3	16	120	11244	2516
1075	5	13	160	11255	14726
1076	15	0	120	11266	3466
1077	0	18	120	11277	5060
1078	15	0	120	11288	2010
1079	4	7	120	11299	528
1080	3	16	120	11310	3025
1081	4	7	120	11321	3770
1082	5	13	200	11332	688
1083	0	18	160	11343	6098
1084	15	0	200	11354	98
1085	0	18	200	11365	2009
1086	15	0	80	11376	2486
1087	0	18	120	11387	4564
1088	19	8	80	11398	1464
1089	15	0	160	11409	3660
1090	5	13	120	11420	291
1091	19	8	80	11431	528
1092	6	19	160	11442	580
1093	4	7	200	11453	940
1094	5	13	80	11464	208
1095	0	18	80	11475	4294
1096	0	18	200	11486	525
1097	5	13	120	11497	594
1098	0	18	80	11508	1583
1099	4	7	200	11519	4336
1100	3	16	200	11530	15719
1101	5	13	120	11541	5272
1102	4	7	160	11552	155
1103	5	13	80	11563	817
1104	15	0	120	11600	6222
1105	6	19	120	11610	487
1106	15	0	160	11620	6189
1107	1	11	160	11630	122
1108	6	19	160	11640	2407
1109	15	0	200	11650	3850
1110	1	11	160	11660	1306
1111	5	13	160	11670	4608
1112	6	19	200	11680	3884
1113	19	8	200	11690	4846
1114	0	18	160	11700	705
1115	6	19	200	11710	839
1116	4	7	120	11720	1693
1117	15	0	160	11730	2545
1118	3	16	120	11740	14827
1119	3	16	200	11750	3419
1120	5	13	120	11760	2064
1121	3	16	120	11770	707
1122	3	16	160	11780	5626
1123	15	0	120	11790	2206
1124	4	7	160	11800	4732
1125	6	19	120	11810	632
1126	0	18	160	11820	3043
1127	4	7	200	11830	4195
1128	1	11	120	11840	3130
1129	3	16	120	11850	6615
1130	5	13	160	11860	7634
1131	3	16	200	11870	2329
1132	19	8	120	11880	1982
1133	3	16	120	11890	5285
1134	1	11	160	11900	619
1135	6	19	200	11910	6404
1136	0	18	200	11920	3397
1137	0	18	200	11930	14499
1138	3	16	120	11940	20036
1139	0	18	120	11950	9607
1140	3	16	80	11960	3743
1141	6	19	160	11970	2267
1142	4	7	200	12000	1037
1143	1	11	80	12009	4664
1144	5	13	200	12018	1548
1145	19	8	160	12027	1953
1146	1	11	80	12036	2792
1147	15	0	160	12045	2267
1148	4	7	80	12054	195
1149	15	0	80	12063	7909
1150	5	13	160	12072	1501
1151	3	16	80	12081	4225
1152	1	11	80	12090	710
1153	15	0	80	12099	5581
1154	15	0	120	12108	1196
1155	19	8	160	12117	6819
1156	3	16	160	12126	15137
1157	6	19	120	12135	3807
1158	0	18	120	12144	2701
1159	0	18	200	12153	4117
1160	6	19	200	12162	3489
1161	4	7	160	12171	591
1162	19	8	80	12180	2673
1163	3	16	80	12189	4125
1164	3	16	80	12198	5816
1165	19	8	160	12207	7258
1166	5	13	120	12216	1387
1167	4	7	160	12225	8762
1168	6	19	120	12234	3274
1169	3	16	160	12243	1806
1170	6	19	80	12252	3838
1171	3	16	160	12261	1860
1172	4	7	120	12270	2596
1173	1	11	200	12279	273
1174	19	8	160	12288	13632
1175	19	8	200	12297	14085
1176	19	8	120	12306	10856
1177	1	11	120	12315	275
1178	1	11	120	12324	435
1179	4	7	200	12333	1468
1180	5	13	120	12342	4128
1181	1	11	80	12351	421
1182	19	8	200	12360	3684
1183	4	7	80	12369	4572
1184	6	19	200	12378	2738
1185	3	16	160	12400	889
1186	0	18	200	12409	1307
1187	1	11	80	12418	4070
1188	5	13	200	12427	2574
1189	1	11	200	12436	1573
1190	4	7	120	12445	6883
1191	4	7	160	12454	12710
1192	19	8	120	12463	2633
1193	3	16	160	12472	1726
1194	4	7	160	12481	1586
1195	19	8	120	12490	2541
1196	15	0	120	12499	11621
1197	0	18	200	12508	3517
1198	15	0	80	12517	10205
1199	6	19	120	12526	2645
1200	4	7	80	12535	391
1201	15	0	160	12544	3811
1202	0	18	80	12553	8279
1203	0	18	120	12562	4613
1204	1	11	80	12571	1122
1205	3	16	80	12580	11326
1206	15	0	200	12589	768
1207	19	8	120	12598	406
1208	15	0	120	12607	6155
1209	19	8	160	12616	1359
1210	0	18	80	12625	8632
1211	1	11	80	12634	9661
1212	4	7	80	12643	2860
1213	5	13	120	12652	812
1214	4	7	160	12661	27867
1215	4	7	200	12670	2631
1216	4	7	200	12679	3067
1217	5	13	200	12688	6564
1218	5	13	120	12697	639
1219	0	18	160	12706	3347
1220	15	0	200	12715	3269
1221	4	7	120	12724	4252
1222	19	8	160	12733	2134
1223	5	13	160	12742	1064
1224	19	8	120	12751	3126
1225	3	16	120	12760	4299
1226	3	16	80	12769	8815
1227	1	11	200	12778	543
1228	15	0	120	12787	5366
1229	0	18	120	12800	2745
1230	1	11	120	12812	101
1231	15	0	160	12824	1715
1232	3	16	120	12836	624
1233	4	7	200	12848	3862
1234	0	18	160	12860	963
1235	15	0	160	12872	119
1236	1	11	200	12884	1025
1237	19	8	120	12896	9979
1238	1	11	80	12908	2295
1239	4	7	160	12920	3235
1240	4	7	160	12932	99
1241	0	18	160	12944	803
1242	4	7	160	12956	7675
1243	5	13	120	12968	825
1244	0	18	160	12980	2324
1245	1	11	80	12992	9650
1246	19	8	160	13004	2372
1247	4	7	200	13016	1418
1248	15	0	80	13028	1732
1249	19	8	160	13040	7467
1250	5	13	120	13052	10915
1251	3	16	160	13064	598
1252	5	13	120	13076	2299
1253	15	0	160	13088	1754
1254	19	8	160	13100	10386
1255	0	18	200	13112	2309
1256	19	8	80	13124	896
1257	5	13	120	13136	4087
1258	1	11	80	13148	613
1259	19	8	160	13160	3527
1260	19	8	200	13200	211
1261	6	19	80	13209	195
1262	1	11	200	13218	1773
1263	6	19	80	13227	1362
1264	15	0	80	13236	1220
1265	3	16	160	13245	3068
1266	19	8	200	13254	5810
1267	19	8	80	13263	8890
1268	5	13	160	13272	13984
1269	6	19	200	13281	13984
1270	3	16	200	13290	1181
1271	4	7	160	13299	3850
1272	3	16	200	13308	1845
1273	1	11	160	13317	3596
1274	5	13	200	13326	3126
1275	15	0	120	13335	1888
1276	19	8	160	13344	6464
1277	3	16	80	13353	1030
1278	4	7	200	13362	6300
1279	6	19	120	13371	3997
1280	3	16	200	13380	949
1281	19	8	80	13389	3577
1282	3	16	160	13398	5974
1283	19	8	160	13407	8946
1284	5	13	200	13416	3301
1285	15	0	160	13425	8691
1286	3	16	80	13434	9706
1287	4	7	160	13443	6234
1288	5	13	120	13452	4733
1289	0	18	200	13461	5974
1290	19	8	160	13470	7054
1291	5	13	120	13479	3528
1292	6	19	80	13488	5973
1293	3	16	120	13497	7605
1294	5	13	160	13506	2798
1295	15	0	160	13515	15067
1296	19	8	160	13524	6947
1297	6	19	160	13533	3324
1298	15	0	80	13542	10278
1299	15	0	200	13551	9418
1300	3	16	80	13560	623
1301	19	8	120	13569	3245
1302	15	0	80	13578	1594
1303	1	11	120	13587	1923
1304	6	19	200	13600	3562
1305	0	18	200	13611	1522
1306	19	8	200	13622	5867
1307	3	16	160	13633	7432
1308	3	16	200	13644	6700
1309	0	18	80	13655	3186
1310	0	18	120	13666	4056
1311	5	13	200	13677	14557
1312	0	18	160	13688	7510
1313	5	13	200	13699	2855
1314	5	13	200	13710	1878
1315	19	8	160	13721	2467
1316	3	16	120	13732	1271
1317	3	16	80	13743	2501
1318	1	11	80	13754	5191
1319	19	8	120	13765	1891
1320	19	8	160	13776	3912
1321	4	7	120	13787	15003
1322	4	7	160	13798	882
1323	5	13	200	13809	863
1324	6	19	80	13820	608
1325	6	19	120	13831	4430
1326	6	19	120	13842	7397
1327	19	8	120	13853	2927
1328	5	13	200	13864	376
1329	6	19	120	13875	3333
1330	19	8	200	13886	3215
1331	1	11	80	13897	1081
1332	4	7	200	13908	1447
1333	5	13	200	13919	8755
1334	3	16	80	13930	2674
1335	3	16	120	13941	4263
1336	1	11	80	13952	1216
1337	1	11	120	13963	2001
1338	3	16	200	14000	1447
1339	4	7	80	14009	1125
1340	19	8	200	14018	496
1341	19	8	120	14027	280
1342	0	18	200	14036	15057
1343	4	7	120	14045	624
1344	19	8	160	14054	594
1345	3	16	160	14063	7719
1346	5	13	200	14072	5374
1347	1	11	120	14081	1232
1348	15	0	160	14090	2584
1349	6	19	80	14099	175
1350	4	7	80	14108	4876
1351	5	13	120	14117	1778
1352	5	13	120	14126	7271
1353	19	8	200	14135	3163
1354	15	0	120	14144	1320
1355	19	8	160	14153	734
1356	5	13	200	14162	1771
1357	3	16	120	14171	578
1358	4	7	80	14180	1101
1359	19	8	120	14189	10096
1360	3	16	120	14198	2569
1361	0	18	160	14207	1152
1362	15	0	200	14216	5611
1363	6	19	160	14225	1136
1364	1	11	120	14234	22989
1365	19	8	80	14243	2046
1366	0	18	80	14252	4435
1367	4	7	160	14261	12787
1368	1	11	160	14270	91
1369	1	11	120	14279	5079
1370	6	19	160	14288	882
1371	1	11	80	14297	8438
1372	0	18	120	14306	703
1373	6	19	200	14315	2628
1374	0	18	160	14324	1204
1375	0	18	80	14333	3250
1376	4	7	160	14342	32255
1377	19	8	120	14351	219
1378	5	13	120	14360	230
1379	3	16	160	14400	1349
1380	1	11	160	14408	10672
1381	5	13	200	14416	3446
1382	0	18	160	14424	175
1383	19	8	200	14432	193
1384	1	11	80	14440	7890
1385	3	16	120	14448	859
1386	6	19	200	14456	2038
1387	5	13	80	14464	5659
1388	15	0	160	14472	3734
1389	4	7	160	14480	1540
1390	6	19	160	14488	1413
1391	19	8	200	14496	546
1392	6	19	120	14504	663
1393	3	16	160	14512	1936
1394	1	11	200	14520	5901
1395	15	0	120	14528	8052
1396	1	11	160	14536	1504
1397	4	7	120	14544	5230
1398	3	16	200	14552	639
1399	0	18	120	14560	5353
1400	1	11	160	14568	817
1401	0	18	120	14576	6055
1402	19	8	200	14584	1111
1403	5	13	120	14592	5655
1404	19	8	120	14600	7451
1405	3	16	80	14608	6990
1406	5	13	200	14616	880
1407	19	8	120	14624	1760
1408	15	0	80	14632	1350
1409	15	0	120	14640	5160
1410	4	7	80	14648	736
1411	6	19	120	14656	1452
1412	6	19	200	14664	326
1413	1	11	160	14672	12353
1414	15	0	200	14680	18127
1415	6	19	120	14688	9071
1416	19	8	200	14696	929
1417	15	0	200	14704	4910
1418	4	7	120	14712	1953
1419	19	8	200	14720	6506
1420	1	11	120	14728	4
1421	5	13	200	14736	9769
1422	6	19	200	14744	1736
1423	15	0	80	14752	4855
1424	4	7	160	14760	2188
1425	15	0	200	14768	291
1426	5	13	200	14776	5175
1427	6	19	200	14800	6011
1428	5	13	80	14809	4955
1429	1	11	120	14818	2001
1430	15	0	160	14827	1112
1431	19	8	80	14836	1259
1432	5	13	160	14845	9437
1433	5	13	200	14854	1532
1434	0	18	200	14863	428
1435	0	18	80	14872	653
1436	5	13	80	14881	1631
1437	4	7	120	14890	1348
1438	0	18	160	14899	904
1439	19	8	80	14908	142
1440	6	19	120	14917	21801
1441	15	0	120	14926	176
1442	6	19	200	14935	2543
1443	19	8	120	14944	8552
1444	19	8	120	14953	657
1445	19	8	120	14962	19988
1446	1	11	200	14971	201
1447	5	13	160	14980	885
1448	5	13	160	14989	2007
1449	4	7	120	14998	8312
1450	15	0	160	15007	4305
1451	4	7	160	15016	3731
1452	0	18	200	15025	1680
1453	4	7	200	15034	1688
1454	15	0	80	15043	5336
1455	6	19	200	15052	1268
1456	3	16	120	15061	2232
1457	0	18	200	15070	3102
1458	0	18	160	15079	1634
1459	0	18	120	15088	5957
1460	6	19	120	15097	421
1461	19	8	80	15106	2179
1462	4	7	120	15115	4150
1463	6	19	200	15124	8936
1464	19	8	160	15133	2630
1465	4	7	200	15142	9130
1466	1	11	200	15151	2036
1467	1	11	200	15160	5711
1468	0	18	200	15169	7666
1469	6	19	160	15178	7294
1470	1	11	120	15200	3297
1471	4	7	120	15211	10157
1472	15	0	120	15222	2810
1473	4	7	120	15233	1731
1474	1	11	160	15244	6595
1475	4	7	80	15255	12674
1476	15	0	200	15266	2337
1477	6	19	160	15277	2540
1478	19	8	160	15288	3206
1479	4	7	120	15299	2235
1480	6	19	80	15310	85
1481	0	18	80	15321	2996
1482	0	18	80	15332	1931
1483	0	18	160	15343	7218
1484	4	7	160	15354	5304
1485	4	7	200	15365	4045
1486	19	8	80	15376	10472
1487	1	11	160	15387	3294
1488	6	19	200	15398	3486
1489	4	7	200	15409	7084
1490	15	0	160	15420	5134
1491	5	13	80	15431	6346
1492	4	7	160	15442	12045
1493	0	18	80	15453	2233
1494	3	16	160	15464	10936
1495	15	0	80	15475	3427
1496	3	16	200	15486	2026
1497	0	18	80	15497	3447
1498	0	18	160	15508	2044
1499	4	7	120	15519	1169
1500	15	0	160	15530	3608
1501	0	18	200	15541	1364
1502	4	7	200	15552	1696
1503	19	8	200	15563	3247
1504	3	16	80	15574	1503
1505	3	16	80	15585	5358
1506	6	19	120	15600	429
1507	5	13	160	15613	19219
1508	1	11	120	15626	3077
1509	4	7	80	15639	6032
1510	19	8	200	15652	7068
1511	6	19	200	15665	12642
1512	1	11	80	15678	17727
1513	6	19	120	15691	9513
1514	4	7	120	15704	5599
1515	5	13	120	15717	3401
1516	15	0	80	15730	151
1517	3	16	160	15743	6649
1518	1	11	80	15756	689
1519	4	7	200	15769	7474
1520	5	13	160	15782	14153
1521	19	8	80	15795	7275
1522	4	7	80	15808	786
1523	6	19	200	15821	93
1524	15	0	80	15834	491
1525	6	19	120	15847	5811
1526	0	18	160	15860	14068
1527	15	0	80	15873	319
1528	0	18	160	15886	2153
1529	4	7	120	15899	1056
1530	0	18	80	15912	3288
1531	6	19	200	15925	8007
1532	5	13	80	15938	289
1533	4	7	120	15951	1414
1534	6	19	200	15964	7180
1535	5	13	80	15977	5267
1536	5	13	80	16000	801
1537	1	11	80	16010	7019
1538	15	0	160	16020	2953
1539	0	18	120	16030	22566
1540	15	0	120	16040	3057
1541	3	16	160	16050	10948
1542	19	8	120	16060	99
1543	3	16	200	16070	6499
1544	4	7	80	16080	2
1545	0	18	200	16090	5798
1546	3	16	200	16100	6586
1547	6	19	80	16110	177
1548	5	13	200	16120	4489
1549	6	19	120	16130	1799
1550	19	8	80	16140	3092
1551	0	18	120	16150	3538
1552	19	8	200	16160	2173
1553	6	19	200	16170	3234
1554	19	8	160	16180	1328
1555	15	0	120	16190	5649
1556	5	13	200	16200	468
1557	15	0	80	16210	1557
1558	0	18	200	16220	2321
1559	6	19	200	16230	3169
1560	1	11	120	16240	5839
1561	19	8	120	16250	101
1562	5	13	200	16260	3427
1563	6	19	200	16270	1452
1564	3	16	200	16280	984
1565	3	16	80	16290	13322
1566	0	18	200	16300	8746
1567	15	0	200	16310	4687
1568	19	8	160	16320	304
1569	15	0	80	16330	86
1570	0	18	80	16340	1984
1571	6	19	200	16350	943
1572	5	13	80	16360	1359
1573	1	11	200	16370	706
1574	5	13	120	16380	1491
1575	1	11	80	16390	145
1576	0	18	160	16400	6712
1577	1	11	120	16411	1882
1578	1	11	200	16422	90
1579	15	0	120	16433	1724
1580	3	16	120	16444	12760
1581	4	7	160	16455	10459
1582	1	11	80	16466	2058
1583	4	7	80	16477	221
1584	5	13	80	16488	4733
1585	0	18	200	16499	14492
1586	15	0	80	16510	2360
1587	19	8	80	16521	2897
1588	5	13	200	16532	61
1589	15	0	120	16543	322
1590	19	8	120	16554	3885
1591	6	19	200	16565	7836
1592	0	18	120	16576	1955
1593	0	18	200	16587	14741
1594	15	0	200	16598	1038
1595	19	8	80	16609	2847
1596	15	0	160	16620	1783
1597	1	11	120	16631	5092
1598	0	18	200	16642	3516
1599	1	11	200	16653	148
1600	0	18	200	16664	8403
1601	5	13	80	16675	498
1602	6	19	160	16686	14037
1603	15	0	160	16697	4235
1604	6	19	80	16708	14180
1605	1	11	80	16719	1592
1606	5	13	80	16730	1420
1607	6	19	80	16741	1189
1608	0	18	120	16752	1114
1609	6	19	120	16763	1134
1610	15	0	160	16774	11470
1611	4	7	120	16800	5315
1612	6	19	120	16809	1427
1613	3	16	120	16818	377
1614	3	16	120	16827	3550
1615	15	0	200	16836	7352
1616	6	19	80	16845	3899
1617	1	11	160	16854	2949
1618	1	11	200	16863	3774
1619	1	11	80	16872	1123
1620	4	7	80	16881	2923
1621	0	18	160	16890	1863
1622	1	11	80	16899	4494
1623	1	11	120	16908	22069
1624	15	0	200	16917	2043
1625	3	16	120	16926	3038
1626	6	19	160	16935	6934
1627	4	7	120	16944	1503
1628	3	16	200	16953	10826
1629	5	13	120	16962	6478
1630	3	16	120	16971	4508
1631	15	0	120	16980	391
1632	0	18	120	16989	6252
1633	19	8	200	16998	17052
1634	6	19	120	17007	2559
1635	15	0	120	17016	7374
1636	6	19	80	17025	12561
1637	3	16	160	17034	5532
1638	6	19	80	17043	345
1639	3	16	200	17052	1818
1640	5	13	160	17061	4487
1641	0	18	80	17070	835
1642	19	8	200	17079	1270
1643	15	0	120	17088	5851
1644	19	8	200	17097	576
1645	5	13	200	17106	8692
1646	0	18	120	17115	3273
1647	6	19	200	17124	1407
1648	15	0	120	17133	1954
1649	19	8	80	17142	1962
1650	1	11	200	17151	8702
1651	6	19	200	17160	7282
1652	0	18	160	17169	462
1653	15	0	160	17178	1662
1654	6	19	200	17187	2918
1655	19	8	120	17200	2814
1656	3	16	200	17211	2335
1657	5	13	80	17222	14613
1658	0	18	200	17233	1167
1659	4	7	200	17244	2312
1660	5	13	160	17255	2812
1661	0	18	200	17266	16998
1662	3	16	80	17277	1566
1663	4	7	200	17288	2328
1664	4	7	80	17299	3384
1665	0	18	120	17310	7586
1666	3	16	200	17321	11582
1667	6	19	160	17332	1509
1668	6	19	80	17343	3843
1669	5	13	200	17354	5491
1670	1	11	200	17365	8622
1671	4	7	160	17376	8272
1672	4	7	160	17387	2310
1673	19	8	200	17398	1126
1674	6	19	120	17409	3381
1675	4	7	200	17420	1601
1676	1	11	160	17431	422
1677	4	7	200	17442	9477
1678	1	11	160	17453	7914
1679	1	11	200	17464	2884
1680	1	11	200	17475	14492
1681	19	8	200	17486	2991
1682	6	19	200	17497	10453
1683	4	7	160	17508	3153
1684	4	7	160	17519	9887
1685	6	19	160	17530	7279
1686	6	19	160	17541	16536
1687	3	16	200	17552	2394
1688	1	11	200	17563	2524
1689	6	19	80	17574	13690
1690	4	7	120	17585	2040
1691	0	18	200	17600	16213
1692	3	16	160	17611	2741
1693	1	11	120	17622	4129
1694	15	0	120	17633	7876
1695	4	7	200	17644	4666
1696	6	19	200	17655	7996
1697	4	7	80	17666	7107
1698	4	7	120	17677	880
1699	15	0	120	17688	1338
1700	1	11	200	17699	11350
1701	3	16	200	17710	1121
1702	0	18	160	17721	4548
1703	3	16	120	17732	4085
1704	15	0	80	17743	2801
1705	15	0	120	17754	51
1706	1	11	120	17765	2038
1707	1	11	160	17776	7977
1708	0	18	80	17787	5868
1709	3	16	200	17798	833
1710	15	0	160	17809	2076
1711	19	8	80	17820	3069
1712	3	16	160	17831	476
1713	15	0	80	17842	5378
1714	1	11	200	17853	2507
1715	5	13	200	17864	15322
1716	4	7	200	17875	243
1717	19	8	120	17886	6030
1718	0	18	120	17897	2983
1719	6	19	120	17908	5281
1720	4	7	160	17919	8037
1721	0	18	80	17930	2726
1722	5	13	160	17941	7492
1723	19	8	80	17952	4199
1724	0	18	160	17963	1705
1725	1	11	80	17974	9271
1726	1	11	80	18000	1896
1727	1	11	120	18012	6337
1728	0	18	160	18024	1944
1729	1	11	160	18036	8548
1730	6	19	80	18048	2504
1731	6	19	160	18060	1255
1732	19	8	160	18072	4936
1733	4	7	80	18084	3445
1734	0	18	200	18096	3397
1735	19	8	200	18108	5219
1736	15	0	80	18120	7519
1737	4	7	120	18132	1352
1738	6	19	160	18144	170
1739	5	13	120	18156	9319
1740	4	7	120	18168	2309
1741	5	13	200	18180	511
1742	1	11	160	18192	4570
1743	19	8	80	18204	1313
1744	15	0	120	18216	3305
1745	5	13	120	18228	7973
1746	15	0	80	18240	8169
1747	5	13	160	18252	5653
1748	0	18	120	18264	784
1749	1	11	120	18276	8551
1750	0	18	80	18288	3972
1751	6	19	120	18300	359
1752	4	7	200	18312	1456
1753	6	19	200	18324	2499
1754	4	7	160	18336	2167
1755	1	11	200	18348	2370
1756	15	0	120	18360	2031
1757	1	11	160	18400	118
1758	1	11	200	18410	1385
1759	5	13	200	18420	3686
1760	6	19	80	18430	4035
1761	0	18	200	18440	3709
1762	0	18	80	18450	2607
1763	19	8	160	18460	8737
1764	5	13	160	18470	5129
1765	1	11	80	18480	582
1766	0	18	160	18490	7014
1767	19	8	160	18500	3062
1768	6	19	80	18510	730
1769	3	16	200	18520	5341
1770	15	0	160	18530	561
1771	19	8	160	18540	5917
1772	3	16	200	18550	5339
1773	5	13	80	18560	3901
1774	3	16	80	18570	1394
1775	15	0	200	18580	5479
1776	19	8	120	18590	6710
1777	5	13	160	18600	3342
1778	0	18	160	18610	366
1779	5	13	120	18620	2641
1780	3	16	80	18630	127
1781	6	19	120	18640	3879
1782	1	11	200	18650	3837
1783	19	8	80	18660	2795
1784	1	11	160	18670	1163
1785	19	8	200	18680	1908
1786	1	11	200	18690	13327
1787	1	11	160	18700	1120
1788	19	8	120	18710	692
1789	19	8	80	18720	534
1790	1	11	160	18730	1605
1791	6	19	120	18740	6818
1792	1	11	120	18750	20469
1793	0	18	200	18760	2316
1794	19	8	80	18800	1244
1795	4	7	120	18807	7188
1796	4	7	200	18814	4099
1797	3	16	80	18821	6312
1798	3	16	120	18828	3259
1799	6	19	80	18835	2226
1800	4	7	160	18842	150
1801	15	0	120	18849	1633
1802	15	0	160	18856	3562
1803	6	19	160	18863	2327
1804	4	7	200	18870	5564
1805	0	18	120	18877	7790
1806	4	7	160	18884	1718
1807	19	8	160	18891	4585
1808	4	7	160	18898	746
1809	6	19	200	18905	4465
1810	3	16	120	18912	4020
1811	1	11	160	18919	7129
1812	0	18	200	18926	11364
1813	6	19	160	18933	6631
1814	1	11	160	18940	3383
1815	0	18	200	18947	58
1816	15	0	80	18954	17542
1817	1	11	200	18961	14930
1818	6	19	80	18968	4031
1819	6	19	200	18975	1681
1820	19	8	120	18982	751
1821	15	0	200	18989	3494
1822	0	18	80	18996	1886
1823	15	0	200	19003	170
1824	0	18	80	19010	2085
1825	0	18	80	19017	1500
1826	15	0	80	19024	6023
1827	3	16	200	19031	1410
1828	5	13	80	19038	1757
1829	19	8	200	19045	2465
1830	3	16	200	19052	442
1831	5	13	80	19059	79
1832	3	16	120	19066	36
1833	4	7	160	19073	4323
1834	0	18	160	19080	2365
1835	5	13	160	19087	4762
1836	15	0	200	19094	126
1837	5	13	120	19101	772
1838	5	13	120	19108	5571
1839	0	18	80	19115	2010
1840	5	13	120	19122	122
1841	3	16	80	19129	1325
1842	15	0	80	19136	307
1843	3	16	160	19143	2665
1844	6	19	200	19150	2702
1845	19	8	80	19200	2763
1846	5	13	160	19208	8366
1847	4	7	200	19216	816
1848	15	0	80	19224	8122
1849	15	0	120	19232	1166
1850	6	19	80	19240	7500
1851	3	16	200	19248	4375
1852	5	13	80	19256	690
1853	6	19	120	19264	963
1854	6	19	200	19272	1181
1855	5	13	200	19280	2422
1856	15	0	120	19288	12806
1857	19	8	160	19296	3174
1858	5	13	120	19304	142
1859	3	16	160	19312	2308
1860	3	16	120	19320	329
1861	0	18	160	19328	213
1862	3	16	160	19336	1581
1863	4	7	200	19344	4953
1864	3	16	200	19352	3355
1865	6	19	80	19360	3811
1866	19	8	120	19368	6920
1867	6	19	120	19376	1319
1868	6	19	80	19384	1804
1869	6	19	80	19392	8314
1870	1	11	200	19400	16354
1871	3	16	200	19408	6682
1872	5	13	160	19416	1016
1873	5	13	200	19424	1097
1874	0	18	160	19432	1501
1875	6	19	80	19440	8799
1876	0	18	200	19448	2841
1877	6	19	160	19456	8813
1878	1	11	80	19464	3199
1879	1	11	80	19472	9519
1880	5	13	160	19480	2292
1881	3	16	120	19488	3602
1882	5	13	200	19496	2237
1883	15	0	200	19504	433
1884	3	16	160	19512	3801
1885	0	18	80	19520	2316
1886	19	8	80	19528	7892
1887	6	19	200	19536	6336
1888	15	0	160	19544	2076
1889	4	7	200	19552	19369
1890	6	19	120	19560	5337
1891	19	8	120	19568	2642
1892	19	8	200	19600	606
1893	3	16	200	19611	1502
1894	15	0	160	19622	1518
1895	4	7	200	19633	15307
1896	19	8	120	19644	12439
1897	3	16	80	19655	1809
1898	19	8	160	19666	10032
1899	19	8	160	19677	8375
1900	0	18	160	19688	4509
1901	19	8	80	19699	3620
1902	15	0	200	19710	6893
1903	0	18	80	19721	20364
1904	6	19	120	19732	1256
1905	3	16	120	19743	141
1906	15	0	120	19754	2324
1907	0	18	80	19765	10034
1908	5	13	200	19776	9258
1909	0	18	160	19787	1826
1910	5	13	80	19798	11658
1911	0	18	160	19809	289
1912	15	0	160	19820	23431
1913	4	7	120	19831	545
1914	6	19	200	19842	8
1915	0	18	80	19853	2658
1916	5	13	160	19864	3908
1917	5	13	200	19875	1013
1918	1	11	120	19886	406
1919	1	11	200	19897	548
1920	15	0	80	19908	5600
1921	3	16	160	19919	112
1922	15	0	200	19930	8349
1923	3	16	120	19941	1853
1924	0	18	160	19952	595
1925	3	16	120	19963	2771
1926	4	7	200	19974	4448
1927	3	16	160	19985	9684
1928	15	0	120	20000	10313
1929	6	19	200	20010	1630
1930	6	19	200	20020	10859
1931	15	0	160	20030	625
1932	6	19	80	20040	14160
1933	1	11	120	20050	4481
1934	0	18	120	20060	1052
1935	5	13	120	20070	7348
1936	4	7	120	20080	5915
1937	4	7	200	20090	2280
1938	0	18	120	20100	7161
1939	19	8	80	20110	3457
1940	1	11	160	20120	27468
1941	19	8	200	20130	11414
1942	0	18	200	20140	8966
1943	15	0	200	20150	156
1944	19	8	160	20160	189
1945	5	13	200	20170	4397
1946	0	18	160	20180	2664
1947	4	7	160	20190	53
1948	5	13	200	20200	1490
1949	15	0	160	20210	7095
1950	19	8	80	20220	1751
1951	4	7	120	20230	5259
1952	0	18	160	20240	1243
1953	15	0	160	20250	6249
1954	1	11	160	20260	526
1955	15	0	80	20270	4180
1956	0	18	120	20280	5085
1957	5	13	160	20290	2395
1958	0	18	160	20300	7740
1959	4	7	200	20310	5875
1960	19	8	160	20320	1808
1961	5	13	160	20330	3015
1962	1	11	200	20340	20821
1963	19	8	80	20350	3342
1964	3	16	200	20360	2267
1965	6	19	120	20370	6459
1966	3	16	160	20400	415
1967	6	19	80	20409	1562
1968	4	7	200	20418	9060
1969	1	11	160	20427	704
1970	5	13	160	20436	4999
1971	0	18	200	20445	838
1972	4	7	160	20454	1982
1973	3	16	120	20463	2920
1974	0	18	80	20472	553
1975	15	0	80	20481	6664
1976	1	11	160	20490	576
1977	0	18	200	20499	7269
1978	3	16	160	20508	1569
1979	4	7	200	20517	2549
1980	3	16	200	20526	54
1981	19	8	80	20535	4289
1982	6	19	200	20544	3666
1983	0	18	200	20553	393
1984	15	0	160	20562	15669
1985	1	11	120	20571	904
1986	6	19	200	20580	8401
1987	19	8	120	20589	796
1988	19	8	200	20598	3198
1989	3	16	120	20607	3498
1990	4	7	200	20616	516
1991	19	8	200	20625	1551
1992	4	7	120	20634	3460
1993	6	19	120	20643	261
1994	19	8	120	20652	968
1995	6	19	80	20661	2535
1996	15	0	80	20670	11814
1997	1	11	200	20679	1585
1998	4	7	200	20688	3722
1999	1	11	120	20697	1125
2000	1	11	120	20706	3358
2001	3	16	160	20715	711
2002	19	8	200	20724	498
2003	4	7	120	20733	648
2004	3	16	200	20742	497
2005	15	0	120	20751	724
2006	19	8	200	20760	1666
2007	15	0	120	20769	5529
2008	6	19	120	20778	4327
2009	4	7	160	20787	1497
2010	6	19	120	20800	2887
2011	19	8	160	20809	8547
2012	1	11	200	20818	538
2013	5	13	160	20827	1939
2014	1	11	80	20836	5647
2015	0	18	160	20845	4895
2016	15	0	160	20854	10600
2017	1	11	80	20863	9239
2018	0	18	160	20872	3530
2019	0	18	160	20881	1047
2020	19	8	120	20890	10280
2021	4	7	80	20899	10009
2022	15	0	120	20908	5927
2023	1	11	120	20917	1502
2024	6	19	160	20926	164
2025	5	13	160	20935	1990
2026	6	19	160	20944	3766
2027	15	0	120	20953	1587
2028	3	16	80	20962	1444
2029	3	16	80	20971	4312
2030	0	18	80	20980	7956
2031	19	8	200	20989	6577
2032	6	19	200	20998	1055
2033	1	11	120	21007	330
2034	3	16	120	21016	9338
2035	19	8	80	21025	7602
2036	19	8	80	21034	3111
2037	3	16	120	21043	2395
2038	15	0	200	21052	15076
2039	19	8	120	21061	6738
2040	1	11	160	21070	7911
2041	19	8	160	21079	550
2042	1	11	200	21088	2932
2043	5	13	120	21097	1087
2044	6	19	200	21106	284
2045	5	13	120	21115	1093
2046	15	0	80	21124	869
2047	19	8	160	21133	866
2048	5	13	80	21142	1466
2049	19	8	160	21151	2845
2050	19	8	120	21160	3107
2051	6	19	200	21200	193
2052	0	18	120	21208	5402
2053	3	16	120	21216	1881
2054	3	16	200	21224	1553
2055	15	0	80	21232	4200
2056	5	13	80	21240	1978
2057	15	0	120	21248	6517
2058	6	19	200	21256	462
2059	6	19	80	21264	5162
2060	1	11	200	21272	3243
2061	1	11	120	21280	52
2062	4	7	120	21288	2361
2063	4	7	120	21296	5
2064	3	16	120	21304	2385
2065	6	19	160	21312	4915
2066	3	16	160	21320	4200
2067	0	18	160	21328	191
2068	1	11	120	21336	2624
2069	1	11	200	21344	9450
2070	0	18	120	21352	722
2071	4	7	120	21360	2606
2072	3	16	80	21368	10296
2073	0	18	120	21376	5911
2074	19	8	200	21384	1840
2075	19	8	200	21392	6336
2076	1	11	80	21400	2033
2077	3	16	80	21408	3060
2078	5	13	160	21416	1121
2079	1	11	80	21424	6459
2080	15	0	160	21432	875
2081	6	19	80	21440	2147
2082	3	16	80	21448	83
2083	4	7	120	21456	6320
2084	3	16	160	21464	509
2085	4	7	80	21472	6772
2086	15	0	160	21480	272
2087	3	16	160	21488	7767
2088	15	0	120	21496	5666
2089	4	7	80	21504	1167
2090	4	7	80	21512	2467
2091	1	11	200	21520	5338
2092	5	13	160	21528	1669
2093	0	18	200	21536	1161
2094	15	0	160	21544	1198
2095	0	18	80	21552	7550
2096	5	13	120	21600	4591
2097	15	0	160	21610	2921
2098	1	11	200	21620	6223
2099	19	8	120	21630	1794
2100	1	11	200	21640	3557
2101	15	0	120	21650	643
2102	6	19	120	21660	5000
2103	4	7	80	21670	2050
2104	15	0	80	21680	1685
2105	4	7	80	21690	253
2106	3	16	160	21700	526
2107	0	18	80	21710	13903
2108	4	7	120	21720	26
2109	3	16	80	21730	2993
2110	6	19	80	21740	1158
2111	3	16	80	21750	7738
2112	3	16	200	21760	3279
2113	5	13	160	21770	1474
2114	19	8	120	21780	3006
2115	4	7	160	21790	604
2116	19	8	120	21800	19521
2117	19	8	200	21810	4219
2118	1	11	200	21820	8534
2119	19	8	80	21830	4010
2120	15	0	80	21840	4102
2121	19	8	200	21850	6310
2122	1	11	80	21860	1365
2123	15	0	80	21870	1035
2124	6	19	200	21880	2358
2125	19	8	160	21890	2237
2126	19	8	160	21900	591
2127	3	16	120	21910	4456
2128	1	11	160	21920	2877
2129	15	0	160	21930	2937
2130	4	7	160	21940	475
2131	4	7	160	21950	8489
2132	0	18	120	21960	5477
2133	5	13	80	22000	8582
2134	19	8	120	22007	952
2135	0	18	80	22014	196
2136	19	8	160	22021	4840
2137	19	8	200	22028	3865
2138	6	19	80	22035	2392
2139	15	0	120	22042	240
2140	1	11	120	22049	4719
2141	15	0	160	22056	407
2142	19	8	80	22063	7590
2143	5	13	120	22070	1048
2144	15	0	80	22077	6
2145	1	11	80	22084	3713
2146	15	0	200	22091	780
2147	19	8	80	22098	134
2148	0	18	120	22105	5144
2149	4	7	200	22112	505
2150	1	11	200	22119	7756
2151	5	13	120	22126	125
2152	5	13	160	22133	4049
2153	1	11	160	22140	677
2154	1	11	120	22147	5091
2155	1	11	200	22154	6349
2156	5	13	80	22161	7846
2157	19	8	80	22168	2658
2158	6	19	120	22175	12456
2159	15	0	120	22182	9879
2160	5	13	160	22189	10298
2161	19	8	120	22196	2402
2162	15	0	120	22203	2436
2163	6	19	160	22210	2664
2164	15	0	120	22217	2142
2165	3	16	160	22224	1856
2166	1	11	160	22231	465
2167	6	19	160	22238	4513
2168	6	19	80	22245	404
2169	19	8	80	22252	2619
2170	5	13	200	22259	2307
2171	0	18	120	22266	1866
2172	3	16	160	22273	900
2173	3	16	120	22280	6932
2174	15	0	200	22287	11279
2175	19	8	120	22294	3145
2176	0	18	200	22301	11491
2177	5	13	200	22308	241
2178	19	8	200	22315	1027
2179	5	13	200	22322	7347
2180	1	11	200	22329	1157
2181	19	8	120	22336	441
2182	1	11	200	22343	11835
2183	15	0	200	22350	2004
2184	6	19	200	22357	4363
2185	19	8	80	22400	338
2186	15	0	200	22411	1116
2187	15	0	160	22422	3564
2188	4	7	200	22433	711
2189	15	0	160	22444	2154
2190	4	7	80	22455	835
2191	19	8	160	22466	975
2192	1	11	160	22477	4362
2193	15	0	200	22488	3061
2194	3	16	200	22499	577
2195	1	11	80	22510	1103
2196	0	18	120	22521	4094
2197	3	16	120	22532	1808
2198	15	0	80	22543	6767
2199	4	7	160	22554	3980
2200	0	18	120	22565	2732
2201	1	11	80	22576	2778
2202	3	16	80	22587	11043
2203	1	11	80	22598	1114
2204	19	8	200	22609	4562
2205	0	18	160	22620	2641
2206	3	16	160	22631	7072
2207	1	11	80	22642	6715
2208	4	7	200	22653	970
2209	1	11	200	22664	771
2210	0	18	80	22675	7644
2211	19	8	120	22686	6451
2212	0	18	120	22697	1199
2213	1	11	160	22708	488
2214	6	19	160	22719	4364
2215	5	13	120	22730	6844
2216	15	0	120	22741	2800
2217	19	8	120	22752	255
2218	19	8	200	22763	6908
2219	15	0	80	22774	1623
2220	4	7	160	22800	546
2221	3	16	80	22812	2935
2222	3	16	160	22824	2881
2223	15	0	160	22836	4555
2224	5	13	80	22848	1381
2225	5	13	120	22860	1004
2226	15	0	200	22872	4935
2227	4	7	200	22884	4395
2228	0	18	160	22896	4668
2229	6	19	160	22908	4806
2230	19	8	80	22920	9365
2231	15	0	120	22932	3466
2232	15	0	200	22944	1113
2233	4	7	120	22956	3627
2234	4	7	120	22968	1696
2235	0	18	160	22980	5551
2236	5	13	120	22992	734
2237	0	18	200	23004	4882
2238	19	8	80	23016	5004
2239	5	13	120	23028	797
2240	6	19	160	23040	1160
2241	5	13	160	23052	2249
2242	4	7	200	23064	1875
2243	3	16	80	23076	17540
2244	6	19	120	23088	3323
2245	4	7	160	23100	1963
2246	19	8	80	23112	12615
2247	0	18	200	23124	3186
2248	1	11	80	23136	8180
2249	6	19	160	23148	1514
2250	4	7	160	23160	5352
2251	1	11	200	23172	3458
2252	3	16	120	23200	3119
2253	19	8	200	23208	2633
2254	0	18	200	23216	2793
2255	6	19	80	23224	14757
2256	15	0	160	23232	17473
2257	5	13	160	23240	1187
2258	5	13	80	23248	12079
2259	3	16	120	23256	2452
2260	3	16	160	23264	5957
2261	15	0	200	23272	709
2262	1	11	160	23280	532
2263	6	19	80	23288	2904
2264	3	16	160	23296	1268
2265	3	16	160	23304	1272
2266	0	18	160	23312	3263
2267	5	13	200	23320	4348
2268	6	19	80	23328	5864
2269	6	19	200	23336	9802
2270	0	18	80	23344	4217
2271	6	19	160	23352	6407
2272	19	8	80	23360	1711
2273	4	7	160	23368	4103
2274	1	11	160	23376	340
2275	19	8	200	23384	4783
2276	15	0	120	23392	629
2277	0	18	160	23400	2985
2278	1	11	80	23408	490
2279	0	18	160	23416	9379
2280	5	13	120	23424	1230
2281	6	19	200	23432	696
2282	3	16	160	23440	6360
2283	4	7	80	23448	1870
2284	3	16	80	23456	13037
2285	15	0	80	23464	1572
2286	4	7	200	23472	155
2287	19	8	200	23480	5718
2288	4	7	120	23488	392
2289	15	0	80	23496	1852
2290	1	11	80	23504	5760
2291	0	18	160	23512	9666
2292	4	7	160	23520	5605
2293	5	13	200	23528	1180
2294	1	11	160	23536	2085
2295	15	0	200	23544	373
2296	4	7	80	23552	1457
2297	6	19	160	23560	7809
2298	0	18	120	23600	5033
2299	3	16	200	23610	1380
2300	4	7	80	23620	7089
2301	4	7	120	23630	1395
2302	4	7	200	23640	6055
2303	4	7	80	23650	12573
2304	6	19	160	23660	4358
2305	6	19	200	23670	11198
2306	1	11	160	23680	1049
2307	19	8	200	23690	9214
2308	6	19	120	23700	2047
2309	1	11	80	23710	6541
2310	15	0	200	23720	7072
2311	15	0	200	23730	2475
2312	3	16	120	23740	610
2313	5	13	160	23750	192
2314	15	0	80	23760	860
2315	6	19	200	23770	3815
2316	5	13	80	23780	1825
2317	15	0	160	23790	5565
2318	4	7	80	23800	3235
2319	4	7	120	23810	11725
2320	15	0	200	23820	1068
2321	1	11	160	23830	6381
2322	0	18	120	23840	3369
2323	19	8	200	23850	2033
2324	5	13	200	23860	653
2325	19	8	120	23870	5400
2326	3	16	200	23880	183
2327	3	16	120	23890	388
2328	1	11	80	23900	1072
2329	3	16	200	23910	19537
2330	4	7	200	23920	1991
2331	1	11	160	23930	1356
2332	19	8	80	23940	6644
2333	15	0	80	23950	6938
2334	6	19	120	23960	307
2335	1	11	200	23970	14058
2336	3	16	80	23980	1910
2337	15	0	120	24000	7311
2338	15	0	160	24010	4949
2339	5	13	80	24020	90
2340	5	13	160	24030	396
2341	5	13	80	24040	593
2342	1	11	160	24050	1785
2343	3	16	120	24060	1361
2344	19	8	120	24070	3117
2345	3	16	80	24080	1436
2346	15	0	80	24090	5867
2347	19	8	80	24100	4906
2348	15	0	200	24110	255
2349	5	13	160	24120	6270
2350	3	16	160	24130	5131
2351	6	19	160	24140	3231
2352	3	16	160	24150	1446
2353	5	13	80	24160	5864
2354	5	13	80	24170	237
2355	1	11	120	24180	133
2356	3	16	200	24190	5167
2357	5	13	200	24200	1921
2358	19	8	120	24210	6563
2359	6	19	80	24220	10245
2360	4	7	200	24230	8993
2361	15	0	120	24240	594
2362	15	0	200	24250	4372
2363	4	7	120	24260	2097
2364	6	19	120	24270	2130
2365	6	19	80	24280	3121
2366	19	8	200	24290	4214
2367	4	7	120	24300	1530
2368	19	8	80	24310	14444
2369	6	19	80	24320	1011
2370	3	16	200	24330	1071
2371	6	19	160	24340	2996
2372	19	8	200	24350	169
2373	15	0	200	24360	3039
2374	19	8	200	24370	7652
2375	3	16	160	24380	405
2376	19	8	80	24400	2298
2377	15	0	200	24410	1318
2378	19	8	160	24420	7782
2379	3	16	200	24430	7561
2380	1	11	80	24440	14228
2381	4	7	160	24450	1650
2382	5	13	160	24460	124
2383	5	13	120	24470	2346
2384	0	18	80	24480	1257
2385	15	0	80	24490	7278
2386	19	8	80	24500	16587
2387	4	7	80	24510	166
2388	3	16	80	24520	5808
2389	4	7	80	24530	168
2390	15	0	80	24540	1124
2391	6	19	120	24550	25616
2392	19	8	80	24560	134
2393	0	18	120	24570	6187
2394	1	11	80	24580	547
2395	6	19	80	24590	12509
2396	15	0	80	24600	2563
2397	15	0	80	24610	12137
2398	6	19	80	24620	8332
2399	1	11	80	24630	31523
2400	4	7	80	24640	4202
2401	3	16	200	24650	2401
2402	19	8	80	24660	5292
2403	0	18	160	24670	7295
2404	3	16	200	24680	3252
2405	5	13	80	24690	870
2406	6	19	160	24700	2876
2407	4	7	160	24710	5899
2408	6	19	80	24720	9945
2409	3	16	120	24730	13003
2410	3	16	120	24740	3623
2411	5	13	200	24750	2350
2412	5	13	80	24760	2972
2413	6	19	120	24800	12604
2414	5	13	80	24809	12090
2415	0	18	80	24818	3251
2416	3	16	160	24827	454
2417	1	11	160	24836	999
2418	3	16	120	24845	596
2419	15	0	80	24854	3423
2420	15	0	80	24863	3261
2421	4	7	160	24872	3771
2422	1	11	80	24881	3211
2423	4	7	200	24890	10740
2424	19	8	200	24899	15325
2425	5	13	120	24908	1079
2426	15	0	120	24917	2726
2427	19	8	160	24926	1173
2428	6	19	160	24935	2071
2429	1	11	160	24944	9062
2430	5	13	120	24953	3904
2431	0	18	200	24962	2656
2432	0	18	200	24971	2079
2433	15	0	160	24980	7793
2434	19	8	160	24989	885
2435	19	8	80	24998	2936
2436	4	7	160	25007	3708
2437	4	7	200	25016	853
2438	3	16	120	25025	8730
2439	4	7	80	25034	308
2440	0	18	160	25043	1572
2441	4	7	160	25052	958
2442	15	0	80	25061	529
2443	0	18	200	25070	6532
2444	0	18	200	25079	2358
2445	3	16	80	25088	6450
2446	1	11	120	25097	2569
2447	3	16	160	25106	315
2448	5	13	120	25115	7225
2449	1	11	200	25124	3390
2450	4	7	160	25133	7554
2451	5	13	160	25142	1161
2452	4	7	200	25151	6715
2453	15	0	80	25160	1428
2454	4	7	200	25200	2334
2455	19	8	160	25208	162
2456	0	18	200	25216	9188
2457	4	7	80	25224	6476
2458	1	11	200	25232	7871
2459	6	19	120	25240	1542
2460	6	19	160	25248	4834
2461	15	0	80	25256	1196
2462	15	0	200	25264	1828
2463	4	7	120	25272	83
2464	6	19	200	25280	1650
2465	3	16	120	25288	468
2466	4	7	80	25296	159
2467	15	0	120	25304	4396
2468	15	0	200	25312	5683
2469	5	13	200	25320	2257
2470	6	19	160	25328	12153
2471	15	0	200	25336	9878
2472	19	8	80	25344	1624
2473	19	8	80	25352	265
2474	6	19	160	25360	1150
2475	3	16	160	25368	1689
2476	5	13	160	25376	2665
2477	1	11	120	25384	5502
2478	4	7	80	25392	2665
2479	6	19	200	25400	782
2480	4	7	80	25408	5752
2481	5	13	160	25416	2167
2482	3	16	80	25424	2169
2483	5	13	200	25432	7151
2484	6	19	80	25440	194
2485	19	8	200	25448	1855
2486	5	13	200	25456	4456
2487	3	16	160	25464	443
2488	3	16	200	25472	2147
2489	19	8	80	25480	691
2490	15	0	120	25488	3876
2491	19	8	120	25496	6485
2492	3	16	80	25504	1612
2493	6	19	200	25512	3351
2494	15	0	120	25520	1865
2495	3	16	120	25528	275
2496	6	19	160	25536	7486
2497	3	16	160	25544	437
2498	3	16	200	25552	2514
2499	6	19	120	25560	1630
2500	15	0	200	25568	5735
2501	3	16	200	25600	6583
2502	5	13	200	25609	1527
2503	19	8	120	25618	2073
2504	4	7	120	25627	3864
2505	6	19	160	25636	10830
2506	5	13	160	25645	10015
2507	5	13	160	25654	5530
2508	0	18	160	25663	206
2509	0	18	120	25672	410
2510	4	7	200	25681	3224
2511	19	8	160	25690	660
2512	0	18	200	25699	1516
2513	5	13	200	25708	4589
2514	1	11	120	25717	3259
2515	1	11	200	25726	1331
2516	4	7	200	25735	7328
2517	3	16	80	25744	3055
2518	15	0	120	25753	14453
2519	6	19	80	25762	13627
2520	15	0	160	25771	2310
2521	0	18	160	25780	10876
2522	4	7	160	25789	1158
2523	19	8	200	25798	3662
2524	15	0	160	25807	6657
2525	6	19	80	25816	648
2526	4	7	160	25825	3504
2527	3	16	80	25834	5817
2528	1	11	200	25843	4705
2529	4	7	80	25852	810
2530	5	13	200	25861	2759
2531	1	11	80	25870	1930
2532	15	0	120	25879	1317
2533	6	19	200	25888	657
2534	15	0	200	25897	2152
2535	1	11	80	25906	12442
2536	0	18	200	25915	425
2537	4	7	200	25924	56
2538	0	18	120	25933	959
2539	0	18	120	25942	485
2540	4	7	80	25951	2412
2541	19	8	120	25960	10240
2542	3	16	80	26000	224
2543	1	11	120	26007	1530
2544	5	13	120	26014	3719
2545	19	8	160	26021	2527
2546	15	0	160	26028	2668
2547	15	0	80	26035	4190
2548	5	13	160	26042	40
2549	6	19	160	26049	375
2550	19	8	160	26056	1028
2551	4	7	160	26063	1495
2552	5	13	120	26070	559
2553	5	13	200	26077	2770
2554	19	8	160	26084	9056
2555	6	19	120	26091	7030
2556	15	0	120	26098	3245
2557	6	19	200	26105	5058
2558	1	11	200	26112	3603
2559	15	0	80	26119	2537
2560	1	11	200	26126	1721
2561	3	16	120	26133	658
2562	4	7	200	26140	236
2563	6	19	120	26147	8070
2564	5	13	120	26154	3656
2565	1	11	160	26161	747
2566	0	18	120	26168	8207
2567	4	7	200	26175	716
2568	6	19	200	26182	1239
2569	0	18	80	26189	3683
2570	0	18	200	26196	804
2571	19	8	80	26203	6991
2572	3	16	160	26210	1548
2573	6	19	200	26217	7831
2574	3	16	200	26224	2885
2575	15	0	120	26231	2903
2576	15	0	160	26238	8464
2577	3	16	80	26245	10844
2578	3	16	160	26252	20655
2579	15	0	80	26259	1675
2580	19	8	160	26266	4349
2581	6	19	160	26273	10892
2582	6	19	160	26280	5649
2583	5	13	80	26287	3684
2584	4	7	160	26294	12559
2585	1	11	120	26301	825
2586	6	19	200	26308	1163
2587	3	16	120	26315	6072
2588	15	0	80	26322	1179
2589	0	18	160	26329	3552
2590	3	16	200	26336	2041
2591	4	7	80	26343	1933
2592	1	11	80	26350	2181
2593	3	16	120	26357	5441
2594	15	0	120	26364	5783
2595	0	18	200	26371	1433
2596	4	7	120	26378	8015
2597	5	13	160	26400	830
2598	6	19	200	26409	5073
2599	4	7	160	26418	2282
2600	19	8	120	26427	3634
2601	4	7	160	26436	1559
2602	0	18	120	26445	1930
2603	4	7	160	26454	2098
2604	5	13	160	26463	9520
2605	19	8	120	26472	2048
2606	1	11	200	26481	18826
2607	19	8	120	26490	1267
2608	1	11	80	26499	17039
2609	0	18	120	26508	1912
2610	19	8	200	26517	11827
2611	5	13	80	26526	3893
2612	3	16	80	26535	5140
2613	4	7	200	26544	1158
2614	19	8	120	26553	6578
2615	5	13	120	26562	2147
2616	5	13	200	26571	2012
2617	19	8	160	26580	2432
2618	1	11	200	26589	9646
2619	3	16	80	26598	2128
2620	4	7	200	26607	10010
2621	15	0	200	26616	380
2622	5	13	160	26625	9567
2623	6	19	120	26634	4531
2624	15	0	80	26643	903
2625	5	13	200	26652	6416
2626	15	0	80	26661	2080
2627	19	8	120	26670	3446
2628	19	8	120	26679	396
2629	3	16	80	26688	956
2630	3	16	200	26697	4209
2631	1	11	80	26706	4710
2632	5	13	80	26715	967
2633	19	8	80	26724	3278
2634	19	8	160	26733	5471
2635	4	7	80	26742	1662
2636	6	19	120	26751	3207
2637	3	16	200	26760	1712
2638	19	8	160	26800	4742
2639	5	13	80	26810	3246
2640	19	8	120	26820	870
2641	15	0	120	26830	15802
2642	0	18	120	26840	6338
2643	6	19	200	26850	8331
2644	1	11	160	26860	4092
2645	6	19	160	26870	6010
2646	1	11	200	26880	4313
2647	15	0	120	26890	739
2648	4	7	200	26900	11029
2649	3	16	200	26910	1717
2650	4	7	200	26920	9453
2651	5	13	160	26930	2107
2652	4	7	160	26940	1298
2653	4	7	200	26950	1461
2654	19	8	160	26960	2908
2655	1	11	120	26970	2823
2656	19	8	200	26980	2139
2657	3	16	200	26990	4881
2658	6	19	120	27000	922
2659	19	8	160	27010	459
2660	1	11	120	27020	21431
2661	1	11	160	27030	2133
2662	19	8	80	27040	780
2663	19	8	200	27050	5934
2664	6	19	160	27060	5225
2665	6	19	200	27070	1183
2666	0	18	80	27080	2093
2667	3	16	80	27090	716
2668	4	7	80	27100	2822
2669	4	7	120	27110	2516
2670	19	8	80	27120	7975
2671	3	16	80	27130	192
2672	19	8	80	27140	5728
2673	6	19	200	27150	1750
2674	4	7	160	27160	979
2675	6	19	160	27170	11081
2676	6	19	120	27180	1401
2677	19	8	200	27200	134
2678	5	13	200	27210	152
2679	0	18	120	27220	2211
2680	4	7	200	27230	598
2681	19	8	200	27240	1080
2682	5	13	160	27250	4097
2683	6	19	120	27260	5469
2684	19	8	80	27270	1465
2685	15	0	80	27280	1104
2686	15	0	120	27290	2143
2687	1	11	80	27300	9577
2688	0	18	120	27310	174
2689	15	0	120	27320	1092
2690	5	13	120	27330	10399
2691	3	16	120	27340	7500
2692	5	13	120	27350	614
2693	19	8	200	27360	3526
2694	3	16	200	27370	3289
2695	15	0	200	27380	6094
2696	15	0	80	27390	6507
2697	1	11	160	27400	88
2698	19	8	120	27410	632
2699	5	13	200	27420	1941
2700	6	19	160	27430	1848
2701	19	8	160	27440	2739
2702	4	7	80	27450	4346
2703	19	8	120	27460	2536
2704	3	16	200	27470	2656
2705	0	18	200	27480	7832
2706	5	13	160	27490	4181
2707	6	19	200	27500	10242
2708	0	18	120	27510	372
2709	1	11	80	27520	3464
2710	4	7	200	27530	945
2711	19	8	200	27540	1919
2712	15	0	80	27550	4405
2713	5	13	80	27560	6078
2714	5	13	160	27570	13956
2715	3	16	160	27580	5684
2716	5	13	80	27590	5921
2717	3	16	160	27600	2262
2718	19	8	160	27609	2512
2719	19	8	120	27618	2676
2720	15	0	120	27627	7361
2721	19	8	200	27636	2761
2722	1	11	200	27645	517
2723	6	19	200	27654	1242
2724	19	8	80	27663	3116
2725	6	19	200	27672	69
2726	6	19	160	27681	9404
2727	19	8	80	27690	770
2728	3	16	200	27699	6316
2729	5	13	160	27708	2284
2730	19	8	120	27717	575
2731	5	13	200	27726	1279
2732	19	8	160	27735	8716
2733	19	8	200	27744	4231
2734	4	7	200	27753	225
2735	5	13	120	27762	4122
2736	5	13	160	27771	3414
2737	6	19	80	27780	751
2738	3	16	160	27789	1204
2739	15	0	120	27798	2376
2740	1	11	160	27807	3594
2741	0	18	160	27816	2709
2742	1	11	200	27825	6858
2743	19	8	80	27834	2488
2744	3	16	120	27843	115
2745	5	13	120	27852	3145
2746	4	7	120	27861	789
2747	19	8	120	27870	1792
2748	4	7	80	27879	3832
2749	0	18	120	27888	6479
2750	1	11	200	27897	38
2751	5	13	160	27906	1856
2752	1	11	200	27915	3242
2753	0	18	200	27924	4296
2754	6	19	120	27933	3134
2755	6	19	200	27942	8203
2756	6	19	160	27951	1877
2757	6	19	120	27960	2013
2758	19	8	120	27969	10552
2759	6	19	200	27978	2524
2760	3	16	80	28000	12327
2761	5	13	120	28012	2563
2762	4	7	200	28024	552
2763	4	7	200	28036	4241
2764	3	16	160	28048	2358
2765	15	0	200	28060	11043
2766	0	18	80	28072	2727
2767	19	8	80	28084	59
2768	1	11	80	28096	5185
2769	19	8	120	28108	1579
2770	15	0	200	28120	815
2771	19	8	80	28132	3676
2772	19	8	200	28144	755
2773	1	11	120	28156	74
2774	6	19	160	28168	9014
2775	15	0	200	28180	1718
2776	15	0	200	28192	4541
2777	3	16	200	28204	4292
2778	3	16	120	28216	1090
2779	4	7	160	28228	22777
2780	3	16	120	28240	7283
2781	6	19	120	28252	3137
2782	5	13	200	28264	3273
2783	3	16	160	28276	19202
2784	4	7	200	28288	2217
2785	3	16	200	28300	5750
2786	4	7	80	28312	5069
2787	15	0	160	28324	1037
2788	3	16	160	28336	464
2789	6	19	200	28348	810
2790	15	0	160	28360	1251
2791	15	0	80	28372	787
2792	6	19	160	28400	1112
2793	6	19	160	28410	6279
2794	4	7	80	28420	2723
2795	6	19	80	28430	510
2796	6	19	160	28440	1804
2797	6	19	200	28450	727
2798	5	13	120	28460	71
2799	5	13	120	28470	384
2800	5	13	120	28480	205
2801	5	13	120	28490	717
2802	15	0	80	28500	4027
2803	5	13	200	28510	1370
2804	1	11	120	28520	3845
2805	3	16	200	28530	2100
2806	5	13	160	28540	889
2807	19	8	120	28550	3079
2808	3	16	120	28560	5765
2809	19	8	120	28570	862
2810	19	8	200	28580	856
2811	4	7	200	28590	5042
2812	3	16	200	28600	682
2813	6	19	200	28610	10744
2814	4	7	160	28620	3976
2815	6	19	200	28630	2113
2816	0	18	160	28640	9827
2817	0	18	80	28650	590
2818	19	8	80	28660	1035
2819	19	8	200	28670	4594
2820	4	7	160	28680	985
2821	1	11	160	28690	1236
2822	5	13	120	28700	9425
2823	4	7	120	28710	3132
2824	0	18	160	28720	237
2825	19	8	160	28730	23
2826	1	11	120	28740	1774
2827	3	16	80	28750	1912
2828	6	19	120	28760	2975
2829	0	18	160	28800	5970
2830	0	18	80	28807	17099
2831	0	18	80	28814	2873
2832	6	19	120	28821	4089
2833	15	0	200	28828	635
2834	15	0	80	28835	11709
2835	6	19	80	28842	4481
2836	19	8	80	28849	9586
2837	19	8	80	28856	1251
2838	0	18	120	28863	1874
2839	0	18	200	28870	68
2840	15	0	80	28877	3313
2841	4	7	200	28884	800
2842	5	13	120	28891	2502
2843	4	7	80	28898	9882
2844	6	19	200	28905	18710
2845	4	7	200	28912	3212
2846	4	7	120	28919	87
2847	0	18	160	28926	1489
2848	1	11	80	28933	706
2849	15	0	80	28940	347
2850	5	13	160	28947	919
2851	5	13	120	28954	1024
2852	6	19	200	28961	11129
2853	6	19	160	28968	1630
2854	0	18	200	28975	8265
2855	3	16	200	28982	6135
2856	19	8	200	28989	1199
2857	4	7	200	28996	384
2858	4	7	80	29003	1058
2859	3	16	200	29010	3785
2860	0	18	120	29017	206
2861	3	16	120	29024	6842
2862	1	11	80	29031	49
2863	3	16	160	29038	17749
2864	15	0	120	29045	932
2865	19	8	200	29052	4560
2866	15	0	120	29059	317
2867	4	7	200	29066	40
2868	15	0	160	29073	16907
2869	6	19	160	29080	12507
2870	15	0	200	29087	2784
2871	0	18	120	29094	4149
2872	0	18	200	29101	5759
2873	19	8	80	29108	948
2874	1	11	160	29115	510
2875	19	8	200	29122	150
2876	6	19	80	29129	6453
2877	1	11	120	29136	18329
2878	6	19	120	29143	3215
2879	6	19	200	29150	2817
2880	5	13	120	29157	16555
2881	1	11	200	29200	193
2882	0	18	80	29210	984
2883	19	8	80	29220	2329
2884	5	13	200	29230	3373
2885	5	13	160	29240	5710
2886	3	16	80	29250	3416
2887	0	18	200	29260	1457
2888	15	0	80	29270	1278
2889	5	13	120	29280	707
2890	15	0	80	29290	2142
2891	4	7	120	29300	6802
2892	5	13	80	29310	147
2893	15	0	120	29320	5745
2894	0	18	160	29330	13605
2895	4	7	200	29340	5449
2896	1	11	200	29350	741
2897	1	11	160	29360	2591
2898	5	13	200	29370	4917
2899	15	0	80	29380	1486
2900	6	19	120	29390	2584
2901	19	8	120	29400	47
2902	3	16	200	29410	1575
2903	5	13	160	29420	921
2904	0	18	120	29430	3487
2905	4	7	120	29440	3282
2906	5	13	160	29450	2486
2907	15	0	200	29460	5191
2908	4	7	200	29470	968
2909	0	18	200	29480	7243
2910	6	19	160	29490	16416
2911	15	0	160	29500	1254
2912	6	19	160	29510	3099
2913	15	0	120	29520	5191
2914	6	19	120	29530	3953
2915	19	8	160	29540	12
2916	1	11	120	29550	3676
2917	3	16	200	29560	3384
2918	15	0	200	29570	2167
2919	3	16	160	29580	2375
2920	6	19	200	29590	447
2921	15	0	160	29600	5892
2922	6	19	200	29608	5334
2923	1	11	120	29616	6932
2924	19	8	120	29624	3118
2925	3	16	160	29632	4609
2926	5	13	120	29640	3759
2927	1	11	120	29648	3
2928	15	0	120	29656	1121
2929	6	19	200	29664	1884
2930	15	0	80	29672	8090
2931	4	7	160	29680	1565
2932	5	13	120	29688	1326
2933	19	8	80	29696	1107
2934	19	8	120	29704	120
2935	5	13	80	29712	14351
2936	15	0	200	29720	5115
2937	4	7	160	29728	49
2938	19	8	200	29736	7852
2939	0	18	160	29744	39
2940	0	18	80	29752	1410
2941	4	7	80	29760	7519
2942	5	13	80	29768	378
2943	6	19	120	29776	2298
2944	19	8	200	29784	787
2945	19	8	160	29792	628
2946	6	19	200	29800	1304
2947	15	0	160	29808	1480
2948	0	18	80	29816	577
2949	0	18	80	29824	13254
2950	1	11	120	29832	616
2951	19	8	200	29840	3648
2952	4	7	200	29848	241
2953	3	16	120	29856	1202
2954	0	18	120	29864	915
2955	19	8	200	29872	4884
2956	3	16	120	29880	1287
2957	0	18	160	29888	2791
2958	6	19	80	29896	4368
2959	6	19	160	29904	9119
2960	19	8	80	29912	12025
2961	3	16	80	29920	2480
2962	0	18	120	29928	2634
2963	6	19	200	29936	7313
2964	3	16	200	29944	13870
2965	1	11	80	29952	4310
2966	1	11	80	29960	17376
2967	15	0	120	29968	1411
2968	15	0	80	29976	4778
2969	1	11	120	29984	4262
2970	0	18	160	29992	1321
2971	6	19	200	30000	3555
2972	4	7	80	30013	4969
2973	6	19	80	30026	2100
2974	1	11	120	30039	653
2975	3	16	160	30052	1196
2976	1	11	160	30065	4563
2977	19	8	120	30078	1423
2978	3	16	120	30091	4137
2979	19	8	160	30104	2016
2980	5	13	200	30117	2082
2981	15	0	160	30130	1426
2982	1	11	120	30143	8050
2983	15	0	120	30156	1319
2984	5	13	120	30169	1060
2985	15	0	80	30182	1255
2986	19	8	160	30195	1233
2987	3	16	80	30208	91
2988	19	8	200	30221	152
2989	0	18	160	30234	1569
2990	3	16	160	30247	4777
2991	6	19	80	30260	990
2992	19	8	120	30273	1709
2993	1	11	80	30286	13069
2994	1	11	160	30299	244
2995	15	0	80	30312	7207
2996	4	7	200	30325	1816
2997	15	0	80	30338	1155
2998	4	7	120	30351	2526
2999	6	19	160	30364	2928
