0	19	8	40	0	4868
1	3	16	40	10	1833
2	5	13	160	20	1481
3	15	0	160	30	1721
4	5	13	40	40	4688
5	4	7	40	50	2511
6	5	13	160	60	996
7	0	18	120	70	4849
8	15	0	120	80	9356
9	1	11	80	90	2620
10	5	13	160	100	4171
11	19	8	160	110	8312
12	19	8	120	120	634
13	4	7	120	130	4861
14	1	11	120	140	360
15	3	16	120	150	2747
16	1	11	40	160	524
17	19	8	160	170	590
18	0	18	160	180	629
19	1	11	160	190	3569
20	0	18	160	200	1544
21	3	16	80	210	2750
22	3	16	160	220	3829
23	3	16	80	230	2123
24	19	8	160	240	2599
25	15	0	160	250	11396
26	4	7	80	260	1394
27	4	7	80	270	331
28	4	7	120	280	5138
29	3	16	80	290	3072
30	3	16	160	300	8214
31	6	19	120	310	899
32	3	16	120	320	223
33	15	0	80	330	2608
34	15	0	80	340	1077
35	0	18	80	350	198
36	15	0	80	360	1857
37	19	8	80	370	2105
38	1	11	160	380	9507
39	5	13	160	400	1489
40	5	13	80	411	7058
41	5	13	40	422	860
42	3	16	120	433	7135
43	6	19	160	444	6788
44	15	0	80	455	874
45	0	18	120	466	3946
46	6	19	120	477	3947
47	0	18	160	488	682
48	6	19	80	499	11547
49	1	11	160	510	104
50	6	19	80	521	3807
51	0	18	40	532	20032
52	19	8	80	543	5726
53	6	19	160	554	4946
54	1	11	160	565	10664
55	6	19	120	576	926
56	0	18	40	587	5570
57	3	16	80	598	9116
58	15	0	40	609	8216
59	6	19	80	620	5516
60	0	18	120	631	754
61	1	11	120	642	607
62	5	13	40	653	15504
63	4	7	40	664	1832
64	19	8	80	675	3755
65	19	8	40	686	2364
66	6	19	40	697	6868
67	0	18	80	708	4404
68	6	19	80	719	2518
69	1	11	40	730	153
70	5	13	80	741	535
71	3	16	160	752	5001
72	15	0	160	763	1046
73	4	7	160	774	7204
74	5	13	120	785	5734
75	4	7	120	800	542
76	19	8	160	808	4377
77	5	13	40	816	6423
78	4	7	40	824	970
79	19	8	40	832	7608
80	1	11	80	840	1512
81	3	16	80	848	591
82	6	19	160	856	581
83	3	16	160	864	4780
84	6	19	40	872	10207
85	1	11	120	880	8428
86	6	19	80	888	2320
87	6	19	160	896	1691
88	6	19	80	904	3181
89	1	11	120	912	119
90	19	8	40	920	1409
91	4	7	160	928	2568
92	0	18	80	936	3084
93	4	7	120	944	692
94	5	13	40	952	598
95	4	7	120	960	4657
96	0	18	40	968	964
97	19	8	80	976	2498
98	15	0	120	984	931
99	15	0	40	992	5546
100	3	16	80	1000	6575
101	5	13	40	1008	12857
102	4	7	120	1016	4680
103	4	7	80	1024	9487
104	5	13	120	1032	9231
105	3	16	80	1040	9227
106	1	11	80	1048	5761
107	5	13	80	1056	10425
108	0	18	40	1064	11833
109	15	0	80	1072	6511
110	6	19	160	1080	3118
111	5	13	40	1088	12166
112	15	0	40	1096	4584
113	19	8	160	1104	85
114	4	7	40	1112	2272
115	15	0	80	1120	140
116	4	7	160	1128	22
117	1	11	40	1136	1324
118	15	0	40	1144	2358
119	6	19	160	1152	5245
120	3	16	160	1160	24
121	0	18	80	1168	2582
122	4	7	40	1200	506
123	5	13	120	1208	2302
124	3	16	160	1216	5397
125	0	18	80	1224	4216
126	3	16	120	1232	774
127	3	16	80	1240	295
128	19	8	160	1248	4762
129	1	11	160	1256	306
130	4	7	120	1264	9747
131	0	18	80	1272	896
132	6	19	120	1280	3580
133	5	13	40	1288	2505
134	5	13	120	1296	179
135	5	13	80	1304	1753
136	15	0	160	1312	2375
137	3	16	120	1320	1038
138	6	19	80	1328	6374
139	3	16	160	1336	87
140	0	18	40	1344	489
141	1	11	160	1352	2886
142	5	13	120	1360	2021
143	15	0	40	1368	5465
144	4	7	160	1376	2678
145	4	7	40	1384	1690
146	5	13	120	1392	6275
147	1	11	80	1400	2906
148	0	18	120	1408	5173
149	15	0	160	1416	441
150	0	18	120	1424	4587
151	15	0	160	1432	10770
152	0	18	80	1440	76
153	1	11	160	1448	2594
154	5	13	40	1456	5449
155	3	16	40	1464	1608
156	1	11	160	1472	7355
157	19	8	160	1480	1161
158	1	11	80	1488	726
159	4	7	40	1496	1145
160	0	18	160	1504	5154
161	19	8	40	1512	4710
162	5	13	120	1520	1046
163	19	8	40	1528	8299
164	3	16	120	1536	8868
165	6	19	120	1544	1665
166	15	0	120	1552	1789
167	3	16	40	1560	976
168	3	16	40	1568	15104
169	19	8	160	1576	326
170	19	8	80	1584	3533
171	0	18	80	1592	5999
172	4	7	160	1600	2655
173	4	7	80	1611	2205
174	6	19	120	1622	3821
175	0	18	40	1633	2709
176	4	7	160	1644	328
177	5	13	40	1655	1872
178	1	11	160	1666	11940
179	15	0	160	1677	2015
180	5	13	160	1688	7858
181	1	11	40	1699	4311
182	3	16	120	1710	1695
183	1	11	160	1721	3581
184	0	18	80	1732	1985
185	5	13	160	1743	15702
186	19	8	160	1754	802
187	5	13	120	1765	484
188	19	8	160	1776	5113
189	3	16	120	1787	4990
190	4	7	80	1798	2886
191	19	8	160	1809	871
192	0	18	40	1820	258
193	1	11	40	1831	3174
194	3	16	160	1842	1411
195	0	18	40	1853	2201
196	5	13	80	1864	1335
197	6	19	80	1875	2954
198	5	13	80	1886	7694
199	6	19	40	1897	638
200	5	13	80	1908	16529
201	3	16	80	1919	3423
202	15	0	40	1930	3100
203	0	18	160	1941	4168
204	15	0	80	1952	2917
205	19	8	80	1963	9436
206	3	16	160	1974	2370
207	6	19	40	2000	3617
208	5	13	40	2011	7921
209	4	7	40	2022	1160
210	15	0	80	2033	1162
211	5	13	160	2044	2518
212	6	19	40	2055	1441
213	3	16	120	2066	5883
214	19	8	80	2077	1971
215	15	0	120	2088	267
216	6	19	80	2099	1701
217	3	16	120	2110	4071
218	15	0	160	2121	2639
219	6	19	160	2132	9667
220	15	0	120	2143	692
221	3	16	160	2154	1132
222	3	16	40	2165	2733
223	0	18	120	2176	1227
224	5	13	80	2187	3323
225	19	8	120	2198	1981
226	0	18	40	2209	5011
227	1	11	160	2220	11080
228	0	18	80	2231	541
229	5	13	80	2242	852
230	5	13	160	2253	934
231	15	0	80	2264	3254
232	0	18	120	2275	2935
233	4	7	120	2286	6476
234	3	16	80	2297	2123
235	1	11	80	2308	1340
236	4	7	160	2319	512
237	1	11	160	2330	4793
238	3	16	120	2341	306
239	1	11	160	2352	2660
240	1	11	40	2363	3046
241	1	11	120	2374	3532
242	0	18	80	2400	1162
243	5	13	160	2408	2536
244	4	7	80	2416	2469
245	15	0	80	2424	191
246	1	11	120	2432	8950
247	6	19	80	2440	1382
248	3	16	160	2448	690
249	5	13	80	2456	1059
250	3	16	160	2464	320
251	1	11	120	2472	4144
252	19	8	80	2480	159
253	15	0	120	2488	11467
254	15	0	80	2496	17909
255	3	16	80	2504	5347
256	0	18	80	2512	333
257	6	19	120	2520	1286
258	5	13	80	2528	346
259	19	8	160	2536	543
260	15	0	40	2544	848
261	1	11	40	2552	2851
262	6	19	160	2560	2529
263	19	8	160	2568	4434
264	19	8	80	2576	178
265	0	18	160	2584	4756
266	5	13	40	2592	11769
267	3	16	80	2600	2777
268	0	18	40	2608	1774
269	15	0	40	2616	441
270	4	7	120	2624	11555
271	5	13	80	2632	4177
272	0	18	40	2640	3328
273	5	13	40	2648	23697
274	4	7	160	2656	1897
275	5	13	40	2664	3397
276	3	16	80	2672	20740
277	15	0	80	2680	103
278	6	19	40	2688	6511
279	6	19	160	2696	2915
280	6	19	160	2704	2752
281	3	16	160	2712	2192
282	19	8	40	2720	6033
283	5	13	160	2728	8974
284	1	11	120	2736	489
285	3	16	40	2744	3311
286	15	0	40	2752	2915
287	1	11	40	2760	3439
288	5	13	40	2800	6713
289	0	18	40	2812	4490
290	1	11	40	2824	916
291	6	19	80	2836	7464
292	5	13	120	2848	3822
293	3	16	160	2860	11720
294	3	16	120	2872	1396
295	0	18	160	2884	94
296	5	13	160	2896	501
297	0	18	120	2908	3490
298	5	13	80	2920	2219
299	4	7	120	2932	5795
300	1	11	80	2944	419
301	19	8	80	2956	1994
302	6	19	80	2968	10869
303	4	7	160	2980	222
304	0	18	160	2992	1360
305	15	0	80	3004	2239
306	1	11	80	3016	334
307	3	16	80	3028	170
308	4	7	160	3040	3333
309	1	11	80	3052	2153
310	19	8	160	3064	5434
311	3	16	160	3076	223
312	0	18	80	3088	2550
313	19	8	80	3100	3332
314	1	11	160	3112	3973
315	5	13	80	3124	5864
316	1	11	40	3136	5252
317	1	11	160	3148	3420
318	6	19	80	3160	3237
319	6	19	40	3172	2620
320	1	11	120	3184	783
321	4	7	40	3200	1851
322	6	19	40	3209	4650
323	19	8	40	3218	4605
324	6	19	160	3227	9201
325	6	19	80	3236	417
326	19	8	160	3245	132
327	6	19	80	3254	3852
328	1	11	120	3263	4852
329	4	7	160	3272	1750
330	0	18	40	3281	2424
331	1	11	160	3290	2125
332	1	11	160	3299	3661
333	3	16	120	3308	156
334	4	7	120	3317	2164
335	6	19	120	3326	442
336	6	19	80	3335	2678
337	5	13	40	3344	5159
338	4	7	40	3353	3722
339	3	16	40	3362	4637
340	0	18	120	3371	2636
341	4	7	160	3380	2583
342	6	19	40	3389	45
343	4	7	160	3398	2023
344	0	18	40	3407	10727
345	19	8	40	3416	651
346	6	19	160	3425	1872
347	6	19	40	3434	205
348	1	11	160	3443	1524
349	15	0	40	3452	2981
350	15	0	160	3461	1382
351	3	16	160	3470	3133
352	4	7	80	3479	110
353	19	8	80	3488	11625
354	1	11	160	3497	3540
355	15	0	80	3506	5224
356	3	16	80	3515	4888
357	6	19	80	3524	1151
358	15	0	160	3533	670
359	4	7	80	3542	838
360	19	8	120	3551	2017
361	4	7	40	3560	2479
362	1	11	120	3569	1656
363	19	8	40	3600	948
364	0	18	80	3611	13058
365	15	0	40	3622	1606
366	0	18	40	3633	2425
367	15	0	120	3644	2269
368	4	7	160	3655	637
369	4	7	80	3666	2977
370	15	0	40	3677	1320
371	6	19	160	3688	25
372	15	0	160	3699	13902
373	3	16	40	3710	8117
374	5	13	80	3721	24555
375	6	19	160	3732	4843
376	6	19	160	3743	1779
377	1	11	80	3754	1371
378	19	8	160	3765	5581
379	15	0	160	3776	5535
380	19	8	80	3787	5167
381	3	16	120	3798	16212
382	5	13	80	3809	1434
383	4	7	80	3820	780
384	5	13	160	3831	256
385	15	0	80	3842	9693
386	6	19	120	3853	1944
387	3	16	120	3864	4249
388	0	18	160	3875	2400
389	6	19	80	3886	4669
390	4	7	80	3897	2038
391	0	18	40	3908	1086
392	6	19	80	3919	3379
393	19	8	120	3930	2155
394	4	7	120	3941	1371
395	6	19	120	3952	83
396	3	16	40	3963	588
397	6	19	40	4000	6442
398	3	16	120	4010	2285
399	1	11	40	4020	3673
400	15	0	40	4030	4758
401	19	8	40	4040	11313
402	1	11	80	4050	9318
403	6	19	120	4060	6279
404	19	8	40	4070	1120
405	1	11	40	4080	1346
406	5	13	40	4090	3413
407	1	11	40	4100	691
408	3	16	160	4110	11786
409	5	13	160	4120	8660
410	0	18	80	4130	1847
411	0	18	160	4140	2145
412	6	19	80	4150	2755
413	0	18	160	4160	2076
414	4	7	160	4170	2493
415	5	13	160	4180	2134
416	19	8	120	4190	700
417	6	19	80	4200	706
418	4	7	40	4210	645
419	3	16	40	4220	206
420	1	11	120	4230	11661
421	6	19	80	4240	6445
422	6	19	120	4250	16012
423	6	19	80	4260	2453
424	0	18	40	4270	536
425	15	0	160	4280	176
426	0	18	80	4290	2291
427	15	0	40	4300	3216
428	15	0	80	4310	3454
429	19	8	160	4320	15108
430	3	16	160	4330	3332
431	19	8	160	4340	3273
432	19	8	160	4350	7724
433	6	19	160	4360	656
434	19	8	120	4370	221
435	19	8	80	4380	6136
436	0	18	40	4390	333
437	19	8	160	4400	2848
438	4	7	80	4409	10804
439	4	7	160	4418	5988
440	1	11	40	4427	1645
441	5	13	80	4436	1026
442	19	8	120	4445	4908
443	4	7	40	4454	3338
444	6	19	160	4463	1536
445	3	16	80	4472	16598
446	3	16	160	4481	5388
447	6	19	120	4490	723
448	4	7	160	4499	12199
449	15	0	160	4508	8374
450	6	19	160	4517	7866
451	5	13	160	4526	14740
452	3	16	160	4535	4214
453	19	8	120	4544	1943
454	0	18	120	4553	4257
455	0	18	120	4562	9024
456	3	16	80	4571	12791
457	4	7	160	4580	2348
458	5	13	120	4589	4390
459	0	18	80	4598	898
460	1	11	160	4607	7583
461	6	19	40	4616	87
462	3	16	160	4625	3472
463	4	7	40	4634	14075
464	1	11	40	4643	1542
465	0	18	120	4652	6665
466	0	18	40	4661	3284
467	0	18	120	4670	1701
468	0	18	40	4679	1730
469	5	13	120	4688	4551
470	4	7	120	4697	1622
471	0	18	160	4706	4213
472	3	16	40	4715	1040
473	0	18	80	4724	1865
474	1	11	160	4733	4994
475	5	13	40	4742	5085
476	6	19	160	4751	392
477	1	11	120	4760	2149
478	0	18	120	4800	601
479	6	19	120	4810	609
480	5	13	40	4820	1444
481	3	16	160	4830	1262
482	3	16	80	4840	3664
483	19	8	120	4850	4837
484	1	11	160	4860	497
485	6	19	40	4870	3570
486	6	19	160	4880	9525
487	0	18	80	4890	2540
488	6	19	80	4900	2743
489	15	0	40	4910	690
490	6	19	160	4920	6976
491	6	19	40	4930	4040
492	3	16	40	4940	7407
493	3	16	160	4950	5262
494	1	11	160	4960	10437
495	4	7	40	4970	1518
496	3	16	120	4980	4153
497	5	13	120	4990	5334
498	3	16	160	5000	1129
499	5	13	80	5010	2835
500	3	16	40	5020	2207
501	3	16	40	5030	2000
502	5	13	80	5040	6734
503	19	8	40	5050	1275
504	3	16	40	5060	3134
505	6	19	40	5070	936
506	3	16	120	5080	5480
507	1	11	80	5090	1306
508	15	0	120	5100	4456
509	4	7	80	5110	10961
510	3	16	160	5120	6472
511	0	18	160	5130	3135
512	4	7	80	5140	1452
513	15	0	160	5150	2977
514	5	13	80	5160	9131
515	15	0	160	5170	3462
516	3	16	120	5200	2190
517	3	16	40	5211	8437
518	1	11	40	5222	7678
519	4	7	40	5233	5231
520	3	16	120	5244	9352
521	0	18	160	5255	376
522	3	16	80	5266	7591
523	3	16	40	5277	855
524	15	0	160	5288	7705
525	15	0	120	5299	4784
526	6	19	120	5310	6604
527	19	8	40	5321	2750
528	15	0	80	5332	2364
529	6	19	120	5343	2025
530	3	16	120	5354	305
531	1	11	80	5365	1766
532	19	8	120	5376	744
533	4	7	80	5387	3996
534	4	7	120	5398	5052
535	3	16	160	5409	9615
536	15	0	120	5420	2437
537	4	7	40	5431	1582
538	5	13	120	5442	689
539	4	7	160	5453	9552
540	4	7	80	5464	7443
541	5	13	120	5475	3966
542	3	16	120	5486	6406
543	1	11	160	5497	3292
544	4	7	40	5508	1765
545	6	19	40	5519	1324
546	1	11	160	5530	1610
547	4	7	80	5541	1531
548	15	0	120	5552	7175
549	4	7	160	5563	1705
550	1	11	80	5600	8984
551	19	8	80	5609	5831
552	3	16	80	5618	8587
553	15	0	160	5627	2906
554	3	16	120	5636	3708
555	1	11	80	5645	1627
556	19	8	160	5654	3136
557	3	16	40	5663	3888
558	1	11	80	5672	2170
559	4	7	80	5681	7473
560	19	8	80	5690	2047
561	3	16	120	5699	1143
562	3	16	160	5708	7142
563	0	18	40	5717	1283
564	0	18	120	5726	7916
565	1	11	120	5735	2352
566	0	18	40	5744	1870
567	19	8	160	5753	4466
568	4	7	80	5762	6595
569	3	16	80	5771	17822
570	19	8	80	5780	524
571	19	8	120	5789	398
572	6	19	120	5798	5096
573	6	19	80	5807	11610
574	0	18	160	5816	8655
575	15	0	160	5825	1283
576	6	19	80	5834	1378
577	1	11	80	5843	1365
578	15	0	160	5852	7226
579	0	18	120	5861	3399
580	6	19	120	5870	1824
581	1	11	40	5879	2694
582	1	11	80	5888	4357
583	4	7	80	5897	417
584	5	13	40	5906	2797
585	3	16	40	5915	1463
586	15	0	160	5924	2568
587	1	11	160	5933	4238
588	1	11	120	5942	111
589	1	11	40	5951	1931
590	3	16	40	5960	1824
591	5	13	80	5969	7198
592	3	16	120	6000	9544
593	0	18	40	6011	1500
594	5	13	80	6022	2833
595	0	18	120	6033	3623
596	0	18	120	6044	6371
597	1	11	120	6055	2968
598	0	18	80	6066	4804
599	3	16	120	6077	9728
600	6	19	160	6088	9556
601	3	16	160	6099	4300
602	0	18	40	6110	2856
603	4	7	40	6121	7464
604	4	7	120	6132	1015
605	1	11	160	6143	6424
606	3	16	160	6154	192
607	5	13	160	6165	11124
608	6	19	40	6176	3990
609	4	7	120	6187	1600
610	4	7	40	6198	174
611	15	0	80	6209	1173
612	4	7	40	6220	6164
613	0	18	120	6231	7490
614	15	0	160	6242	2610
615	15	0	40	6253	9657
616	1	11	40	6264	3518
617	19	8	80	6275	5284
618	5	13	160	6286	5904
619	6	19	80	6297	3242
620	3	16	120	6308	14131
621	19	8	80	6319	5094
622	15	0	80	6330	4144
623	1	11	40	6341	2211
624	19	8	80	6352	3893
625	4	7	40	6363	1360
626	6	19	160	6374	827
627	5	13	80	6385	2093
628	1	11	40	6400	2302
629	0	18	40	6408	1366
630	6	19	80	6416	2599
631	5	13	160	6424	5837
632	0	18	40	6432	3566
633	4	7	40	6440	10290
634	4	7	120	6448	4364
635	3	16	120	6456	4917
636	1	11	40	6464	15596
637	6	19	80	6472	6821
638	19	8	160	6480	8312
639	3	16	80	6488	4865
640	0	18	40	6496	1201
641	3	16	40	6504	3070
642	4	7	160	6512	89
643	6	19	160	6520	4784
644	15	0	40	6528	1663
645	5	13	120	6536	474
646	0	18	40	6544	199
647	1	11	40	6552	254
648	3	16	80	6560	7168
649	6	19	40	6568	3634
650	15	0	80	6576	43
651	1	11	40	6584	262
652	6	19	120	6592	5584
653	3	16	160	6600	620
654	0	18	40	6608	11345
655	15	0	120	6616	833
656	4	7	120	6624	54
657	19	8	160	6632	358
658	5	13	120	6640	1009
659	0	18	80	6648	10993
660	5	13	40	6656	3792
661	6	19	120	6664	4080
662	3	16	160	6672	2776
663	6	19	160	6680	1673
664	15	0	80	6688	7641
665	19	8	80	6696	1286
666	6	19	80	6704	4365
667	19	8	160	6712	7927
668	5	13	40	6720	804
669	4	7	40	6728	5911
670	6	19	40	6736	10685
671	4	7	160	6744	5822
672	0	18	80	6752	7817
673	3	16	120	6760	280
674	6	19	80	6768	1403
675	19	8	120	6776	2283
676	4	7	120	6784	4789
677	1	11	120	6800	11787
678	4	7	160	6813	352
679	3	16	160	6826	2855
680	3	16	160	6839	1095
681	4	7	160	6852	534
682	3	16	40	6865	3414
683	5	13	40	6878	7345
684	1	11	160	6891	1306
685	5	13	40	6904	2140
686	15	0	40	6917	61
687	6	19	40	6930	2364
688	4	7	40	6943	16138
689	6	19	160	6956	2585
690	19	8	40	6969	4735
691	1	11	80	6982	8981
692	0	18	120	6995	3617
693	19	8	80	7008	11178
694	6	19	40	7021	382
695	3	16	120	7034	3870
696	19	8	40	7047	144
697	6	19	160	7060	4560
698	19	8	120	7073	7474
699	15	0	160	7086	269
700	15	0	40	7099	2374
701	1	11	80	7112	825
702	6	19	160	7125	8468
703	15	0	40	7138	254
704	0	18	40	7151	4387
705	3	16	120	7164	1118
706	0	18	160	7177	918
707	3	16	40	7200	4616
708	6	19	120	7211	7527
709	0	18	120	7222	2824
710	3	16	40	7233	2694
711	3	16	160	7244	273
712	5	13	160	7255	4
713	1	11	120	7266	4991
714	15	0	120	7277	4768
715	1	11	80	7288	2673
716	4	7	80	7299	270
717	15	0	160	7310	4313
718	5	13	160	7321	261
719	1	11	40	7332	2302
720	0	18	40	7343	1204
721	0	18	80	7354	983
722	5	13	160	7365	8477
723	19	8	40	7376	4896
724	5	13	160	7387	324
725	4	7	120	7398	149
726	3	16	40	7409	752
727	1	11	160	7420	10077
728	5	13	80	7431	15017
729	3	16	120	7442	4507
730	0	18	80	7453	2040
731	6	19	120	7464	71
732	1	11	40	7475	429
733	5	13	40	7486	77
734	5	13	160	7497	258
735	1	11	120	7508	217
736	15	0	160	7519	1126
737	5	13	160	7530	2874
738	4	7	40	7541	767
739	15	0	80	7552	141
740	4	7	80	7563	938
741	5	13	160	7574	1604
742	0	18	120	7600	3651
743	4	7	120	7607	2584
744	4	7	160	7614	17074
745	5	13	40	7621	3953
746	6	19	80	7628	8937
747	19	8	160	7635	8559
748	0	18	160	7642	1110
749	4	7	160	7649	3702
750	19	8	40	7656	3236
751	1	11	80	7663	1883
752	1	11	160	7670	3838
753	6	19	80	7677	2097
754	6	19	120	7684	6544
755	15	0	160	7691	1044
756	6	19	120	7698	1465
757	6	19	160	7705	762
758	1	11	80	7712	16442
759	6	19	80	7719	3970
760	0	18	80	7726	300
761	19	8	160	7733	1345
762	6	19	120	7740	4925
763	3	16	160	7747	753
764	0	18	40	7754	452
765	5	13	120	7761	2556
766	0	18	160	7768	13326
767	19	8	160	7775	16056
768	6	19	160	7782	4203
769	5	13	40	7789	4125
770	4	7	120	7796	1108
771	19	8	80	7803	3218
772	4	7	160	7810	2657
773	6	19	120	7817	115
774	15	0	160	7824	1037
775	5	13	80	7831	10605
776	19	8	120	7838	3862
777	0	18	40	7845	2070
778	5	13	80	7852	5092
779	19	8	120	7859	2391
780	15	0	80	7866	620
781	4	7	80	7873	1365
782	0	18	40	7880	4521
783	1	11	120	7887	1866
784	3	16	80	7894	517
785	15	0	160	7901	97
786	4	7	120	7908	2049
787	5	13	120	7915	4733
788	19	8	80	7922	963
789	6	19	40	7929	7152
790	5	13	40	7936	5486
791	0	18	160	7943	298
792	3	16	120	7950	3011
793	15	0	120	8000	3150
794	15	0	160	8010	13113
795	5	13	120	8020	10284
796	15	0	40	8030	3895
797	6	19	120	8040	2227
798	4	7	120	8050	1841
799	15	0	40	8060	2884
800	5	13	80	8070	4357
801	15	0	120	8080	9675
802	1	11	40	8090	1055
803	5	13	120	8100	3654
804	0	18	80	8110	1795
805	0	18	120	8120	8
806	15	0	120	8130	8836
807	5	13	40	8140	3550
808	19	8	80	8150	791
809	0	18	80	8160	8344
810	15	0	40	8170	3772
811	5	13	80	8180	9318
812	1	11	120	8190	2417
813	1	11	120	8200	3050
814	19	8	40	8210	2659
815	5	13	40	8220	6114
816	19	8	120	8230	3751
817	5	13	40	8240	1633
818	0	18	120	8250	207
819	1	11	40	8260	346
820	0	18	40	8270	296
821	5	13	40	8280	1261
822	19	8	120	8290	5843
823	19	8	160	8300	6806
824	0	18	40	8310	9099
825	4	7	120	8320	746
826	5	13	160	8330	95
827	5	13	40	8340	11271
828	19	8	160	8350	274
829	1	11	40	8360	1454
830	15	0	40	8370	1467
831	3	16	40	8380	854
832	6	19	120	8400	142
833	6	19	40	8411	923
834	4	7	80	8422	6176
835	19	8	160	8433	1060
836	1	11	80	8444	235
837	5	13	120	8455	325
838	0	18	40	8466	45
839	3	16	120	8477	507
840	0	18	80	8488	574
841	19	8	80	8499	6696
842	5	13	80	8510	2888
843	19	8	160	8521	1650
844	19	8	160	8532	1004
845	19	8	120	8543	7421
846	15	0	80	8554	3851
847	0	18	40	8565	21598
848	15	0	120	8576	245
849	1	11	160	8587	789
850	6	19	40	8598	1513
851	1	11	160	8609	1354
852	6	19	160	8620	1889
853	1	11	80	8631	1348
854	6	19	40	8642	2336
855	19	8	40	8653	1997
856	15	0	40	8664	617
857	3	16	40	8675	2140
858	4	7	120	8686	4839
859	5	13	160	8697	850
860	4	7	160	8708	15329
861	1	11	120	8719	11978
862	5	13	80	8730	2953
863	6	19	40	8741	8307
864	1	11	40	8752	3364
865	5	13	40	8763	2167
866	15	0	160	8800	8089
867	5	13	80	8810	1136
868	15	0	80	8820	5497
869	19	8	40	8830	1165
870	3	16	160	8840	5178
871	3	16	40	8850	3024
872	4	7	160	8860	1566
873	6	19	160	8870	10706
874	0	18	160	8880	11913
875	0	18	120	8890	1198
876	19	8	160	8900	5646
877	0	18	120	8910	2247
878	0	18	40	8920	3619
879	0	18	80	8930	220
880	5	13	40	8940	3211
881	4	7	160	8950	114
882	6	19	80	8960	8507
883	6	19	160	8970	8726
884	5	13	40	8980	18395
885	6	19	40	8990	80
886	6	19	40	9000	6765
887	4	7	80	9010	5527
888	19	8	40	9020	5773
889	4	7	80	9030	1999
890	1	11	160	9040	376
891	19	8	40	9050	4117
892	0	18	160	9060	1888
893	5	13	80	9070	6851
894	15	0	120	9080	607
895	19	8	160	9090	812
896	3	16	160	9100	1372
897	15	0	40	9110	4081
898	6	19	160	9120	5868
899	3	16	120	9130	6515
900	0	18	160	9140	14909
901	3	16	40	9150	1853
902	3	16	120	9160	1142
903	19	8	80	9170	6573
904	19	8	40	9180	2414
905	3	16	40	9200	6138
906	6	19	40	9209	13203
907	19	8	40	9218	2357
908	1	11	120	9227	1643
909	5	13	80	9236	811
910	19	8	40	9245	4051
911	15	0	80	9254	4996
912	1	11	40	9263	6836
913	3	16	40	9272	4178
914	0	18	120	9281	4082
915	0	18	40	9290	11993
916	4	7	40	9299	286
917	19	8	120	9308	4031
918	0	18	160	9317	8641
919	4	7	40	9326	3184
920	15	0	40	9335	3690
921	4	7	80	9344	505
922	5	13	40	9353	2642
923	3	16	160	9362	1745
924	6	19	80	9371	711
925	4	7	120	9380	347
926	3	16	40	9389	669
927	19	8	80	9398	2807
928	19	8	80	9407	6248
929	1	11	40	9416	5797
930	15	0	160	9425	13827
931	0	18	120	9434	496
932	3	16	160	9443	4319
933	6	19	80	9452	6272
934	0	18	120	9461	323
935	3	16	40	9470	798
936	0	18	40	9479	6051
937	15	0	160	9488	308
938	15	0	160	9497	2276
939	3	16	40	9506	919
940	19	8	40	9515	233
941	6	19	40	9524	1850
942	3	16	120	9533	2123
943	3	16	120	9542	3473
944	5	13	40	9551	5651
945	4	7	80	9560	1889
946	6	19	160	9600	6944
947	15	0	160	9611	5209
948	4	7	160	9622	794
949	6	19	120	9633	846
950	5	13	120	9644	487
951	4	7	80	9655	4261
952	6	19	40	9666	5623
953	1	11	120	9677	996
954	5	13	120	9688	899
955	6	19	80	9699	7785
956	6	19	160	9710	8735
957	0	18	160	9721	9010
958	3	16	160	9732	4126
959	4	7	80	9743	1847
960	19	8	160	9754	3980
961	6	19	120	9765	2455
962	0	18	160	9776	4256
963	19	8	120	9787	3391
964	15	0	120	9798	968
965	15	0	80	9809	2937
966	4	7	120	9820	217
967	5	13	160	9831	111
968	3	16	80	9842	3381
969	15	0	120	9853	2453
970	19	8	40	9864	747
971	5	13	40	9875	21191
972	0	18	120	9886	897
973	15	0	160	9897	4548
974	5	13	160	9908	2710
975	0	18	40	9919	1056
976	0	18	120	9930	4907
977	3	16	120	9941	9338
978	15	0	160	9952	3635
979	3	16	40	9963	6176
980	6	19	160	9974	1201
981	5	13	40	9985	2220
982	5	13	120	10000	1568
983	1	11	120	10010	3660
984	5	13	80	10020	4206
985	3	16	80	10030	1502
986	4	7	80	10040	1796
987	0	18	40	10050	2318
988	1	11	120	10060	3569
989	3	16	40	10070	996
990	5	13	40	10080	1390
991	0	18	80	10090	8645
992	5	13	40	10100	2252
993	3	16	120	10110	264
994	3	16	40	10120	3424
995	1	11	120	10130	3644
996	6	19	80	10140	5027
997	3	16	40	10150	7336
998	4	7	40	10160	1818
999	6	19	120	10170	1078
1000	19	8	120	10180	1564
1001	1	11	40	10190	6365
1002	4	7	80	10200	685
1003	6	19	40	10210	5113
1004	15	0	80	10220	82
1005	19	8	120	10230	509
1006	3	16	160	10240	2423
1007	19	8	80	10250	314
1008	6	19	160	10260	5213
1009	4	7	120	10270	13917
1010	5	13	120	10280	651
1011	4	7	80	10290	16606
1012	3	16	160	10300	1414
1013	19	8	160	10310	7782
1014	15	0	120	10320	468
1015	4	7	160	10330	913
1016	1	11	160	10340	577
1017	19	8	40	10350	228
1018	3	16	40	10360	10158
1019	5	13	40	10370	9290
1020	4	7	160	10380	689
1021	3	16	120	10390	3797
1022	4	7	40	10400	2298
1023	19	8	80	10409	1724
1024	1	11	120	10418	720
1025	19	8	160	10427	1344
1026	0	18	40	10436	3324
1027	15	0	40	10445	589
1028	4	7	120	10454	439
1029	3	16	80	10463	8983
1030	4	7	160	10472	2908
1031	15	0	80	10481	8056
1032	15	0	120	10490	3087
1033	0	18	40	10499	1789
1034	3	16	80	10508	2485
1035	4	7	120	10517	2487
1036	0	18	120	10526	1250
1037	15	0	120	10535	3693
1038	4	7	80	10544	3462
1039	6	19	120	10553	3027
1040	19	8	120	10562	7827
1041	4	7	40	10571	1349
1042	3	16	40	10580	4971
1043	6	19	40	10589	3881
1044	6	19	120	10598	290
1045	1	11	160	10607	1480
1046	6	19	80	10616	3537
1047	5	13	40	10625	3408
1048	5	13	40	10634	12270
1049	15	0	80	10643	1853
1050	0	18	120	10652	2490
1051	15	0	40	10661	4315
1052	19	8	40	10670	10061
1053	15	0	160	10679	2489
1054	1	11	120	10688	325
1055	5	13	40	10697	4960
1056	15	0	40	10706	1780
1057	4	7	40	10715	6587
1058	4	7	120	10724	3253
1059	15	0	80	10733	5309
1060	15	0	120	10742	3240
1061	5	13	120	10751	1527
1062	4	7	160	10760	14222
1063	4	7	80	10769	7188
1064	0	18	160	10778	2409
1065	15	0	40	10787	1335
1066	5	13	160	10800	2365
1067	1	11	160	10811	11071
1068	6	19	80	10822	2005
1069	3	16	160	10833	4171
1070	4	7	40	10844	10978
1071	4	7	80	10855	3034
1072	4	7	120	10866	2586
1073	6	19	120	10877	1978
1074	5	13	120	10888	176
1075	0	18	160	10899	8222
1076	19	8	80	10910	9273
1077	6	19	160	10921	6772
1078	3	16	160	10932	1314
1079	0	18	120	10943	7737
1080	3	16	120	10954	4796
1081	5	13	160	10965	18846
1082	3	16	40	10976	811
1083	5	13	40	10987	5285
1084	3	16	120	10998	2253
1085	5	13	120	11009	7769
1086	15	0	80	11020	11779
1087	19	8	120	11031	310
1088	19	8	80	11042	1328
1089	6	19	80	11053	5580
1090	6	19	120	11064	438
1091	5	13	120	11075	2473
1092	4	7	160	11086	188
1093	6	19	160	11097	7442
1094	15	0	40	11108	14862
1095	4	7	160	11119	3117
1096	19	8	40	11130	1512
1097	19	8	120	11141	8388
1098	6	19	80	11152	738
1099	19	8	80	11163	6171
1100	5	13	40	11174	7951
1101	5	13	80	11185	4196
1102	19	8	120	11200	789
1103	1	11	40	11208	1460
1104	4	7	80	11216	2284
1105	5	13	40	11224	10739
1106	3	16	120	11232	812
1107	1	11	120	11240	3011
1108	3	16	40	11248	2178
1109	1	11	160	11256	923
1110	5	13	120	11264	6623
1111	1	11	40	11272	3133
1112	1	11	80	11280	2996
1113	3	16	160	11288	4830
1114	4	7	160	11296	147
1115	3	16	120	11304	3322
1116	1	11	120	11312	574
1117	19	8	120	11320	1088
1118	1	11	120	11328	2067
1119	4	7	80	11336	3623
1120	19	8	120	11344	1640
1121	5	13	40	11352	1859
1122	1	11	120	11360	4252
1123	19	8	40	11368	4109
1124	5	13	40	11376	3138
1125	15	0	80	11384	2574
1126	0	18	80	11392	2658
1127	15	0	160	11400	3996
1128	15	0	80	11408	2141
1129	0	18	120	11416	2788
1130	0	18	120	11424	3257
1131	0	18	120	11432	98
1132	0	18	120	11440	4170
1133	3	16	80	11448	2724
1134	4	7	120	11456	19571
1135	15	0	40	11464	199
1136	5	13	80	11472	6681
1137	0	18	160	11480	8401
1138	0	18	160	11488	1415
1139	6	19	120	11496	2764
1140	3	16	40	11504	4468
1141	5	13	160	11512	2168
1142	6	19	80	11520	4252
1143	15	0	120	11528	318
1144	0	18	160	11536	11464
1145	5	13	120	11544	3289
1146	3	16	80	11552	10868
1147	0	18	40	11560	1692
1148	1	11	160	11600	6604
1149	5	13	120	11610	2120
1150	3	16	80	11620	2093
1151	0	18	120	11630	319
1152	6	19	160	11640	2567
1153	1	11	40	11650	3401
1154	0	18	120	11660	2389
1155	0	18	160	11670	2702
1156	3	16	160	11680	21314
1157	19	8	120	11690	3080
1158	5	13	160	11700	5745
1159	5	13	160	11710	12936
1160	5	13	160	11720	2363
1161	4	7	120	11730	3212
1162	4	7	40	11740	486
1163	1	11	120	11750	10007
1164	0	18	40	11760	4187
1165	5	13	160	11770	6143
1166	0	18	80	11780	9043
1167	19	8	160	11790	135
1168	19	8	80	11800	4932
1169	6	19	120	11810	17531
1170	6	19	80	11820	5583
1171	0	18	160	11830	1184
1172	15	0	160	11840	11260
1173	5	13	40	11850	9399
1174	1	11	80	11860	10258
1175	3	16	160	11870	10003
1176	15	0	120	11880	5052
1177	4	7	40	11890	3452
1178	19	8	80	11900	4802
1179	0	18	120	11910	16322
1180	5	13	40	11920	3111
1181	19	8	80	11930	605
1182	6	19	160	11940	6940
1183	3	16	120	11950	12
1184	15	0	80	11960	396
1185	19	8	40	12000	2619
1186	3	16	120	12008	3200
1187	15	0	120	12016	310
1188	3	16	160	12024	180
1189	4	7	120	12032	2782
1190	4	7	80	12040	220
1191	6	19	120	12048	1284
1192	4	7	160	12056	490
1193	5	13	40	12064	1646
1194	0	18	120	12072	216
1195	15	0	80	12080	514
1196	1	11	120	12088	1449
1197	5	13	160	12096	5335
1198	6	19	80	12104	2231
1199	5	13	160	12112	689
1200	4	7	40	12120	4373
1201	4	7	120	12128	9234
1202	0	18	160	12136	4046
1203	4	7	80	12144	6873
1204	15	0	80	12152	4303
1205	1	11	80	12160	655
1206	3	16	120	12168	587
1207	1	11	120	12176	3366
1208	0	18	120	12184	4196
1209	6	19	160	12192	3035
1210	1	11	80	12200	5948
1211	19	8	160	12208	2158
1212	0	18	80	12216	7282
1213	5	13	40	12224	6040
1214	0	18	120	12232	2178
1215	5	13	80	12240	1459
1216	6	19	160	12248	5214
1217	1	11	80	12256	472
1218	3	16	40	12264	6940
1219	1	11	160	12272	738
1220	1	11	40	12280	1066
1221	3	16	120	12288	6883
1222	6	19	40	12296	18111
1223	4	7	120	12304	929
1224	3	16	80	12312	10867
1225	0	18	120	12320	2597
1226	6	19	160	12328	607
1227	3	16	160	12336	3691
1228	4	7	120	12344	7639
1229	3	16	160	12352	6484
1230	0	18	40	12360	3807
1231	3	16	120	12368	15788
1232	6	19	120	12376	653
1233	4	7	80	12400	3111
1234	5	13	80	12410	1532
1235	0	18	120	12420	4086
1236	15	0	120	12430	2806
1237	3	16	120	12440	11
1238	4	7	80	12450	1686
1239	6	19	160	12460	11472
1240	6	19	80	12470	1685
1241	1	11	160	12480	16002
1242	6	19	160	12490	2213
1243	5	13	160	12500	2872
1244	3	16	80	12510	5197
1245	5	13	120	12520	4049
1246	5	13	40	12530	2295
1247	19	8	120	12540	1639
1248	4	7	80	12550	9979
1249	4	7	40	12560	5498
1250	0	18	80	12570	1991
1251	0	18	80	12580	856
1252	1	11	160	12590	9762
1253	4	7	120	12600	1199
1254	3	16	120	12610	10328
1255	0	18	120	12620	7426
1256	15	0	80	12630	9695
1257	6	19	40	12640	2241
1258	1	11	160	12650	8712
1259	15	0	160	12660	800
1260	5	13	120	12670	41
1261	0	18	160	12680	3053
1262	6	19	40	12690	5051
1263	6	19	160	12700	7519
1264	5	13	160	12710	9994
1265	15	0	120	12720	6306
1266	1	11	40	12730	1238
1267	6	19	160	12740	1412
1268	19	8	160	12750	2471
1269	0	18	40	12760	6056
1270	6	19	160	12770	6467
1271	4	7	40	12780	5171
1272	6	19	40	12800	5830
1273	6	19	40	12808	8495
1274	5	13	80	12816	6962
1275	0	18	80	12824	1162
1276	5	13	160	12832	2017
1277	0	18	40	12840	2591
1278	0	18	80	12848	2615
1279	6	19	120	12856	1411
1280	4	7	80	12864	167
1281	6	19	40	12872	6531
1282	15	0	120	12880	4622
1283	0	18	80	12888	442
1284	1	11	80	12896	2111
1285	0	18	160	12904	2187
1286	0	18	160	12912	280
1287	3	16	40	12920	8889
1288	0	18	160	12928	3831
1289	5	13	160	12936	2573
1290	3	16	40	12944	5216
1291	0	18	80	12952	312
1292	0	18	120	12960	494
1293	6	19	120	12968	710
1294	1	11	80	12976	10802
1295	5	13	120	12984	6642
1296	4	7	160	12992	1229
1297	0	18	40	13000	3446
1298	0	18	40	13008	3611
1299	5	13	120	13016	10872
1300	4	7	120	13024	1850
1301	19	8	80	13032	599
1302	19	8	160	13040	8328
1303	4	7	40	13048	591
1304	6	19	80	13056	11644
1305	6	19	40	13064	4394
1306	3	16	40	13072	2216
1307	5	13	120	13080	132
1308	19	8	40	13088	2279
1309	1	11	80	13096	4460
1310	4	7	160	13104	2374
1311	6	19	80	13112	2280
1312	6	19	160	13120	11904
1313	4	7	80	13128	3561
1314	3	16	80	13136	604
1315	15	0	120	13144	921
1316	1	11	80	13152	7556
1317	6	19	160	13200	3790
1318	5	13	80	13210	2299
1319	5	13	40	13220	2744
1320	6	19	120	13230	5171
1321	19	8	160	13240	1877
1322	5	13	40	13250	4572
1323	4	7	160	13260	17214
1324	6	19	160	13270	210
1325	5	13	80	13280	5183
1326	3	16	120	13290	3759
1327	0	18	120	13300	3710
1328	4	7	160	13310	11794
1329	19	8	160	13320	58
1330	6	19	80	13330	17601
1331	5	13	120	13340	6827
1332	0	18	160	13350	8558
1333	5	13	120	13360	3158
1334	3	16	40	13370	10464
1335	5	13	40	13380	9285
1336	6	19	40	13390	10597
1337	4	7	80	13400	3172
1338	4	7	40	13410	693
1339	5	13	40	13420	5441
1340	6	19	120	13430	21888
1341	5	13	80	13440	143
1342	3	16	160	13450	2444
1343	19	8	120	13460	11541
1344	0	18	40	13470	108
1345	5	13	120	13480	1392
1346	4	7	120	13490	539
1347	6	19	80	13500	2992
1348	3	16	40	13510	90
1349	3	16	120	13520	5195
1350	4	7	40	13530	12992
1351	15	0	160	13540	4224
1352	4	7	160	13550	604
1353	5	13	40	13560	412
1354	15	0	160	13600	935
1355	4	7	120	13610	21827
1356	3	16	40	13620	2449
1357	5	13	40	13630	8787
1358	6	19	40	13640	360
1359	0	18	160	13650	989
1360	3	16	120	13660	236
1361	3	16	120	13670	6881
1362	0	18	160	13680	354
1363	0	18	80	13690	2177
1364	5	13	160	13700	4612
1365	19	8	40	13710	3967
1366	6	19	120	13720	3214
1367	1	11	80	13730	2063
1368	0	18	40	13740	4345
1369	6	19	80	13750	1089
1370	0	18	80	13760	1294
1371	6	19	160	13770	1433
1372	3	16	160	13780	2413
1373	19	8	40	13790	4734
1374	15	0	80	13800	2778
1375	1	11	80	13810	4687
1376	5	13	160	13820	9974
1377	6	19	120	13830	5342
1378	4	7	120	13840	12848
1379	1	11	80	13850	5664
1380	1	11	160	13860	3667
1381	5	13	40	13870	344
1382	6	19	80	13880	3489
1383	1	11	40	13890	996
1384	5	13	120	13900	219
1385	19	8	120	13910	1634
1386	0	18	120	13920	4536
1387	5	13	160	13930	6135
1388	6	19	120	13940	1647
1389	19	8	120	13950	10705
1390	1	11	160	13960	2346
1391	1	11	160	13970	165
1392	15	0	40	13980	2475
1393	3	16	40	13990	11253
1394	1	11	120	14000	4633
1395	4	7	160	14010	768
1396	4	7	80	14020	12019
1397	3	16	120	14030	152
1398	3	16	120	14040	1203
1399	1	11	40	14050	2027
1400	15	0	40	14060	5415
1401	1	11	80	14070	5136
1402	6	19	80	14080	7987
1403	5	13	160	14090	6130
1404	3	16	80	14100	2396
1405	6	19	40	14110	4314
1406	5	13	40	14120	888
1407	5	13	160	14130	2365
1408	6	19	120	14140	3638
1409	5	13	120	14150	2921
1410	19	8	120	14160	326
1411	6	19	120	14170	5105
1412	1	11	120	14180	10587
1413	4	7	160	14190	1594
1414	15	0	160	14200	3859
1415	6	19	80	14210	14735
1416	5	13	80	14220	1092
1417	19	8	120	14230	7992
1418	4	7	160	14240	1824
1419	6	19	40	14250	1716
1420	15	0	80	14260	12043
1421	1	11	160	14270	5843
1422	4	7	120	14280	270
1423	1	11	80	14290	5257
1424	5	13	80	14300	6331
1425	15	0	120	14310	1076
1426	15	0	160	14320	7322
1427	19	8	120	14330	2878
1428	15	0	80	14340	31
1429	3	16	80	14350	1577
1430	6	19	160	14360	5383
1431	3	16	80	14370	8479
1432	3	16	160	14380	2594
1433	3	16	120	14390	3302
1434	3	16	40	14400	62
1435	19	8	120	14410	8386
1436	19	8	160	14420	985
1437	0	18	80	14430	6398
1438	15	0	160	14440	5873
1439	15	0	80	14450	2000
1440	3	16	80	14460	586
1441	5	13	160	14470	1055
1442	15	0	40	14480	828
1443	0	18	40	14490	6842
1444	19	8	40	14500	7665
1445	4	7	80	14510	5132
1446	0	18	80	14520	472
1447	3	16	80	14530	569
1448	4	7	80	14540	1548
1449	4	7	40	14550	4967
1450	19	8	120	14560	10986
1451	5	13	160	14570	359
1452	15	0	160	14580	4448
1453	6	19	80	14590	9672
1454	3	16	120	14600	2368
1455	6	19	80	14610	14564
1456	15	0	120	14620	4288
1457	5	13	160	14630	570
1458	0	18	120	14640	18194
1459	4	7	120	14650	967
1460	15	0	80	14660	6865
1461	5	13	80	14670	4634
1462	15	0	80	14680	2308
1463	4	7	80	14690	1266
1464	19	8	120	14700	6031
1465	5	13	40	14710	884
1466	4	7	120	14720	1117
1467	19	8	160	14730	1829
1468	0	18	160	14740	1502
1469	19	8	40	14750	5416
1470	15	0	120	14760	5651
1471	4	7	160	14770	2325
1472	0	18	160	14800	397
1473	6	19	80	14812	14420
1474	3	16	120	14824	955
1475	1	11	80	14836	5075
1476	3	16	120	14848	3479
1477	4	7	80	14860	1130
1478	1	11	80	14872	8431
1479	0	18	40	14884	297
1480	15	0	40	14896	532
1481	5	13	120	14908	4909
1482	4	7	80	14920	853
1483	3	16	80	14932	1407
1484	3	16	120	14944	1977
1485	1	11	40	14956	4241
1486	4	7	80	14968	936
1487	5	13	80	14980	3341
1488	19	8	160	14992	489
1489	6	19	120	15004	170
1490	1	11	160	15016	990
1491	3	16	160	15028	357
1492	0	18	120	15040	6613
1493	4	7	40	15052	3238
1494	19	8	160	15064	3405
1495	15	0	40	15076	2393
1496	15	0	120	15088	6307
1497	3	16	160	15100	9890
1498	1	11	120	15112	165
1499	4	7	160	15124	4250
1500	0	18	120	15136	2608
1501	1	11	80	15148	5454
1502	3	16	80	15160	6848
1503	5	13	40	15172	3462
1504	6	19	80	15184	12365
1505	5	13	120	15200	2732
1506	4	7	160	15210	19011
1507	1	11	80	15220	4793
1508	4	7	120	15230	4794
1509	1	11	40	15240	5209
1510	3	16	120	15250	1995
1511	4	7	80	15260	2120
1512	4	7	120	15270	1174
1513	0	18	120	15280	9989
1514	5	13	120	15290	377
1515	3	16	160	15300	481
1516	1	11	40	15310	2724
1517	4	7	40	15320	611
1518	1	11	120	15330	8524
1519	6	19	80	15340	533
1520	0	18	160	15350	18251
1521	15	0	80	15360	4526
1522	0	18	40	15370	1161
1523	4	7	40	15380	1266
1524	6	19	40	15390	2955
1525	4	7	120	15400	4448
1526	4	7	80	15410	4002
1527	5	13	160	15420	3103
1528	6	19	120	15430	2040
1529	5	13	120	15440	5746
1530	3	16	160	15450	10385
1531	0	18	160	15460	4378
1532	1	11	160	15470	920
1533	15	0	120	15480	1014
1534	0	18	80	15490	3592
1535	6	19	120	15500	1914
1536	3	16	40	15510	8736
1537	15	0	40	15520	3795
1538	6	19	160	15530	1675
1539	6	19	40	15540	9020
1540	6	19	40	15550	4342
1541	3	16	160	15560	2857
1542	1	11	120	15570	8097
1543	6	19	120	15580	1957
1544	3	16	160	15590	4188
1545	15	0	120	15600	6599
1546	19	8	80	15613	7112
1547	19	8	40	15626	8862
1548	19	8	80	15639	2500
1549	6	19	160	15652	2463
1550	5	13	160	15665	12519
1551	4	7	120	15678	4217
1552	0	18	40	15691	139
1553	4	7	40	15704	9894
1554	3	16	160	15717	4373
1555	1	11	40	15730	6470
1556	1	11	80	15743	2711
1557	15	0	40	15756	3177
1558	19	8	160	15769	233
1559	1	11	160	15782	1333
1560	1	11	80	15795	7939
1561	19	8	40	15808	2403
1562	4	7	160	15821	1419
1563	15	0	40	15834	11003
1564	15	0	40	15847	6490
1565	3	16	160	15860	5199
1566	1	11	80	15873	922
1567	6	19	40	15886	123
1568	0	18	40	15899	1572
1569	15	0	160	15912	4948
1570	0	18	160	15925	1024
1571	3	16	40	15938	8520
1572	15	0	40	15951	6431
1573	4	7	120	15964	17112
1574	0	18	40	15977	2484
1575	15	0	160	16000	2608
1576	5	13	120	16007	6633
1577	3	16	80	16014	8006
1578	0	18	80	16021	3895
1579	19	8	80	16028	5013
1580	4	7	40	16035	7333
1581	4	7	40	16042	5409
1582	6	19	80	16049	311
1583	0	18	120	16056	11236
1584	19	8	160	16063	6559
1585	19	8	80	16070	1280
1586	19	8	160	16077	3987
1587	6	19	120	16084	1369
1588	4	7	120	16091	3276
1589	15	0	40	16098	6261
1590	5	13	80	16105	8759
1591	4	7	160	16112	1657
1592	19	8	40	16119	3247
1593	5	13	40	16126	242
1594	5	13	120	16133	132
1595	15	0	40	16140	946
1596	19	8	160	16147	952
1597	3	16	120	16154	10740
1598	19	8	120	16161	3512
1599	0	18	40	16168	10182
1600	5	13	80	16175	3684
1601	3	16	80	16182	6452
1602	19	8	160	16189	3337
1603	0	18	120	16196	5626
1604	5	13	40	16203	1066
1605	1	11	160	16210	312
1606	5	13	80	16217	7639
1607	6	19	120	16224	197
1608	4	7	160	16231	2413
1609	4	7	40	16238	822
1610	5	13	120	16245	19354
1611	15	0	40	16252	3949
1612	6	19	160	16259	10403
1613	19	8	120	16266	1676
1614	6	19	120	16273	2342
1615	6	19	40	16280	516
1616	1	11	160	16287	1890
1617	3	16	80	16294	1778
1618	19	8	40	16301	557
1619	15	0	120	16308	3009
1620	3	16	40	16315	405
1621	4	7	160	16322	9913
1622	1	11	120	16329	2548
1623	1	11	40	16336	3054
1624	3	16	120	16343	6897
1625	5	13	160	16350	8707
1626	4	7	160	16400	1573
1627	3	16	160	16409	5402
1628	15	0	160	16418	12280
1629	1	11	40	16427	1161
1630	15	0	40	16436	1243
1631	3	16	40	16445	8407
1632	3	16	160	16454	1316
1633	0	18	40	16463	4826
1634	3	16	40	16472	477
1635	1	11	120	16481	160
1636	4	7	80	16490	772
1637	5	13	120	16499	1542
1638	5	13	80	16508	4893
1639	15	0	40	16517	5250
1640	4	7	40	16526	2192
1641	3	16	40	16535	3496
1642	3	16	120	16544	7250
1643	0	18	80	16553	1869
1644	1	11	120	16562	6416
1645	6	19	40	16571	1207
1646	15	0	40	16580	2134
1647	19	8	120	16589	961
1648	15	0	80	16598	3822
1649	15	0	80	16607	9691
1650	5	13	40	16616	7181
1651	5	13	80	16625	7665
1652	4	7	80	16634	6470
1653	1	11	160	16643	229
1654	15	0	40	16652	6974
1655	1	11	80	16661	4631
1656	1	11	160	16670	1599
1657	15	0	160	16679	129
1658	15	0	160	16688	10831
1659	19	8	80	16697	1706
1660	15	0	160	16706	5544
1661	3	16	80	16715	470
1662	15	0	160	16724	397
1663	3	16	160	16733	898
1664	5	13	40	16742	10033
1665	3	16	80	16751	485
1666	5	13	80	16760	1704
1667	6	19	120	16769	1019
1668	6	19	80	16778	1044
1669	5	13	160	16787	2069
1670	3	16	160	16800	11650
1671	5	13	40	16809	233
1672	15	0	40	16818	4235
1673	1	11	40	16827	2038
1674	4	7	120	16836	451
1675	19	8	160	16845	2883
1676	1	11	40	16854	330
1677	1	11	40	16863	411
1678	19	8	80	16872	5314
1679	5	13	120	16881	3293
1680	15	0	160	16890	2563
1681	4	7	80	16899	472
1682	4	7	80	16908	536
1683	19	8	80	16917	172
1684	5	13	40	16926	2165
1685	3	16	120	16935	2140
1686	15	0	120	16944	316
1687	1	11	160	16953	1018
1688	3	16	40	16962	8338
1689	1	11	120	16971	2225
1690	19	8	160	16980	4948
1691	5	13	120	16989	620
1692	15	0	160	16998	1954
1693	5	13	160	17007	1775
1694	19	8	40	17016	15832
1695	0	18	120	17025	1490
1696	5	13	40	17034	2678
1697	19	8	160	17043	4038
1698	4	7	80	17052	2426
1699	19	8	80	17061	4615
1700	0	18	160	17070	9796
1701	1	11	80	17079	835
1702	3	16	40	17088	16492
1703	3	16	120	17097	950
1704	5	13	120	17106	13486
1705	0	18	160	17115	6005
1706	15	0	80	17124	891
1707	3	16	80	17133	2059
1708	6	19	40	17142	11900
1709	15	0	40	17151	1492
1710	19	8	80	17160	3730
1711	0	18	160	17169	1054
1712	15	0	120	17178	1407
1713	1	11	80	17187	1862
1714	0	18	80	17200	8293
1715	3	16	120	17210	4069
1716	15	0	40	17220	16920
1717	15	0	80	17230	215
1718	6	19	120	17240	6112
1719	3	16	80	17250	2806
1720	4	7	160	17260	155
1721	4	7	80	17270	521
1722	3	16	120	17280	1719
1723	5	13	160	17290	6502
1724	5	13	40	17300	4738
1725	6	19	40	17310	6476
1726	6	19	80	17320	4437
1727	1	11	40	17330	1396
1728	1	11	40	17340	2167
1729	3	16	40	17350	6351
1730	4	7	120	17360	103
1731	1	11	80	17370	2345
1732	6	19	120	17380	4120
1733	0	18	40	17390	207
1734	5	13	120	17400	4170
1735	6	19	120	17410	1339
1736	1	11	40	17420	546
1737	1	11	160	17430	9813
1738	4	7	120	17440	318
1739	5	13	80	17450	4096
1740	4	7	80	17460	966
1741	5	13	80	17470	4480
1742	4	7	160	17480	1290
1743	4	7	160	17490	3322
1744	1	11	80	17500	6862
1745	15	0	40	17510	2599
1746	15	0	40	17520	7511
1747	6	19	80	17530	57
1748	4	7	80	17540	2648
1749	6	19	120	17550	1676
1750	1	11	80	17560	1575
1751	6	19	160	17570	2288
1752	1	11	40	17600	7659
1753	0	18	160	17611	12025
1754	4	7	80	17622	4158
1755	6	19	80	17633	6269
1756	15	0	120	17644	7308
1757	6	19	80	17655	796
1758	6	19	120	17666	2913
1759	15	0	80	17677	715
1760	3	16	80	17688	452
1761	5	13	40	17699	9412
1762	0	18	40	17710	16532
1763	4	7	40	17721	665
1764	3	16	80	17732	1346
1765	6	19	160	17743	710
1766	3	16	40	17754	3554
1767	15	0	80	17765	1129
1768	6	19	120	17776	5161
1769	4	7	160	17787	3562
1770	0	18	80	17798	2859
1771	6	19	40	17809	296
1772	4	7	160	17820	14884
1773	1	11	80	17831	613
1774	15	0	40	17842	1367
1775	19	8	80	17853	1812
1776	0	18	120	17864	7494
1777	19	8	160	17875	6151
1778	3	16	80	17886	16311
1779	6	19	40	17897	974
1780	19	8	40	17908	12389
1781	0	18	160	17919	4266
1782	6	19	120	17930	6654
1783	5	13	80	17941	315
1784	0	18	120	17952	2539
1785	15	0	160	17963	3564
1786	19	8	40	17974	3576
1787	6	19	120	18000	4716
1788	5	13	120	18010	2071
1789	15	0	80	18020	7753
1790	19	8	40	18030	2358
1791	4	7	160	18040	11756
1792	5	13	80	18050	2020
1793	5	13	40	18060	9760
1794	1	11	160	18070	3053
1795	15	0	40	18080	1482
1796	4	7	40	18090	4682
1797	19	8	160	18100	522
1798	1	11	80	18110	1304
1799	5	13	80	18120	4283
1800	5	13	160	18130	8797
1801	19	8	120	18140	3675
1802	0	18	160	18150	1367
1803	0	18	120	18160	9000
1804	5	13	80	18170	7126
1805	5	13	80	18180	1172
1806	1	11	160	18190	2464
1807	0	18	160	18200	4957
1808	1	11	160	18210	4326
1809	5	13	160	18220	1325
1810	6	19	120	18230	11597
1811	15	0	160	18240	221
1812	4	7	160	18250	880
1813	19	8	120	18260	1433
1814	15	0	80	18270	937
1815	3	16	80	18280	2399
1816	19	8	80	18290	396
1817	5	13	160	18300	9544
1818	3	16	80	18310	4598
1819	4	7	120	18320	4763
1820	6	19	120	18330	3392
1821	6	19	120	18340	9065
1822	1	11	160	18350	7379
1823	15	0	80	18360	8121
1824	4	7	160	18370	622
1825	6	19	80	18380	3317
1826	0	18	160	18400	4493
1827	15	0	120	18409	260
1828	0	18	120	18418	3749
1829	0	18	40	18427	15611
1830	4	7	80	18436	4490
1831	0	18	160	18445	5148
1832	6	19	80	18454	2827
1833	15	0	40	18463	1576
1834	1	11	40	18472	1584
1835	19	8	120	18481	1746
1836	19	8	40	18490	1824
1837	6	19	40	18499	9905
1838	0	18	40	18508	1120
1839	5	13	80	18517	972
1840	5	13	40	18526	556
1841	19	8	80	18535	8501
1842	4	7	160	18544	128
1843	0	18	120	18553	521
1844	1	11	120	18562	9682
1845	0	18	80	18571	1987
1846	0	18	40	18580	5537
1847	5	13	160	18589	401
1848	6	19	160	18598	4868
1849	19	8	80	18607	345
1850	19	8	160	18616	970
1851	19	8	80	18625	6089
1852	6	19	80	18634	2313
1853	6	19	160	18643	3491
1854	15	0	160	18652	357
1855	15	0	80	18661	19742
1856	15	0	120	18670	5692
1857	3	16	80	18679	2184
1858	5	13	120	18688	5553
1859	15	0	160	18697	1247
1860	4	7	80	18706	3463
1861	4	7	40	18715	2023
1862	19	8	40	18724	430
1863	1	11	120	18733	4572
1864	0	18	120	18742	3739
1865	5	13	160	18751	998
1866	1	11	80	18760	3168
1867	5	13	160	18800	8217
1868	6	19	80	18808	14613
1869	15	0	120	18816	7726
1870	4	7	80	18824	354
1871	1	11	40	18832	786
1872	5	13	120	18840	4358
1873	15	0	160	18848	2519
1874	15	0	80	18856	3340
1875	6	19	40	18864	4699
1876	1	11	120	18872	8004
1877	1	11	80	18880	5088
1878	5	13	120	18888	12642
1879	4	7	120	18896	5585
1880	5	13	80	18904	6731
1881	4	7	40	18912	3463
1882	0	18	160	18920	1778
1883	1	11	40	18928	2982
1884	0	18	80	18936	5783
1885	5	13	40	18944	8932
1886	4	7	120	18952	1340
1887	19	8	80	18960	10338
1888	19	8	80	18968	1098
1889	3	16	160	18976	1627
1890	1	11	40	18984	3613
1891	6	19	120	18992	11638
1892	0	18	80	19000	723
1893	1	11	40	19008	14990
1894	0	18	40	19016	4048
1895	1	11	160	19024	5279
1896	0	18	80	19032	6029
1897	3	16	40	19040	1725
1898	19	8	160	19048	2892
1899	5	13	160	19056	4686
1900	19	8	160	19064	7442
1901	4	7	80	19072	8406
1902	19	8	80	19080	517
1903	15	0	80	19088	7558
1904	4	7	40	19096	24808
1905	6	19	120	19104	150
1906	3	16	120	19112	502
1907	15	0	80	19120	14286
1908	15	0	80	19128	64
1909	0	18	120	19136	2006
1910	5	13	120	19144	547
1911	5	13	80	19152	160
1912	6	19	160	19200	2488
1913	1	11	40	19210	24836
1914	1	11	120	19220	2418
1915	19	8	40	19230	43041
1916	3	16	80	19240	155
1917	15	0	160	19250	3437
1918	0	18	80	19260	9941
1919	5	13	120	19270	5014
1920	1	11	40	19280	11012
1921	1	11	40	19290	3897
1922	5	13	120	19300	3994
1923	3	16	80	19310	4084
1924	6	19	120	19320	1206
1925	6	19	120	19330	599
1926	1	11	160	19340	52
1927	3	16	80	19350	4649
1928	15	0	160	19360	7106
1929	5	13	120	19370	7167
1930	6	19	160	19380	9751
1931	19	8	80	19390	2889
1932	3	16	80	19400	917
1933	19	8	120	19410	1244
1934	5	13	120	19420	9548
1935	1	11	40	19430	11023
1936	5	13	120	19440	2449
1937	1	11	120	19450	2854
1938	6	19	40	19460	2999
1939	3	16	120	19470	5200
1940	1	11	80	19480	5961
1941	5	13	40	19490	1500
1942	0	18	160	19500	9566
1943	19	8	120	19510	7476
1944	15	0	40	19520	923
1945	5	13	120	19530	3243
1946	0	18	160	19540	2633
1947	15	0	80	19550	733
1948	19	8	120	19560	2958
1949	0	18	160	19570	4048
1950	19	8	80	19580	4747
1951	1	11	80	19600	902
1952	1	11	160	19609	2274
1953	3	16	80	19618	6442
1954	4	7	120	19627	5607
1955	6	19	160	19636	1003
1956	15	0	120	19645	1129
1957	5	13	40	19654	2627
1958	1	11	160	19663	3552
1959	15	0	120	19672	7827
1960	5	13	160	19681	96
1961	0	18	40	19690	2254
1962	0	18	80	19699	608
1963	1	11	160	19708	806
1964	3	16	120	19717	2629
1965	5	13	80	19726	3803
1966	3	16	40	19735	7189
1967	6	19	40	19744	871
1968	6	19	80	19753	376
1969	0	18	120	19762	2913
1970	3	16	80	19771	3123
1971	0	18	160	19780	3001
1972	1	11	160	19789	201
1973	6	19	120	19798	838
1974	3	16	40	19807	11244
1975	5	13	40	19816	3906
1976	0	18	40	19825	5007
1977	6	19	160	19834	6165
1978	5	13	40	19843	2273
1979	0	18	160	19852	4880
1980	6	19	120	19861	4280
1981	3	16	80	19870	7471
1982	3	16	160	19879	719
1983	15	0	40	19888	863
1984	6	19	40	19897	596
1985	5	13	120	19906	4961
1986	15	0	120	19915	336
1987	19	8	160	19924	2075
1988	5	13	40	19933	2882
1989	15	0	160	19942	4636
1990	3	16	80	19951	4689
1991	0	18	120	19960	14994
1992	0	18	120	20000	10183
1993	19	8	120	20050	4421
1994	15	0	160	20100	4864
1995	1	11	40	20150	1685
1996	5	13	120	20200	753
1997	19	8	40	20250	5176
1998	5	13	40	20300	1810
1999	0	18	160	20350	3592
