0	1	11	120	0	2213
1	19	8	120	9	1995
2	0	18	120	18	511
3	19	8	60	27	2810
4	19	8	80	36	6063
5	3	16	80	45	22946
6	4	7	160	54	10773
7	15	0	80	63	8652
8	1	11	120	72	403
9	6	19	180	81	10898
10	6	19	160	90	3278
11	1	11	180	99	598
12	1	11	60	108	790
13	3	16	180	117	1415
14	19	8	60	126	8236
15	3	16	60	135	2340
16	1	11	160	144	1702
17	3	16	60	153	4774
18	1	11	180	162	6704
19	4	7	160	171	676
20	5	13	60	180	4026
21	19	8	120	189	7507
22	15	0	160	198	6168
23	6	19	60	207	3963
24	0	18	60	216	20484
25	19	8	80	225	2733
26	0	18	180	234	2908
27	0	18	160	243	4096
28	15	0	180	252	5256
29	3	16	60	261	12522
30	6	19	160	270	8288
31	19	8	120	279	7443
32	3	16	60	288	129
33	4	7	180	297	1225
34	5	13	160	306	57
35	3	16	180	315	6069
36	5	13	160	324	10304
37	1	11	80	333	1165
38	0	18	180	342	13734
39	6	19	120	351	424
40	3	16	120	360	3503
41	5	13	60	400	4999
42	19	8	180	410	575
43	0	18	180	420	6057
44	5	13	120	430	7450
45	19	8	80	440	3448
46	4	7	180	450	4000
47	6	19	80	460	232
48	19	8	160	470	1196
49	5	13	80	480	3437
50	19	8	60	490	7403
51	3	16	80	500	3801
52	5	13	80	510	819
53	1	11	180	520	2918
54	19	8	80	530	1481
55	3	16	60	540	3451
56	0	18	180	550	3733
57	3	16	80	560	2703
58	15	0	60	570	2858
59	19	8	180	580	1343
60	3	16	120	590	2616
61	4	7	180	600	1378
62	0	18	80	610	667
63	19	8	80	620	601
64	0	18	60	630	248
65	6	19	60	640	5020
66	15	0	180	650	453
67	15	0	80	660	9885
68	15	0	80	670	1335
69	5	13	60	680	384
70	15	0	120	690	2927
71	0	18	80	700	394
72	3	16	60	710	5224
73	5	13	80	720	4982
74	1	11	60	730	3394
75	19	8	60	740	10155
76	19	8	160	750	4991
77	15	0	160	760	23
78	1	11	160	770	6129
79	1	11	160	780	2153
80	5	13	120	790	7951
81	3	16	160	800	2466
82	0	18	180	814	1927
83	3	16	120	828	672
84	4	7	60	842	481
85	4	7	120	856	1208
86	4	7	60	870	4305
87	0	18	80	884	2886
88	4	7	160	898	12339
89	1	11	160	912	2291
90	1	11	180	926	764
91	3	16	80	940	2266
92	3	16	80	954	5420
93	1	11	180	968	4588
94	4	7	60	982	3876
95	19	8	120	996	1381
96	4	7	160	1010	3281
97	0	18	120	1024	20762
98	0	18	160	1038	5087
99	15	0	80	1052	556
100	0	18	120	1066	2544
101	6	19	160	1080	5043
102	19	8	60	1094	5925
103	4	7	160	1108	730
104	6	19	180	1122	237
105	19	8	180	1136	5527
106	0	18	60	1150	8625
107	0	18	180	1164	2562
108	0	18	160	1178	11660
109	19	8	80	1200	1967
110	3	16	120	1210	8015
111	3	16	60	1220	3673
112	1	11	160	1230	4915
113	6	19	120	1240	396
114	4	7	120	1250	2194
115	19	8	160	1260	80
116	3	16	180	1270	9593
117	15	0	180	1280	27865
118	5	13	80	1290	106
119	6	19	160	1300	6431
120	3	16	60	1310	229
121	15	0	160	1320	3597
122	3	16	120	1330	13003
123	5	13	120	1340	7525
124	4	7	80	1350	9991
125	5	13	60	1360	361
126	6	19	60	1370	1734
127	1	11	80	1380	191
128	1	11	80	1390	384
129	3	16	160	1400	1314
130	4	7	80	1410	1793
131	19	8	60	1420	5069
132	15	0	180	1430	1348
133	3	16	80	1440	4247
134	0	18	60	1450	11650
135	15	0	180	1460	633
136	4	7	160	1470	4654
137	6	19	80	1480	970
138	5	13	160	1490	408
139	5	13	60	1500	1813
140	4	7	80	1510	1888
141	3	16	60	1520	823
142	19	8	120	1530	3359
143	4	7	120	1540	3336
144	19	8	80	1550	3384
145	15	0	160	1560	3405
146	0	18	120	1570	5167
147	6	19	160	1580	4173
148	6	19	120	1600	1205
149	4	7	80	1609	3672
150	5	13	120	1618	1930
151	6	19	180	1627	3290
152	5	13	60	1636	13801
153	4	7	60	1645	10105
154	5	13	80	1654	307
155	3	16	180	1663	8398
156	3	16	60	1672	5631
157	4	7	120	1681	10362
158	19	8	120	1690	1146
159	1	11	160	1699	14193
160	1	11	180	1708	2023
161	15	0	180	1717	7270
162	19	8	160	1726	1921
163	15	0	60	1735	4383
164	5	13	180	1744	110
165	4	7	80	1753	634
166	5	13	80	1762	1510
167	15	0	120	1771	218
168	5	13	120	1780	643
169	5	13	160	1789	1290
170	4	7	60	1798	1615
171	6	19	160	1807	4732
172	3	16	60	1816	9290
173	0	18	60	1825	4334
174	3	16	80	1834	2201
175	19	8	180	1843	8154
176	15	0	60	1852	101
177	19	8	60	1861	2013
178	6	19	80	1870	1295
179	5	13	120	1879	1689
180	4	7	160	1888	1792
181	19	8	80	1897	4872
182	4	7	180	1906	6175
183	6	19	60	1915	2700
184	6	19	60	1924	9098
185	15	0	80	1933	6450
186	4	7	180	1942	5548
187	3	16	180	1951	1824
188	6	19	60	1960	3472
189	15	0	60	2000	282
190	5	13	160	2008	1984
191	0	18	60	2016	5752
192	6	19	180	2024	13566
193	3	16	180	2032	537
194	3	16	80	2040	13708
195	5	13	80	2048	3095
196	4	7	120	2056	6531
197	1	11	120	2064	9308
198	19	8	120	2072	3093
199	4	7	180	2080	2208
200	3	16	120	2088	1197
201	3	16	60	2096	4459
202	0	18	80	2104	2764
203	1	11	160	2112	16646
204	19	8	80	2120	1251
205	19	8	180	2128	4674
206	3	16	160	2136	4299
207	5	13	60	2144	1464
208	1	11	160	2152	2746
209	5	13	120	2160	913
210	5	13	160	2168	7657
211	4	7	180	2176	1784
212	15	0	60	2184	4180
213	4	7	180	2192	9397
214	15	0	60	2200	3767
215	1	11	120	2208	4721
216	4	7	60	2216	209
217	3	16	120	2224	8846
218	0	18	60	2232	5854
219	6	19	160	2240	1027
220	0	18	80	2248	2020
221	1	11	120	2256	11851
222	0	18	80	2264	2561
223	15	0	80	2272	335
224	0	18	180	2280	8641
225	4	7	180	2288	3372
226	19	8	160	2296	5197
227	19	8	60	2304	5987
228	6	19	180	2312	4738
229	6	19	60	2320	8632
230	6	19	80	2328	269
231	5	13	160	2336	522
232	19	8	160	2344	7777
233	1	11	80	2352	7653
234	1	11	180	2360	359
235	1	11	120	2368	4672
236	19	8	180	2400	918
237	3	16	60	2408	6478
238	6	19	160	2416	1005
239	15	0	60	2424	932
240	4	7	120	2432	612
241	15	0	180	2440	2344
242	1	11	60	2448	8143
243	1	11	160	2456	1886
244	1	11	120	2464	971
245	0	18	160	2472	127
246	3	16	180	2480	485
247	1	11	180	2488	255
248	5	13	180	2496	2900
249	0	18	160	2504	1284
250	0	18	80	2512	2675
251	0	18	180	2520	9821
252	0	18	80	2528	574
253	1	11	180	2536	1496
254	4	7	120	2544	112
255	0	18	180	2552	1486
256	1	11	160	2560	888
257	3	16	60	2568	2168
258	0	18	160	2576	420
259	5	13	80	2584	4802
260	19	8	80	2592	13069
261	4	7	160	2600	8566
262	15	0	60	2608	3792
263	4	7	160	2616	3790
264	19	8	80	2624	598
265	19	8	180	2632	5237
266	4	7	80	2640	2795
267	5	13	180	2648	6357
268	1	11	180	2656	6829
269	6	19	120	2664	10152
270	3	16	160	2672	2675
271	0	18	60	2680	1146
272	5	13	180	2688	4411
273	3	16	180	2696	3290
274	1	11	60	2704	353
275	1	11	120	2712	12225
276	19	8	80	2720	328
277	19	8	160	2728	407
278	5	13	160	2736	8006
279	19	8	60	2744	7681
280	0	18	180	2752	2430
281	15	0	160	2760	4380
282	4	7	80	2768	1206
283	6	19	60	2776	2174
284	6	19	160	2800	2022
285	5	13	80	2808	654
286	4	7	80	2816	17934
287	6	19	180	2824	3148
288	15	0	160	2832	6964
289	1	11	60	2840	5976
290	19	8	180	2848	2692
291	6	19	160	2856	6179
292	1	11	80	2864	4847
293	0	18	120	2872	2964
294	15	0	160	2880	1129
295	0	18	180	2888	1201
296	0	18	160	2896	7113
297	15	0	120	2904	1189
298	1	11	80	2912	1082
299	3	16	120	2920	2658
300	6	19	120	2928	3006
301	6	19	60	2936	1532
302	19	8	180	2944	1114
303	19	8	120	2952	3613
304	6	19	60	2960	6186
305	0	18	80	2968	1090
306	5	13	60	2976	1129
307	15	0	120	2984	3405
308	0	18	160	2992	1032
309	1	11	60	3000	310
310	0	18	160	3008	1052
311	1	11	180	3016	431
312	6	19	120	3024	3226
313	1	11	120	3032	1130
314	4	7	120	3040	1116
315	1	11	160	3048	1405
316	19	8	80	3056	3893
317	1	11	60	3064	858
318	15	0	180	3072	970
319	4	7	180	3080	17712
320	4	7	160	3088	5408
321	6	19	120	3096	12683
322	15	0	60	3104	14201
323	0	18	180	3112	176
324	6	19	120	3120	2256
325	6	19	180	3128	4828
326	15	0	160	3136	3165
327	4	7	80	3144	625
328	4	7	80	3152	1511
329	0	18	60	3160	6975
330	1	11	160	3168	519
331	1	11	180	3176	6897
332	6	19	80	3184	7858
333	3	16	80	3200	1907
334	3	16	160	3209	1572
335	4	7	160	3218	589
336	15	0	160	3227	2195
337	4	7	160	3236	4381
338	19	8	180	3245	4002
339	5	13	120	3254	689
340	19	8	60	3263	9411
341	6	19	180	3272	2148
342	6	19	60	3281	1527
343	5	13	160	3290	5543
344	1	11	120	3299	3142
345	15	0	180	3308	1961
346	19	8	80	3317	1061
347	0	18	160	3326	2435
348	6	19	180	3335	1312
349	6	19	60	3344	11957
350	1	11	120	3353	4056
351	15	0	160	3362	4064
352	0	18	120	3371	170
353	15	0	120	3380	1145
354	15	0	180	3389	5454
355	19	8	60	3398	3378
356	19	8	60	3407	1704
357	19	8	180	3416	892
358	3	16	180	3425	715
359	19	8	60	3434	359
360	1	11	120	3443	4707
361	0	18	160	3452	427
362	4	7	80	3461	1196
363	19	8	160	3470	2058
364	19	8	120	3479	12225
365	15	0	160	3488	2108
366	4	7	120	3497	1111
367	3	16	60	3506	766
368	15	0	180	3515	10159
369	0	18	160	3524	450
370	4	7	180	3533	8283
371	4	7	160	3542	12546
372	1	11	60	3551	3290
373	1	11	80	3560	235
374	4	7	180	3569	347
375	15	0	160	3600	1576
376	0	18	80	3608	4093
377	1	11	80	3616	1001
378	15	0	120	3624	2764
379	15	0	160	3632	177
380	6	19	160	3640	2523
381	15	0	180	3648	380
382	15	0	120	3656	8009
383	6	19	60	3664	1816
384	19	8	120	3672	832
385	3	16	60	3680	2645
386	0	18	120	3688	6057
387	19	8	180	3696	3774
388	4	7	80	3704	4031
389	4	7	120	3712	5622
390	4	7	160	3720	6243
391	15	0	160	3728	1006
392	1	11	160	3736	2787
393	19	8	160	3744	3161
394	4	7	60	3752	2513
395	19	8	80	3760	6509
396	1	11	160	3768	683
397	6	19	80	3776	9867
398	6	19	80	3784	6376
399	3	16	160	3792	577
400	3	16	80	3800	626
401	6	19	60	3808	242
402	1	11	180	3816	3062
403	5	13	80	3824	760
404	3	16	80	3832	315
405	6	19	180	3840	4566
406	5	13	120	3848	322
407	19	8	60	3856	16647
408	3	16	160	3864	725
409	0	18	60	3872	2168
410	15	0	160	3880	10620
411	15	0	160	3888	536
412	0	18	120	3896	4830
413	4	7	80	3904	512
414	3	16	120	3912	3850
415	3	16	120	3920	3675
416	1	11	80	3928	1078
417	6	19	60	3936	8960
418	0	18	60	3944	964
419	5	13	120	3952	2532
420	15	0	60	3960	3973
421	5	13	160	4000	3995
422	15	0	160	4009	3099
423	4	7	80	4018	727
424	6	19	60	4027	1522
425	5	13	60	4036	4217
426	3	16	180	4045	2425
427	3	16	120	4054	57
428	6	19	80	4063	3573
429	5	13	120	4072	1311
430	6	19	60	4081	738
431	4	7	180	4090	5170
432	5	13	60	4099	2210
433	5	13	180	4108	1813
434	5	13	80	4117	9150
435	0	18	120	4126	2104
436	6	19	60	4135	3245
437	3	16	60	4144	4708
438	4	7	160	4153	1365
439	1	11	160	4162	2831
440	15	0	120	4171	2086
441	1	11	80	4180	6351
442	6	19	80	4189	2355
443	4	7	80	4198	976
444	6	19	180	4207	6973
445	6	19	180	4216	4368
446	15	0	80	4225	2946
447	15	0	80	4234	1923
448	6	19	60	4243	10533
449	0	18	120	4252	8022
450	6	19	180	4261	3350
451	4	7	120	4270	1223
452	6	19	80	4279	4826
453	0	18	180	4288	1588
454	5	13	120	4297	2810
455	15	0	160	4306	2880
456	15	0	80	4315	2931
457	6	19	120	4324	1839
458	19	8	60	4333	7770
459	6	19	60	4342	2207
460	4	7	180	4351	1024
461	3	16	60	4360	260
462	1	11	180	4400	2001
463	6	19	60	4409	8694
464	3	16	60	4418	1149
465	4	7	160	4427	913
466	1	11	160	4436	4830
467	5	13	120	4445	1641
468	15	0	60	4454	1002
469	1	11	60	4463	938
470	6	19	120	4472	185
471	19	8	60	4481	3145
472	1	11	80	4490	3708
473	15	0	120	4499	4911
474	15	0	180	4508	258
475	5	13	180	4517	7182
476	15	0	80	4526	826
477	3	16	120	4535	1558
478	15	0	120	4544	1669
479	19	8	80	4553	4222
480	15	0	160	4562	558
481	4	7	160	4571	302
482	6	19	80	4580	360
483	6	19	180	4589	5168
484	19	8	120	4598	4984
485	1	11	120	4607	9422
486	6	19	160	4616	99
487	4	7	80	4625	406
488	0	18	80	4634	7857
489	15	0	120	4643	1945
490	1	11	60	4652	8814
491	19	8	120	4661	828
492	4	7	60	4670	7210
493	15	0	160	4679	8010
494	15	0	160	4688	1320
495	4	7	120	4697	1683
496	0	18	120	4706	2056
497	0	18	60	4715	3272
498	1	11	60	4724	13607
499	1	11	60	4733	3879
500	4	7	80	4742	13232
501	1	11	160	4751	816
502	19	8	80	4760	697
503	4	7	60	4769	5079
504	4	7	180	4778	6860
505	6	19	180	4787	91
506	1	11	60	4800	4305
507	15	0	160	4807	20287
508	1	11	180	4814	1232
509	0	18	160	4821	4444
510	19	8	80	4828	1581
511	5	13	180	4835	876
512	19	8	60	4842	110
513	19	8	180	4849	915
514	19	8	120	4856	1391
515	19	8	80	4863	664
516	6	19	180	4870	15056
517	5	13	180	4877	4414
518	6	19	160	4884	763
519	1	11	120	4891	1690
520	6	19	180	4898	791
521	6	19	80	4905	3709
522	5	13	80	4912	2591
523	0	18	120	4919	7243
524	19	8	60	4926	1539
525	15	0	60	4933	7814
526	5	13	60	4940	4943
527	4	7	160	4947	5378
528	0	18	180	4954	2219
529	3	16	120	4961	5079
530	4	7	120	4968	2262
531	6	19	60	4975	3955
532	1	11	120	4982	1760
533	5	13	80	4989	5098
534	5	13	60	4996	4666
535	5	13	60	5003	11649
536	5	13	80	5010	9760
537	1	11	60	5017	1829
538	1	11	180	5024	9427
539	3	16	160	5031	4680
540	19	8	80	5038	1129
541	19	8	60	5045	125
542	3	16	80	5052	7123
543	19	8	160	5059	837
544	15	0	80	5066	241
545	6	19	80	5073	4721
546	19	8	80	5080	696
547	4	7	60	5087	3982
548	19	8	80	5094	3386
549	15	0	120	5101	548
550	15	0	120	5108	1827
551	5	13	120	5115	5291
552	4	7	120	5122	1943
553	0	18	120	5129	3891
554	5	13	80	5136	2328
555	6	19	180	5143	1779
556	6	19	120	5150	4921
557	15	0	160	5157	1563
558	5	13	180	5200	2041
559	5	13	180	5207	13061
560	1	11	160	5214	1503
561	15	0	120	5221	10094
562	6	19	180	5228	3356
563	15	0	120	5235	3158
564	5	13	80	5242	1091
565	1	11	60	5249	4796
566	3	16	120	5256	7348
567	3	16	180	5263	1466
568	4	7	180	5270	2903
569	3	16	80	5277	1712
570	3	16	180	5284	1099
571	4	7	160	5291	3764
572	3	16	60	5298	5759
573	4	7	180	5305	2648
574	1	11	80	5312	415
575	6	19	180	5319	643
576	4	7	180	5326	5928
577	5	13	160	5333	1358
578	1	11	80	5340	6016
579	1	11	180	5347	3940
580	15	0	160	5354	4796
581	1	11	60	5361	328
582	5	13	120	5368	736
583	3	16	80	5375	1413
584	5	13	180	5382	1738
585	19	8	180	5389	4794
586	3	16	160	5396	1114
587	1	11	180	5403	5297
588	0	18	60	5410	1309
589	15	0	60	5417	1599
590	15	0	120	5424	1086
591	6	19	120	5431	3559
592	5	13	60	5438	13686
593	6	19	60	5445	11491
594	0	18	180	5452	1888
595	1	11	180	5459	1578
596	1	11	60	5466	2487
597	5	13	180	5473	1344
598	4	7	80	5480	11998
599	5	13	60	5487	1786
600	4	7	160	5494	7645
601	5	13	120	5501	7663
602	0	18	60	5508	485
603	5	13	180	5515	1008
604	4	7	120	5522	8752
605	3	16	180	5529	5657
606	3	16	120	5536	14106
607	0	18	160	5543	9237
608	15	0	80	5550	2963
609	15	0	80	5557	1384
610	3	16	180	5600	3529
611	1	11	160	5610	2178
612	6	19	120	5620	3156
613	3	16	60	5630	5932
614	6	19	60	5640	1222
615	0	18	160	5650	1068
616	3	16	180	5660	5571
617	4	7	120	5670	1259
618	3	16	160	5680	860
619	6	19	80	5690	3109
620	19	8	120	5700	2431
621	1	11	120	5710	451
622	3	16	180	5720	112
623	5	13	180	5730	825
624	4	7	180	5740	467
625	6	19	120	5750	4210
626	19	8	120	5760	4113
627	5	13	180	5770	6850
628	3	16	60	5780	456
629	19	8	80	5790	5923
630	5	13	160	5800	4628
631	19	8	60	5810	2672
632	0	18	80	5820	1648
633	5	13	60	5830	2162
634	15	0	60	5840	5957
635	1	11	80	5850	7475
636	0	18	180	5860	13356
637	19	8	160	5870	11619
638	15	0	180	5880	2109
639	1	11	60	5890	3620
640	5	13	120	5900	5204
641	3	16	60	5910	1676
642	3	16	120	5920	946
643	3	16	160	5930	17264
644	5	13	60	5940	5440
645	6	19	180	5950	6813
646	0	18	180	5960	177
647	3	16	60	5970	863
648	19	8	180	6000	4559
649	0	18	60	6008	612
650	19	8	60	6016	3417
651	15	0	160	6024	856
652	1	11	80	6032	385
653	6	19	60	6040	2109
654	6	19	160	6048	9403
655	3	16	80	6056	5472
656	3	16	120	6064	6973
657	4	7	80	6072	10516
658	0	18	180	6080	477
659	15	0	180	6088	1081
660	4	7	80	6096	486
661	6	19	120	6104	654
662	6	19	120	6112	6296
663	19	8	60	6120	5557
664	3	16	160	6128	3734
665	4	7	180	6136	416
666	0	18	120	6144	343
667	0	18	120	6152	548
668	5	13	60	6160	26271
669	5	13	180	6168	2162
670	19	8	180	6176	1258
671	3	16	80	6184	6568
672	6	19	120	6192	7874
673	1	11	120	6200	3645
674	0	18	180	6208	6698
675	6	19	120	6216	479
676	15	0	180	6224	9051
677	0	18	60	6232	167
678	0	18	160	6240	2341
679	15	0	60	6248	1383
680	6	19	120	6256	3740
681	5	13	120	6264	2378
682	6	19	60	6272	600
683	1	11	180	6280	13519
684	0	18	80	6288	882
685	6	19	180	6296	2715
686	6	19	160	6304	2012
687	4	7	80	6312	10518
688	19	8	80	6320	2877
689	5	13	180	6328	117
690	19	8	160	6336	83
691	6	19	120	6344	149
692	15	0	160	6352	7151
693	0	18	180	6360	759
694	6	19	160	6368	2623
695	19	8	180	6376	3439
696	5	13	120	6384	3190
697	4	7	120	6392	2464
698	19	8	180	6400	1910
699	1	11	80	6412	4137
700	6	19	120	6424	5322
701	19	8	120	6436	9880
702	15	0	60	6448	870
703	4	7	180	6460	1218
704	1	11	80	6472	8224
705	6	19	160	6484	5845
706	1	11	60	6496	1616
707	0	18	160	6508	2724
708	5	13	80	6520	3636
709	0	18	80	6532	6274
710	4	7	80	6544	7575
711	3	16	80	6556	6129
712	3	16	160	6568	2652
713	3	16	180	6580	6861
714	1	11	120	6592	3970
715	19	8	160	6604	4390
716	19	8	80	6616	46
717	5	13	160	6628	7014
718	19	8	180	6640	3218
719	5	13	160	6652	484
720	6	19	60	6664	4861
721	6	19	60	6676	670
722	1	11	60	6688	3819
723	19	8	80	6700	13964
724	5	13	60	6712	2022
725	1	11	120	6724	1062
726	4	7	120	6736	14555
727	5	13	120	6748	4651
728	4	7	160	6760	497
729	1	11	180	6800	1075
730	0	18	60	6808	3315
731	4	7	120	6816	2290
732	0	18	60	6824	4331
733	19	8	120	6832	6409
734	1	11	160	6840	3254
735	6	19	60	6848	4711
736	15	0	120	6856	1164
737	3	16	60	6864	8378
738	0	18	160	6872	394
739	4	7	120	6880	2248
740	5	13	180	6888	698
741	6	19	60	6896	9270
742	15	0	60	6904	1606
743	15	0	60	6912	5110
744	0	18	120	6920	791
745	6	19	120	6928	1080
746	3	16	180	6936	3211
747	5	13	160	6944	50
748	15	0	120	6952	3137
749	15	0	180	6960	6744
750	19	8	120	6968	3331
751	0	18	160	6976	5131
752	5	13	160	6984	9510
753	4	7	80	6992	1234
754	4	7	60	7000	11334
755	19	8	80	7008	3483
756	6	19	80	7016	1428
757	15	0	160	7024	1025
758	15	0	180	7032	8028
759	19	8	180	7040	4073
760	1	11	80	7048	6326
761	5	13	120	7056	4143
762	5	13	180	7064	1892
763	4	7	80	7072	1793
764	19	8	60	7080	1036
765	0	18	180	7088	2134
766	3	16	60	7096	523
767	4	7	60	7104	4635
768	1	11	80	7112	1222
769	4	7	120	7120	11081
770	0	18	80	7128	2136
771	6	19	60	7136	578
772	4	7	60	7144	5281
773	5	13	80	7152	523
774	19	8	180	7160	12299
775	0	18	60	7200	6475
776	19	8	60	7211	6939
777	3	16	60	7222	8970
778	19	8	160	7233	6242
779	19	8	160	7244	698
780	19	8	120	7255	4573
781	19	8	180	7266	12988
782	15	0	60	7277	621
783	6	19	180	7288	1439
784	3	16	80	7299	4442
785	19	8	80	7310	7347
786	19	8	160	7321	3009
787	5	13	180	7332	2015
788	4	7	80	7343	7789
789	1	11	80	7354	14813
790	0	18	180	7365	1988
791	19	8	160	7376	106
792	4	7	80	7387	45
793	0	18	180	7398	2428
794	1	11	60	7409	4038
795	0	18	80	7420	2896
796	0	18	80	7431	2973
797	4	7	160	7442	13948
798	15	0	180	7453	2717
799	0	18	160	7464	5810
800	3	16	80	7475	484
801	19	8	160	7486	8033
802	3	16	80	7497	5533
803	3	16	180	7508	3727
804	6	19	160	7519	2049
805	3	16	80	7530	2252
806	5	13	160	7541	18323
807	0	18	80	7552	6138
808	4	7	80	7563	1494
809	4	7	60	7574	600
810	0	18	60	7585	5671
811	3	16	60	7600	2086
812	19	8	60	7611	2291
813	19	8	80	7622	4887
814	0	18	80	7633	12644
815	3	16	120	7644	7164
816	15	0	120	7655	2782
817	19	8	60	7666	311
818	0	18	180	7677	4693
819	0	18	180	7688	1961
820	1	11	60	7699	8642
821	6	19	80	7710	5191
822	0	18	160	7721	7059
823	0	18	180	7732	1358
824	4	7	120	7743	3155
825	1	11	120	7754	1960
826	1	11	180	7765	526
827	3	16	80	7776	1302
828	4	7	60	7787	2670
829	19	8	160	7798	2309
830	0	18	160	7809	1299
831	5	13	120	7820	7701
832	5	13	60	7831	2048
833	19	8	60	7842	96
834	5	13	80	7853	189
835	19	8	180	7864	6758
836	5	13	120	7875	952
837	4	7	60	7886	3085
838	0	18	60	7897	9260
839	0	18	180	7908	1098
840	3	16	160	7919	7613
841	19	8	120	7930	5454
842	1	11	120	7941	350
843	19	8	80	7952	5064
844	1	11	80	7963	981
845	6	19	160	8000	16853
846	0	18	160	8008	3568
847	5	13	60	8016	1460
848	0	18	120	8024	2751
849	15	0	160	8032	6485
850	1	11	160	8040	56
851	1	11	60	8048	2388
852	3	16	180	8056	1306
853	15	0	60	8064	445
854	19	8	160	8072	8524
855	6	19	60	8080	1958
856	19	8	180	8088	150
857	3	16	80	8096	2474
858	19	8	120	8104	249
859	5	13	60	8112	54
860	0	18	120	8120	1467
861	3	16	80	8128	4976
862	6	19	60	8136	1411
863	4	7	160	8144	8261
864	4	7	80	8152	7918
865	5	13	160	8160	9356
866	15	0	60	8168	22
867	0	18	180	8176	2125
868	3	16	180	8184	4303
869	0	18	80	8192	613
870	15	0	180	8200	3884
871	3	16	80	8208	13254
872	15	0	60	8216	762
873	0	18	180	8224	2395
874	6	19	60	8232	3077
875	3	16	120	8240	605
876	5	13	160	8248	4119
877	0	18	120	8256	469
878	15	0	160	8264	292
879	15	0	180	8272	3287
880	0	18	180	8280	6381
881	5	13	180	8288	6804
882	3	16	160	8296	6066
883	5	13	120	8304	4617
884	6	19	180	8312	2210
885	19	8	160	8320	7035
886	1	11	160	8328	3427
887	6	19	180	8336	1400
888	19	8	120	8344	615
889	19	8	80	8352	4306
890	0	18	60	8360	6027
891	3	16	60	8400	5554
892	5	13	160	8410	2593
893	5	13	180	8420	8747
894	19	8	120	8430	10811
895	0	18	80	8440	599
896	1	11	80	8450	2368
897	6	19	160	8460	946
898	5	13	180	8470	7756
899	6	19	160	8480	1507
900	15	0	160	8490	15544
901	0	18	160	8500	784
902	3	16	60	8510	4164
903	0	18	80	8520	1755
904	19	8	180	8530	798
905	19	8	120	8540	206
906	3	16	60	8550	1292
907	3	16	180	8560	7044
908	1	11	60	8570	3364
909	5	13	60	8580	5400
910	1	11	80	8590	5452
911	19	8	120	8600	10431
912	4	7	160	8610	1982
913	0	18	120	8620	2773
914	4	7	80	8630	975
915	4	7	120	8640	2690
916	0	18	160	8650	10709
917	0	18	160	8660	3793
918	6	19	180	8670	2381
919	5	13	160	8680	138
920	3	16	60	8690	1590
921	1	11	80	8700	4956
922	0	18	120	8710	1256
923	3	16	120	8720	33811
924	19	8	80	8730	1808
925	4	7	180	8740	8184
926	15	0	160	8750	2666
927	3	16	60	8760	1346
928	0	18	120	8770	2915
929	5	13	180	8780	2026
930	0	18	80	8790	4731
931	15	0	180	8800	2264
932	4	7	120	8810	1174
933	1	11	180	8820	5649
934	19	8	80	8830	3479
935	0	18	60	8840	3861
936	3	16	160	8850	748
937	1	11	120	8860	2215
938	5	13	120	8870	2802
939	15	0	120	8880	1874
940	5	13	120	8890	3208
941	19	8	160	8900	5502
942	4	7	180	8910	5186
943	4	7	120	8920	2055
944	15	0	180	8930	9865
945	1	11	120	8940	7644
946	15	0	80	8950	1783
947	4	7	60	8960	15083
948	0	18	120	8970	4451
949	5	13	180	8980	2343
950	0	18	160	8990	932
951	1	11	120	9000	7190
952	19	8	180	9010	5742
953	0	18	80	9020	6904
954	3	16	160	9030	17028
955	6	19	120	9040	1253
956	19	8	80	9050	9562
957	19	8	160	9060	4166
958	0	18	180	9070	19028
959	5	13	180	9080	1485
960	0	18	160	9090	3318
961	19	8	60	9100	18544
962	3	16	120	9110	1487
963	6	19	80	9120	751
964	5	13	160	9130	193
965	3	16	120	9140	1494
966	4	7	180	9150	4456
967	1	11	180	9160	4024
968	0	18	80	9170	10060
969	4	7	80	9180	3637
970	1	11	180	9190	1536
971	15	0	60	9200	2820
972	4	7	60	9211	461
973	15	0	80	9222	309
974	19	8	60	9233	2635
975	4	7	80	9244	3477
976	6	19	80	9255	16504
977	6	19	60	9266	8092
978	5	13	160	9277	353
979	15	0	160	9288	2867
980	6	19	120	9299	2861
981	4	7	120	9310	2849
982	3	16	120	9321	3812
983	5	13	120	9332	308
984	4	7	60	9343	841
985	15	0	160	9354	7843
986	15	0	180	9365	4437
987	4	7	60	9376	2265
988	19	8	60	9387	5889
989	3	16	180	9398	1495
990	0	18	160	9409	4961
991	3	16	60	9420	2964
992	1	11	120	9431	2276
993	0	18	160	9442	860
994	15	0	160	9453	6650
995	6	19	120	9464	3295
996	5	13	80	9475	2296
997	15	0	160	9486	3240
998	15	0	160	9497	1751
999	4	7	120	9508	3697
1000	15	0	160	9519	795
1001	6	19	120	9530	5169
1002	4	7	180	9541	238
1003	6	19	80	9552	308
1004	3	16	60	9563	531
1005	3	16	120	9574	4842
1006	15	0	120	9585	5170
1007	1	11	160	9600	4653
1008	0	18	80	9611	1659
1009	19	8	120	9622	2076
1010	19	8	60	9633	1343
1011	3	16	80	9644	166
1012	3	16	60	9655	3306
1013	1	11	80	9666	2613
1014	19	8	120	9677	6422
1015	6	19	80	9688	223
1016	6	19	120	9699	1885
1017	15	0	180	9710	1078
1018	1	11	60	9721	15995
1019	6	19	60	9732	832
1020	4	7	120	9743	4104
1021	19	8	160	9754	1093
1022	3	16	160	9765	7974
1023	6	19	120	9776	3738
1024	3	16	120	9787	8703
1025	19	8	160	9798	6348
1026	5	13	160	9809	298
1027	3	16	120	9820	9878
1028	0	18	160	9831	1226
1029	3	16	120	9842	10163
1030	15	0	180	9853	621
1031	19	8	160	9864	2238
1032	15	0	80	9875	2879
1033	1	11	60	9886	2626
1034	0	18	60	9897	1610
1035	19	8	60	9908	6159
1036	0	18	120	9919	2404
1037	5	13	80	9930	3108
1038	1	11	120	9941	11965
1039	1	11	120	9952	2674
1040	0	18	80	9963	574
1041	6	19	80	9974	16218
1042	4	7	180	9985	390
1043	19	8	160	10000	1820
1044	4	7	160	10010	107
1045	15	0	120	10020	4435
1046	19	8	60	10030	12980
1047	19	8	80	10040	12336
1048	1	11	80	10050	2005
1049	1	11	80	10060	5643
1050	19	8	60	10070	820
1051	15	0	120	10080	894
1052	6	19	120	10090	3409
1053	0	18	160	10100	729
1054	19	8	180	10110	13045
1055	15	0	180	10120	11324
1056	3	16	160	10130	7910
1057	6	19	120	10140	2395
1058	4	7	160	10150	831
1059	3	16	80	10160	1595
1060	15	0	180	10170	3977
1061	4	7	180	10180	6643
1062	0	18	60	10190	2203
1063	15	0	160	10200	2167
1064	0	18	120	10210	1210
1065	0	18	120	10220	7769
1066	4	7	180	10230	2999
1067	1	11	180	10240	337
1068	1	11	60	10250	642
1069	19	8	80	10260	54
1070	6	19	160	10270	3690
1071	1	11	60	10280	7220
1072	5	13	80	10290	1350
1073	0	18	120	10300	2725
1074	6	19	160	10310	222
1075	15	0	80	10320	4302
1076	5	13	180	10330	632
1077	3	16	180	10340	2758
1078	3	16	160	10350	3476
1079	4	7	180	10360	975
1080	19	8	160	10370	7194
1081	5	13	120	10400	501
1082	0	18	80	10409	2945
1083	19	8	80	10418	2836
1084	3	16	120	10427	5323
1085	19	8	120	10436	11495
1086	3	16	60	10445	7725
1087	15	0	160	10454	1701
1088	1	11	60	10463	2933
1089	3	16	60	10472	1979
1090	6	19	80	10481	10309
1091	3	16	60	10490	4
1092	1	11	120	10499	1739
1093	19	8	80	10508	3879
1094	3	16	160	10517	7797
1095	6	19	120	10526	1565
1096	5	13	80	10535	3276
1097	6	19	60	10544	4491
1098	19	8	60	10553	441
1099	4	7	80	10562	745
1100	3	16	160	10571	615
1101	15	0	60	10580	8481
1102	15	0	60	10589	6557
1103	3	16	180	10598	1916
1104	4	7	120	10607	666
1105	15	0	180	10616	1722
1106	3	16	60	10625	9810
1107	5	13	60	10634	331
1108	4	7	180	10643	477
1109	1	11	160	10652	1442
1110	1	11	60	10661	6333
1111	0	18	160	10670	1806
1112	3	16	160	10679	8157
1113	19	8	160	10688	14198
1114	4	7	120	10697	2728
1115	1	11	80	10706	2872
1116	3	16	120	10715	1363
1117	1	11	160	10724	9885
1118	4	7	80	10733	4590
1119	1	11	60	10742	1528
1120	15	0	120	10751	6
1121	6	19	60	10760	798
1122	19	8	160	10769	3295
1123	19	8	60	10778	5675
1124	3	16	180	10800	375
1125	3	16	160	10813	3678
1126	19	8	120	10826	2638
1127	6	19	60	10839	4382
1128	6	19	160	10852	4046
1129	19	8	80	10865	5241
1130	1	11	180	10878	420
1131	19	8	160	10891	2552
1132	4	7	180	10904	2001
1133	19	8	80	10917	2114
1134	1	11	80	10930	307
1135	1	11	120	10943	12356
1136	15	0	80	10956	1494
1137	15	0	120	10969	605
1138	4	7	160	10982	1750
1139	4	7	120	10995	1949
1140	5	13	80	11008	120
1141	6	19	180	11021	5975
1142	3	16	160	11034	1065
1143	0	18	80	11047	978
1144	0	18	180	11060	3621
1145	5	13	160	11073	3289
1146	0	18	80	11086	563
1147	1	11	180	11099	1920
1148	5	13	160	11112	540
1149	1	11	80	11125	1694
1150	3	16	180	11138	142
1151	3	16	120	11151	4127
1152	1	11	180	11164	19335
1153	6	19	60	11200	6186
1154	6	19	180	11210	737
1155	6	19	160	11220	13025
1156	15	0	120	11230	1535
1157	19	8	180	11240	196
1158	0	18	60	11250	1375
1159	1	11	180	11260	3214
1160	15	0	80	11270	8067
1161	6	19	60	11280	1141
1162	15	0	80	11290	2341
1163	4	7	160	11300	1926
1164	19	8	160	11310	907
1165	3	16	120	11320	1560
1166	5	13	180	11330	13989
1167	4	7	80	11340	2459
1168	15	0	120	11350	9106
1169	1	11	60	11360	3106
1170	4	7	60	11370	894
1171	5	13	60	11380	642
1172	15	0	180	11390	3294
1173	19	8	160	11400	1408
1174	5	13	160	11410	1358
1175	0	18	120	11420	1025
1176	4	7	80	11430	11761
1177	19	8	80	11440	1687
1178	19	8	80	11450	708
1179	6	19	80	11460	3011
1180	3	16	80	11470	2539
1181	15	0	160	11480	428
1182	0	18	80	11490	3099
1183	4	7	80	11500	1375
1184	6	19	120	11510	4755
1185	15	0	80	11520	2436
1186	6	19	180	11530	2612
1187	6	19	160	11540	3732
1188	3	16	120	11550	1109
1189	4	7	160	11560	477
1190	4	7	60	11570	4039
1191	19	8	120	11580	1225
1192	6	19	120	11600	7574
1193	1	11	180	11608	6481
1194	5	13	80	11616	2926
1195	19	8	80	11624	6081
1196	15	0	120	11632	1615
1197	15	0	60	11640	7632
1198	0	18	160	11648	56
1199	6	19	80	11656	1272
1200	0	18	160	11664	3575
1201	5	13	60	11672	4459
1202	4	7	80	11680	2646
1203	3	16	160	11688	3531
1204	15	0	80	11696	626
1205	6	19	160	11704	8702
1206	5	13	160	11712	344
1207	1	11	60	11720	4753
1208	1	11	80	11728	2765
1209	5	13	80	11736	11411
1210	3	16	80	11744	57
1211	15	0	60	11752	14675
1212	0	18	160	11760	8667
1213	4	7	160	11768	5742
1214	19	8	160	11776	343
1215	0	18	120	11784	5798
1216	5	13	160	11792	4936
1217	3	16	60	11800	659
1218	15	0	60	11808	4644
1219	0	18	120	11816	5493
1220	5	13	160	11824	7416
1221	19	8	60	11832	1804
1222	0	18	180	11840	978
1223	3	16	180	11848	6147
1224	6	19	180	11856	9385
1225	5	13	160	11864	11026
1226	19	8	160	11872	1420
1227	6	19	60	11880	5691
1228	3	16	120	11888	6017
1229	6	19	120	11896	2825
1230	1	11	180	11904	8969
1231	5	13	60	11912	401
1232	19	8	160	11920	1602
1233	1	11	180	11928	8824
1234	6	19	160	11936	11126
1235	6	19	80	11944	6397
1236	3	16	120	11952	3845
1237	15	0	160	12000	12221
1238	6	19	180	12007	632
1239	19	8	160	12014	6620
1240	3	16	160	12021	1871
1241	4	7	160	12028	6136
1242	4	7	120	12035	455
1243	6	19	60	12042	1426
1244	1	11	80	12049	413
1245	6	19	60	12056	4329
1246	19	8	160	12063	1902
1247	3	16	160	12070	365
1248	1	11	80	12077	5090
1249	5	13	160	12084	5602
1250	3	16	120	12091	300
1251	4	7	120	12098	794
1252	19	8	180	12105	720
1253	19	8	60	12112	1244
1254	0	18	160	12119	2242
1255	1	11	120	12126	1034
1256	5	13	80	12133	2427
1257	1	11	80	12140	4802
1258	6	19	160	12147	4584
1259	3	16	160	12154	934
1260	15	0	60	12161	3542
1261	15	0	120	12168	1563
1262	19	8	160	12175	9976
1263	5	13	160	12182	19572
1264	3	16	120	12189	199
1265	6	19	60	12196	10043
1266	19	8	80	12203	4135
1267	15	0	160	12210	21690
1268	15	0	60	12217	6949
1269	3	16	80	12224	1337
1270	15	0	60	12231	639
1271	15	0	60	12238	5643
1272	6	19	60	12245	23
1273	19	8	120	12252	8411
1274	6	19	160	12259	1868
1275	0	18	180	12266	243
1276	4	7	160	12273	1180
1277	4	7	160	12280	9964
1278	0	18	120	12287	4644
1279	0	18	180	12294	1113
1280	6	19	180	12301	3265
1281	5	13	180	12308	950
1282	4	7	180	12315	159
1283	15	0	160	12322	98
1284	3	16	180	12329	2277
1285	15	0	120	12336	5000
1286	6	19	80	12343	10678
1287	19	8	120	12350	259
1288	0	18	80	12357	2470
1289	5	13	60	12400	4954
1290	1	11	60	12412	1680
1291	1	11	60	12424	10035
1292	0	18	180	12436	1263
1293	3	16	80	12448	11107
1294	0	18	120	12460	1001
1295	5	13	80	12472	205
1296	5	13	60	12484	8067
1297	19	8	160	12496	488
1298	4	7	160	12508	1157
1299	5	13	80	12520	790
1300	15	0	180	12532	68
1301	0	18	60	12544	1930
1302	5	13	160	12556	1222
1303	19	8	180	12568	2288
1304	6	19	160	12580	3724
1305	4	7	120	12592	1521
1306	15	0	80	12604	766
1307	0	18	120	12616	1352
1308	3	16	120	12628	8984
1309	19	8	160	12640	1848
1310	6	19	180	12652	14346
1311	1	11	120	12664	3086
1312	0	18	180	12676	48
1313	6	19	180	12688	2312
1314	6	19	180	12700	4203
1315	1	11	60	12712	1886
1316	4	7	160	12724	1339
1317	0	18	180	12736	8944
1318	3	16	160	12748	3268
1319	5	13	180	12760	1631
1320	0	18	180	12772	17715
1321	0	18	160	12800	3484
1322	6	19	120	12813	3061
1323	3	16	180	12826	483
1324	1	11	80	12839	11337
1325	5	13	180	12852	1040
1326	6	19	60	12865	2656
1327	3	16	180	12878	282
1328	15	0	180	12891	4273
1329	1	11	80	12904	1560
1330	4	7	180	12917	853
1331	5	13	180	12930	605
1332	19	8	180	12943	4384
1333	4	7	60	12956	2833
1334	3	16	180	12969	1025
1335	5	13	160	12982	769
1336	0	18	80	12995	11833
1337	5	13	60	13008	3699
1338	1	11	60	13021	2168
1339	15	0	120	13034	501
1340	19	8	60	13047	3099
1341	5	13	160	13060	4129
1342	6	19	60	13073	738
1343	1	11	120	13086	380
1344	15	0	80	13099	5356
1345	0	18	120	13112	6544
1346	0	18	80	13125	9478
1347	4	7	60	13138	7127
1348	6	19	120	13151	1355
1349	19	8	120	13164	7468
1350	1	11	160	13200	5802
1351	5	13	80	13210	14568
1352	5	13	180	13220	3254
1353	19	8	160	13230	9925
1354	5	13	120	13240	848
1355	6	19	80	13250	2286
1356	4	7	120	13260	7537
1357	1	11	160	13270	648
1358	6	19	120	13280	2728
1359	1	11	180	13290	1891
1360	15	0	120	13300	7113
1361	4	7	120	13310	448
1362	3	16	120	13320	3981
1363	0	18	60	13330	3386
1364	5	13	180	13340	783
1365	0	18	180	13350	7131
1366	1	11	160	13360	8220
1367	6	19	160	13370	2809
1368	4	7	180	13380	957
1369	0	18	60	13390	2579
1370	1	11	160	13400	2233
1371	15	0	160	13410	4572
1372	19	8	160	13420	2574
1373	4	7	80	13430	2322
1374	5	13	180	13440	6352
1375	4	7	60	13450	1687
1376	4	7	120	13460	2129
1377	5	13	180	13470	2348
1378	4	7	160	13480	1885
1379	1	11	180	13490	584
1380	4	7	160	13500	1557
1381	3	16	60	13510	4240
1382	6	19	80	13520	6071
1383	19	8	120	13530	6664
1384	0	18	160	13540	3261
1385	19	8	120	13550	985
1386	19	8	60	13560	3505
1387	0	18	60	13600	5536
1388	19	8	160	13611	1521
1389	5	13	160	13622	6257
1390	1	11	80	13633	1584
1391	19	8	160	13644	6406
1392	15	0	120	13655	461
1393	19	8	80	13666	170
1394	0	18	180	13677	1351
1395	5	13	120	13688	2270
1396	3	16	80	13699	53
1397	5	13	180	13710	3640
1398	5	13	160	13721	9759
1399	6	19	120	13732	9460
1400	15	0	180	13743	10831
1401	4	7	120	13754	2055
1402	0	18	60	13765	3857
1403	5	13	80	13776	6685
1404	15	0	160	13787	2161
1405	3	16	180	13798	352
1406	6	19	120	13809	2765
1407	1	11	120	13820	494
1408	3	16	180	13831	514
1409	1	11	120	13842	7508
1410	3	16	160	13853	91
1411	15	0	160	13864	2069
1412	15	0	180	13875	5945
1413	5	13	160	13886	1775
1414	6	19	60	13897	222
1415	4	7	80	13908	781
1416	15	0	60	13919	1573
1417	3	16	60	13930	6846
1418	19	8	80	13941	54
1419	5	13	80	13952	12828
1420	1	11	180	13963	1140
1421	1	11	120	13974	522
1422	15	0	60	14000	834
1423	15	0	80	14009	2193
1424	19	8	180	14018	642
1425	1	11	60	14027	3971
1426	0	18	60	14036	3396
1427	19	8	120	14045	2269
1428	4	7	120	14054	667
1429	0	18	120	14063	1801
1430	1	11	180	14072	1607
1431	15	0	160	14081	6757
1432	19	8	80	14090	3030
1433	6	19	80	14099	2537
1434	3	16	60	14108	905
1435	0	18	60	14117	10137
1436	3	16	60	14126	141
1437	0	18	60	14135	13868
1438	1	11	160	14144	2000
1439	15	0	160	14153	2562
1440	1	11	60	14162	5080
1441	15	0	120	14171	2520
1442	6	19	80	14180	3963
1443	15	0	80	14189	2534
1444	1	11	60	14198	5848
1445	4	7	120	14207	10256
1446	1	11	160	14216	99
1447	1	11	180	14225	5554
1448	3	16	60	14234	17514
1449	5	13	120	14243	462
1450	6	19	80	14252	456
1451	19	8	60	14261	862
1452	6	19	120	14270	3506
1453	0	18	120	14279	12256
1454	5	13	120	14288	4291
1455	6	19	80	14297	6661
1456	6	19	120	14306	961
1457	1	11	160	14315	875
1458	6	19	120	14324	4359
1459	5	13	160	14333	6206
1460	1	11	180	14342	2871
1461	15	0	60	14351	273
1462	15	0	60	14360	13129
1463	3	16	80	14369	5677
1464	19	8	160	14378	2903
1465	4	7	180	14387	928
1466	15	0	80	14400	8245
1467	0	18	160	14408	1449
1468	1	11	120	14416	677
1469	6	19	60	14424	573
1470	1	11	80	14432	615
1471	6	19	60	14440	1763
1472	1	11	120	14448	2220
1473	0	18	160	14456	3111
1474	4	7	60	14464	1099
1475	4	7	120	14472	6067
1476	4	7	60	14480	2722
1477	0	18	160	14488	5076
1478	5	13	80	14496	4244
1479	5	13	80	14504	1021
1480	0	18	80	14512	3713
1481	15	0	80	14520	6894
1482	6	19	120	14528	2359
1483	15	0	180	14536	181
1484	3	16	60	14544	1175
1485	1	11	160	14552	588
1486	1	11	80	14560	1053
1487	19	8	180	14568	3450
1488	1	11	160	14576	6681
1489	6	19	160	14584	1989
1490	4	7	120	14592	4911
1491	0	18	80	14600	7287
1492	4	7	120	14608	1455
1493	6	19	180	14616	3719
1494	6	19	180	14624	12959
1495	4	7	60	14632	4234
1496	0	18	80	14640	2813
1497	4	7	180	14648	8180
1498	15	0	120	14656	12248
1499	15	0	60	14664	3293
1500	5	13	80	14672	206
1501	0	18	180	14680	5101
1502	19	8	80	14688	3613
1503	6	19	180	14696	7694
1504	4	7	80	14704	13608
1505	19	8	60	14712	5566
1506	6	19	160	14720	5844
1507	5	13	180	14728	176
1508	5	13	80	14736	4992
1509	1	11	60	14744	8394
1510	3	16	80	14752	1526
1511	6	19	160	14760	2730
1512	5	13	120	14768	3129
1513	0	18	80	14776	2307
1514	4	7	120	14784	809
1515	3	16	120	14800	4693
1516	1	11	160	14809	3876
1517	19	8	80	14818	10003
1518	19	8	80	14827	2800
1519	15	0	180	14836	1907
1520	3	16	160	14845	14869
1521	19	8	120	14854	1396
1522	15	0	60	14863	2710
1523	5	13	180	14872	5774
1524	3	16	120	14881	2223
1525	1	11	60	14890	1451
1526	3	16	160	14899	211
1527	5	13	120	14908	6870
1528	4	7	160	14917	3467
1529	0	18	60	14926	3539
1530	3	16	60	14935	1289
1531	19	8	60	14944	3902
1532	1	11	80	14953	5805
1533	15	0	80	14962	389
1534	0	18	60	14971	769
1535	19	8	80	14980	8620
1536	15	0	60	14989	1028
1537	19	8	120	14998	3582
1538	4	7	120	15007	323
1539	4	7	60	15016	2799
1540	4	7	180	15025	1840
1541	6	19	120	15034	834
1542	4	7	120	15043	8009
1543	0	18	120	15052	10900
1544	4	7	120	15061	310
1545	6	19	160	15070	955
1546	4	7	180	15079	1401
1547	3	16	80	15088	8060
1548	1	11	120	15097	2193
1549	3	16	80	15106	1259
1550	3	16	120	15115	132
1551	0	18	60	15124	3537
1552	5	13	160	15133	1830
1553	19	8	120	15142	3413
1554	4	7	80	15151	3521
1555	6	19	160	15160	5634
1556	3	16	180	15169	1037
1557	4	7	80	15178	7109
1558	4	7	120	15200	2231
1559	1	11	80	15208	4343
1560	6	19	120	15216	4815
1561	1	11	60	15224	11788
1562	0	18	60	15232	2491
1563	5	13	60	15240	537
1564	15	0	60	15248	3683
1565	4	7	60	15256	4738
1566	4	7	120	15264	5221
1567	15	0	80	15272	2389
1568	0	18	60	15280	1222
1569	4	7	60	15288	1422
1570	4	7	120	15296	2493
1571	1	11	80	15304	117
1572	5	13	160	15312	7335
1573	5	13	60	15320	0
1574	3	16	60	15328	41
1575	6	19	80	15336	6195
1576	5	13	60	15344	2247
1577	15	0	160	15352	3263
1578	1	11	120	15360	4675
1579	5	13	180	15368	963
1580	6	19	80	15376	35
1581	19	8	80	15384	816
1582	3	16	180	15392	2032
1583	1	11	80	15400	1481
1584	6	19	160	15408	3236
1585	1	11	60	15416	4664
1586	4	7	80	15424	1182
1587	3	16	160	15432	851
1588	3	16	180	15440	2833
1589	4	7	80	15448	2175
1590	6	19	120	15456	4263
1591	4	7	160	15464	2015
1592	5	13	180	15472	716
1593	1	11	80	15480	2147
1594	6	19	120	15488	6506
1595	3	16	160	15496	2188
1596	5	13	80	15504	5159
1597	15	0	80	15512	5376
1598	1	11	80	15520	1617
1599	19	8	80	15528	1915
1600	3	16	60	15536	2642
1601	6	19	120	15544	7477
1602	3	16	60	15552	3698
1603	15	0	120	15600	524
1604	19	8	180	15612	6564
1605	1	11	60	15624	13
1606	5	13	80	15636	5494
1607	19	8	120	15648	1829
1608	6	19	120	15660	3317
1609	15	0	60	15672	6394
1610	0	18	160	15684	1576
1611	5	13	80	15696	4444
1612	3	16	180	15708	610
1613	19	8	120	15720	960
1614	5	13	180	15732	4240
1615	6	19	80	15744	2896
1616	15	0	80	15756	3185
1617	19	8	160	15768	668
1618	19	8	120	15780	3385
1619	5	13	60	15792	9785
1620	19	8	160	15804	2306
1621	1	11	180	15816	3081
1622	4	7	80	15828	11408
1623	6	19	180	15840	7427
1624	6	19	160	15852	4126
1625	0	18	160	15864	282
1626	5	13	80	15876	8007
1627	3	16	80	15888	2212
1628	15	0	160	15900	876
1629	0	18	80	15912	3556
1630	0	18	60	15924	259
1631	6	19	160	15936	4692
1632	5	13	80	15948	1020
1633	1	11	60	15960	1477
1634	1	11	160	16000	5245
1635	0	18	160	16012	711
1636	6	19	60	16024	3483
1637	5	13	120	16036	1289
1638	1	11	120	16048	2799
1639	5	13	120	16060	3205
1640	6	19	160	16072	11363
1641	4	7	160	16084	8785
1642	5	13	60	16096	3956
1643	5	13	180	16108	4947
1644	3	16	160	16120	394
1645	1	11	60	16132	16744
1646	1	11	180	16144	1173
1647	6	19	120	16156	12032
1648	6	19	80	16168	5737
1649	0	18	80	16180	1359
1650	4	7	120	16192	8231
1651	6	19	120	16204	3382
1652	19	8	180	16216	736
1653	6	19	80	16228	2173
1654	0	18	120	16240	11406
1655	1	11	80	16252	11697
1656	3	16	60	16264	9352
1657	6	19	80	16276	5699
1658	0	18	160	16288	2610
1659	15	0	60	16300	5359
1660	5	13	180	16312	596
1661	1	11	60	16324	1554
1662	0	18	180	16336	746
1663	6	19	80	16348	14698
1664	15	0	60	16360	5312
1665	4	7	60	16400	4032
1666	0	18	60	16408	2360
1667	0	18	160	16416	7155
1668	6	19	180	16424	2638
1669	5	13	80	16432	2698
1670	0	18	60	16440	10861
1671	3	16	160	16448	1278
1672	6	19	80	16456	4206
1673	3	16	180	16464	79
1674	19	8	80	16472	14267
1675	5	13	60	16480	3189
1676	5	13	180	16488	9590
1677	19	8	120	16496	1058
1678	4	7	80	16504	5545
1679	5	13	120	16512	4301
1680	19	8	180	16520	6725
1681	19	8	160	16528	9827
1682	6	19	180	16536	4351
1683	15	0	80	16544	9568
1684	5	13	160	16552	5045
1685	4	7	120	16560	2710
1686	15	0	160	16568	2955
1687	19	8	180	16576	6557
1688	1	11	160	16584	1826
1689	19	8	120	16592	6134
1690	6	19	120	16600	1201
1691	19	8	160	16608	6901
1692	4	7	180	16616	6362
1693	4	7	80	16624	5795
1694	19	8	120	16632	2129
1695	4	7	160	16640	3866
1696	4	7	180	16648	5070
1697	19	8	160	16656	4239
1698	6	19	160	16664	14702
1699	19	8	120	16672	2454
1700	0	18	60	16680	3098
1701	0	18	60	16688	2188
1702	19	8	120	16696	2521
1703	1	11	60	16704	1264
1704	19	8	60	16712	1750
1705	1	11	180	16720	3652
1706	19	8	60	16728	10107
1707	5	13	60	16736	643
1708	6	19	180	16744	2372
1709	4	7	120	16752	1995
1710	6	19	80	16800	151
1711	4	7	160	16811	4445
1712	3	16	60	16822	37
1713	4	7	60	16833	6870
1714	19	8	80	16844	10322
1715	6	19	60	16855	1015
1716	5	13	60	16866	4302
1717	1	11	120	16877	1213
1718	1	11	160	16888	1193
1719	4	7	120	16899	1113
1720	5	13	80	16910	478
1721	0	18	60	16921	4084
1722	19	8	60	16932	2511
1723	15	0	120	16943	4798
1724	15	0	180	16954	1051
1725	0	18	80	16965	474
1726	15	0	180	16976	2595
1727	3	16	180	16987	8666
1728	4	7	80	16998	3735
1729	4	7	160	17009	1736
1730	1	11	60	17020	7110
1731	6	19	80	17031	1180
1732	1	11	160	17042	1193
1733	4	7	160	17053	1377
1734	4	7	120	17064	509
1735	15	0	160	17075	1993
1736	19	8	80	17086	2366
1737	5	13	180	17097	1990
1738	19	8	80	17108	3231
1739	3	16	160	17119	502
1740	4	7	80	17130	3394
1741	1	11	160	17141	1872
1742	1	11	180	17152	1775
1743	6	19	60	17163	14560
1744	3	16	60	17174	5497
1745	3	16	180	17200	3552
1746	6	19	160	17208	6694
1747	19	8	160	17216	14863
1748	4	7	60	17224	7353
1749	1	11	120	17232	835
1750	19	8	120	17240	12944
1751	1	11	80	17248	2440
1752	15	0	180	17256	2013
1753	3	16	80	17264	5263
1754	3	16	60	17272	1697
1755	0	18	180	17280	9181
1756	1	11	60	17288	12407
1757	0	18	60	17296	5860
1758	4	7	60	17304	162
1759	15	0	160	17312	1110
1760	4	7	60	17320	517
1761	6	19	60	17328	141
1762	1	11	160	17336	3119
1763	3	16	80	17344	400
1764	3	16	80	17352	3300
1765	19	8	60	17360	6086
1766	1	11	180	17368	2130
1767	15	0	120	17376	5064
1768	0	18	160	17384	4826
1769	1	11	160	17392	3034
1770	6	19	180	17400	6014
1771	0	18	80	17408	1242
1772	3	16	80	17416	4917
1773	15	0	60	17424	602
1774	19	8	60	17432	4445
1775	4	7	160	17440	5372
1776	19	8	80	17448	1321
1777	1	11	180	17456	2713
1778	5	13	120	17464	12120
1779	4	7	60	17472	4115
1780	4	7	160	17480	1423
1781	15	0	60	17488	2786
1782	15	0	180	17496	182
1783	1	11	180	17504	2168
1784	5	13	80	17512	1986
1785	19	8	180	17520	1875
1786	15	0	80	17528	7865
1787	15	0	120	17536	2987
1788	1	11	120	17544	11635
1789	4	7	160	17552	996
1790	6	19	120	17560	2301
1791	15	0	80	17568	4528
1792	1	11	160	17600	1735
1793	1	11	120	17608	1494
1794	15	0	120	17616	22859
1795	15	0	60	17624	3083
1796	19	8	180	17632	7140
1797	19	8	160	17640	1221
1798	3	16	160	17648	2123
1799	3	16	180	17656	13452
1800	1	11	180	17664	772
1801	19	8	60	17672	396
1802	19	8	60	17680	1285
1803	3	16	80	17688	1479
1804	5	13	120	17696	2115
1805	19	8	60	17704	4733
1806	19	8	60	17712	5532
1807	19	8	180	17720	1180
1808	4	7	80	17728	251
1809	15	0	120	17736	3734
1810	0	18	160	17744	3847
1811	19	8	60	17752	2483
1812	5	13	120	17760	6799
1813	0	18	60	17768	2025
1814	4	7	180	17776	11457
1815	5	13	180	17784	3866
1816	15	0	60	17792	18482
1817	0	18	160	17800	525
1818	6	19	180	17808	4867
1819	4	7	120	17816	830
1820	1	11	180	17824	10183
1821	3	16	120	17832	8714
1822	5	13	60	17840	5924
1823	5	13	180	17848	2618
1824	4	7	60	17856	396
1825	15	0	160	17864	421
1826	19	8	160	17872	9855
1827	1	11	160	17880	2015
1828	19	8	120	17888	618
1829	0	18	180	17896	573
1830	4	7	160	17904	9490
1831	19	8	120	17912	73
1832	19	8	60	17920	336
1833	1	11	120	17928	17166
1834	1	11	60	17936	2516
1835	5	13	120	17944	918
1836	19	8	60	17952	1029
1837	5	13	160	17960	5317
1838	6	19	120	18000	31
1839	6	19	60	18010	4785
1840	0	18	180	18020	3924
1841	19	8	120	18030	3709
1842	4	7	80	18040	2504
1843	3	16	180	18050	1653
1844	4	7	60	18060	3690
1845	6	19	80	18070	14759
1846	3	16	160	18080	7875
1847	0	18	120	18090	12382
1848	15	0	120	18100	1840
1849	3	16	120	18110	1893
1850	0	18	60	18120	3169
1851	19	8	60	18130	4940
1852	1	11	160	18140	3276
1853	19	8	80	18150	1016
1854	1	11	60	18160	179
1855	15	0	120	18170	1363
1856	3	16	60	18180	1552
1857	4	7	60	18190	6328
1858	15	0	80	18200	967
1859	6	19	180	18210	1488
1860	19	8	120	18220	6035
1861	15	0	80	18230	1744
1862	19	8	80	18240	477
1863	4	7	80	18250	10489
1864	4	7	160	18260	4817
1865	0	18	60	18270	3660
1866	0	18	60	18280	1924
1867	4	7	60	18290	7110
1868	15	0	60	18300	10653
1869	15	0	120	18310	5355
1870	6	19	180	18320	1995
1871	3	16	120	18330	1176
1872	4	7	80	18340	489
1873	0	18	180	18350	24
1874	3	16	120	18360	3306
1875	1	11	80	18400	1526
1876	19	8	80	18413	2189
1877	3	16	60	18426	2276
1878	1	11	180	18439	8409
1879	15	0	160	18452	507
1880	5	13	180	18465	1095
1881	15	0	60	18478	12889
1882	3	16	80	18491	109
1883	6	19	180	18504	5811
1884	19	8	180	18517	3530
1885	4	7	120	18530	880
1886	15	0	160	18543	2458
1887	19	8	180	18556	7758
1888	0	18	120	18569	11426
1889	3	16	120	18582	785
1890	3	16	80	18595	8594
1891	5	13	180	18608	2265
1892	6	19	80	18621	2939
1893	19	8	120	18634	4775
1894	6	19	120	18647	10048
1895	3	16	160	18660	1268
1896	0	18	60	18673	2708
1897	19	8	180	18686	3087
1898	19	8	60	18699	4069
1899	3	16	180	18712	12
1900	6	19	80	18725	3597
1901	19	8	160	18738	119
1902	3	16	120	18751	99
1903	19	8	60	18764	3986
1904	6	19	160	18777	16636
1905	15	0	120	18800	1383
1906	5	13	160	18813	3604
1907	0	18	180	18826	3221
1908	6	19	160	18839	4337
1909	19	8	160	18852	5186
1910	19	8	80	18865	8078
1911	19	8	60	18878	8745
1912	1	11	80	18891	9937
1913	0	18	120	18904	402
1914	0	18	180	18917	295
1915	1	11	80	18930	6830
1916	4	7	60	18943	1580
1917	1	11	120	18956	1700
1918	4	7	120	18969	1668
1919	19	8	80	18982	2792
1920	3	16	80	18995	605
1921	0	18	60	19008	2982
1922	3	16	160	19021	8771
1923	4	7	120	19034	5578
1924	5	13	60	19047	7711
1925	0	18	180	19060	12906
1926	5	13	80	19073	5302
1927	4	7	160	19086	2167
1928	4	7	80	19099	365
1929	19	8	180	19112	1374
1930	1	11	80	19125	6978
1931	19	8	80	19138	8603
1932	4	7	180	19151	6350
1933	19	8	180	19164	8310
1934	1	11	120	19177	2986
1935	6	19	80	19200	943
1936	4	7	160	19208	10975
1937	4	7	60	19216	2017
1938	0	18	80	19224	6087
1939	1	11	120	19232	1392
1940	19	8	160	19240	3702
1941	15	0	160	19248	9460
1942	3	16	60	19256	864
1943	0	18	160	19264	973
1944	4	7	80	19272	1489
1945	3	16	80	19280	21765
1946	3	16	160	19288	2900
1947	6	19	180	19296	2211
1948	19	8	160	19304	3931
1949	4	7	80	19312	422
1950	19	8	120	19320	11623
1951	15	0	160	19328	629
1952	5	13	120	19336	876
1953	19	8	180	19344	584
1954	0	18	120	19352	7940
1955	5	13	60	19360	279
1956	5	13	60	19368	607
1957	19	8	180	19376	1271
1958	3	16	60	19384	5990
1959	5	13	160	19392	97
1960	1	11	80	19400	3265
1961	1	11	60	19408	772
1962	6	19	160	19416	2508
1963	6	19	180	19424	1855
1964	15	0	120	19432	9262
1965	0	18	180	19440	16459
1966	5	13	80	19448	386
1967	3	16	120	19456	170
1968	15	0	60	19464	3372
1969	3	16	120	19472	7892
1970	6	19	120	19480	8582
1971	19	8	180	19488	10652
1972	1	11	60	19496	3326
1973	3	16	180	19504	193
1974	0	18	120	19512	9163
1975	4	7	160	19520	1068
1976	15	0	60	19528	1609
1977	3	16	180	19536	4464
1978	0	18	80	19544	2327
1979	3	16	160	19552	7832
1980	15	0	80	19560	2351
1981	15	0	80	19568	1482
1982	5	13	60	19600	6291
1983	19	8	60	19622	17382
1984	0	18	80	19644	1695
1985	4	7	160	19666	4554
1986	4	7	180	19688	4643
1987	5	13	180	19710	4311
1988	19	8	80	19732	48
1989	6	19	80	19754	2453
1990	1	11	80	19776	286
1991	5	13	180	19798	4354
1992	1	11	60	19820	3867
1993	4	7	160	19842	5669
1994	19	8	80	19864	5325
1995	15	0	160	19886	2235
1996	1	11	60	19908	2320
1997	6	19	60	19930	6931
1998	3	16	80	19952	1511
1999	4	7	80	19974	1585
