0	3	16	80	0	348
1	0	18	160	2	2421
2	6	19	80	4	1360
3	6	19	40	6	578
4	19	8	160	8	129
5	1	11	120	10	2178
6	0	18	40	12	120
7	19	8	80	14	1506
8	3	16	160	16	450
9	15	0	80	18	1209
10	1	11	160	20	482
11	4	7	80	22	1925
12	5	13	160	24	331
13	19	8	120	26	4270
14	3	16	160	28	394
15	15	0	120	30	2146
16	1	11	160	32	147
17	5	13	40	34	175
18	4	7	160	36	939
19	4	7	80	38	933
20	1	11	160	40	92
21	3	16	120	42	1225
22	19	8	80	44	1312
23	6	19	120	46	167
24	5	13	40	48	788
25	15	0	160	50	2563
26	4	7	40	52	1440
27	19	8	120	54	862
28	3	16	40	56	2325
29	15	0	160	58	2191
30	5	13	120	60	1631
31	4	7	120	62	1124
32	3	16	40	64	211
33	4	7	40	66	20
34	15	0	80	68	1671
35	1	11	80	70	104
36	15	0	80	72	468
37	0	18	160	74	3334
38	3	16	40	76	491
39	4	7	40	78	856
40	3	16	40	80	1694
41	0	18	80	82	210
42	5	13	160	84	6231
43	19	8	120	86	192
44	3	16	160	88	96
45	6	19	160	90	646
46	19	8	160	92	213
47	15	0	160	94	1418
48	6	19	120	96	172
49	19	8	80	98	3772
50	0	18	40	100	764
51	19	8	80	102	2185
52	6	19	160	150	166
53	5	13	120	153	107
54	15	0	160	156	537
55	0	18	160	159	1570
56	0	18	120	162	368
57	0	18	120	165	1011
58	1	11	160	168	3629
59	0	18	160	171	459
60	6	19	120	174	241
61	1	11	120	177	1530
62	5	13	80	180	2804
63	4	7	160	183	1014
64	1	11	120	186	3318
65	6	19	40	189	2063
66	1	11	80	192	1342
67	1	11	160	195	306
68	0	18	80	198	472
69	0	18	80	201	269
70	19	8	40	204	1017
71	0	18	40	207	337
72	1	11	40	210	2664
73	0	18	160	213	46
74	1	11	40	216	2316
75	0	18	80	219	3966
76	15	0	120	222	1279
77	0	18	120	225	932
78	3	16	160	228	65
79	15	0	40	231	91
80	19	8	40	234	1739
81	6	19	40	237	8
82	1	11	40	240	597
83	3	16	120	243	3045
84	15	0	160	246	689
85	6	19	40	249	3394
86	15	0	120	252	823
87	6	19	120	255	96
88	5	13	40	258	1870
89	15	0	120	261	34
90	1	11	160	264	2840
91	6	19	160	267	2255
92	15	0	160	270	5922
93	1	11	40	273	23
94	6	19	80	276	505
95	0	18	120	279	56
96	5	13	160	300	502
97	0	18	40	303	1018
98	6	19	40	306	391
99	5	13	120	309	567
100	5	13	120	312	2131
101	15	0	160	315	4427
102	6	19	120	318	626
103	6	19	40	321	4336
104	19	8	80	324	834
105	19	8	160	327	330
106	6	19	80	330	4130
107	6	19	40	333	116
108	4	7	80	336	498
109	15	0	80	339	698
110	3	16	40	342	117
111	0	18	160	345	2108
112	15	0	120	348	890
113	4	7	160	351	2865
114	1	11	160	354	1291
115	19	8	120	357	231
116	19	8	80	360	559
117	1	11	160	363	5663
118	6	19	160	366	196
119	5	13	120	369	7830
120	19	8	120	372	589
121	4	7	120	375	1128
122	6	19	120	378	958
123	3	16	120	381	426
124	19	8	120	384	567
125	3	16	40	387	1882
126	3	16	80	390	374
127	0	18	40	393	2531
128	3	16	80	396	2045
129	0	18	120	399	2075
130	5	13	80	402	1549
131	6	19	80	405	126
132	4	7	120	408	398
133	6	19	80	411	1952
134	1	11	80	414	536
135	1	11	40	417	2013
136	0	18	80	420	1637
137	5	13	40	423	726
138	3	16	40	450	875
139	15	0	160	453	281
140	19	8	160	456	4814
141	0	18	80	459	640
142	3	16	80	462	2270
143	15	0	160	465	624
144	4	7	80	468	4421
145	1	11	160	471	149
146	19	8	40	474	601
147	4	7	160	477	206
148	0	18	40	480	865
149	6	19	160	483	231
150	0	18	80	486	1941
151	3	16	40	489	551
152	4	7	40	492	693
153	0	18	120	495	402
154	6	19	160	498	6923
155	1	11	160	501	391
156	1	11	80	504	968
157	3	16	40	507	147
158	6	19	80	510	1489
159	6	19	40	513	1865
160	6	19	120	516	5630
161	6	19	40	519	194
162	4	7	120	522	601
163	3	16	160	525	1142
164	1	11	160	528	1954
165	6	19	120	531	7714
166	5	13	80	534	1106
167	0	18	80	537	1907
168	1	11	120	540	1202
169	19	8	120	543	2735
170	19	8	40	546	977
171	4	7	80	549	3929
172	15	0	120	552	1148
173	15	0	40	555	4543
174	6	19	120	558	53
175	19	8	40	561	5683
176	1	11	80	564	2072
177	15	0	160	567	211
178	15	0	40	570	534
179	15	0	160	573	373
180	4	7	40	576	728
181	15	0	80	579	145
182	19	8	160	582	708
183	5	13	120	585	1379
184	0	18	40	600	35
185	1	11	80	603	614
186	1	11	80	606	1861
187	3	16	40	609	9292
188	0	18	80	612	2007
189	1	11	80	615	109
190	0	18	160	618	457
191	6	19	80	621	1267
192	15	0	120	624	2105
193	6	19	40	627	1966
194	0	18	40	630	324
195	3	16	120	633	2733
196	6	19	160	636	26
197	0	18	80	639	424
198	5	13	160	642	1420
199	15	0	120	645	4598
200	5	13	120	648	1276
201	15	0	160	651	1414
202	3	16	80	654	1291
203	0	18	80	657	1373
204	15	0	120	660	1636
205	6	19	160	663	2405
206	5	13	80	666	2223
207	5	13	40	669	813
208	4	7	160	672	335
209	6	19	160	675	19
210	19	8	120	678	983
211	3	16	120	681	632
212	4	7	160	684	2370
213	19	8	120	687	790
214	1	11	40	690	594
215	19	8	80	693	3235
216	6	19	80	696	2047
217	15	0	40	699	1958
218	3	16	120	702	1069
219	0	18	120	705	746
220	4	7	80	708	499
221	3	16	80	711	1112
222	0	18	160	714	6013
223	0	18	40	717	983
224	19	8	160	720	1285
225	3	16	160	723	3586
226	5	13	160	726	284
227	1	11	120	729	2447
228	6	19	160	732	2122
229	3	16	160	750	328
230	1	11	80	753	4831
231	0	18	160	756	1046
232	3	16	160	759	1099
233	19	8	120	762	638
234	3	16	40	765	1562
235	6	19	40	768	2231
236	5	13	160	771	1085
237	19	8	80	774	2250
238	15	0	160	777	4151
239	4	7	80	780	381
240	6	19	160	783	1242
241	6	19	80	786	519
242	19	8	40	789	2397
243	3	16	120	792	1936
244	1	11	160	795	1336
245	6	19	40	798	3769
246	1	11	80	801	2246
247	19	8	160	804	634
248	4	7	40	807	774
249	1	11	160	810	557
250	6	19	80	813	147
251	15	0	120	816	510
252	6	19	160	819	2002
253	5	13	80	822	372
254	4	7	80	825	1663
255	3	16	40	828	75
256	6	19	160	831	1486
257	3	16	80	834	152
258	1	11	120	837	36
259	4	7	120	840	2114
260	0	18	40	843	1475
261	3	16	160	846	5187
262	15	0	40	849	1624
263	0	18	160	852	5
264	5	13	80	855	81
265	15	0	120	858	5776
266	0	18	120	861	2610
267	4	7	40	864	890
268	6	19	120	867	2155
269	5	13	160	870	1207
270	3	16	80	873	691
271	6	19	160	876	5151
272	0	18	40	879	2353
273	19	8	40	882	503
274	4	7	120	885	2646
275	15	0	160	900	7007
276	3	16	40	903	1941
277	6	19	80	906	445
278	19	8	40	909	3325
279	1	11	120	912	1603
280	1	11	80	915	212
281	6	19	40	918	2640
282	6	19	80	921	768
283	4	7	160	924	888
284	6	19	120	927	163
285	4	7	120	930	1670
286	4	7	40	933	2174
287	6	19	80	936	533
288	5	13	40	939	1691
289	0	18	40	942	1366
290	19	8	80	945	235
291	1	11	120	948	813
292	6	19	160	951	2096
293	3	16	80	954	300
294	3	16	80	957	1369
295	3	16	160	960	1354
296	15	0	40	963	1496
297	19	8	40	966	2370
298	15	0	40	969	1674
299	3	16	40	972	1416
300	6	19	120	975	148
301	6	19	80	978	597
302	1	11	80	981	1310
303	15	0	40	984	2850
304	15	0	120	987	4243
305	19	8	120	990	201
306	15	0	80	993	1029
307	15	0	120	996	900
308	0	18	120	999	745
309	6	19	80	1002	1707
310	19	8	40	1005	586
311	0	18	80	1008	697
312	4	7	40	1011	344
313	19	8	160	1014	687
314	3	16	40	1050	1465
315	3	16	160	1054	2398
316	6	19	80	1058	1257
317	4	7	80	1062	362
318	4	7	80	1066	3462
319	1	11	120	1070	719
320	4	7	120	1074	359
321	3	16	40	1078	1117
322	19	8	40	1082	2213
323	6	19	120	1086	269
324	5	13	80	1090	785
325	1	11	160	1094	4517
326	19	8	160	1098	363
327	6	19	160	1102	1413
328	5	13	160	1106	1740
329	1	11	120	1110	399
330	19	8	160	1114	668
331	4	7	40	1118	4028
332	15	0	80	1122	1316
333	5	13	160	1126	492
334	4	7	40	1130	1239
335	4	7	40	1134	2440
336	4	7	160	1138	422
337	19	8	40	1142	1199
338	6	19	80	1146	1057
339	6	19	160	1150	5666
340	5	13	80	1154	289
341	5	13	80	1158	565
342	6	19	160	1162	3577
343	15	0	160	1166	8584
344	0	18	160	1170	480
345	19	8	160	1174	2227
346	15	0	120	1178	359
347	15	0	40	1182	729
348	0	18	40	1186	1224
349	0	18	80	1190	2419
350	6	19	80	1200	41
351	4	7	160	1203	808
352	4	7	120	1206	3359
353	6	19	80	1209	516
354	15	0	120	1212	760
355	4	7	80	1215	1263
356	6	19	40	1218	1222
357	5	13	160	1221	811
358	3	16	160	1224	877
359	6	19	160	1227	6924
360	19	8	120	1230	3627
361	0	18	80	1233	3259
362	3	16	120	1236	2171
363	19	8	160	1239	257
364	6	19	120	1242	578
365	5	13	40	1245	745
366	1	11	40	1248	2323
367	15	0	40	1251	3893
368	4	7	120	1254	2454
369	15	0	160	1257	2572
370	15	0	40	1260	1205
371	6	19	40	1263	25
372	15	0	160	1266	1849
373	6	19	120	1269	3855
374	5	13	80	1272	345
375	19	8	40	1275	3446
376	6	19	80	1278	1440
377	1	11	40	1281	2234
378	5	13	120	1284	3314
379	5	13	120	1287	1507
380	3	16	40	1290	2007
381	1	11	160	1293	2655
382	6	19	160	1296	80
383	5	13	120	1299	3256
384	4	7	80	1302	347
385	5	13	160	1305	4291
386	19	8	80	1308	58
387	1	11	40	1311	519
388	15	0	80	1314	3210
389	1	11	160	1317	7440
390	6	19	40	1320	423
391	19	8	40	1323	2637
392	5	13	80	1350	170
393	19	8	120	1354	1087
394	15	0	40	1358	102
395	5	13	160	1362	511
396	3	16	120	1366	1194
397	6	19	160	1370	2081
398	1	11	40	1374	1693
399	5	13	160	1378	3214
400	15	0	160	1382	6395
401	0	18	80	1386	508
402	3	16	80	1390	1301
403	1	11	40	1394	2008
404	1	11	40	1398	428
405	19	8	40	1402	15
406	6	19	160	1406	1846
407	15	0	40	1410	5262
408	1	11	160	1414	134
409	15	0	80	1418	1034
410	6	19	160	1422	4551
411	5	13	160	1426	2290
412	19	8	40	1430	1124
413	6	19	40	1434	2482
414	4	7	120	1438	436
415	6	19	160	1442	127
416	3	16	120	1446	2692
417	6	19	40	1450	3166
418	4	7	120	1454	4519
419	0	18	120	1458	710
420	5	13	160	1462	653
421	0	18	40	1466	1024
422	19	8	160	1470	65
423	3	16	160	1474	2509
424	1	11	160	1478	1279
425	19	8	40	1482	1934
426	1	11	160	1486	3603
427	15	0	80	1500	321
428	15	0	80	1503	2920
429	0	18	80	1506	3725
430	6	19	80	1509	647
431	19	8	120	1512	3025
432	19	8	40	1515	154
433	0	18	120	1518	11
434	15	0	120	1521	1566
435	3	16	160	1524	896
436	19	8	120	1527	431
437	5	13	160	1530	566
438	3	16	80	1533	1522
439	5	13	40	1536	328
440	19	8	40	1539	401
441	0	18	40	1542	106
442	19	8	40	1545	347
443	19	8	160	1548	727
444	4	7	40	1551	62
445	1	11	40	1554	933
446	19	8	160	1557	535
447	19	8	80	1560	531
448	5	13	40	1563	458
449	0	18	80	1566	6299
450	1	11	80	1569	911
451	5	13	120	1572	1663
452	1	11	40	1575	2410
453	0	18	120	1578	533
454	19	8	40	1581	1130
455	15	0	160	1584	1013
456	0	18	120	1587	420
457	19	8	120	1590	2189
458	0	18	40	1593	268
459	3	16	40	1596	1112
460	15	0	80	1599	159
461	15	0	120	1602	1086
462	0	18	160	1605	179
463	1	11	80	1608	278
464	1	11	160	1611	239
465	6	19	40	1614	133
466	5	13	160	1617	1732
467	19	8	120	1620	1100
468	15	0	80	1623	263
469	0	18	120	1650	2432
470	15	0	80	1653	2670
471	15	0	120	1656	1099
472	3	16	120	1659	414
473	19	8	120	1662	2106
474	1	11	120	1665	230
475	5	13	120	1668	503
476	0	18	40	1671	509
477	0	18	160	1674	1612
478	19	8	120	1677	2212
479	19	8	160	1680	175
480	19	8	80	1683	828
481	1	11	80	1686	1416
482	3	16	80	1689	3976
483	6	19	40	1692	3086
484	15	0	40	1695	928
485	0	18	160	1698	1710
486	15	0	80	1701	104
487	19	8	80	1704	2404
488	1	11	120	1707	975
489	0	18	160	1710	256
490	3	16	80	1713	344
491	19	8	160	1716	987
492	5	13	120	1719	244
493	0	18	80	1722	181
494	15	0	120	1725	150
495	1	11	80	1728	1906
496	0	18	40	1731	4666
497	15	0	120	1734	57
498	6	19	160	1737	404
499	6	19	160	1740	4690
500	5	13	40	1743	2260
501	0	18	80	1746	2272
502	0	18	160	1749	222
503	4	7	80	1752	926
504	3	16	40	1755	250
505	3	16	120	1758	4119
506	3	16	160	1761	840
507	3	16	120	1764	69
508	19	8	40	1767	255
509	4	7	80	1770	420
510	6	19	160	1773	340
511	0	18	120	1776	1322
512	0	18	160	1800	8437
513	0	18	80	1803	82
514	3	16	160	1806	156
515	5	13	160	1809	1009
516	4	7	80	1812	1322
517	3	16	160	1815	412
518	3	16	80	1818	1846
519	1	11	40	1821	945
520	19	8	160	1824	26
521	6	19	120	1827	3259
522	6	19	160	1830	64
523	15	0	120	1833	5
524	15	0	80	1836	1363
525	15	0	80	1839	644
526	3	16	40	1842	690
527	3	16	40	1845	204
528	0	18	160	1848	1612
529	19	8	40	1851	825
530	4	7	120	1854	599
531	1	11	80	1857	432
532	3	16	40	1860	823
533	1	11	160	1863	2531
534	4	7	120	1866	605
535	15	0	160	1869	1551
536	0	18	120	1872	961
537	19	8	160	1875	948
538	4	7	40	1878	1902
539	4	7	80	1881	1118
540	15	0	160	1884	434
541	4	7	160	1887	33
542	0	18	80	1890	1540
543	6	19	40	1893	399
544	3	16	40	1896	4605
545	1	11	120	1899	1448
546	19	8	40	1902	997
547	4	7	80	1905	153
548	6	19	120	1908	22
549	1	11	120	1911	1397
550	6	19	40	1914	215
551	15	0	80	1917	1882
552	5	13	40	1920	599
553	5	13	160	1923	2198
554	15	0	40	1950	4188
555	19	8	120	1953	3342
556	3	16	80	1956	2010
557	1	11	80	1959	215
558	5	13	40	1962	2989
559	4	7	120	1965	2445
560	0	18	120	1968	1255
561	19	8	120	1971	538
562	1	11	120	1974	732
563	19	8	40	1977	1984
564	19	8	160	1980	3693
565	5	13	80	1983	4588
566	15	0	120	1986	267
567	15	0	40	1989	300
568	5	13	120	1992	1916
569	5	13	160	1995	909
570	4	7	80	1998	24
571	5	13	80	2001	187
572	15	0	160	2004	1106
573	15	0	40	2007	302
574	4	7	40	2010	365
575	4	7	40	2013	7964
576	5	13	80	2016	420
577	0	18	120	2019	2475
578	5	13	80	2022	77
579	6	19	120	2025	5715
580	15	0	80	2028	2988
581	15	0	160	2031	475
582	5	13	120	2034	178
583	15	0	80	2037	81
584	3	16	160	2040	512
585	6	19	40	2043	1430
586	6	19	80	2046	3800
587	6	19	80	2049	1589
588	4	7	160	2052	3135
589	5	13	40	2055	869
590	4	7	120	2058	3549
591	19	8	80	2061	622
592	3	16	160	2064	1392
593	19	8	80	2067	3689
594	4	7	160	2070	4774
595	15	0	80	2073	4489
596	1	11	40	2076	1515
597	1	11	40	2079	3584
598	6	19	80	2082	576
599	6	19	160	2100	0
600	4	7	40	2103	912
601	1	11	160	2106	544
602	15	0	120	2109	706
603	1	11	160	2112	1232
604	15	0	80	2115	1335
605	1	11	160	2118	24
606	19	8	80	2121	321
607	6	19	40	2124	238
608	1	11	120	2127	1207
609	3	16	160	2130	4314
610	3	16	80	2133	1566
611	3	16	120	2136	3994
612	6	19	160	2139	130
613	19	8	80	2142	3255
614	6	19	40	2145	4233
615	3	16	120	2148	524
616	4	7	40	2151	314
617	4	7	40	2154	609
618	6	19	40	2157	880
619	3	16	120	2160	535
620	15	0	40	2163	49
621	0	18	40	2166	1070
622	3	16	80	2169	545
623	0	18	80	2172	495
624	0	18	80	2175	1192
625	5	13	160	2178	1694
626	1	11	120	2181	1077
627	15	0	80	2184	1401
628	4	7	80	2187	380
629	5	13	160	2190	464
630	3	16	160	2193	667
631	4	7	40	2196	613
632	3	16	80	2199	1007
633	15	0	120	2202	76
634	1	11	80	2205	1107
635	6	19	80	2208	1228
636	19	8	40	2211	3395
637	4	7	120	2214	1204
638	0	18	160	2217	933
639	0	18	40	2220	478
640	6	19	120	2223	821
641	19	8	80	2226	2227
642	5	13	120	2229	158
643	1	11	160	2232	4048
644	1	11	160	2235	2354
645	1	11	160	2250	5587
646	1	11	120	2254	444
647	4	7	80	2258	1903
648	3	16	40	2262	5475
649	0	18	40	2266	1633
650	4	7	40	2270	2144
651	15	0	160	2274	539
652	5	13	40	2278	936
653	4	7	160	2282	28
654	19	8	160	2286	5168
655	3	16	160	2290	4366
656	15	0	120	2294	11307
657	15	0	80	2298	148
658	1	11	80	2302	17
659	1	11	120	2306	3656
660	19	8	40	2310	1051
661	1	11	40	2314	1322
662	3	16	120	2318	3850
663	5	13	160	2322	507
664	0	18	40	2326	1317
665	19	8	80	2330	561
666	0	18	80	2334	873
667	15	0	40	2338	51
668	6	19	160	2342	678
669	19	8	120	2346	720
670	3	16	80	2350	763
671	0	18	80	2354	1520
672	3	16	80	2358	3068
673	5	13	40	2362	281
674	6	19	160	2366	3161
675	19	8	160	2370	449
676	5	13	120	2400	791
677	1	11	80	2402	698
678	19	8	120	2404	1008
679	15	0	80	2406	1274
680	3	16	40	2408	818
681	15	0	40	2410	2366
682	5	13	40	2412	1504
683	3	16	40	2414	1233
684	1	11	160	2416	1056
685	4	7	160	2418	88
686	15	0	160	2420	3079
687	19	8	80	2422	952
688	19	8	160	2424	127
689	19	8	120	2426	1288
690	15	0	160	2428	1230
691	1	11	160	2430	2426
692	1	11	80	2432	1165
693	19	8	80	2434	1199
694	1	11	160	2436	2199
695	5	13	120	2438	2709
696	6	19	120	2440	2847
697	19	8	160	2442	2518
698	0	18	120	2444	642
699	3	16	120	2446	980
700	1	11	120	2448	1147
701	4	7	80	2450	378
702	6	19	80	2452	658
703	3	16	120	2454	1347
704	6	19	120	2456	460
705	3	16	120	2458	197
706	5	13	120	2460	846
707	0	18	160	2462	520
708	6	19	160	2464	227
709	19	8	160	2466	1852
710	15	0	80	2468	1150
711	5	13	40	2470	1480
712	19	8	120	2472	1392
713	3	16	160	2474	867
714	15	0	80	2476	1016
715	0	18	160	2478	1858
716	5	13	160	2480	4574
717	19	8	120	2482	675
718	4	7	160	2484	2280
719	5	13	40	2486	1124
720	0	18	80	2488	870
721	1	11	160	2490	5325
722	15	0	80	2492	4547
723	15	0	80	2494	2321
724	1	11	160	2496	2585
725	1	11	120	2498	1365
726	15	0	40	2500	153
727	4	7	160	2502	578
728	3	16	40	2504	770
729	1	11	40	2506	65
730	3	16	40	2550	788
731	5	13	120	2554	1361
732	1	11	120	2558	36
733	6	19	160	2562	14
734	6	19	160	2566	58
735	19	8	160	2570	330
736	1	11	120	2574	865
737	1	11	120	2578	62
738	5	13	120	2582	526
739	15	0	40	2586	722
740	19	8	40	2590	1473
741	15	0	40	2594	1295
742	1	11	120	2598	599
743	19	8	160	2602	699
744	0	18	40	2606	62
745	1	11	120	2610	4043
746	3	16	40	2614	328
747	19	8	80	2618	159
748	0	18	40	2622	90
749	0	18	160	2626	91
750	19	8	160	2630	3219
751	6	19	40	2634	1002
752	5	13	160	2638	48
753	4	7	80	2642	2577
754	1	11	80	2646	60
755	19	8	120	2650	1242
756	5	13	160	2654	474
757	15	0	40	2658	1258
758	1	11	120	2662	2211
759	5	13	40	2666	1648
760	5	13	80	2670	40
761	1	11	160	2674	176
762	6	19	120	2678	3330
763	5	13	160	2682	154
764	6	19	160	2686	535
765	1	11	120	2700	4198
766	4	7	120	2704	1386
767	3	16	160	2708	1355
768	5	13	160	2712	769
769	19	8	80	2716	522
770	19	8	40	2720	475
771	3	16	80	2724	3647
772	4	7	160	2728	103
773	5	13	160	2732	764
774	6	19	40	2736	3483
775	3	16	40	2740	2971
776	19	8	80	2744	1540
777	15	0	120	2748	1298
778	15	0	80	2752	2058
779	19	8	80	2756	3298
780	19	8	80	2760	768
781	15	0	160	2764	8380
782	3	16	160	2768	455
783	3	16	80	2772	629
784	1	11	80	2776	260
785	5	13	40	2780	3815
786	0	18	160	2784	1246
787	6	19	40	2788	341
788	4	7	120	2792	5291
789	6	19	80	2796	965
790	3	16	160	2800	3919
791	4	7	120	2804	3066
792	0	18	160	2808	470
793	0	18	120	2812	1488
794	3	16	160	2816	659
795	6	19	80	2820	1083
796	1	11	80	2824	1742
797	6	19	120	2828	395
798	3	16	40	2832	112
799	19	8	80	2836	160
800	6	19	40	2850	599
801	0	18	80	2853	1380
802	4	7	80	2856	1803
803	1	11	120	2859	2166
804	1	11	120	2862	2319
805	5	13	80	2865	5311
806	1	11	40	2868	818
807	0	18	40	2871	1502
808	6	19	80	2874	3764
809	19	8	40	2877	292
810	19	8	80	2880	3817
811	6	19	80	2883	1765
812	0	18	120	2886	2584
813	1	11	80	2889	3206
814	6	19	120	2892	464
815	15	0	80	2895	45
816	15	0	40	2898	2841
817	4	7	80	2901	1193
818	3	16	80	2904	4176
819	0	18	120	2907	714
820	0	18	160	2910	704
821	15	0	80	2913	765
822	15	0	40	2916	1468
823	15	0	120	2919	3921
824	5	13	120	2922	687
825	4	7	120	2925	769
826	3	16	80	2928	1543
827	4	7	80	2931	863
828	3	16	160	2934	66
829	0	18	120	2937	735
830	1	11	160	2940	288
831	3	16	120	2943	792
832	5	13	80	2946	1060
833	15	0	160	2949	1552
834	1	11	40	2952	1230
835	15	0	40	2955	2406
836	4	7	120	2958	528
837	1	11	40	2961	1032
838	1	11	120	2964	1217
839	5	13	160	2967	313
840	4	7	40	2970	1041
841	0	18	120	2973	4029
842	19	8	160	2976	502
843	5	13	80	2979	2365
844	15	0	160	2982	1208
845	5	13	80	2985	401
846	4	7	160	2988	75
847	19	8	120	3000	735
848	3	16	160	3003	676
849	4	7	80	3006	591
850	19	8	80	3009	1639
851	15	0	160	3012	223
852	3	16	80	3015	520
853	1	11	80	3018	1773
854	15	0	80	3021	1948
855	19	8	120	3024	3977
856	1	11	40	3027	5682
857	5	13	120	3030	2222
858	5	13	40	3033	757
859	6	19	40	3036	730
860	3	16	40	3039	597
861	15	0	120	3042	6128
862	15	0	40	3045	1334
863	6	19	160	3048	1136
864	6	19	40	3051	3
865	6	19	120	3054	1073
866	1	11	40	3057	306
867	1	11	160	3060	291
868	19	8	40	3063	583
869	15	0	120	3066	944
870	3	16	160	3069	1982
871	6	19	160	3072	650
872	1	11	160	3075	7389
873	15	0	80	3078	2077
874	6	19	120	3081	3157
875	0	18	80	3084	877
876	15	0	120	3087	183
877	1	11	120	3090	2665
878	0	18	160	3093	701
879	19	8	40	3096	213
880	0	18	120	3099	651
881	3	16	160	3102	442
882	0	18	80	3105	116
883	15	0	80	3108	1898
884	1	11	80	3111	1924
885	4	7	40	3150	56
886	0	18	80	3154	186
887	4	7	160	3158	2519
888	19	8	80	3162	3744
889	3	16	120	3166	1492
890	6	19	160	3170	2586
891	19	8	40	3174	1113
892	5	13	160	3178	159
893	5	13	120	3182	279
894	1	11	120	3186	2951
895	5	13	80	3190	1093
896	1	11	120	3194	629
897	1	11	160	3198	2100
898	15	0	80	3202	2350
899	1	11	40	3206	64
900	4	7	80	3210	76
901	1	11	40	3214	3088
902	19	8	80	3218	101
903	5	13	80	3222	3394
904	1	11	120	3226	1346
905	1	11	120	3230	562
906	5	13	40	3234	236
907	5	13	160	3238	1176
908	4	7	160	3242	2532
909	15	0	40	3246	501
910	0	18	40	3250	2524
911	0	18	120	3254	237
912	4	7	160	3258	763
913	6	19	40	3262	459
914	5	13	120	3266	51
915	19	8	80	3270	113
916	15	0	40	3274	3591
917	19	8	120	3278	3075
918	5	13	120	3282	2477
919	3	16	40	3286	5047
920	5	13	80	3290	752
921	15	0	40	3294	696
922	3	16	80	3300	449
923	6	19	120	3303	1766
924	1	11	120	3306	1555
925	4	7	160	3309	351
926	0	18	160	3312	433
927	6	19	80	3315	2593
928	5	13	120	3318	3302
929	1	11	40	3321	670
930	15	0	160	3324	158
931	6	19	120	3327	673
932	4	7	80	3330	60
933	19	8	120	3333	604
934	4	7	120	3336	129
935	15	0	80	3339	980
936	4	7	80	3342	316
937	5	13	40	3345	294
938	5	13	160	3348	201
939	19	8	120	3351	791
940	15	0	40	3354	3324
941	5	13	80	3357	1277
942	19	8	160	3360	9551
943	1	11	80	3363	1504
944	3	16	120	3366	2539
945	5	13	80	3369	1686
946	4	7	80	3372	200
947	19	8	160	3375	2724
948	19	8	160	3378	220
949	1	11	80	3381	2320
950	15	0	80	3384	1407
951	1	11	160	3387	956
952	6	19	80	3390	4358
953	4	7	40	3393	2622
954	5	13	120	3396	1564
955	6	19	40	3399	1701
956	19	8	160	3402	1425
957	1	11	160	3405	700
958	4	7	160	3408	432
959	6	19	160	3411	724
960	0	18	120	3414	95
961	15	0	160	3417	585
962	0	18	80	3420	1593
963	3	16	160	3450	909
964	19	8	80	3454	305
965	4	7	80	3458	903
966	5	13	40	3462	169
967	5	13	40	3466	104
968	1	11	80	3470	298
969	15	0	40	3474	1209
970	5	13	40	3478	3217
971	1	11	40	3482	1965
972	4	7	160	3486	2054
973	6	19	160	3490	761
974	4	7	40	3494	116
975	0	18	40	3498	2580
976	15	0	40	3502	700
977	0	18	160	3506	1474
978	4	7	40	3510	3129
979	5	13	80	3514	5273
980	0	18	80	3518	131
981	1	11	160	3522	800
982	15	0	80	3526	1737
983	3	16	80	3530	161
984	4	7	120	3534	2090
985	5	13	160	3538	1485
986	0	18	40	3542	807
987	19	8	40	3546	360
988	3	16	160	3550	1729
989	15	0	120	3554	777
990	19	8	120	3558	3020
991	1	11	120	3562	2547
992	1	11	80	3566	3945
993	15	0	160	3570	2033
994	15	0	40	3574	641
995	0	18	40	3578	1258
996	5	13	40	3582	3769
997	6	19	40	3586	1176
998	3	16	160	3590	893
999	15	0	40	3594	677
1000	19	8	40	3600	1260
1001	15	0	40	3606	89
1002	15	0	120	3612	1603
1003	1	11	160	3618	1312
1004	6	19	80	3624	3519
1005	5	13	80	3630	3161
1006	15	0	160	3636	1939
1007	19	8	120	3642	1188
1008	19	8	40	3648	2088
1009	5	13	120	3654	2627
1010	15	0	40	3660	546
1011	19	8	160	3666	6566
1012	15	0	120	3672	1031
1013	15	0	120	3678	493
1014	6	19	80	3684	533
1015	19	8	120	3690	1567
1016	19	8	120	3696	1520
1017	6	19	160	3702	1204
1018	19	8	80	3708	1819
1019	3	16	80	3714	1217
1020	3	16	40	3720	55
1021	6	19	160	3726	3355
1022	1	11	40	3732	723
1023	3	16	160	3750	2244
1024	19	8	120	3755	1742
1025	3	16	80	3760	102
1026	0	18	160	3765	2431
1027	5	13	160	3770	5
1028	15	0	120	3775	76
1029	4	7	160	3780	1059
1030	4	7	40	3785	3484
1031	1	11	40	3790	2653
1032	15	0	40	3795	292
1033	5	13	160	3800	1077
1034	5	13	40	3805	771
1035	1	11	80	3810	39
1036	3	16	80	3815	2120
1037	6	19	80	3820	162
1038	6	19	40	3825	330
1039	15	0	80	3830	3099
1040	15	0	40	3835	3498
1041	0	18	120	3840	3051
1042	19	8	40	3845	930
1043	15	0	80	3850	2925
1044	19	8	80	3855	157
1045	19	8	120	3860	3168
1046	3	16	160	3865	577
1047	3	16	160	3870	1564
1048	1	11	120	3875	877
1049	19	8	80	3900	1804
1050	0	18	120	3903	4005
1051	15	0	40	3906	685
1052	15	0	160	3909	2757
1053	0	18	80	3912	3354
1054	4	7	160	3915	594
1055	3	16	80	3918	1686
1056	5	13	160	3921	1686
1057	4	7	160	3924	3187
1058	1	11	40	3927	3394
1059	3	16	160	3930	2733
1060	4	7	120	3933	118
1061	3	16	40	3936	1920
1062	1	11	160	3939	1031
1063	5	13	40	3942	421
1064	0	18	80	3945	3874
1065	6	19	40	3948	968
1066	1	11	160	3951	2494
1067	3	16	160	3954	6301
1068	3	16	80	3957	3159
1069	4	7	40	3960	478
1070	5	13	80	3963	3332
1071	3	16	40	3966	1146
1072	0	18	160	3969	655
1073	0	18	160	3972	2652
1074	5	13	80	3975	1586
1075	3	16	120	3978	274
1076	6	19	120	3981	845
1077	4	7	160	3984	1116
1078	3	16	80	3987	1693
1079	19	8	160	3990	2475
1080	19	8	80	3993	2057
1081	15	0	40	3996	252
1082	4	7	80	3999	1233
1083	19	8	40	4002	646
1084	4	7	40	4005	1285
1085	6	19	160	4008	1148
1086	4	7	40	4011	6705
1087	6	19	120	4014	500
1088	0	18	160	4017	306
1089	1	11	120	4050	1946
1090	6	19	80	4053	647
1091	15	0	80	4056	3133
1092	4	7	80	4059	347
1093	3	16	40	4062	668
1094	4	7	160	4065	2393
1095	4	7	40	4068	299
1096	19	8	120	4071	698
1097	4	7	40	4074	367
1098	6	19	160	4077	4061
1099	1	11	80	4080	1465
1100	15	0	160	4083	106
1101	0	18	40	4086	611
1102	0	18	80	4089	2200
1103	6	19	120	4092	278
1104	3	16	40	4095	2476
1105	6	19	120	4098	757
1106	15	0	80	4101	19
1107	6	19	160	4104	17
1108	5	13	40	4107	412
1109	1	11	80	4110	262
1110	5	13	120	4113	419
1111	1	11	160	4116	244
1112	1	11	120	4119	342
1113	3	16	80	4122	138
1114	3	16	80	4125	144
1115	5	13	80	4128	3815
1116	19	8	120	4131	263
1117	1	11	160	4134	238
1118	0	18	160	4137	1659
1119	4	7	80	4140	739
1120	3	16	160	4143	1001
1121	4	7	40	4146	1121
1122	1	11	160	4149	2414
1123	0	18	160	4152	246
1124	15	0	120	4155	3837
1125	15	0	40	4158	23
1126	15	0	120	4161	595
1127	15	0	120	4164	7767
1128	6	19	40	4167	49
1129	0	18	80	4170	957
1130	3	16	40	4173	2375
1131	3	16	120	4176	360
1132	6	19	40	4200	1343
1133	1	11	160	4204	81
1134	0	18	160	4208	2017
1135	19	8	80	4212	795
1136	15	0	120	4216	729
1137	6	19	160	4220	743
1138	6	19	40	4224	1171
1139	6	19	80	4228	296
1140	15	0	120	4232	1107
1141	6	19	80	4236	5658
1142	1	11	120	4240	66
1143	15	0	120	4244	37
1144	6	19	160	4248	988
1145	4	7	80	4252	335
1146	6	19	160	4256	1673
1147	1	11	160	4260	189
1148	19	8	160	4264	467
1149	15	0	80	4268	3128
1150	5	13	80	4272	29
1151	6	19	160	4276	382
1152	3	16	40	4280	1190
1153	3	16	80	4284	1177
1154	19	8	120	4288	220
1155	4	7	160	4292	1171
1156	15	0	80	4296	1147
1157	0	18	120	4300	1443
1158	19	8	40	4304	425
1159	5	13	160	4308	2361
1160	19	8	160	4312	106
1161	0	18	120	4316	28
1162	0	18	120	4320	5823
1163	4	7	120	4324	2194
1164	15	0	40	4350	682
1165	3	16	40	4354	46
1166	5	13	160	4358	1226
1167	0	18	120	4362	245
1168	3	16	120	4366	642
1169	4	7	160	4370	1710
1170	15	0	120	4374	1152
1171	1	11	160	4378	2206
1172	5	13	120	4382	1392
1173	4	7	80	4386	1010
1174	5	13	160	4390	3028
1175	6	19	80	4394	1070
1176	1	11	120	4398	989
1177	3	16	40	4402	2240
1178	4	7	160	4406	1656
1179	4	7	40	4410	1920
1180	0	18	80	4414	630
1181	6	19	160	4418	351
1182	15	0	160	4422	1945
1183	19	8	160	4426	255
1184	4	7	40	4430	903
1185	6	19	80	4434	1264
1186	19	8	120	4438	1644
1187	4	7	120	4442	73
1188	1	11	80	4446	3724
1189	6	19	160	4450	330
1190	0	18	40	4454	3144
1191	6	19	40	4458	2187
1192	15	0	120	4462	233
1193	0	18	40	4466	2074
1194	15	0	120	4470	175
1195	15	0	40	4474	1050
1196	6	19	120	4500	9055
1197	6	19	160	4504	482
1198	0	18	120	4508	1614
1199	3	16	160	4512	903
1200	19	8	120	4516	1540
1201	6	19	40	4520	1105
1202	19	8	80	4524	2206
1203	4	7	160	4528	1328
1204	19	8	120	4532	622
1205	3	16	80	4536	429
1206	1	11	40	4540	1453
1207	19	8	120	4544	89
1208	6	19	120	4548	1693
1209	3	16	40	4552	1476
1210	3	16	80	4556	90
1211	5	13	40	4560	2135
1212	6	19	160	4564	4474
1213	4	7	160	4568	1116
1214	5	13	120	4572	896
1215	1	11	40	4576	2950
1216	1	11	160	4580	517
1217	1	11	160	4584	2597
1218	0	18	120	4588	569
1219	1	11	160	4592	2384
1220	4	7	120	4596	680
1221	1	11	80	4600	1072
1222	15	0	40	4604	400
1223	6	19	120	4608	245
1224	4	7	160	4612	2437
1225	1	11	120	4616	2196
1226	4	7	40	4620	1477
1227	4	7	80	4650	2902
1228	6	19	160	4653	715
1229	6	19	120	4656	677
1230	19	8	160	4659	1077
1231	4	7	120	4662	349
1232	3	16	120	4665	185
1233	0	18	160	4668	365
1234	4	7	120	4671	125
1235	3	16	40	4674	2585
1236	15	0	80	4677	865
1237	4	7	40	4680	224
1238	19	8	40	4683	2544
1239	1	11	160	4686	340
1240	4	7	40	4689	4467
1241	0	18	160	4692	1404
1242	6	19	160	4695	695
1243	19	8	40	4698	514
1244	3	16	120	4701	223
1245	5	13	160	4704	188
1246	0	18	80	4707	2555
1247	3	16	160	4710	1447
1248	5	13	120	4713	533
1249	5	13	80	4716	432
1250	6	19	80	4719	356
1251	5	13	120	4722	287
1252	6	19	80	4725	4795
1253	15	0	120	4728	2983
1254	15	0	80	4731	138
1255	15	0	40	4734	210
1256	19	8	160	4737	507
1257	1	11	160	4740	1448
1258	19	8	160	4743	2301
1259	15	0	40	4746	1268
1260	15	0	40	4749	1462
1261	6	19	120	4752	2171
1262	1	11	120	4755	1701
1263	0	18	160	4758	563
1264	3	16	80	4761	181
1265	15	0	120	4764	2853
1266	1	11	120	4767	1544
1267	5	13	160	4770	1981
1268	0	18	80	4773	882
1269	1	11	120	4776	1484
1270	3	16	160	4779	821
1271	15	0	120	4782	248
1272	1	11	120	4785	9
1273	19	8	160	4800	179
1274	6	19	120	4803	2814
1275	3	16	120	4806	2120
1276	4	7	80	4809	225
1277	19	8	40	4812	4329
1278	3	16	160	4815	18
1279	19	8	160	4818	1733
1280	0	18	40	4821	4520
1281	1	11	80	4824	11
1282	19	8	160	4827	1218
1283	0	18	120	4830	207
1284	0	18	80	4833	247
1285	4	7	40	4836	618
1286	15	0	80	4839	429
1287	5	13	160	4842	437
1288	3	16	120	4845	205
1289	6	19	80	4848	4465
1290	4	7	40	4851	1146
1291	5	13	120	4854	2565
1292	4	7	40	4857	657
1293	1	11	40	4860	423
1294	3	16	120	4863	1303
1295	15	0	80	4866	305
1296	15	0	40	4869	3977
1297	6	19	40	4872	89
1298	6	19	160	4875	290
1299	4	7	40	4878	509
1300	3	16	40	4881	966
1301	5	13	120	4884	132
1302	1	11	80	4887	286
1303	4	7	160	4890	1668
1304	3	16	120	4893	2646
1305	19	8	120	4896	91
1306	3	16	160	4899	276
1307	6	19	120	4902	2809
1308	0	18	40	4905	24
1309	4	7	120	4908	603
1310	3	16	120	4911	7120
1311	0	18	160	4914	629
1312	19	8	40	4917	1400
1313	0	18	160	4920	156
1314	6	19	160	4923	1451
1315	6	19	120	4926	1432
1316	15	0	160	4929	351
1317	1	11	40	4932	1195
1318	19	8	120	4935	263
1319	15	0	80	4950	2243
1320	0	18	40	4954	1381
1321	5	13	160	4958	740
1322	3	16	80	4962	1393
1323	4	7	160	4966	1027
1324	15	0	120	4970	147
1325	6	19	40	4974	1383
1326	3	16	120	4978	2398
1327	19	8	120	4982	2143
1328	6	19	40	4986	1139
1329	19	8	40	4990	1630
1330	5	13	80	4994	2633
1331	15	0	80	4998	128
1332	3	16	40	5002	2191
1333	15	0	120	5006	1933
1334	5	13	160	5010	354
1335	5	13	120	5014	3016
1336	19	8	40	5018	2688
1337	5	13	160	5022	3242
1338	15	0	40	5026	536
1339	1	11	120	5030	146
1340	0	18	40	5034	279
1341	0	18	160	5038	772
1342	4	7	160	5042	405
1343	15	0	160	5046	2392
1344	3	16	120	5050	4746
1345	3	16	40	5054	319
1346	6	19	120	5058	357
1347	4	7	40	5062	442
1348	5	13	80	5066	1474
1349	5	13	40	5070	5043
1350	0	18	120	5074	5553
1351	6	19	40	5078	717
1352	6	19	80	5100	3407
1353	15	0	120	5104	767
1354	4	7	160	5108	1737
1355	6	19	80	5112	133
1356	1	11	40	5116	980
1357	15	0	80	5120	1701
1358	5	13	80	5124	1292
1359	5	13	80	5128	384
1360	5	13	40	5132	453
1361	4	7	80	5136	785
1362	0	18	80	5140	565
1363	1	11	160	5144	654
1364	19	8	80	5148	1051
1365	4	7	80	5152	3603
1366	15	0	120	5156	1283
1367	1	11	80	5160	3212
1368	4	7	40	5164	3295
1369	0	18	40	5168	2102
1370	6	19	120	5172	2283
1371	3	16	160	5176	587
1372	4	7	40	5180	428
1373	15	0	160	5184	105
1374	6	19	40	5188	1397
1375	0	18	80	5192	333
1376	1	11	40	5196	248
1377	5	13	80	5200	2474
1378	0	18	80	5204	1158
1379	4	7	80	5208	3487
1380	0	18	120	5212	742
1381	19	8	80	5216	1171
1382	4	7	80	5220	216
1383	0	18	40	5224	1255
1384	19	8	120	5228	1743
1385	15	0	40	5232	888
1386	1	11	40	5236	306
1387	4	7	120	5240	687
1388	4	7	160	5244	58
1389	15	0	80	5250	200
1390	3	16	80	5253	732
1391	0	18	120	5256	252
1392	19	8	80	5259	550
1393	1	11	120	5262	115
1394	5	13	120	5265	2674
1395	6	19	160	5268	2153
1396	19	8	80	5271	138
1397	3	16	160	5274	3221
1398	15	0	120	5277	520
1399	19	8	80	5280	74
1400	5	13	80	5283	1438
1401	4	7	80	5286	599
1402	0	18	40	5289	685
1403	4	7	40	5292	3084
1404	15	0	80	5295	304
1405	6	19	120	5298	1580
1406	3	16	40	5301	211
1407	15	0	80	5304	2646
1408	0	18	80	5307	2372
1409	3	16	120	5310	1000
1410	6	19	80	5313	4038
1411	6	19	160	5316	1671
1412	15	0	40	5319	226
1413	0	18	40	5322	1687
1414	5	13	120	5325	2710
1415	5	13	120	5328	1903
1416	0	18	40	5331	478
1417	19	8	80	5334	2063
1418	3	16	80	5337	1646
1419	1	11	40	5340	88
1420	3	16	80	5343	1934
1421	3	16	40	5346	348
1422	15	0	80	5349	2789
1423	5	13	120	5352	2165
1424	6	19	120	5355	687
1425	6	19	40	5358	1478
1426	3	16	80	5361	25
1427	1	11	80	5364	287
1428	1	11	80	5367	404
1429	0	18	80	5370	2787
1430	1	11	160	5400	176
1431	15	0	40	5404	471
1432	6	19	160	5408	1084
1433	1	11	160	5412	1009
1434	19	8	160	5416	504
1435	5	13	80	5420	93
1436	19	8	80	5424	289
1437	19	8	40	5428	456
1438	1	11	120	5432	725
1439	1	11	160	5436	54
1440	4	7	40	5440	568
1441	3	16	120	5444	660
1442	4	7	40	5448	1276
1443	0	18	80	5452	1202
1444	1	11	40	5456	321
1445	5	13	120	5460	1879
1446	1	11	80	5464	22
1447	19	8	80	5468	1500
1448	5	13	160	5472	408
1449	19	8	40	5476	179
1450	6	19	120	5480	1006
1451	19	8	40	5484	625
1452	0	18	120	5488	366
1453	5	13	120	5492	403
1454	5	13	160	5496	586
1455	1	11	80	5500	789
1456	6	19	160	5504	996
1457	4	7	80	5508	1385
1458	6	19	80	5512	1053
1459	1	11	80	5516	1220
1460	4	7	80	5520	1510
1461	0	18	160	5550	4727
1462	5	13	160	5553	1346
1463	0	18	40	5556	4500
1464	1	11	120	5559	707
1465	15	0	80	5562	1629
1466	0	18	40	5565	256
1467	6	19	40	5568	1577
1468	0	18	40	5571	740
1469	0	18	80	5574	2238
1470	6	19	40	5577	1176
1471	1	11	160	5580	16
1472	15	0	160	5583	678
1473	0	18	80	5586	1492
1474	15	0	160	5589	2030
1475	19	8	120	5592	689
1476	19	8	160	5595	1509
1477	6	19	40	5598	519
1478	3	16	120	5601	1269
1479	1	11	40	5604	1588
1480	4	7	120	5607	1420
1481	4	7	40	5610	727
1482	6	19	80	5613	4122
1483	3	16	80	5616	197
1484	4	7	120	5619	658
1485	1	11	160	5622	2202
1486	6	19	80	5625	81
1487	1	11	40	5628	490
1488	5	13	40	5631	272
1489	6	19	120	5634	3136
1490	19	8	120	5637	1284
1491	4	7	40	5640	1274
1492	1	11	160	5643	2127
1493	19	8	40	5646	2626
1494	6	19	120	5649	769
1495	3	16	40	5652	664
1496	6	19	120	5655	2163
1497	3	16	40	5658	1462
1498	15	0	120	5661	289
1499	4	7	160	5664	1133
1500	5	13	120	5700	1221
1501	5	13	80	5702	679
1502	15	0	80	5704	416
1503	5	13	120	5706	933
1504	3	16	160	5708	1264
1505	5	13	160	5710	975
1506	1	11	40	5712	5666
1507	19	8	40	5714	1325
1508	15	0	120	5716	1022
1509	6	19	40	5718	4661
1510	3	16	120	5720	2235
1511	19	8	120	5722	320
1512	1	11	120	5724	48
1513	5	13	80	5726	2859
1514	15	0	160	5728	4346
1515	0	18	80	5730	432
1516	4	7	80	5732	32
1517	3	16	120	5734	950
1518	6	19	120	5736	1355
1519	0	18	120	5738	1397
1520	0	18	160	5740	1411
1521	15	0	160	5742	3159
1522	1	11	40	5744	993
1523	4	7	120	5746	1079
1524	0	18	160	5748	334
1525	1	11	40	5750	5316
1526	19	8	40	5752	437
1527	15	0	120	5754	1156
1528	4	7	160	5756	390
1529	4	7	160	5758	725
1530	1	11	40	5760	1392
1531	5	13	160	5762	17
1532	19	8	80	5764	187
1533	19	8	160	5766	62
1534	5	13	80	5768	151
1535	19	8	80	5770	427
1536	5	13	120	5772	229
1537	1	11	160	5774	960
1538	19	8	120	5776	1210
1539	15	0	160	5778	3146
1540	0	18	120	5780	2359
1541	15	0	40	5782	941
1542	4	7	120	5784	2303
1543	19	8	160	5786	355
1544	4	7	40	5788	160
1545	19	8	160	5790	723
1546	1	11	80	5792	1166
1547	5	13	120	5794	3553
1548	1	11	80	5796	3200
1549	6	19	80	5798	245
1550	15	0	160	5800	616
1551	4	7	40	5802	522
1552	6	19	120	5804	42
1553	15	0	40	5806	1263
1554	3	16	160	5850	3795
1555	6	19	120	5853	1703
1556	4	7	40	5856	3177
1557	4	7	120	5859	1959
1558	4	7	160	5862	458
1559	0	18	120	5865	1368
1560	5	13	160	5868	382
1561	3	16	120	5871	868
1562	5	13	80	5874	664
1563	3	16	160	5877	175
1564	4	7	40	5880	647
1565	6	19	120	5883	2161
1566	0	18	80	5886	117
1567	3	16	160	5889	7065
1568	0	18	160	5892	2112
1569	19	8	120	5895	1791
1570	4	7	120	5898	171
1571	3	16	120	5901	1192
1572	4	7	40	5904	3709
1573	15	0	120	5907	1897
1574	0	18	160	5910	2519
1575	3	16	160	5913	232
1576	4	7	80	5916	147
1577	1	11	80	5919	479
1578	19	8	80	5922	795
1579	1	11	160	5925	2547
1580	0	18	120	5928	844
1581	4	7	80	5931	637
1582	6	19	80	5934	1600
1583	15	0	120	5937	121
1584	6	19	40	5940	71
1585	15	0	40	5943	557
1586	19	8	80	5946	6162
1587	1	11	80	5949	1191
1588	5	13	160	5952	192
1589	15	0	120	5955	809
1590	4	7	40	5958	688
1591	1	11	160	5961	798
1592	6	19	160	5964	352
1593	19	8	160	5967	4662
1594	3	16	40	5970	1583
1595	6	19	40	5973	653
1596	3	16	160	6000	171
1597	0	18	120	6007	1681
1598	4	7	120	6014	2951
1599	15	0	80	6021	619
1600	19	8	120	6028	551
1601	19	8	120	6035	1196
1602	5	13	160	6042	245
1603	1	11	120	6049	306
1604	1	11	120	6056	65
1605	5	13	40	6063	2329
1606	19	8	160	6070	713
1607	15	0	160	6077	557
1608	15	0	40	6084	2113
1609	0	18	40	6091	2247
1610	3	16	80	6098	1320
1611	1	11	160	6105	1397
1612	4	7	40	6112	573
1613	3	16	160	6119	886
1614	0	18	40	6126	275
1615	0	18	80	6150	3164
1616	6	19	80	6154	2295
1617	15	0	120	6158	492
1618	6	19	160	6162	98
1619	5	13	40	6166	61
1620	6	19	80	6170	2269
1621	19	8	40	6174	1124
1622	15	0	160	6178	3065
1623	1	11	40	6182	619
1624	4	7	80	6186	598
1625	3	16	120	6190	1783
1626	6	19	120	6194	621
1627	4	7	80	6198	4841
1628	4	7	120	6202	101
1629	3	16	160	6206	925
1630	0	18	160	6210	54
1631	4	7	120	6214	815
1632	6	19	120	6218	800
1633	1	11	40	6222	113
1634	1	11	80	6226	1068
1635	0	18	40	6230	3193
1636	19	8	120	6234	326
1637	4	7	120	6238	956
1638	5	13	160	6242	53
1639	0	18	160	6246	448
1640	15	0	40	6250	4026
1641	0	18	120	6254	1678
1642	3	16	40	6258	2357
1643	4	7	160	6262	632
1644	5	13	80	6266	2674
1645	3	16	40	6270	2153
1646	6	19	160	6274	149
1647	4	7	160	6278	2159
1648	15	0	160	6300	2323
1649	1	11	120	6304	2226
1650	19	8	120	6308	1264
1651	4	7	40	6312	2645
1652	4	7	160	6316	1414
1653	19	8	80	6320	2572
1654	0	18	160	6324	1227
1655	0	18	120	6328	2272
1656	0	18	120	6332	1704
1657	3	16	120	6336	2511
1658	15	0	40	6340	2903
1659	15	0	40	6344	639
1660	19	8	80	6348	894
1661	4	7	120	6352	812
1662	4	7	40	6356	420
1663	4	7	40	6360	524
1664	0	18	40	6364	2026
1665	15	0	160	6368	271
1666	4	7	40	6372	321
1667	1	11	40	6376	420
1668	0	18	120	6380	4140
1669	19	8	160	6384	506
1670	1	11	120	6388	1724
1671	3	16	120	6392	561
1672	1	11	120	6396	420
1673	5	13	160	6400	2454
1674	15	0	40	6404	172
1675	5	13	160	6408	168
1676	5	13	160	6412	1992
1677	3	16	160	6416	1121
1678	6	19	160	6420	1059
1679	1	11	80	6424	1255
1680	5	13	160	6428	1376
1681	1	11	120	6432	1287
1682	6	19	120	6436	284
1683	1	11	160	6440	518
1684	3	16	40	6450	3325
1685	5	13	160	6453	347
1686	19	8	160	6456	2483
1687	15	0	80	6459	1349
1688	0	18	80	6462	1083
1689	1	11	120	6465	1960
1690	19	8	80	6468	338
1691	5	13	160	6471	723
1692	6	19	80	6474	1434
1693	6	19	120	6477	1747
1694	1	11	80	6480	2484
1695	3	16	120	6483	1080
1696	6	19	80	6486	839
1697	19	8	40	6489	1031
1698	4	7	160	6492	1385
1699	6	19	120	6495	1645
1700	15	0	40	6498	1263
1701	4	7	120	6501	2848
1702	3	16	40	6504	2625
1703	19	8	160	6507	1041
1704	0	18	40	6510	141
1705	6	19	40	6513	446
1706	3	16	120	6516	1315
1707	15	0	160	6519	2453
1708	1	11	80	6522	1864
1709	4	7	160	6525	903
1710	5	13	160	6528	69
1711	15	0	120	6531	248
1712	6	19	160	6534	548
1713	5	13	160	6537	511
1714	3	16	80	6540	2059
1715	6	19	160	6543	3098
1716	15	0	40	6546	422
1717	1	11	40	6549	4567
1718	0	18	160	6552	776
1719	4	7	80	6555	1145
1720	19	8	160	6558	661
1721	6	19	160	6561	1372
1722	1	11	160	6564	1965
1723	19	8	40	6567	348
1724	19	8	120	6570	132
1725	5	13	120	6573	536
1726	6	19	80	6576	1787
1727	4	7	160	6579	1219
1728	4	7	120	6600	8349
1729	4	7	80	6603	1356
1730	15	0	120	6606	1698
1731	5	13	160	6609	407
1732	15	0	40	6612	3854
1733	19	8	80	6615	2752
1734	4	7	40	6618	9132
1735	0	18	40	6621	2081
1736	19	8	80	6624	2077
1737	6	19	120	6627	1672
1738	1	11	160	6630	338
1739	6	19	40	6633	1506
1740	3	16	80	6636	1463
1741	1	11	160	6639	5
1742	6	19	160	6642	3204
1743	5	13	80	6645	95
1744	6	19	160	6648	1729
1745	1	11	120	6651	75
1746	19	8	40	6654	119
1747	0	18	80	6657	594
1748	4	7	80	6660	4255
1749	4	7	120	6663	4120
1750	5	13	80	6666	467
1751	5	13	40	6669	969
1752	15	0	40	6672	146
1753	0	18	120	6675	107
1754	15	0	120	6678	555
1755	0	18	40	6681	5249
1756	3	16	160	6684	191
1757	4	7	40	6687	1447
1758	19	8	40	6690	806
1759	4	7	80	6693	2337
1760	19	8	160	6696	1235
1761	15	0	120	6699	41
1762	4	7	80	6702	2482
1763	15	0	160	6705	185
1764	6	19	80	6708	2234
1765	19	8	160	6711	2469
1766	19	8	120	6714	390
1767	6	19	120	6717	940
1768	0	18	120	6720	515
1769	1	11	80	6750	8400
1770	15	0	80	6753	197
1771	1	11	80	6756	1277
1772	19	8	80	6759	2080
1773	3	16	160	6762	2207
1774	1	11	160	6765	3629
1775	6	19	40	6768	652
1776	19	8	160	6771	1896
1777	5	13	80	6774	1655
1778	3	16	40	6777	1110
1779	15	0	40	6780	54
1780	6	19	120	6783	379
1781	5	13	160	6786	691
1782	19	8	120	6789	1432
1783	19	8	160	6792	93
1784	19	8	160	6795	594
1785	3	16	80	6798	337
1786	6	19	120	6801	234
1787	15	0	120	6804	2890
1788	0	18	120	6807	1135
1789	3	16	40	6810	42
1790	6	19	40	6813	1492
1791	4	7	80	6816	210
1792	15	0	120	6819	443
1793	6	19	120	6822	798
1794	15	0	80	6825	112
1795	4	7	120	6828	1357
1796	15	0	120	6831	325
1797	19	8	160	6834	2175
1798	19	8	160	6837	508
1799	6	19	160	6840	3143
1800	1	11	40	6843	2573
1801	1	11	120	6846	1416
1802	0	18	160	6849	54
1803	1	11	40	6852	4353
1804	6	19	80	6855	2509
1805	4	7	40	6858	1778
1806	6	19	160	6861	1942
1807	5	13	80	6864	584
1808	15	0	120	6900	257
1809	0	18	80	6903	4717
1810	0	18	80	6906	436
1811	15	0	80	6909	900
1812	1	11	40	6912	151
1813	1	11	40	6915	718
1814	15	0	120	6918	1251
1815	3	16	40	6921	319
1816	15	0	160	6924	797
1817	4	7	80	6927	2071
1818	19	8	160	6930	2335
1819	3	16	40	6933	1276
1820	1	11	80	6936	1629
1821	1	11	160	6939	704
1822	6	19	160	6942	4098
1823	6	19	120	6945	457
1824	4	7	40	6948	683
1825	3	16	160	6951	7415
1826	4	7	160	6954	572
1827	1	11	160	6957	617
1828	5	13	80	6960	1795
1829	6	19	40	6963	568
1830	19	8	120	6966	257
1831	0	18	160	6969	4554
1832	5	13	120	6972	719
1833	5	13	40	6975	1557
1834	5	13	40	6978	363
1835	4	7	40	6981	1422
1836	5	13	40	6984	608
1837	6	19	120	6987	1663
1838	1	11	120	6990	427
1839	4	7	160	6993	1502
1840	6	19	120	6996	968
1841	1	11	80	6999	2589
1842	19	8	40	7002	1787
1843	19	8	80	7005	1279
1844	3	16	160	7008	2241
1845	19	8	160	7011	295
1846	1	11	80	7014	52
1847	5	13	80	7050	3126
1848	19	8	160	7055	2814
1849	4	7	80	7060	3190
1850	5	13	160	7065	303
1851	3	16	40	7070	886
1852	0	18	40	7075	5614
1853	5	13	160	7080	1879
1854	4	7	120	7085	362
1855	19	8	40	7090	884
1856	5	13	120	7095	1690
1857	3	16	40	7100	2223
1858	15	0	160	7105	1298
1859	3	16	80	7110	2567
1860	0	18	80	7115	710
1861	4	7	40	7120	737
1862	19	8	160	7125	1470
1863	1	11	80	7130	2771
1864	1	11	160	7135	2408
1865	0	18	80	7140	535
1866	1	11	160	7145	109
1867	6	19	160	7150	896
1868	5	13	40	7155	270
1869	3	16	120	7160	4591
1870	6	19	160	7165	2931
1871	1	11	80	7170	2034
1872	1	11	160	7175	1041
1873	4	7	40	7180	255
1874	6	19	120	7185	153
1875	19	8	160	7190	2752
1876	3	16	160	7195	1701
1877	6	19	120	7200	671
1878	4	7	160	7204	1002
1879	5	13	80	7208	310
1880	1	11	120	7212	4763
1881	15	0	80	7216	874
1882	3	16	40	7220	1011
1883	1	11	40	7224	2548
1884	1	11	80	7228	213
1885	6	19	120	7232	1863
1886	0	18	160	7236	5574
1887	19	8	160	7240	1647
1888	0	18	120	7244	847
1889	5	13	40	7248	2203
1890	15	0	80	7252	4137
1891	3	16	160	7256	1233
1892	19	8	120	7260	142
1893	19	8	40	7264	839
1894	4	7	120	7268	442
1895	1	11	80	7272	136
1896	3	16	80	7276	329
1897	15	0	120	7280	2886
1898	15	0	80	7284	2234
1899	1	11	80	7288	967
1900	6	19	40	7292	171
1901	5	13	120	7296	1317
1902	0	18	80	7300	1858
1903	5	13	40	7304	3362
1904	6	19	80	7308	34
1905	4	7	80	7312	871
1906	0	18	40	7316	4369
1907	6	19	160	7320	2570
1908	19	8	40	7324	1439
1909	5	13	120	7328	702
1910	6	19	40	7332	2184
1911	19	8	40	7336	567
1912	15	0	40	7350	504
1913	1	11	120	7354	746
1914	1	11	160	7358	2962
1915	1	11	160	7362	4112
1916	1	11	160	7366	3423
1917	15	0	160	7370	2472
1918	19	8	160	7374	1855
1919	4	7	80	7378	138
1920	0	18	80	7382	588
1921	1	11	160	7386	776
1922	5	13	40	7390	28
1923	19	8	40	7394	754
1924	5	13	40	7398	25
1925	4	7	160	7402	530
1926	1	11	120	7406	1581
1927	3	16	160	7410	112
1928	19	8	120	7414	3470
1929	5	13	40	7418	15
1930	6	19	120	7422	1545
1931	4	7	80	7426	2609
1932	15	0	40	7430	1324
1933	3	16	120	7434	18
1934	15	0	80	7438	123
1935	5	13	40	7442	701
1936	15	0	160	7446	1971
1937	6	19	160	7450	1362
1938	4	7	120	7454	2374
1939	6	19	160	7458	1766
1940	5	13	80	7462	2176
1941	4	7	40	7466	254
1942	0	18	120	7470	76
1943	5	13	160	7474	88
1944	19	8	160	7478	4
1945	19	8	80	7482	1457
1946	5	13	160	7500	482
1947	15	0	40	7504	1799
1948	6	19	40	7508	1256
1949	3	16	120	7512	578
1950	0	18	80	7516	314
1951	5	13	120	7520	741
1952	15	0	160	7524	233
1953	4	7	40	7528	1740
1954	1	11	40	7532	245
1955	4	7	40	7536	1828
1956	0	18	80	7540	1251
1957	0	18	80	7544	567
1958	0	18	40	7548	3145
1959	3	16	80	7552	1934
1960	3	16	160	7556	2333
1961	15	0	80	7560	3102
1962	6	19	80	7564	3764
1963	3	16	40	7568	1398
1964	15	0	40	7572	1969
1965	3	16	160	7576	4282
1966	1	11	160	7580	1955
1967	5	13	120	7584	479
1968	3	16	80	7588	563
1969	6	19	160	7592	1002
1970	4	7	160	7596	342
1971	5	13	40	7600	537
1972	3	16	40	7604	19
1973	3	16	160	7608	26
1974	19	8	40	7612	583
1975	6	19	80	7616	277
1976	1	11	80	7620	655
1977	19	8	80	7624	4874
1978	0	18	40	7650	747
1979	6	19	120	7654	753
1980	19	8	40	7658	34
1981	4	7	120	7662	4580
1982	5	13	120	7666	1054
1983	6	19	160	7670	1305
1984	5	13	120	7674	2584
1985	1	11	160	7678	437
1986	6	19	120	7682	1710
1987	4	7	160	7686	3453
1988	0	18	80	7690	2963
1989	4	7	40	7694	703
1990	4	7	120	7698	2473
1991	15	0	80	7702	807
1992	6	19	160	7706	1908
1993	0	18	80	7710	108
1994	4	7	40	7714	3499
1995	15	0	160	7718	3339
1996	6	19	120	7722	406
1997	15	0	80	7726	878
1998	15	0	160	7730	592
1999	6	19	40	7734	93
2000	6	19	120	7738	3354
2001	19	8	80	7742	2
2002	4	7	160	7746	730
2003	19	8	80	7750	124
2004	15	0	120	7754	184
2005	5	13	80	7758	3284
2006	1	11	120	7762	709
2007	5	13	160	7766	202
2008	5	13	40	7770	679
2009	5	13	120	7774	6030
2010	3	16	120	7778	646
2011	1	11	40	7782	1392
2012	19	8	80	7786	3838
2013	4	7	80	7790	987
2014	4	7	80	7794	1814
2015	19	8	80	7800	2713
2016	1	11	160	7803	690
2017	0	18	120	7806	617
2018	15	0	120	7809	2304
2019	6	19	40	7812	974
2020	5	13	80	7815	456
2021	15	0	160	7818	2644
2022	5	13	40	7821	796
2023	19	8	40	7824	4191
2024	3	16	40	7827	1707
2025	6	19	120	7830	2324
2026	19	8	80	7833	1305
2027	1	11	120	7836	4295
2028	15	0	160	7839	182
2029	0	18	40	7842	843
2030	19	8	160	7845	4022
2031	3	16	40	7848	3623
2032	1	11	80	7851	1511
2033	4	7	160	7854	604
2034	19	8	40	7857	1045
2035	19	8	160	7860	32
2036	19	8	120	7863	1256
2037	5	13	80	7866	829
2038	15	0	40	7869	939
2039	0	18	40	7872	4064
2040	19	8	80	7875	3135
2041	1	11	120	7878	1210
2042	19	8	160	7881	1151
2043	4	7	160	7884	3171
2044	0	18	120	7887	36
2045	3	16	120	7890	340
2046	15	0	40	7893	1021
2047	1	11	80	7896	406
2048	6	19	40	7899	688
2049	5	13	160	7902	103
2050	5	13	40	7905	1111
2051	5	13	40	7908	3448
2052	19	8	160	7911	1612
2053	0	18	120	7914	2830
2054	0	18	160	7917	2402
2055	19	8	120	7950	100
2056	4	7	40	7954	1335
2057	4	7	120	7958	887
2058	6	19	40	7962	766
2059	1	11	40	7966	596
2060	5	13	40	7970	549
2061	0	18	160	7974	853
2062	6	19	40	7978	17
2063	4	7	160	7982	4075
2064	5	13	160	7986	77
2065	19	8	120	7990	868
2066	19	8	120	7994	5252
2067	4	7	80	7998	1340
2068	4	7	40	8002	5898
2069	5	13	120	8006	1711
2070	19	8	120	8010	469
2071	5	13	80	8014	4321
2072	1	11	80	8018	3085
2073	15	0	80	8022	2859
2074	6	19	160	8026	1380
2075	4	7	120	8030	1848
2076	19	8	40	8034	519
2077	0	18	80	8038	1141
2078	19	8	80	8042	3692
2079	19	8	120	8046	971
2080	15	0	80	8050	522
2081	6	19	160	8054	631
2082	5	13	120	8058	1282
2083	3	16	40	8062	73
2084	4	7	40	8066	3563
2085	4	7	120	8070	48
2086	4	7	40	8100	435
2087	1	11	120	8103	2315
2088	4	7	40	8106	1143
2089	19	8	120	8109	862
2090	5	13	120	8112	847
2091	4	7	40	8115	192
2092	19	8	80	8118	37
2093	6	19	160	8121	221
2094	4	7	40	8124	1477
2095	19	8	80	8127	876
2096	4	7	120	8130	1171
2097	4	7	160	8133	1381
2098	15	0	160	8136	2646
2099	0	18	40	8139	1317
2100	3	16	160	8142	398
2101	3	16	160	8145	3497
2102	6	19	80	8148	445
2103	1	11	120	8151	1746
2104	6	19	40	8154	2399
2105	0	18	120	8157	1298
2106	3	16	120	8160	41
2107	1	11	80	8163	2469
2108	3	16	160	8166	425
2109	5	13	80	8169	141
2110	0	18	120	8172	2217
2111	4	7	160	8175	87
2112	5	13	80	8178	1138
2113	6	19	120	8181	3856
2114	3	16	160	8184	51
2115	19	8	80	8187	4954
2116	4	7	80	8190	2940
2117	4	7	40	8193	4980
2118	19	8	160	8196	40
2119	1	11	40	8199	28
2120	5	13	80	8202	311
2121	15	0	160	8205	304
2122	0	18	80	8208	88
2123	5	13	120	8211	1175
2124	0	18	160	8214	429
2125	4	7	120	8250	240
2126	6	19	40	8254	3773
2127	5	13	80	8258	1991
2128	4	7	80	8262	382
2129	15	0	80	8266	259
2130	19	8	160	8270	272
2131	4	7	40	8274	1761
2132	1	11	80	8278	1826
2133	15	0	80	8282	601
2134	6	19	120	8286	418
2135	5	13	120	8290	744
2136	19	8	120	8294	135
2137	4	7	40	8298	3268
2138	5	13	160	8302	431
2139	4	7	120	8306	595
2140	0	18	40	8310	6
2141	1	11	120	8314	882
2142	15	0	160	8318	1162
2143	15	0	160	8322	878
2144	19	8	160	8326	1641
2145	1	11	120	8330	704
2146	15	0	160	8334	1332
2147	1	11	120	8338	160
2148	4	7	40	8342	163
2149	4	7	160	8346	1632
2150	4	7	40	8350	1312
2151	19	8	120	8354	1294
2152	5	13	40	8358	1283
2153	5	13	120	8362	2491
2154	4	7	120	8366	758
2155	5	13	40	8370	76
2156	1	11	120	8374	2799
2157	1	11	120	8378	1877
2158	1	11	120	8382	867
2159	1	11	120	8386	1574
2160	3	16	80	8390	1618
2161	15	0	80	8400	519
2162	15	0	40	8403	1309
2163	5	13	80	8406	138
2164	5	13	80	8409	3859
2165	6	19	80	8412	126
2166	1	11	80	8415	652
2167	15	0	160	8418	337
2168	0	18	160	8421	1710
2169	6	19	80	8424	1544
2170	19	8	160	8427	3140
2171	0	18	40	8430	5382
2172	15	0	40	8433	1877
2173	5	13	40	8436	1801
2174	1	11	40	8439	21
2175	4	7	120	8442	2036
2176	0	18	160	8445	1549
2177	1	11	80	8448	1428
2178	5	13	120	8451	3156
2179	15	0	80	8454	3105
2180	5	13	160	8457	1229
2181	5	13	80	8460	2555
2182	1	11	40	8463	1497
2183	19	8	80	8466	1236
2184	3	16	80	8469	1286
2185	19	8	80	8472	1330
2186	15	0	40	8475	184
2187	5	13	120	8478	3366
2188	3	16	120	8481	4061
2189	0	18	80	8484	322
2190	3	16	40	8487	1183
2191	15	0	40	8490	699
2192	3	16	120	8493	890
2193	4	7	80	8496	1374
2194	0	18	80	8499	1651
2195	1	11	120	8502	1866
2196	4	7	80	8505	2976
2197	3	16	120	8508	900
2198	1	11	80	8511	1099
2199	1	11	120	8514	1316
2200	19	8	40	8517	33
2201	0	18	160	8520	734
2202	0	18	160	8523	819
2203	6	19	160	8526	925
2204	5	13	40	8529	2316
2205	4	7	160	8532	1415
2206	1	11	80	8535	2995
2207	0	18	160	8550	3129
2208	4	7	120	8553	2383
2209	0	18	160	8556	1593
2210	5	13	40	8559	780
2211	0	18	40	8562	394
2212	5	13	160	8565	2710
2213	3	16	40	8568	1249
2214	6	19	120	8571	142
2215	15	0	160	8574	2769
2216	5	13	40	8577	1623
2217	15	0	120	8580	31
2218	1	11	160	8583	1076
2219	5	13	40	8586	613
2220	15	0	40	8589	5035
2221	5	13	160	8592	920
2222	4	7	40	8595	468
2223	19	8	80	8598	999
2224	4	7	40	8601	153
2225	1	11	120	8604	1052
2226	6	19	120	8607	1115
2227	4	7	160	8610	181
2228	4	7	160	8613	48
2229	0	18	80	8616	540
2230	19	8	40	8619	3182
2231	6	19	80	8622	321
2232	0	18	40	8625	149
2233	3	16	40	8628	521
2234	19	8	40	8631	2860
2235	5	13	160	8634	283
2236	4	7	120	8637	758
2237	5	13	80	8640	281
2238	4	7	80	8643	2237
2239	19	8	80	8646	5027
2240	15	0	160	8649	1930
2241	15	0	40	8652	411
2242	1	11	40	8655	154
2243	3	16	160	8658	490
2244	5	13	80	8661	2327
2245	3	16	40	8700	566
2246	1	11	40	8703	1153
2247	0	18	80	8706	3214
2248	6	19	120	8709	1068
2249	1	11	80	8712	2618
2250	5	13	120	8715	77
2251	5	13	120	8718	2765
2252	1	11	120	8721	4201
2253	5	13	80	8724	305
2254	4	7	120	8727	1447
2255	3	16	80	8730	1244
2256	5	13	120	8733	189
2257	0	18	80	8736	4087
2258	1	11	120	8739	677
2259	4	7	80	8742	497
2260	6	19	80	8745	135
2261	6	19	120	8748	2081
2262	5	13	40	8751	2789
2263	3	16	40	8754	1020
2264	1	11	120	8757	2231
2265	15	0	160	8760	358
2266	19	8	160	8763	219
2267	1	11	120	8766	1171
2268	3	16	160	8769	1875
2269	0	18	160	8772	3755
2270	4	7	40	8775	883
2271	0	18	120	8778	1009
2272	4	7	40	8781	423
2273	3	16	80	8784	1188
2274	15	0	40	8787	1418
2275	19	8	40	8790	1937
2276	4	7	160	8793	670
2277	1	11	80	8796	6812
2278	4	7	40	8799	1798
2279	0	18	40	8802	2287
2280	19	8	80	8805	5144
2281	6	19	40	8808	1540
2282	6	19	80	8811	1390
2283	1	11	80	8814	346
2284	4	7	120	8817	435
2285	3	16	80	8820	58
2286	5	13	120	8823	438
2287	4	7	160	8850	3622
2288	19	8	120	8854	1685
2289	5	13	160	8858	509
2290	19	8	40	8862	82
2291	3	16	80	8866	931
2292	3	16	120	8870	2474
2293	19	8	40	8874	1018
2294	1	11	40	8878	3163
2295	1	11	80	8882	5448
2296	1	11	40	8886	755
2297	15	0	160	8890	1392
2298	1	11	40	8894	1054
2299	15	0	120	8898	1284
2300	3	16	40	8902	294
2301	0	18	120	8906	7842
2302	6	19	80	8910	277
2303	6	19	160	8914	1342
2304	15	0	80	8918	717
2305	5	13	160	8922	1233
2306	0	18	120	8926	1359
2307	19	8	80	8930	746
2308	15	0	40	8934	1274
2309	4	7	120	8938	3365
2310	19	8	120	8942	340
2311	4	7	80	8946	207
2312	6	19	40	8950	403
2313	0	18	80	8954	1304
2314	4	7	160	8958	566
2315	19	8	40	8962	881
2316	19	8	80	8966	236
2317	4	7	160	8970	1524
2318	19	8	120	8974	414
2319	15	0	40	8978	1995
2320	1	11	40	8982	4799
2321	5	13	40	8986	383
2322	3	16	40	8990	3028
2323	15	0	40	9000	832
2324	0	18	120	9003	2999
2325	1	11	120	9006	6073
2326	6	19	40	9009	1719
2327	5	13	40	9012	2098
2328	0	18	80	9015	1656
2329	5	13	160	9018	1524
2330	6	19	160	9021	599
2331	5	13	160	9024	2114
2332	0	18	80	9027	993
2333	6	19	120	9030	197
2334	15	0	40	9033	1389
2335	19	8	160	9036	5416
2336	0	18	160	9039	960
2337	0	18	120	9042	19
2338	3	16	40	9045	2621
2339	19	8	160	9048	1762
2340	3	16	160	9051	876
2341	6	19	80	9054	2964
2342	5	13	120	9057	619
2343	4	7	40	9060	2277
2344	5	13	80	9063	132
2345	5	13	160	9066	3869
2346	5	13	40	9069	385
2347	1	11	80	9072	386
2348	4	7	80	9075	294
2349	1	11	160	9078	854
2350	1	11	40	9081	2635
2351	15	0	80	9084	2126
2352	19	8	80	9087	676
2353	3	16	160	9090	2199
2354	5	13	80	9093	1436
2355	15	0	160	9096	4572
2356	6	19	80	9099	204
2357	15	0	80	9102	2038
2358	5	13	40	9105	1945
2359	6	19	120	9108	760
2360	15	0	160	9111	3162
2361	5	13	80	9150	2775
2362	15	0	160	9154	1928
2363	3	16	40	9158	4082
2364	6	19	120	9162	1247
2365	4	7	120	9166	889
2366	3	16	40	9170	1553
2367	19	8	120	9174	179
2368	3	16	80	9178	5649
2369	6	19	160	9182	627
2370	19	8	80	9186	5345
2371	19	8	120	9190	214
2372	0	18	120	9194	2509
2373	19	8	160	9198	1199
2374	5	13	40	9202	520
2375	4	7	160	9206	154
2376	0	18	120	9210	3277
2377	15	0	40	9214	135
2378	1	11	160	9218	626
2379	5	13	160	9222	4231
2380	5	13	120	9226	2115
2381	4	7	120	9230	910
2382	0	18	120	9234	1283
2383	15	0	80	9238	400
2384	4	7	160	9242	2496
2385	19	8	120	9246	1271
2386	5	13	120	9250	748
2387	6	19	80	9254	1883
2388	0	18	80	9258	1060
2389	0	18	40	9262	1581
2390	1	11	120	9266	2801
2391	1	11	120	9270	1962
2392	4	7	80	9274	505
2393	6	19	80	9300	838
2394	1	11	160	9303	2511
2395	6	19	120	9306	1373
2396	19	8	80	9309	222
2397	3	16	80	9312	776
2398	6	19	80	9315	365
2399	1	11	120	9318	1521
2400	1	11	120	9321	491
2401	6	19	120	9324	181
2402	19	8	40	9327	431
2403	15	0	120	9330	2715
2404	3	16	120	9333	931
2405	3	16	80	9336	1778
2406	6	19	120	9339	4361
2407	0	18	120	9342	2510
2408	15	0	120	9345	969
2409	0	18	80	9348	1095
2410	15	0	80	9351	100
2411	19	8	40	9354	63
2412	5	13	80	9357	770
2413	0	18	80	9360	2314
2414	0	18	40	9363	1539
2415	3	16	40	9366	826
2416	5	13	160	9369	467
2417	0	18	120	9372	1007
2418	19	8	80	9375	197
2419	15	0	160	9378	7420
2420	15	0	160	9381	84
2421	6	19	120	9384	3986
2422	15	0	40	9387	1396
2423	3	16	40	9390	590
2424	4	7	40	9393	1028
2425	15	0	160	9396	415
2426	4	7	80	9399	2814
2427	3	16	80	9402	727
2428	15	0	160	9405	2009
2429	15	0	120	9408	1773
2430	5	13	120	9411	4828
2431	6	19	40	9414	990
2432	1	11	120	9417	3059
2433	0	18	40	9420	1826
2434	3	16	40	9423	1623
2435	19	8	160	9426	1541
2436	5	13	120	9429	344
2437	1	11	160	9450	2013
2438	5	13	120	9454	2217
2439	0	18	80	9458	185
2440	3	16	40	9462	1476
2441	5	13	40	9466	1302
2442	15	0	120	9470	409
2443	0	18	160	9474	6727
2444	1	11	160	9478	1324
2445	1	11	80	9482	2446
2446	5	13	40	9486	596
2447	4	7	40	9490	1039
2448	5	13	80	9494	2315
2449	15	0	120	9498	739
2450	1	11	120	9502	605
2451	19	8	160	9506	1568
2452	4	7	160	9510	493
2453	19	8	120	9514	379
2454	3	16	160	9518	1310
2455	5	13	160	9522	644
2456	15	0	80	9526	1063
2457	6	19	40	9530	3880
2458	3	16	80	9534	623
2459	4	7	160	9538	373
2460	19	8	160	9542	2820
2461	3	16	40	9546	1235
2462	3	16	120	9550	116
2463	0	18	40	9554	2289
2464	5	13	120	9558	1225
2465	0	18	80	9562	1307
2466	15	0	120	9566	281
2467	5	13	40	9570	1795
2468	6	19	40	9574	200
2469	1	11	40	9578	11369
2470	6	19	80	9600	369
2471	3	16	40	9603	1129
2472	4	7	160	9606	1894
2473	15	0	160	9609	11
2474	5	13	120	9612	685
2475	3	16	120	9615	964
2476	15	0	40	9618	1761
2477	15	0	40	9621	1440
2478	0	18	40	9624	2014
2479	3	16	160	9627	1765
2480	1	11	120	9630	3680
2481	19	8	80	9633	639
2482	15	0	160	9636	1366
2483	19	8	40	9639	643
2484	5	13	40	9642	672
2485	6	19	160	9645	559
2486	3	16	40	9648	340
2487	1	11	40	9651	1559
2488	15	0	80	9654	194
2489	15	0	40	9657	560
2490	1	11	80	9660	216
2491	19	8	120	9663	493
2492	15	0	80	9666	762
2493	0	18	160	9669	1202
2494	1	11	120	9672	469
2495	19	8	160	9675	100
2496	3	16	120	9678	1057
2497	15	0	120	9681	913
2498	5	13	80	9684	844
2499	1	11	80	9687	7
2500	4	7	160	9690	1503
2501	0	18	160	9693	1491
2502	15	0	160	9696	704
2503	4	7	40	9699	2318
2504	1	11	40	9702	280
2505	19	8	120	9705	2437
2506	4	7	160	9708	4019
2507	5	13	40	9711	478
2508	4	7	160	9714	2915
2509	0	18	40	9717	172
2510	15	0	160	9720	1611
2511	19	8	40	9723	3321
2512	5	13	160	9726	308
2513	0	18	120	9729	1567
2514	3	16	40	9750	549
2515	19	8	120	9754	1041
2516	5	13	80	9758	4966
2517	3	16	80	9762	1939
2518	4	7	160	9766	820
2519	15	0	160	9770	425
2520	6	19	40	9774	713
2521	5	13	120	9778	1116
2522	6	19	160	9782	1288
2523	19	8	40	9786	2516
2524	0	18	160	9790	3004
2525	15	0	160	9794	4177
2526	4	7	120	9798	209
2527	4	7	160	9802	271
2528	6	19	80	9806	2012
2529	5	13	160	9810	538
2530	0	18	40	9814	5185
2531	19	8	80	9818	401
2532	3	16	160	9822	309
2533	19	8	120	9826	1988
2534	15	0	160	9830	90
2535	1	11	160	9834	500
2536	1	11	120	9838	5368
2537	3	16	160	9842	2497
2538	15	0	40	9846	294
2539	6	19	120	9850	1225
2540	3	16	160	9854	716
2541	6	19	40	9858	3984
2542	15	0	40	9862	2338
2543	15	0	80	9866	19
2544	19	8	80	9870	1589
2545	1	11	40	9874	418
2546	4	7	160	9878	148
2547	15	0	160	9882	2080
2548	15	0	120	9886	421
2549	1	11	160	9890	2192
2550	4	7	120	9900	160
2551	19	8	40	9903	2272
2552	4	7	120	9906	53
2553	6	19	80	9909	304
2554	4	7	80	9912	1475
2555	19	8	80	9915	171
2556	3	16	40	9918	82
2557	15	0	120	9921	1237
2558	3	16	80	9924	3822
2559	3	16	80	9927	396
2560	4	7	160	9930	1675
2561	0	18	160	9933	2176
2562	19	8	120	9936	1147
2563	15	0	160	9939	1215
2564	19	8	160	9942	226
2565	15	0	80	9945	827
2566	5	13	40	9948	1826
2567	6	19	40	9951	900
2568	3	16	120	9954	1335
2569	0	18	80	9957	34
2570	15	0	40	9960	1127
2571	1	11	80	9963	248
2572	5	13	80	9966	1188
2573	6	19	80	9969	2981
2574	5	13	40	9972	3026
2575	0	18	40	9975	893
2576	6	19	80	9978	1993
2577	19	8	120	9981	1243
2578	19	8	160	9984	261
2579	15	0	120	9987	1457
2580	4	7	160	9990	2784
2581	6	19	160	9993	717
2582	5	13	40	9996	3804
2583	4	7	120	9999	5277
2584	1	11	80	10002	334
2585	0	18	160	10005	312
2586	5	13	120	10008	334
2587	6	19	120	10011	4
2588	4	7	80	10014	171
2589	15	0	120	10050	4512
2590	19	8	160	10054	392
2591	3	16	160	10058	792
2592	0	18	120	10062	3298
2593	4	7	120	10066	4378
2594	3	16	120	10070	3252
2595	3	16	160	10074	1428
2596	15	0	80	10078	754
2597	0	18	40	10082	400
2598	15	0	80	10086	3095
2599	1	11	160	10090	391
2600	6	19	160	10094	1163
2601	6	19	160	10098	1545
2602	4	7	40	10102	262
2603	6	19	80	10106	377
2604	4	7	160	10110	411
2605	1	11	40	10114	4459
2606	4	7	160	10118	397
2607	6	19	80	10122	282
2608	1	11	80	10126	570
2609	4	7	40	10130	292
2610	3	16	160	10134	700
2611	3	16	120	10138	1010
2612	19	8	160	10142	770
2613	5	13	120	10146	535
2614	19	8	80	10150	737
2615	15	0	40	10154	519
2616	4	7	160	10158	2795
2617	5	13	40	10162	1245
2618	6	19	120	10166	658
2619	19	8	160	10170	4544
2620	3	16	120	10174	380
2621	19	8	120	10178	1809
2622	1	11	120	10182	630
2623	4	7	160	10200	1527
2624	1	11	120	10203	2356
2625	4	7	40	10206	188
2626	1	11	160	10209	458
2627	0	18	120	10212	1379
2628	4	7	160	10215	5682
2629	1	11	40	10218	437
2630	3	16	120	10221	82
2631	5	13	40	10224	1042
2632	1	11	40	10227	1759
2633	15	0	160	10230	3996
2634	1	11	120	10233	128
2635	6	19	40	10236	336
2636	1	11	160	10239	371
2637	19	8	160	10242	1798
2638	0	18	160	10245	1967
2639	19	8	40	10248	434
2640	6	19	40	10251	4664
2641	15	0	80	10254	42
2642	4	7	80	10257	1741
2643	0	18	40	10260	4014
2644	5	13	120	10263	1292
2645	5	13	80	10266	2022
2646	4	7	40	10269	13
2647	5	13	160	10272	1332
2648	5	13	40	10275	1223
2649	5	13	120	10278	1349
2650	19	8	40	10281	2200
2651	3	16	80	10284	2667
2652	4	7	80	10287	3170
2653	19	8	80	10290	3813
2654	19	8	40	10293	7
2655	6	19	80	10296	2737
2656	4	7	40	10299	535
2657	19	8	40	10302	1107
2658	4	7	160	10305	843
2659	19	8	120	10308	194
2660	0	18	40	10311	1734
2661	3	16	80	10314	1498
2662	3	16	120	10317	324
2663	19	8	40	10320	98
2664	1	11	120	10323	197
2665	6	19	160	10350	3085
2666	1	11	80	10353	2410
2667	1	11	160	10356	956
2668	3	16	160	10359	369
2669	1	11	80	10362	312
2670	5	13	80	10365	113
2671	4	7	160	10368	237
2672	4	7	40	10371	2690
2673	6	19	120	10374	164
2674	1	11	160	10377	8394
2675	4	7	40	10380	328
2676	4	7	80	10383	21
2677	1	11	80	10386	796
2678	19	8	80	10389	94
2679	6	19	80	10392	79
2680	0	18	40	10395	173
2681	6	19	40	10398	1685
2682	4	7	80	10401	67
2683	19	8	80	10404	727
2684	3	16	40	10407	990
2685	0	18	40	10410	377
2686	1	11	120	10413	1457
2687	3	16	120	10416	2199
2688	15	0	160	10419	3887
2689	4	7	80	10422	417
2690	3	16	160	10425	3464
2691	3	16	120	10428	1793
2692	4	7	40	10431	468
2693	0	18	40	10434	1407
2694	19	8	40	10437	1252
2695	3	16	120	10440	586
2696	5	13	160	10443	2685
2697	5	13	40	10446	1463
2698	15	0	120	10449	2473
2699	15	0	160	10452	1833
2700	4	7	160	10455	4242
2701	3	16	40	10458	1155
2702	1	11	160	10461	693
2703	4	7	160	10464	692
2704	19	8	40	10467	1101
2705	4	7	80	10470	1463
2706	15	0	40	10473	8917
2707	15	0	160	10476	2239
2708	6	19	120	10479	3886
2709	4	7	160	10482	2480
2710	3	16	160	10485	2612
2711	1	11	160	10488	3284
2712	19	8	160	10491	926
2713	15	0	80	10500	712
2714	19	8	80	10503	18
2715	3	16	40	10506	15
2716	15	0	160	10509	1329
2717	3	16	40	10512	2494
2718	5	13	40	10515	1302
2719	1	11	80	10518	3467
2720	5	13	80	10521	432
2721	19	8	160	10524	46
2722	3	16	40	10527	1185
2723	15	0	120	10530	5562
2724	19	8	120	10533	507
2725	1	11	120	10536	706
2726	19	8	120	10539	3155
2727	4	7	40	10542	382
2728	6	19	120	10545	1157
2729	19	8	40	10548	1674
2730	19	8	80	10551	677
2731	19	8	80	10554	743
2732	4	7	120	10557	1390
2733	1	11	80	10560	659
2734	3	16	80	10563	176
2735	6	19	160	10566	1273
2736	4	7	40	10569	544
2737	0	18	120	10572	1681
2738	19	8	40	10575	2994
2739	19	8	160	10578	2953
2740	1	11	160	10581	382
2741	4	7	160	10584	2808
2742	5	13	40	10587	2788
2743	3	16	160	10590	185
2744	1	11	80	10593	812
2745	0	18	40	10596	19
2746	3	16	160	10599	405
2747	6	19	120	10602	3312
2748	1	11	120	10605	1360
2749	6	19	160	10608	1216
2750	4	7	160	10611	1996
2751	1	11	120	10614	34
2752	19	8	160	10617	65
2753	6	19	80	10620	3559
2754	3	16	120	10623	910
2755	5	13	160	10626	3622
2756	0	18	160	10629	7041
2757	4	7	80	10632	753
2758	5	13	40	10635	129
2759	15	0	120	10638	233
2760	4	7	120	10641	2049
2761	3	16	40	10650	2221
2762	1	11	80	10653	406
2763	15	0	80	10656	436
2764	5	13	120	10659	883
2765	4	7	120	10662	853
2766	15	0	40	10665	500
2767	15	0	80	10668	166
2768	5	13	160	10671	466
2769	1	11	120	10674	870
2770	19	8	160	10677	1835
2771	15	0	40	10680	3677
2772	4	7	40	10683	4385
2773	6	19	80	10686	1908
2774	19	8	80	10689	1688
2775	0	18	80	10692	777
2776	3	16	160	10695	308
2777	19	8	80	10698	842
2778	5	13	40	10701	1222
2779	15	0	80	10704	481
2780	19	8	160	10707	224
2781	3	16	40	10710	6617
2782	1	11	80	10713	1485
2783	19	8	120	10716	6053
2784	4	7	80	10719	4140
2785	6	19	120	10722	624
2786	19	8	80	10725	641
2787	6	19	80	10728	1792
2788	19	8	160	10731	3467
2789	15	0	80	10734	335
2790	6	19	160	10737	1306
2791	0	18	160	10740	3610
2792	4	7	80	10743	1342
2793	1	11	120	10746	1907
2794	5	13	80	10749	183
2795	15	0	160	10752	904
2796	3	16	120	10755	1407
2797	15	0	120	10758	1343
2798	15	0	40	10761	1668
2799	15	0	160	10764	6227
2800	1	11	160	10767	1957
2801	5	13	120	10770	211
2802	1	11	120	10800	1463
2803	19	8	40	10803	254
2804	15	0	40	10806	2843
2805	6	19	120	10809	2588
2806	15	0	80	10812	119
2807	3	16	120	10815	585
2808	15	0	160	10818	394
2809	1	11	40	10821	77
2810	1	11	40	10824	1933
2811	0	18	120	10827	1234
2812	15	0	80	10830	2725
2813	6	19	120	10833	2475
2814	19	8	160	10836	8
2815	1	11	80	10839	2122
2816	1	11	160	10842	233
2817	1	11	120	10845	441
2818	4	7	160	10848	569
2819	19	8	160	10851	165
2820	4	7	80	10854	134
2821	1	11	120	10857	1324
2822	15	0	80	10860	342
2823	6	19	80	10863	103
2824	4	7	120	10866	2937
2825	15	0	40	10869	2383
2826	4	7	160	10872	583
2827	3	16	120	10875	385
2828	1	11	40	10878	1391
2829	0	18	120	10881	378
2830	15	0	160	10884	2381
2831	4	7	40	10887	1353
2832	1	11	40	10890	2132
2833	15	0	40	10893	1276
2834	6	19	120	10896	1183
2835	3	16	80	10899	10
2836	0	18	80	10902	681
2837	1	11	40	10905	958
2838	1	11	80	10908	213
2839	15	0	120	10911	182
2840	19	8	40	10914	460
2841	5	13	120	10917	37
2842	19	8	120	10920	941
2843	6	19	160	10923	2850
2844	5	13	80	10926	969
2845	5	13	80	10929	30
2846	3	16	80	10950	112
2847	15	0	120	10954	2294
2848	3	16	160	10958	1878
2849	4	7	160	10962	665
2850	6	19	160	10966	553
2851	0	18	160	10970	654
2852	4	7	160	10974	484
2853	19	8	80	10978	1253
2854	4	7	120	10982	3428
2855	19	8	40	10986	230
2856	6	19	40	10990	3940
2857	4	7	80	10994	1218
2858	5	13	120	10998	529
2859	19	8	40	11002	83
2860	1	11	160	11006	1038
2861	4	7	160	11010	2845
2862	1	11	120	11014	1901
2863	6	19	40	11018	12
2864	4	7	40	11022	441
2865	6	19	40	11026	209
2866	19	8	80	11030	2430
2867	19	8	40	11034	460
2868	19	8	40	11038	456
2869	5	13	80	11042	9534
2870	0	18	40	11046	746
2871	19	8	120	11050	1671
2872	19	8	40	11054	196
2873	6	19	80	11058	336
2874	19	8	120	11062	2753
2875	15	0	120	11066	94
2876	3	16	40	11070	192
2877	1	11	120	11074	654
2878	1	11	40	11078	1340
2879	19	8	40	11082	2734
2880	5	13	120	11100	1928
2881	6	19	40	11103	1161
2882	0	18	160	11106	1077
2883	15	0	80	11109	423
2884	3	16	120	11112	3685
2885	6	19	40	11115	875
2886	0	18	80	11118	575
2887	3	16	160	11121	320
2888	4	7	120	11124	1684
2889	6	19	80	11127	774
2890	5	13	40	11130	124
2891	6	19	40	11133	2481
2892	6	19	120	11136	288
2893	3	16	80	11139	122
2894	5	13	120	11142	1432
2895	4	7	80	11145	802
2896	4	7	40	11148	548
2897	1	11	120	11151	918
2898	3	16	120	11154	1358
2899	15	0	40	11157	636
2900	6	19	160	11160	369
2901	3	16	40	11163	2475
2902	15	0	80	11166	1104
2903	6	19	80	11169	1888
2904	3	16	120	11172	5075
2905	15	0	80	11175	1519
2906	1	11	120	11178	394
2907	15	0	80	11181	116
2908	19	8	120	11184	1942
2909	5	13	160	11187	2723
2910	6	19	40	11190	33
2911	5	13	120	11193	1280
2912	3	16	40	11196	5036
2913	6	19	80	11199	920
2914	4	7	80	11202	601
2915	5	13	160	11205	4851
2916	4	7	160	11208	618
2917	4	7	40	11211	959
2918	4	7	80	11214	147
2919	6	19	40	11217	2513
2920	6	19	160	11250	2503
2921	6	19	120	11253	1412
2922	5	13	120	11256	1336
2923	3	16	160	11259	2936
2924	19	8	80	11262	3765
2925	3	16	40	11265	1313
2926	1	11	160	11268	1030
2927	6	19	160	11271	67
2928	0	18	120	11274	1322
2929	5	13	80	11277	833
2930	4	7	80	11280	2107
2931	0	18	80	11283	1628
2932	15	0	160	11286	2127
2933	3	16	40	11289	421
2934	1	11	80	11292	1452
2935	1	11	80	11295	3705
2936	15	0	120	11298	27
2937	3	16	120	11301	2386
2938	4	7	120	11304	492
2939	4	7	80	11307	487
2940	5	13	80	11310	355
2941	3	16	160	11313	418
2942	3	16	40	11316	941
2943	15	0	120	11319	2724
2944	0	18	40	11322	720
2945	0	18	120	11325	1055
2946	4	7	160	11328	2783
2947	0	18	40	11331	1889
2948	15	0	160	11334	2069
2949	19	8	160	11337	1594
2950	19	8	80	11340	119
2951	0	18	160	11343	2693
2952	15	0	40	11346	678
2953	6	19	120	11349	2290
2954	1	11	40	11352	1146
2955	19	8	40	11355	1405
2956	6	19	120	11358	369
2957	5	13	120	11361	1628
2958	6	19	40	11364	2393
2959	0	18	120	11367	723
2960	6	19	80	11370	226
2961	4	7	160	11373	310
2962	6	19	160	11376	1007
2963	4	7	80	11379	534
2964	1	11	120	11400	129
2965	6	19	120	11404	668
2966	6	19	160	11408	2540
2967	19	8	40	11412	1909
2968	4	7	40	11416	2734
2969	1	11	160	11420	804
2970	6	19	40	11424	4290
2971	0	18	80	11428	1169
2972	19	8	120	11432	320
2973	19	8	40	11436	2542
2974	1	11	120	11440	1381
2975	3	16	40	11444	1258
2976	4	7	80	11448	232
2977	15	0	40	11452	2093
2978	3	16	120	11456	973
2979	19	8	120	11460	800
2980	19	8	40	11464	2019
2981	0	18	160	11468	2275
2982	15	0	160	11472	525
2983	1	11	120	11476	4017
2984	5	13	160	11480	645
2985	3	16	80	11484	3799
2986	3	16	80	11488	531
2987	1	11	40	11492	5542
2988	1	11	160	11496	1861
2989	3	16	40	11500	18
2990	5	13	160	11504	1791
2991	3	16	160	11508	659
2992	6	19	120	11512	10447
2993	4	7	160	11516	3415
2994	15	0	160	11520	221
2995	0	18	80	11524	35
2996	6	19	40	11528	2107
2997	19	8	160	11532	273
2998	6	19	160	11536	2107
2999	3	16	120	11540	32
