0	19	8	100	0	3676
1	5	13	120	9	92
2	4	7	200	18	4288
3	5	13	120	27	1291
4	15	0	200	36	2815
5	15	0	120	45	976
6	0	18	180	54	5032
7	6	19	200	63	357
8	3	16	180	72	452
9	3	16	100	81	2017
10	4	7	120	90	2823
11	6	19	180	99	3833
12	19	8	180	108	10723
13	15	0	200	117	1893
14	19	8	100	126	490
15	0	18	100	135	357
16	19	8	100	144	4826
17	19	8	120	153	824
18	6	19	100	162	610
19	0	18	100	171	2151
20	5	13	200	180	2815
21	15	0	180	189	510
22	15	0	100	198	2824
23	0	18	100	207	750
24	15	0	100	216	3846
25	15	0	200	225	8114
26	15	0	200	234	3189
27	0	18	200	243	20513
28	1	11	180	252	2547
29	4	7	200	261	2590
30	6	19	200	270	2827
31	6	19	120	279	4680
32	4	7	120	288	4519
33	0	18	120	297	792
34	15	0	100	306	3001
35	19	8	200	315	10581
36	0	18	180	324	7197
37	19	8	180	333	846
38	1	11	100	342	328
39	15	0	120	351	5209
40	0	18	100	360	2798
41	5	13	120	400	1132
42	19	8	120	409	2526
43	6	19	100	418	104
44	5	13	100	427	1522
45	3	16	120	436	5619
46	5	13	120	445	1384
47	1	11	120	454	1386
48	4	7	180	463	6239
49	6	19	200	472	1690
50	3	16	100	481	4316
51	6	19	180	490	4350
52	6	19	180	499	5170
53	15	0	100	508	651
54	6	19	200	517	335
55	0	18	180	526	2625
56	15	0	120	535	2905
57	3	16	180	544	2667
58	15	0	100	553	4293
59	0	18	100	562	4052
60	19	8	120	571	4398
61	19	8	180	580	5116
62	5	13	120	589	3811
63	19	8	200	598	3979
64	15	0	100	607	8806
65	15	0	100	616	6784
66	3	16	100	625	11219
67	19	8	120	634	5574
68	0	18	180	643	7569
69	19	8	120	652	825
70	19	8	120	661	1155
71	19	8	180	670	2853
72	15	0	100	679	454
73	19	8	200	688	2134
74	0	18	200	697	9754
75	0	18	180	706	1197
76	19	8	100	715	4218
77	1	11	200	724	2620
78	5	13	100	733	7711
79	5	13	200	742	7954
80	1	11	120	751	3431
81	6	19	120	760	1186
82	15	0	100	769	913
83	4	7	180	778	540
84	1	11	200	787	6785
85	0	18	100	800	7426
86	19	8	180	812	13320
87	15	0	120	824	2991
88	4	7	180	836	418
89	15	0	180	848	190
90	3	16	120	860	2128
91	15	0	100	872	1710
92	3	16	120	884	3042
93	1	11	200	896	2332
94	15	0	200	908	251
95	0	18	120	920	6084
96	19	8	200	932	4000
97	0	18	180	944	7281
98	19	8	100	956	586
99	15	0	100	968	2772
100	0	18	100	980	6752
101	6	19	100	992	3112
102	1	11	180	1004	2345
103	5	13	120	1016	3699
104	6	19	180	1028	394
105	3	16	180	1040	650
106	15	0	120	1052	3242
107	6	19	200	1064	1495
108	15	0	100	1076	1085
109	6	19	120	1088	6897
110	1	11	120	1100	7077
111	5	13	120	1112	145
112	15	0	180	1124	4000
113	1	11	120	1136	6339
114	15	0	200	1148	251
115	4	7	200	1160	2113
116	3	16	180	1172	2915
117	0	18	200	1184	2677
118	15	0	200	1200	6718
119	6	19	200	1211	186
120	15	0	120	1222	7652
121	5	13	200	1233	2130
122	5	13	180	1244	4228
123	3	16	100	1255	6491
124	15	0	200	1266	5945
125	3	16	120	1277	9328
126	15	0	120	1288	15156
127	6	19	120	1299	4382
128	3	16	200	1310	1738
129	19	8	180	1321	562
130	0	18	180	1332	3939
131	19	8	120	1343	6720
132	3	16	200	1354	1687
133	15	0	100	1365	1751
134	5	13	180	1376	196
135	5	13	100	1387	143
136	5	13	200	1398	6706
137	3	16	200	1409	3673
138	15	0	100	1420	132
139	19	8	120	1431	4393
140	3	16	200	1442	1360
141	4	7	200	1453	4224
142	19	8	100	1464	1364
143	15	0	120	1475	1300
144	6	19	100	1486	978
145	15	0	100	1497	1892
146	19	8	120	1508	5031
147	0	18	100	1519	5351
148	3	16	100	1530	1918
149	3	16	200	1541	4206
150	19	8	200	1552	1226
151	19	8	100	1563	623
152	3	16	200	1574	99
153	3	16	100	1600	381
154	19	8	180	1608	4171
155	5	13	120	1616	2058
156	1	11	180	1624	8762
157	19	8	180	1632	4097
158	15	0	120	1640	7079
159	4	7	120	1648	847
160	6	19	120	1656	758
161	1	11	100	1664	8822
162	4	7	100	1672	12828
163	15	0	180	1680	450
164	6	19	180	1688	868
165	3	16	100	1696	64
166	3	16	180	1704	4704
167	19	8	180	1712	1300
168	15	0	180	1720	5498
169	3	16	200	1728	104
170	19	8	100	1736	3639
171	19	8	200	1744	9941
172	3	16	180	1752	2430
173	19	8	180	1760	635
174	4	7	100	1768	5662
175	5	13	180	1776	893
176	5	13	180	1784	529
177	15	0	100	1792	1879
178	15	0	100	1800	3523
179	19	8	200	1808	2022
180	3	16	200	1816	828
181	6	19	100	1824	1096
182	4	7	100	1832	1340
183	19	8	200	1840	4840
184	0	18	200	1848	8074
185	1	11	120	1856	2633
186	15	0	180	1864	6226
187	0	18	200	1872	1168
188	19	8	120	1880	4910
189	19	8	120	1888	4151
190	4	7	120	1896	636
191	6	19	120	1904	755
192	5	13	120	1912	5898
193	4	7	180	1920	7371
194	3	16	100	1928	2723
195	1	11	200	1936	2033
196	19	8	180	1944	4719
197	3	16	180	1952	806
198	1	11	200	2000	343
199	4	7	200	2012	898
200	4	7	180	2024	4625
201	19	8	200	2036	2306
202	4	7	120	2048	18631
203	0	18	120	2060	1755
204	4	7	200	2072	218
205	19	8	200	2084	1706
206	6	19	120	2096	4670
207	3	16	100	2108	8398
208	15	0	200	2120	1623
209	5	13	100	2132	2372
210	19	8	180	2144	1304
211	4	7	180	2156	2879
212	1	11	120	2168	227
213	15	0	180	2180	2267
214	0	18	120	2192	15
215	0	18	100	2204	10805
216	15	0	200	2216	3716
217	4	7	100	2228	1191
218	6	19	180	2240	1093
219	5	13	100	2252	4991
220	6	19	180	2264	1028
221	3	16	180	2276	2306
222	0	18	100	2288	3380
223	15	0	100	2300	427
224	19	8	120	2312	8433
225	4	7	200	2324	2216
226	5	13	120	2336	629
227	19	8	200	2348	3804
228	15	0	180	2360	4234
229	3	16	120	2372	1776
230	5	13	200	2384	2832
231	3	16	200	2400	11346
232	5	13	120	2410	1384
233	4	7	100	2420	1940
234	6	19	120	2430	4972
235	4	7	200	2440	5528
236	3	16	200	2450	1146
237	4	7	200	2460	10603
238	6	19	100	2470	4184
239	1	11	200	2480	2934
240	5	13	100	2490	6308
241	4	7	120	2500	9706
242	3	16	200	2510	10085
243	5	13	100	2520	1202
244	19	8	200	2530	1831
245	19	8	200	2540	4019
246	4	7	200	2550	496
247	15	0	180	2560	1652
248	3	16	120	2570	7277
249	3	16	100	2580	3292
250	4	7	100	2590	6308
251	5	13	180	2600	2283
252	6	19	200	2610	11477
253	6	19	180	2620	1845
254	15	0	120	2630	14667
255	1	11	200	2640	1135
256	19	8	180	2650	8088
257	6	19	100	2660	8800
258	1	11	200	2670	2590
259	0	18	200	2680	3953
260	5	13	120	2690	901
261	6	19	120	2700	312
262	6	19	180	2710	1016
263	5	13	180	2720	14758
264	19	8	120	2730	11250
265	15	0	180	2740	1643
266	19	8	100	2750	996
267	15	0	120	2760	4445
268	3	16	120	2770	5109
269	15	0	180	2800	1176
270	15	0	100	2807	4602
271	4	7	200	2814	4504
272	15	0	200	2821	3756
273	5	13	200	2828	5083
274	0	18	100	2835	10075
275	1	11	100	2842	1513
276	0	18	200	2849	2924
277	6	19	100	2856	1489
278	19	8	120	2863	5294
279	19	8	120	2870	1122
280	19	8	100	2877	1476
281	15	0	200	2884	6583
282	15	0	180	2891	5981
283	5	13	180	2898	386
284	19	8	120	2905	3331
285	0	18	100	2912	300
286	15	0	200	2919	25096
287	19	8	200	2926	10259
288	6	19	200	2933	2110
289	4	7	180	2940	2497
290	4	7	100	2947	8526
291	6	19	180	2954	1785
292	3	16	200	2961	2411
293	6	19	120	2968	84
294	15	0	120	2975	1531
295	15	0	180	2982	5066
296	15	0	200	2989	4649
297	15	0	100	2996	11574
298	5	13	200	3003	1540
299	3	16	100	3010	123
300	0	18	200	3017	2133
301	6	19	180	3024	2360
302	5	13	120	3031	3840
303	5	13	200	3038	3499
304	4	7	200	3045	8394
305	0	18	100	3052	500
306	15	0	180	3059	6995
307	1	11	100	3066	1013
308	6	19	120	3073	2391
309	6	19	100	3080	4308
310	1	11	200	3087	5215
311	3	16	180	3094	3254
312	15	0	200	3101	675
313	3	16	180	3108	1056
314	1	11	200	3115	1537
315	15	0	180	3122	2007
316	19	8	200	3129	1423
317	0	18	200	3136	567
318	6	19	120	3143	2109
319	19	8	100	3150	8085
320	19	8	180	3157	1654
321	19	8	120	3164	1412
322	3	16	120	3171	1209
323	15	0	180	3178	1187
324	4	7	120	3185	1870
325	1	11	180	3192	1563
326	1	11	200	3200	1009
327	1	11	180	3207	3547
328	15	0	180	3214	2052
329	3	16	180	3221	898
330	4	7	100	3228	3952
331	3	16	180	3235	3412
332	0	18	120	3242	18956
333	6	19	120	3249	4860
334	15	0	180	3256	7116
335	3	16	120	3263	7947
336	3	16	120	3270	842
337	3	16	200	3277	856
338	0	18	200	3284	966
339	19	8	100	3291	2373
340	3	16	120	3298	1131
341	6	19	200	3305	5953
342	3	16	120	3312	2562
343	0	18	180	3319	5554
344	3	16	180	3326	5325
345	1	11	180	3333	1569
346	19	8	200	3340	916
347	0	18	120	3347	996
348	5	13	120	3354	4840
349	19	8	180	3361	10282
350	19	8	200	3368	2171
351	15	0	100	3375	3238
352	1	11	200	3382	3061
353	6	19	180	3389	2406
354	3	16	120	3396	4706
355	1	11	120	3403	492
356	4	7	100	3410	817
357	15	0	200	3417	1787
358	1	11	120	3424	940
359	3	16	100	3431	3228
360	19	8	120	3438	9002
361	5	13	100	3445	1087
362	4	7	120	3452	6916
363	4	7	200	3459	1144
364	3	16	200	3466	128
365	15	0	120	3473	671
366	3	16	120	3480	3333
367	1	11	120	3487	2406
368	4	7	200	3494	2049
369	19	8	120	3501	2437
370	5	13	120	3508	915
371	15	0	200	3515	450
372	19	8	100	3522	9981
373	15	0	120	3529	13104
374	6	19	180	3536	3882
375	4	7	200	3543	3325
376	15	0	100	3550	6960
377	1	11	200	3600	2856
378	5	13	100	3608	2943
379	3	16	200	3616	200
380	3	16	200	3624	505
381	1	11	120	3632	9
382	15	0	100	3640	8695
383	15	0	200	3648	2598
384	4	7	200	3656	6099
385	6	19	100	3664	302
386	3	16	200	3672	159
387	5	13	180	3680	3098
388	4	7	200	3688	46
389	15	0	120	3696	5025
390	19	8	120	3704	4532
391	5	13	180	3712	7077
392	0	18	180	3720	16352
393	19	8	180	3728	4325
394	19	8	200	3736	3219
395	15	0	120	3744	33
396	3	16	120	3752	12122
397	19	8	180	3760	1015
398	15	0	180	3768	5077
399	5	13	120	3776	3482
400	19	8	100	3784	5694
401	15	0	120	3792	5587
402	6	19	180	3800	6852
403	6	19	100	3808	1127
404	5	13	100	3816	5075
405	1	11	100	3824	1497
406	15	0	200	3832	4058
407	4	7	180	3840	3400
408	0	18	200	3848	7110
409	19	8	180	3856	543
410	4	7	120	3864	1377
411	3	16	100	3872	4489
412	3	16	180	3880	7317
413	19	8	180	3888	700
414	19	8	120	3896	2284
415	15	0	200	3904	8911
416	15	0	200	3912	1733
417	5	13	120	3920	1690
418	0	18	200	3928	2512
419	6	19	200	3936	12763
420	6	19	180	3944	490
421	15	0	180	3952	106
422	15	0	180	3960	2322
423	15	0	180	4000	4627
424	19	8	100	4008	6024
425	19	8	200	4016	1880
426	6	19	120	4024	526
427	1	11	120	4032	1186
428	15	0	120	4040	2106
429	19	8	120	4048	3794
430	0	18	120	4056	3795
431	15	0	120	4064	3668
432	4	7	120	4072	6269
433	0	18	180	4080	11225
434	4	7	180	4088	1368
435	5	13	120	4096	1823
436	5	13	200	4104	807
437	1	11	100	4112	4094
438	3	16	200	4120	5690
439	3	16	200	4128	2540
440	19	8	120	4136	2285
441	15	0	100	4144	2513
442	5	13	180	4152	4926
443	4	7	100	4160	8633
444	3	16	200	4168	2206
445	6	19	100	4176	14
446	3	16	200	4184	18441
447	1	11	200	4192	6915
448	19	8	120	4200	1023
449	1	11	100	4208	4322
450	19	8	120	4216	4276
451	15	0	200	4224	3735
452	15	0	180	4232	5669
453	1	11	200	4240	5710
454	15	0	200	4248	2508
455	1	11	180	4256	5279
456	0	18	180	4264	1497
457	19	8	100	4272	576
458	6	19	100	4280	2519
459	5	13	100	4288	1685
460	4	7	180	4296	837
461	6	19	120	4304	1917
462	6	19	100	4312	712
463	1	11	180	4320	984
464	19	8	120	4328	2888
465	6	19	200	4336	4697
466	15	0	200	4344	8585
467	1	11	200	4352	9207
468	6	19	100	4360	8192
469	5	13	200	4368	285
470	3	16	200	4376	4945
471	15	0	200	4384	4965
472	3	16	180	4400	3525
473	15	0	100	4410	22497
474	15	0	120	4420	2965
475	15	0	120	4430	4187
476	3	16	100	4440	1531
477	4	7	120	4450	3247
478	4	7	180	4460	1212
479	4	7	200	4470	5961
480	15	0	100	4480	1944
481	5	13	120	4490	1431
482	3	16	100	4500	125
483	6	19	120	4510	5525
484	19	8	200	4520	12494
485	3	16	120	4530	23
486	0	18	200	4540	7398
487	1	11	180	4550	127
488	3	16	200	4560	2567
489	3	16	100	4570	3255
490	5	13	200	4580	221
491	6	19	200	4590	199
492	5	13	100	4600	761
493	15	0	180	4610	2145
494	15	0	100	4620	1320
495	3	16	200	4630	224
496	1	11	100	4640	1445
497	4	7	200	4650	2692
498	5	13	200	4660	1849
499	15	0	200	4670	5281
500	15	0	120	4680	513
501	1	11	200	4690	377
502	6	19	200	4700	12102
503	4	7	120	4710	682
504	15	0	100	4720	12070
505	1	11	180	4730	11655
506	5	13	120	4740	85
507	19	8	120	4750	5729
508	4	7	120	4760	1079
509	0	18	120	4770	6791
510	15	0	120	4780	2142
511	6	19	120	4790	5647
512	5	13	120	4800	8241
513	3	16	100	4808	4718
514	15	0	100	4816	12755
515	19	8	120	4824	8762
516	4	7	120	4832	1722
517	19	8	200	4840	2141
518	1	11	200	4848	1216
519	6	19	200	4856	2840
520	5	13	100	4864	7543
521	6	19	100	4872	7636
522	19	8	100	4880	2221
523	4	7	200	4888	1508
524	19	8	100	4896	60
525	15	0	100	4904	4327
526	3	16	200	4912	3085
527	4	7	100	4920	748
528	19	8	100	4928	5025
529	6	19	180	4936	2532
530	6	19	120	4944	1696
531	19	8	100	4952	7047
532	19	8	120	4960	822
533	15	0	180	4968	3008
534	5	13	120	4976	4248
535	5	13	100	4984	1397
536	19	8	120	4992	1719
537	15	0	180	5000	8288
538	15	0	100	5008	6391
539	15	0	120	5016	41
540	15	0	100	5024	16728
541	0	18	120	5032	339
542	15	0	120	5040	6334
543	3	16	120	5048	4277
544	4	7	180	5056	613
545	19	8	120	5064	1413
546	0	18	120	5072	774
547	1	11	200	5080	2621
548	19	8	120	5088	2437
549	19	8	180	5096	1996
550	15	0	120	5104	4878
551	3	16	100	5112	8783
552	3	16	100	5120	1033
553	15	0	200	5128	7914
554	1	11	200	5136	8638
555	1	11	100	5144	1251
556	3	16	200	5152	4361
557	3	16	200	5160	4056
558	5	13	120	5168	611
559	0	18	100	5200	1370
560	19	8	200	5213	2097
561	1	11	120	5226	7599
562	0	18	120	5239	188
563	19	8	180	5252	5834
564	4	7	100	5265	2549
565	19	8	120	5278	3531
566	6	19	200	5291	3380
567	15	0	200	5304	1686
568	15	0	180	5317	156
569	3	16	200	5330	4361
570	0	18	200	5343	3095
571	6	19	180	5356	2583
572	1	11	180	5369	3837
573	3	16	120	5382	1161
574	19	8	200	5395	2966
575	5	13	200	5408	5825
576	19	8	200	5421	234
577	15	0	180	5434	5869
578	19	8	120	5447	754
579	1	11	180	5460	5055
580	6	19	180	5473	2654
581	0	18	200	5486	234
582	4	7	180	5499	5012
583	0	18	120	5512	1556
584	15	0	100	5525	5783
585	4	7	100	5538	2442
586	15	0	200	5551	3671
587	1	11	180	5564	1566
588	5	13	200	5577	4131
589	4	7	120	5600	1948
590	3	16	120	5613	3987
591	6	19	120	5626	4980
592	4	7	120	5639	5270
593	15	0	100	5652	2833
594	15	0	120	5665	3686
595	6	19	200	5678	576
596	0	18	100	5691	144
597	19	8	180	5704	110
598	15	0	120	5717	820
599	5	13	120	5730	3246
600	3	16	180	5743	5194
601	3	16	180	5756	7134
602	4	7	100	5769	2336
603	15	0	120	5782	6289
604	19	8	180	5795	7700
605	1	11	200	5808	1039
606	0	18	180	5821	1269
607	19	8	200	5834	14871
608	19	8	100	5847	1650
609	6	19	100	5860	501
610	4	7	120	5873	951
611	5	13	100	5886	8994
612	3	16	180	5899	2504
613	4	7	200	5912	2209
614	4	7	120	5925	6539
615	19	8	100	5938	1730
616	15	0	180	5951	584
617	19	8	200	5964	5144
618	0	18	120	6000	12
619	0	18	200	6008	57
620	1	11	120	6016	17007
621	5	13	120	6024	1132
622	3	16	100	6032	4815
623	4	7	120	6040	4230
624	0	18	180	6048	133
625	4	7	120	6056	7011
626	3	16	120	6064	5443
627	4	7	120	6072	462
628	5	13	100	6080	4196
629	4	7	100	6088	1973
630	5	13	180	6096	5259
631	19	8	100	6104	120
632	19	8	100	6112	3507
633	5	13	100	6120	3830
634	19	8	200	6128	18572
635	4	7	100	6136	4234
636	6	19	180	6144	3812
637	15	0	100	6152	10201
638	1	11	180	6160	2525
639	6	19	120	6168	3068
640	4	7	180	6176	818
641	15	0	100	6184	3922
642	4	7	180	6192	17078
643	19	8	180	6200	2988
644	0	18	200	6208	764
645	15	0	100	6216	5335
646	4	7	200	6224	1133
647	0	18	180	6232	1472
648	3	16	200	6240	4850
649	19	8	120	6248	1155
650	19	8	100	6256	25525
651	1	11	120	6264	1494
652	19	8	120	6272	98
653	15	0	120	6280	751
654	4	7	200	6288	3376
655	15	0	120	6296	2620
656	19	8	120	6304	566
657	0	18	200	6312	6236
658	15	0	200	6320	5700
659	6	19	120	6328	111
660	19	8	120	6336	2656
661	6	19	100	6344	709
662	4	7	200	6352	1577
663	5	13	200	6360	11875
664	1	11	120	6368	1952
665	4	7	100	6376	803
666	6	19	100	6384	1487
667	15	0	180	6400	7565
668	5	13	200	6408	2276
669	19	8	100	6416	659
670	3	16	120	6424	5338
671	0	18	120	6432	963
672	15	0	100	6440	1180
673	5	13	200	6448	2520
674	6	19	120	6456	7069
675	4	7	120	6464	1790
676	1	11	180	6472	1207
677	4	7	120	6480	763
678	4	7	120	6488	2606
679	3	16	120	6496	1406
680	19	8	180	6504	3469
681	3	16	200	6512	2288
682	1	11	180	6520	2088
683	6	19	180	6528	2035
684	5	13	200	6536	1984
685	4	7	120	6544	2177
686	0	18	180	6552	21
687	1	11	200	6560	2129
688	1	11	100	6568	188
689	0	18	120	6576	2851
690	5	13	200	6584	2945
691	6	19	200	6592	6967
692	0	18	120	6600	708
693	6	19	120	6608	2324
694	6	19	200	6616	206
695	15	0	180	6624	91
696	4	7	120	6632	1420
697	15	0	180	6640	152
698	15	0	100	6648	603
699	6	19	180	6656	19266
700	1	11	100	6664	2220
701	6	19	120	6672	2027
702	5	13	180	6680	8282
703	4	7	180	6688	3199
704	6	19	100	6696	2887
705	15	0	180	6704	6134
706	4	7	100	6712	231
707	4	7	120	6720	3255
708	1	11	100	6728	1674
709	0	18	180	6736	938
710	6	19	180	6744	994
711	6	19	200	6752	12698
712	6	19	120	6760	1489
713	4	7	120	6768	2488
714	6	19	180	6800	2372
715	15	0	180	6808	203
716	5	13	120	6816	5639
717	19	8	100	6824	10472
718	19	8	200	6832	3261
719	15	0	100	6840	13578
720	4	7	180	6848	777
721	5	13	120	6856	9123
722	6	19	120	6864	6499
723	4	7	120	6872	10318
724	5	13	100	6880	3985
725	6	19	180	6888	9719
726	0	18	100	6896	212
727	1	11	180	6904	6744
728	19	8	200	6912	2159
729	19	8	200	6920	6573
730	19	8	200	6928	255
731	3	16	100	6936	1009
732	5	13	100	6944	137
733	15	0	200	6952	2669
734	1	11	120	6960	8173
735	3	16	100	6968	805
736	15	0	120	6976	3299
737	15	0	200	6984	7754
738	19	8	180	6992	8640
739	15	0	120	7000	3734
740	0	18	120	7008	1807
741	15	0	120	7016	2380
742	19	8	180	7024	293
743	1	11	180	7032	7253
744	4	7	180	7040	1368
745	15	0	200	7048	3310
746	19	8	120	7056	2885
747	6	19	200	7064	4806
748	19	8	180	7072	20009
749	19	8	120	7080	2
750	3	16	100	7088	1240
751	5	13	100	7096	1860
752	19	8	200	7104	2614
753	0	18	100	7112	762
754	3	16	100	7120	6754
755	6	19	200	7128	3004
756	0	18	100	7136	3611
757	1	11	100	7144	11958
758	15	0	120	7152	10096
759	19	8	120	7160	3687
760	15	0	180	7200	5275
761	1	11	120	7208	1105
762	5	13	120	7216	602
763	3	16	120	7224	3065
764	0	18	180	7232	637
765	4	7	180	7240	23176
766	0	18	200	7248	10331
767	19	8	180	7256	6948
768	3	16	100	7264	3593
769	4	7	180	7272	1232
770	19	8	120	7280	2676
771	15	0	120	7288	9200
772	19	8	180	7296	173
773	3	16	180	7304	12041
774	15	0	200	7312	3694
775	6	19	100	7320	5211
776	5	13	180	7328	7019
777	5	13	200	7336	13546
778	19	8	200	7344	4025
779	15	0	120	7352	280
780	15	0	120	7360	2030
781	4	7	100	7368	1737
782	3	16	200	7376	6892
783	19	8	180	7384	2154
784	15	0	180	7392	3106
785	5	13	180	7400	4684
786	5	13	100	7408	5439
787	5	13	100	7416	7869
788	5	13	180	7424	4455
789	5	13	120	7432	1675
790	3	16	100	7440	3544
791	6	19	100	7448	3787
792	19	8	120	7456	11009
793	19	8	100	7464	1327
794	19	8	180	7472	8294
795	19	8	200	7480	520
796	3	16	200	7488	1476
797	15	0	100	7496	3066
798	1	11	200	7504	4679
799	0	18	100	7512	1385
800	15	0	100	7520	4069
801	0	18	200	7528	4684
802	4	7	200	7536	450
803	6	19	100	7544	5209
804	19	8	200	7552	2876
805	5	13	180	7560	1828
806	5	13	120	7568	1599
807	5	13	100	7576	3012
808	3	16	120	7584	3382
809	6	19	200	7600	363
810	1	11	100	7608	4830
811	5	13	100	7616	3959
812	1	11	120	7624	1514
813	0	18	100	7632	7642
814	3	16	100	7640	913
815	5	13	120	7648	1913
816	19	8	180	7656	2178
817	5	13	200	7664	5139
818	5	13	180	7672	21446
819	5	13	200	7680	2444
820	19	8	120	7688	1170
821	5	13	180	7696	265
822	4	7	200	7704	660
823	6	19	180	7712	1153
824	0	18	120	7720	4525
825	4	7	100	7728	8343
826	15	0	100	7736	13245
827	19	8	180	7744	5706
828	5	13	200	7752	318
829	19	8	200	7760	2621
830	4	7	120	7768	2175
831	15	0	120	7776	1379
832	4	7	200	7784	1295
833	19	8	180	7792	1672
834	19	8	120	7800	2243
835	15	0	120	7808	4924
836	19	8	120	7816	1128
837	6	19	180	7824	392
838	0	18	200	7832	9359
839	1	11	100	7840	760
840	19	8	120	7848	1788
841	19	8	200	7856	964
842	3	16	180	7864	1367
843	19	8	180	7872	3515
844	4	7	100	7880	4099
845	15	0	200	7888	12806
846	5	13	200	7896	1408
847	19	8	120	7904	351
848	15	0	200	7912	326
849	4	7	120	7920	2725
850	19	8	120	7928	4843
851	15	0	100	7936	3521
852	3	16	120	7944	3106
853	6	19	200	7952	1057
854	1	11	180	7960	159
855	1	11	120	7968	3415
856	6	19	200	7976	3086
857	15	0	100	7984	7751
858	5	13	180	8000	208
859	6	19	180	8011	4053
860	15	0	180	8022	2065
861	5	13	200	8033	3372
862	1	11	120	8044	2410
863	4	7	120	8055	376
864	3	16	180	8066	4403
865	4	7	180	8077	2106
866	1	11	120	8088	1734
867	1	11	180	8099	14534
868	0	18	200	8110	2197
869	5	13	180	8121	2742
870	5	13	100	8132	576
871	4	7	200	8143	1581
872	5	13	200	8154	6851
873	4	7	180	8165	6908
874	5	13	180	8176	407
875	19	8	120	8187	160
876	3	16	100	8198	5962
877	6	19	120	8209	3353
878	3	16	120	8220	3760
879	4	7	180	8231	5065
880	19	8	120	8242	3460
881	15	0	180	8253	8459
882	3	16	180	8264	4578
883	0	18	180	8275	3492
884	19	8	180	8286	6033
885	6	19	120	8297	7188
886	5	13	100	8308	5570
887	15	0	100	8319	181
888	15	0	100	8330	1441
889	15	0	200	8341	7727
890	1	11	180	8352	746
891	1	11	100	8363	1976
892	1	11	100	8374	174
893	5	13	100	8400	1240
894	4	7	120	8409	5873
895	4	7	120	8418	6259
896	15	0	180	8427	5735
897	19	8	100	8436	890
898	6	19	100	8445	9971
899	0	18	180	8454	1054
900	6	19	180	8463	3740
901	3	16	120	8472	1561
902	19	8	180	8481	4332
903	1	11	120	8490	3490
904	19	8	100	8499	1783
905	6	19	180	8508	1882
906	4	7	100	8517	5804
907	19	8	180	8526	5061
908	0	18	100	8535	582
909	1	11	100	8544	32647
910	19	8	120	8553	6426
911	0	18	180	8562	14046
912	5	13	200	8571	1132
913	1	11	100	8580	1617
914	6	19	120	8589	238
915	0	18	200	8598	2969
916	3	16	100	8607	8756
917	0	18	180	8616	8168
918	5	13	200	8625	1491
919	15	0	100	8634	7163
920	19	8	180	8643	4290
921	4	7	100	8652	1469
922	4	7	120	8661	4447
923	3	16	200	8670	3353
924	5	13	200	8679	1577
925	3	16	200	8688	5456
926	3	16	200	8697	1336
927	0	18	200	8706	3220
928	0	18	120	8715	215
929	1	11	100	8724	1460
930	1	11	200	8733	1301
931	4	7	200	8742	3424
932	19	8	100	8751	4201
933	3	16	200	8760	1897
934	6	19	200	8769	468
935	6	19	200	8778	1181
936	19	8	100	8787	982
937	1	11	120	8800	419
938	1	11	120	8812	1007
939	4	7	100	8824	2065
940	3	16	120	8836	283
941	6	19	120	8848	137
942	15	0	200	8860	9582
943	6	19	100	8872	1442
944	19	8	120	8884	229
945	0	18	100	8896	893
946	6	19	120	8908	618
947	19	8	200	8920	4952
948	15	0	180	8932	936
949	3	16	180	8944	1127
950	1	11	120	8956	9326
951	15	0	100	8968	8878
952	4	7	120	8980	8771
953	19	8	200	8992	351
954	1	11	200	9004	3411
955	4	7	120	9016	1426
956	19	8	200	9028	4224
957	6	19	180	9040	394
958	15	0	120	9052	1184
959	6	19	100	9064	3822
960	4	7	200	9076	383
961	3	16	120	9088	956
962	15	0	120	9100	4379
963	19	8	100	9112	7075
964	0	18	120	9124	5119
965	5	13	180	9136	1015
966	0	18	120	9148	1542
967	3	16	200	9160	8127
968	5	13	100	9172	1003
969	0	18	120	9200	6482
970	1	11	200	9210	1462
971	1	11	200	9220	6213
972	19	8	100	9230	4172
973	1	11	200	9240	9541
974	4	7	200	9250	5786
975	3	16	120	9260	3914
976	6	19	120	9270	2034
977	19	8	120	9280	1836
978	4	7	120	9290	2868
979	4	7	200	9300	537
980	6	19	180	9310	3676
981	3	16	200	9320	3412
982	3	16	100	9330	1688
983	15	0	200	9340	6576
984	0	18	200	9350	2063
985	4	7	200	9360	1954
986	0	18	120	9370	4643
987	0	18	100	9380	3339
988	0	18	100	9390	6515
989	4	7	180	9400	6656
990	15	0	100	9410	3701
991	4	7	180	9420	529
992	5	13	200	9430	7413
993	5	13	120	9440	3737
994	0	18	120	9450	1494
995	19	8	100	9460	7746
996	15	0	200	9470	1837
997	15	0	200	9480	330
998	5	13	200	9490	3478
999	4	7	200	9500	7122
1000	0	18	200	9510	8489
1001	4	7	120	9520	1282
1002	5	13	180	9530	2678
1003	15	0	100	9540	2086
1004	1	11	200	9550	11220
1005	0	18	120	9560	485
1006	15	0	200	9570	1117
1007	3	16	180	9600	15745
1008	5	13	100	9611	1539
1009	19	8	180	9622	11958
1010	15	0	100	9633	9266
1011	19	8	120	9644	1336
1012	1	11	100	9655	3489
1013	4	7	180	9666	559
1014	19	8	120	9677	57
1015	0	18	200	9688	2915
1016	0	18	100	9699	8112
1017	0	18	180	9710	7824
1018	19	8	100	9721	2223
1019	6	19	120	9732	1634
1020	5	13	100	9743	3083
1021	19	8	100	9754	5606
1022	3	16	200	9765	269
1023	1	11	180	9776	2119
1024	3	16	120	9787	885
1025	15	0	100	9798	804
1026	6	19	200	9809	11615
1027	5	13	200	9820	165
1028	1	11	120	9831	3627
1029	5	13	200	9842	9581
1030	4	7	120	9853	1182
1031	15	0	120	9864	1537
1032	4	7	180	9875	6191
1033	0	18	180	9886	4562
1034	4	7	100	9897	1126
1035	3	16	120	9908	1582
1036	15	0	100	9919	358
1037	6	19	200	9930	11111
1038	6	19	100	9941	8078
1039	0	18	180	9952	1362
1040	6	19	200	9963	616
1041	15	0	200	10000	4900
1042	6	19	100	10013	1132
1043	3	16	180	10026	7700
1044	6	19	120	10039	9598
1045	15	0	180	10052	1540
1046	1	11	120	10065	3122
1047	1	11	120	10078	4989
1048	5	13	200	10091	3593
1049	19	8	120	10104	6322
1050	19	8	200	10117	17490
1051	15	0	120	10130	2850
1052	19	8	200	10143	4233
1053	19	8	120	10156	1126
1054	19	8	180	10169	1392
1055	0	18	180	10182	540
1056	1	11	180	10195	939
1057	3	16	100	10208	319
1058	4	7	200	10221	931
1059	4	7	180	10234	5662
1060	4	7	120	10247	741
1061	3	16	200	10260	908
1062	1	11	100	10273	1940
1063	19	8	120	10286	2114
1064	4	7	100	10299	4734
1065	19	8	180	10312	3490
1066	6	19	200	10325	2745
1067	1	11	120	10338	9276
1068	19	8	180	10351	8654
1069	15	0	100	10364	4654
1070	3	16	180	10400	2261
1071	5	13	120	10412	10671
1072	4	7	180	10424	18970
1073	19	8	180	10436	592
1074	19	8	180	10448	855
1075	6	19	120	10460	7114
1076	4	7	100	10472	2830
1077	19	8	120	10484	947
1078	6	19	100	10496	2789
1079	5	13	200	10508	8449
1080	6	19	200	10520	4091
1081	5	13	180	10532	1058
1082	19	8	100	10544	2374
1083	1	11	100	10556	6478
1084	5	13	200	10568	10177
1085	6	19	100	10580	5484
1086	15	0	180	10592	4388
1087	4	7	120	10604	3121
1088	1	11	200	10616	1953
1089	3	16	120	10628	506
1090	0	18	200	10640	499
1091	5	13	200	10652	35
1092	1	11	100	10664	5237
1093	3	16	120	10676	466
1094	6	19	100	10688	508
1095	4	7	200	10700	11233
1096	15	0	180	10712	1554
1097	6	19	180	10724	7231
1098	15	0	120	10736	699
1099	6	19	180	10748	1584
1100	0	18	180	10760	6925
1101	19	8	200	10772	4089
1102	1	11	200	10784	7033
1103	15	0	180	10800	9423
1104	6	19	180	10807	1799
1105	5	13	180	10814	233
1106	4	7	180	10821	2922
1107	1	11	100	10828	2896
1108	19	8	180	10835	217
1109	3	16	100	10842	2486
1110	15	0	120	10849	3862
1111	3	16	100	10856	25872
1112	15	0	100	10863	3420
1113	15	0	200	10870	1594
1114	15	0	200	10877	496
1115	15	0	200	10884	11043
1116	4	7	200	10891	5632
1117	19	8	100	10898	3491
1118	5	13	120	10905	2686
1119	15	0	100	10912	11800
1120	1	11	100	10919	9907
1121	3	16	120	10926	12388
1122	0	18	120	10933	2896
1123	15	0	100	10940	5810
1124	6	19	120	10947	3378
1125	15	0	200	10954	2199
1126	3	16	100	10961	895
1127	3	16	100	10968	8521
1128	3	16	120	10975	73
1129	6	19	180	10982	1166
1130	19	8	200	10989	2846
1131	15	0	120	10996	4449
1132	1	11	200	11003	207
1133	19	8	120	11010	769
1134	5	13	120	11017	230
1135	6	19	200	11024	0
1136	4	7	200	11031	2075
1137	1	11	120	11038	3128
1138	5	13	120	11045	2317
1139	0	18	100	11052	8000
1140	3	16	120	11059	1033
1141	15	0	120	11066	654
1142	4	7	180	11073	2685
1143	19	8	200	11080	10282
1144	6	19	100	11087	2771
1145	19	8	180	11094	506
1146	19	8	200	11101	2276
1147	4	7	120	11108	2051
1148	4	7	180	11115	19998
1149	15	0	120	11122	807
1150	0	18	200	11129	814
1151	15	0	120	11136	5383
1152	1	11	120	11143	1703
1153	0	18	120	11150	956
1154	5	13	180	11157	2117
1155	15	0	100	11200	8104
1156	19	8	120	11209	534
1157	4	7	180	11218	254
1158	1	11	120	11227	1631
1159	19	8	200	11236	11205
1160	1	11	120	11245	7757
1161	1	11	180	11254	4055
1162	19	8	200	11263	2748
1163	4	7	100	11272	6436
1164	4	7	120	11281	12292
1165	19	8	100	11290	11828
1166	0	18	120	11299	11817
1167	15	0	180	11308	2041
1168	4	7	180	11317	1273
1169	1	11	200	11326	496
1170	4	7	200	11335	3036
1171	1	11	180	11344	957
1172	5	13	180	11353	615
1173	4	7	100	11362	3917
1174	6	19	180	11371	5090
1175	5	13	180	11380	5793
1176	19	8	200	11389	2508
1177	3	16	180	11398	3583
1178	1	11	100	11407	1238
1179	15	0	180	11416	2401
1180	19	8	200	11425	18029
1181	19	8	200	11434	6423
1182	15	0	120	11443	8755
1183	4	7	100	11452	7220
1184	6	19	180	11461	284
1185	1	11	120	11470	5869
1186	6	19	100	11479	1568
1187	1	11	120	11488	7277
1188	5	13	180	11497	5774
1189	6	19	100	11506	832
1190	15	0	120	11515	8324
1191	19	8	100	11524	1681
1192	19	8	200	11533	930
1193	5	13	180	11542	2776
1194	19	8	180	11551	34
1195	0	18	180	11560	3571
1196	15	0	180	11600	4244
1197	19	8	180	11608	4671
1198	5	13	180	11616	13999
1199	15	0	200	11624	3209
1200	15	0	100	11632	750
1201	1	11	120	11640	139
1202	0	18	180	11648	550
1203	4	7	200	11656	8370
1204	4	7	120	11664	4207
1205	15	0	100	11672	14222
1206	3	16	200	11680	3636
1207	15	0	100	11688	5126
1208	4	7	200	11696	2714
1209	19	8	100	11704	4153
1210	19	8	120	11712	2058
1211	6	19	200	11720	3047
1212	3	16	180	11728	6346
1213	4	7	200	11736	8603
1214	0	18	100	11744	12006
1215	3	16	180	11752	234
1216	4	7	120	11760	5533
1217	5	13	180	11768	4332
1218	15	0	120	11776	5257
1219	1	11	200	11784	814
1220	3	16	200	11792	3909
1221	19	8	200	11800	466
1222	1	11	200	11808	4040
1223	15	0	120	11816	354
1224	4	7	180	11824	1105
1225	4	7	200	11832	836
1226	3	16	200	11840	21
1227	19	8	100	11848	4110
1228	4	7	120	11856	3828
1229	5	13	200	11864	554
1230	15	0	200	11872	471
1231	19	8	120	11880	6000
1232	15	0	100	11888	3890
1233	5	13	100	11896	5013
1234	19	8	120	11904	1315
1235	15	0	120	11912	12379
1236	19	8	100	11920	4443
1237	5	13	180	11928	45
1238	19	8	200	11936	817
1239	15	0	120	11944	408
1240	19	8	180	11952	756
1241	15	0	100	11960	3684
1242	15	0	180	11968	1693
1243	5	13	180	12000	502
1244	15	0	200	12010	6160
1245	0	18	180	12020	1673
1246	15	0	120	12030	3174
1247	5	13	100	12040	1566
1248	5	13	120	12050	3195
1249	15	0	100	12060	12108
1250	6	19	120	12070	7362
1251	3	16	100	12080	19521
1252	1	11	100	12090	12646
1253	3	16	180	12100	6158
1254	4	7	100	12110	10529
1255	19	8	120	12120	251
1256	19	8	120	12130	2032
1257	3	16	100	12140	179
1258	19	8	100	12150	4033
1259	19	8	120	12160	2479
1260	6	19	120	12170	13543
1261	4	7	180	12180	12401
1262	4	7	180	12190	450
1263	19	8	200	12200	1806
1264	3	16	100	12210	3061
1265	19	8	100	12220	3926
1266	19	8	180	12230	9691
1267	19	8	180	12240	337
1268	5	13	120	12250	3698
1269	4	7	180	12260	21681
1270	3	16	120	12270	1952
1271	19	8	180	12280	5356
1272	6	19	200	12290	2590
1273	0	18	200	12300	4022
1274	3	16	120	12310	47
1275	5	13	200	12320	87
1276	3	16	120	12330	5790
1277	6	19	120	12340	2918
1278	19	8	180	12350	1421
1279	3	16	200	12360	9188
1280	15	0	120	12370	4097
1281	6	19	200	12400	4574
1282	4	7	180	12410	385
1283	15	0	120	12420	4367
1284	19	8	180	12430	1359
1285	4	7	200	12440	505
1286	15	0	100	12450	6843
1287	4	7	120	12460	7241
1288	0	18	100	12470	6173
1289	0	18	100	12480	990
1290	15	0	100	12490	3250
1291	6	19	200	12500	3942
1292	5	13	120	12510	1887
1293	19	8	120	12520	5133
1294	1	11	100	12530	561
1295	5	13	200	12540	980
1296	4	7	180	12550	2736
1297	15	0	200	12560	16024
1298	3	16	120	12570	3499
1299	15	0	180	12580	698
1300	1	11	200	12590	2252
1301	19	8	200	12600	2515
1302	0	18	180	12610	5101
1303	1	11	200	12620	3234
1304	4	7	180	12630	3332
1305	15	0	200	12640	436
1306	6	19	120	12650	2900
1307	0	18	100	12660	1563
1308	0	18	120	12670	5941
1309	19	8	100	12680	9472
1310	6	19	200	12690	1404
1311	3	16	100	12700	8498
1312	4	7	120	12710	5462
1313	15	0	120	12720	5323
1314	3	16	200	12730	6880
1315	19	8	120	12740	1340
1316	19	8	100	12750	7950
1317	6	19	100	12760	2333
1318	0	18	120	12770	312
1319	19	8	120	12780	2151
1320	3	16	200	12790	6560
1321	5	13	120	12800	311
1322	15	0	180	12809	1395
1323	4	7	120	12818	1938
1324	5	13	180	12827	2314
1325	15	0	180	12836	5698
1326	5	13	120	12845	1796
1327	6	19	120	12854	5606
1328	19	8	200	12863	2797
1329	19	8	120	12872	6330
1330	0	18	100	12881	2988
1331	5	13	120	12890	6112
1332	4	7	100	12899	10918
1333	1	11	100	12908	597
1334	1	11	100	12917	2530
1335	19	8	180	12926	765
1336	6	19	100	12935	12943
1337	3	16	200	12944	3083
1338	4	7	180	12953	417
1339	1	11	200	12962	817
1340	15	0	120	12971	3695
1341	15	0	200	12980	2739
1342	4	7	200	12989	259
1343	0	18	200	12998	8481
1344	5	13	100	13007	10262
1345	5	13	100	13016	4505
1346	3	16	120	13025	8551
1347	15	0	100	13034	4090
1348	15	0	120	13043	9287
1349	3	16	180	13052	7488
1350	5	13	200	13061	1750
1351	15	0	120	13070	220
1352	15	0	180	13079	9482
1353	4	7	200	13088	731
1354	5	13	180	13097	1749
1355	6	19	180	13106	1758
1356	0	18	100	13115	756
1357	6	19	120	13124	1641
1358	6	19	120	13133	490
1359	15	0	100	13142	6557
1360	3	16	120	13151	5410
1361	0	18	200	13160	5740
1362	1	11	120	13169	6867
1363	1	11	100	13200	15465
1364	19	8	100	13210	1912
1365	1	11	180	13220	2878
1366	19	8	200	13230	11657
1367	1	11	120	13240	3725
1368	6	19	100	13250	1242
1369	4	7	120	13260	4163
1370	3	16	100	13270	1567
1371	15	0	100	13280	1575
1372	4	7	120	13290	1679
1373	19	8	180	13300	8843
1374	1	11	100	13310	6707
1375	5	13	100	13320	1485
1376	1	11	120	13330	48
1377	15	0	200	13340	2141
1378	19	8	100	13350	2471
1379	0	18	120	13360	5767
1380	4	7	100	13370	8392
1381	15	0	120	13380	5113
1382	19	8	200	13390	7639
1383	15	0	100	13400	4279
1384	4	7	180	13410	2320
1385	3	16	200	13420	2559
1386	15	0	200	13430	8365
1387	0	18	100	13440	5839
1388	6	19	120	13450	6139
1389	5	13	120	13460	480
1390	15	0	120	13470	7
1391	0	18	200	13480	3913
1392	6	19	180	13490	2193
1393	6	19	180	13500	1388
1394	19	8	120	13510	2343
1395	15	0	180	13520	7358
1396	5	13	180	13530	4500
1397	3	16	200	13540	349
1398	1	11	200	13550	2771
1399	4	7	180	13560	2110
1400	6	19	100	13600	5237
1401	1	11	200	13609	1292
1402	1	11	200	13618	1869
1403	3	16	100	13627	1177
1404	19	8	180	13636	2953
1405	15	0	180	13645	116
1406	4	7	100	13654	4960
1407	15	0	100	13663	65
1408	3	16	200	13672	1747
1409	0	18	180	13681	179
1410	5	13	120	13690	1683
1411	3	16	120	13699	5671
1412	15	0	120	13708	8340
1413	6	19	200	13717	1734
1414	3	16	200	13726	10558
1415	5	13	100	13735	80
1416	1	11	200	13744	9633
1417	4	7	120	13753	713
1418	15	0	120	13762	3096
1419	6	19	120	13771	9518
1420	4	7	180	13780	4049
1421	19	8	180	13789	784
1422	5	13	100	13798	6891
1423	0	18	200	13807	668
1424	6	19	200	13816	4142
1425	3	16	120	13825	4817
1426	1	11	180	13834	9352
1427	6	19	200	13843	203
1428	0	18	100	13852	2369
1429	4	7	180	13861	14293
1430	19	8	180	13870	4029
1431	19	8	120	13879	10547
1432	6	19	200	13888	9843
1433	6	19	120	13897	208
1434	5	13	120	13906	136
1435	3	16	100	13915	3677
1436	5	13	120	13924	1711
1437	6	19	200	13933	3633
1438	15	0	180	13942	579
1439	6	19	200	13951	2119
1440	19	8	180	13960	5742
1441	19	8	200	13969	7872
1442	15	0	120	14000	2135
1443	6	19	200	14010	5396
1444	0	18	100	14020	5870
1445	5	13	200	14030	1119
1446	4	7	180	14040	5518
1447	0	18	180	14050	291
1448	4	7	180	14060	1813
1449	4	7	100	14070	2202
1450	5	13	180	14080	10698
1451	1	11	100	14090	2869
1452	4	7	120	14100	3148
1453	5	13	120	14110	3590
1454	19	8	100	14120	5938
1455	15	0	120	14130	3211
1456	6	19	200	14140	2425
1457	1	11	100	14150	991
1458	15	0	120	14160	3766
1459	6	19	100	14170	6902
1460	6	19	200	14180	535
1461	15	0	100	14190	4327
1462	15	0	200	14200	3368
1463	15	0	120	14210	1925
1464	0	18	200	14220	2104
1465	6	19	200	14230	2145
1466	15	0	120	14240	7409
1467	0	18	200	14250	6968
1468	1	11	120	14260	1532
1469	19	8	200	14270	1586
1470	0	18	180	14280	4457
1471	5	13	100	14290	1502
1472	6	19	180	14300	116
1473	1	11	180	14310	545
1474	15	0	180	14320	628
1475	4	7	180	14330	5990
1476	0	18	120	14340	5781
1477	19	8	120	14350	337
1478	0	18	180	14360	1939
1479	0	18	200	14370	2049
1480	19	8	200	14380	12127
1481	0	18	200	14390	7164
1482	3	16	100	14400	4621
1483	6	19	200	14410	95
1484	19	8	200	14420	166
1485	19	8	120	14430	524
1486	5	13	200	14440	1935
1487	1	11	180	14450	1555
1488	6	19	120	14460	1299
1489	15	0	100	14470	2627
1490	15	0	100	14480	633
1491	4	7	120	14490	550
1492	19	8	120	14500	17312
1493	1	11	120	14510	1501
1494	0	18	200	14520	1347
1495	1	11	180	14530	425
1496	1	11	100	14540	1376
1497	19	8	100	14550	128
1498	5	13	200	14560	1610
1499	4	7	120	14570	1750
1500	15	0	120	14580	2049
1501	3	16	180	14590	10280
1502	19	8	120	14600	5576
1503	4	7	180	14610	151
1504	4	7	180	14620	5569
1505	19	8	120	14630	3848
1506	5	13	120	14640	2641
1507	3	16	200	14650	2159
1508	15	0	200	14660	2370
1509	5	13	120	14670	23376
1510	15	0	100	14680	6196
1511	15	0	180	14690	1871
1512	0	18	120	14700	7214
1513	6	19	120	14710	938
1514	6	19	120	14720	8166
1515	5	13	100	14730	1381
1516	5	13	100	14740	14911
1517	1	11	200	14750	3154
1518	19	8	120	14760	1669
1519	3	16	180	14800	1348
1520	1	11	200	14813	128
1521	6	19	200	14826	2944
1522	5	13	120	14839	3171
1523	5	13	120	14852	7250
1524	3	16	180	14865	797
1525	6	19	100	14878	3135
1526	15	0	180	14891	1580
1527	4	7	120	14904	5030
1528	1	11	180	14917	7368
1529	15	0	100	14930	181
1530	3	16	180	14943	2655
1531	1	11	100	14956	5278
1532	4	7	120	14969	5537
1533	6	19	120	14982	121
1534	3	16	120	14995	0
1535	15	0	100	15008	114
1536	1	11	180	15021	339
1537	19	8	120	15034	4175
1538	4	7	120	15047	1270
1539	19	8	120	15060	2199
1540	4	7	200	15073	4080
1541	1	11	100	15086	13567
1542	4	7	180	15099	8318
1543	0	18	100	15112	1315
1544	0	18	200	15125	4736
1545	0	18	180	15138	5928
1546	3	16	100	15151	1387
1547	1	11	100	15164	6015
1548	5	13	200	15177	2338
1549	5	13	200	15200	20445
1550	6	19	120	15212	534
1551	0	18	100	15224	5475
1552	0	18	180	15236	4690
1553	4	7	100	15248	184
1554	3	16	120	15260	1559
1555	1	11	180	15272	8479
1556	15	0	100	15284	1886
1557	5	13	200	15296	9867
1558	1	11	100	15308	7761
1559	6	19	120	15320	933
1560	3	16	200	15332	1378
1561	0	18	100	15344	5839
1562	1	11	100	15356	3429
1563	0	18	200	15368	2061
1564	3	16	180	15380	2869
1565	6	19	200	15392	225
1566	4	7	100	15404	3915
1567	5	13	100	15416	6547
1568	4	7	100	15428	937
1569	19	8	120	15440	7377
1570	4	7	120	15452	946
1571	6	19	180	15464	1590
1572	15	0	180	15476	1277
1573	0	18	200	15488	10015
1574	19	8	180	15500	4162
1575	19	8	200	15512	269
1576	3	16	120	15524	4153
1577	4	7	120	15536	1242
1578	5	13	120	15548	616
1579	3	16	100	15560	2097
1580	4	7	100	15572	1151
1581	5	13	180	15584	3181
1582	19	8	180	15600	1274
1583	6	19	200	15616	7523
1584	0	18	180	15632	10072
1585	3	16	180	15648	5381
1586	1	11	120	15664	172
1587	0	18	120	15680	4874
1588	4	7	100	15696	4911
1589	1	11	200	15712	511
1590	19	8	200	15728	4224
1591	15	0	180	15744	726
1592	15	0	120	15760	6271
1593	15	0	200	15776	264
1594	6	19	180	15792	563
1595	3	16	200	15808	8215
1596	0	18	200	15824	1981
1597	4	7	180	15840	2557
1598	15	0	120	15856	5851
1599	5	13	100	15872	4076
1600	15	0	120	15888	643
1601	15	0	200	15904	2675
1602	15	0	200	15920	3363
1603	6	19	120	15936	3673
1604	1	11	120	15952	6114
1605	0	18	200	15968	6377
1606	3	16	180	15984	2556
1607	19	8	200	16000	5916
1608	5	13	120	16013	2032
1609	3	16	120	16026	1191
1610	19	8	100	16039	1066
1611	4	7	180	16052	461
1612	0	18	180	16065	5918
1613	19	8	100	16078	2379
1614	3	16	120	16091	12682
1615	15	0	120	16104	5432
1616	1	11	120	16117	2730
1617	5	13	120	16130	5210
1618	19	8	120	16143	2640
1619	0	18	100	16156	5920
1620	5	13	120	16169	50
1621	3	16	200	16182	10098
1622	0	18	100	16195	414
1623	3	16	120	16208	372
1624	19	8	180	16221	841
1625	6	19	200	16234	182
1626	19	8	100	16247	3076
1627	1	11	180	16260	940
1628	4	7	120	16273	6180
1629	6	19	200	16286	5966
1630	19	8	100	16299	4490
1631	15	0	180	16312	762
1632	5	13	100	16325	2761
1633	0	18	120	16338	2802
1634	5	13	180	16351	1201
1635	5	13	100	16364	5748
1636	15	0	180	16377	15632
1637	3	16	100	16400	4459
1638	5	13	180	16414	266
1639	19	8	180	16428	522
1640	19	8	100	16442	1244
1641	1	11	180	16456	1259
1642	5	13	200	16470	1460
1643	0	18	180	16484	2387
1644	3	16	180	16498	8689
1645	5	13	100	16512	3134
1646	15	0	100	16526	2002
1647	15	0	120	16540	1681
1648	4	7	180	16554	447
1649	15	0	120	16568	1968
1650	1	11	120	16582	1892
1651	6	19	180	16596	4343
1652	5	13	120	16610	18070
1653	15	0	100	16624	22147
1654	19	8	180	16638	3940
1655	4	7	180	16652	1038
1656	15	0	200	16666	1973
1657	6	19	180	16680	2613
1658	6	19	200	16694	2118
1659	5	13	120	16708	5365
1660	1	11	180	16722	1206
1661	1	11	200	16736	1219
1662	5	13	120	16750	16921
1663	19	8	180	16764	3906
1664	4	7	120	16800	3498
1665	1	11	180	16808	249
1666	19	8	180	16816	3770
1667	19	8	100	16824	1250
1668	4	7	120	16832	837
1669	15	0	100	16840	870
1670	1	11	180	16848	5757
1671	19	8	120	16856	6919
1672	19	8	200	16864	4360
1673	19	8	180	16872	1790
1674	1	11	100	16880	2812
1675	3	16	180	16888	5425
1676	15	0	100	16896	3807
1677	0	18	120	16904	4186
1678	0	18	180	16912	906
1679	4	7	120	16920	4158
1680	19	8	180	16928	4208
1681	1	11	200	16936	859
1682	15	0	100	16944	437
1683	6	19	100	16952	2030
1684	5	13	180	16960	2029
1685	3	16	180	16968	49
1686	4	7	100	16976	815
1687	15	0	100	16984	2793
1688	0	18	180	16992	8388
1689	1	11	100	17000	124
1690	15	0	100	17008	1866
1691	1	11	100	17016	2773
1692	6	19	120	17024	1208
1693	19	8	100	17032	1577
1694	15	0	200	17040	7922
1695	15	0	120	17048	18
1696	6	19	120	17056	1340
1697	6	19	100	17064	4589
1698	15	0	120	17072	8054
1699	0	18	100	17080	6988
1700	6	19	180	17088	10804
1701	15	0	200	17096	535
1702	4	7	200	17104	670
1703	15	0	120	17112	9642
1704	6	19	180	17120	3930
1705	3	16	100	17128	3232
1706	6	19	200	17136	26255
1707	5	13	180	17144	3958
1708	6	19	100	17152	2701
1709	15	0	100	17160	8621
1710	6	19	120	17168	3815
1711	15	0	180	17176	5397
1712	5	13	100	17200	1296
1713	3	16	120	17210	5790
1714	6	19	200	17220	367
1715	0	18	200	17230	277
1716	5	13	180	17240	693
1717	19	8	100	17250	3540
1718	4	7	100	17260	1021
1719	1	11	200	17270	3383
1720	15	0	120	17280	8344
1721	0	18	180	17290	456
1722	19	8	180	17300	1986
1723	3	16	100	17310	688
1724	19	8	100	17320	6919
1725	0	18	180	17330	1219
1726	3	16	200	17340	3301
1727	19	8	200	17350	1649
1728	1	11	180	17360	2762
1729	4	7	200	17370	2775
1730	15	0	100	17380	2447
1731	0	18	200	17390	10719
1732	4	7	200	17400	6099
1733	19	8	120	17410	1893
1734	15	0	200	17420	5000
1735	1	11	200	17430	2982
1736	15	0	200	17440	159
1737	19	8	200	17450	859
1738	19	8	180	17460	5920
1739	3	16	120	17470	7423
1740	6	19	180	17480	54
1741	19	8	120	17490	3250
1742	3	16	100	17500	46
1743	4	7	120	17510	19866
1744	5	13	200	17520	2151
1745	1	11	180	17530	4002
1746	6	19	100	17540	1010
1747	4	7	100	17550	2740
1748	4	7	100	17560	1088
1749	15	0	100	17570	6338
1750	3	16	180	17580	7472
1751	15	0	100	17600	4780
1752	3	16	100	17611	2443
1753	6	19	180	17622	1402
1754	4	7	200	17633	11974
1755	5	13	200	17644	6973
1756	15	0	120	17655	5295
1757	3	16	180	17666	22232
1758	15	0	120	17677	366
1759	6	19	100	17688	1803
1760	19	8	100	17699	19526
1761	15	0	200	17710	4322
1762	3	16	100	17721	554
1763	3	16	100	17732	18714
1764	19	8	200	17743	2223
1765	6	19	120	17754	4599
1766	4	7	180	17765	12702
1767	6	19	180	17776	9201
1768	4	7	120	17787	210
1769	5	13	200	17798	3303
1770	4	7	200	17809	113
1771	5	13	200	17820	13490
1772	19	8	180	17831	6748
1773	1	11	180	17842	1923
1774	5	13	100	17853	3258
1775	19	8	200	17864	1540
1776	19	8	120	17875	404
1777	6	19	100	17886	2032
1778	15	0	120	17897	5421
1779	15	0	120	17908	844
1780	4	7	180	17919	161
1781	19	8	200	17930	272
1782	6	19	180	17941	420
1783	4	7	120	17952	4867
1784	0	18	100	17963	4254
1785	19	8	100	17974	5715
1786	15	0	200	17985	2572
1787	15	0	120	18000	2667
1788	6	19	180	18008	2229
1789	3	16	200	18016	8773
1790	4	7	180	18024	6274
1791	5	13	100	18032	175
1792	1	11	180	18040	447
1793	3	16	120	18048	2107
1794	4	7	100	18056	7622
1795	19	8	200	18064	1741
1796	6	19	120	18072	2226
1797	0	18	200	18080	84
1798	4	7	180	18088	3344
1799	19	8	120	18096	5278
1800	15	0	200	18104	4484
1801	0	18	120	18112	1563
1802	19	8	200	18120	2352
1803	19	8	120	18128	4508
1804	5	13	120	18136	5825
1805	19	8	200	18144	8477
1806	15	0	180	18152	8561
1807	0	18	180	18160	313
1808	0	18	180	18168	5364
1809	5	13	100	18176	3980
1810	15	0	180	18184	5219
1811	1	11	100	18192	1635
1812	5	13	120	18200	1172
1813	0	18	200	18208	9100
1814	3	16	180	18216	1562
1815	19	8	120	18224	10441
1816	0	18	120	18232	3291
1817	19	8	180	18240	2218
1818	1	11	200	18248	1637
1819	0	18	200	18256	4386
1820	15	0	180	18264	937
1821	6	19	120	18272	2551
1822	19	8	100	18280	2558
1823	1	11	120	18288	711
1824	0	18	120	18296	5887
1825	15	0	180	18304	16831
1826	3	16	100	18312	7861
1827	6	19	120	18320	2079
1828	15	0	120	18328	3023
1829	5	13	120	18336	913
1830	3	16	120	18344	8931
1831	15	0	180	18352	313
1832	3	16	180	18360	7128
1833	15	0	100	18368	37
1834	0	18	180	18376	2904
1835	4	7	100	18384	5035
1836	0	18	200	18400	3883
1837	15	0	100	18409	2205
1838	19	8	100	18418	11051
1839	1	11	120	18427	5964
1840	1	11	180	18436	8415
1841	15	0	100	18445	2036
1842	6	19	180	18454	5517
1843	1	11	120	18463	6376
1844	6	19	120	18472	695
1845	3	16	120	18481	2435
1846	19	8	200	18490	6221
1847	1	11	200	18499	935
1848	0	18	200	18508	359
1849	4	7	180	18517	10349
1850	19	8	120	18526	6284
1851	6	19	200	18535	4
1852	19	8	200	18544	4618
1853	4	7	200	18553	9234
1854	3	16	180	18562	2967
1855	1	11	180	18571	905
1856	0	18	120	18580	7613
1857	15	0	120	18589	1323
1858	15	0	200	18598	9438
1859	6	19	180	18607	6089
1860	6	19	180	18616	80
1861	3	16	120	18625	2592
1862	3	16	120	18634	3149
1863	5	13	120	18643	3055
1864	3	16	200	18652	5350
1865	19	8	200	18661	4237
1866	15	0	180	18670	2803
1867	15	0	100	18679	1122
1868	0	18	100	18688	1918
1869	19	8	180	18697	3739
1870	19	8	120	18706	1456
1871	4	7	100	18715	589
1872	0	18	120	18724	2683
1873	19	8	180	18733	3293
1874	15	0	120	18742	6204
1875	19	8	180	18751	6644
1876	19	8	180	18760	5139
1877	15	0	180	18800	4503
1878	6	19	200	18809	12
1879	15	0	100	18818	1509
1880	19	8	200	18827	873
1881	1	11	120	18836	4214
1882	5	13	120	18845	1539
1883	4	7	180	18854	3722
1884	15	0	200	18863	2124
1885	6	19	120	18872	8888
1886	19	8	180	18881	1981
1887	19	8	180	18890	10701
1888	5	13	120	18899	2659
1889	19	8	100	18908	1505
1890	4	7	180	18917	8011
1891	3	16	180	18926	1659
1892	19	8	120	18935	2921
1893	3	16	120	18944	673
1894	6	19	180	18953	5623
1895	19	8	120	18962	2050
1896	5	13	200	18971	7695
1897	1	11	120	18980	963
1898	19	8	180	18989	244
1899	15	0	180	18998	2823
1900	5	13	180	19007	12164
1901	3	16	180	19016	3142
1902	1	11	180	19025	7031
1903	3	16	120	19034	2605
1904	5	13	100	19043	3865
1905	5	13	100	19052	4259
1906	6	19	120	19061	2872
1907	19	8	120	19070	528
1908	5	13	120	19079	477
1909	3	16	100	19088	5002
1910	1	11	200	19097	2610
1911	3	16	200	19106	771
1912	1	11	180	19115	1305
1913	0	18	200	19124	3577
1914	15	0	200	19133	3523
1915	5	13	100	19142	1840
1916	15	0	200	19151	685
1917	19	8	180	19160	11204
1918	19	8	120	19169	521
1919	6	19	120	19178	7480
1920	19	8	120	19187	1219
1921	15	0	200	19200	3401
1922	3	16	200	19211	5692
1923	1	11	100	19222	279
1924	5	13	200	19233	5424
1925	6	19	200	19244	13487
1926	4	7	200	19255	3857
1927	15	0	100	19266	1624
1928	4	7	200	19277	6564
1929	19	8	100	19288	1957
1930	5	13	180	19299	12505
1931	19	8	120	19310	2847
1932	19	8	200	19321	3830
1933	19	8	120	19332	2747
1934	3	16	120	19343	1798
1935	6	19	100	19354	4222
1936	19	8	200	19365	6942
1937	3	16	100	19376	7348
1938	15	0	120	19387	17107
1939	1	11	200	19398	5656
1940	19	8	100	19409	1907
1941	0	18	100	19420	1241
1942	5	13	100	19431	6826
1943	3	16	120	19442	5912
1944	15	0	100	19453	7191
1945	0	18	200	19464	4681
1946	1	11	100	19475	251
1947	19	8	180	19486	10475
1948	5	13	120	19497	3371
1949	1	11	120	19508	1951
1950	3	16	120	19519	1116
1951	5	13	100	19530	9846
1952	3	16	100	19541	385
1953	3	16	120	19552	960
1954	15	0	100	19563	1116
1955	15	0	200	19574	1908
1956	19	8	200	19600	6151
1957	0	18	120	19609	5711
1958	15	0	120	19618	5332
1959	19	8	120	19627	4243
1960	1	11	120	19636	148
1961	15	0	120	19645	787
1962	5	13	120	19654	1528
1963	6	19	120	19663	5173
1964	15	0	180	19672	5667
1965	3	16	180	19681	14034
1966	3	16	200	19690	3275
1967	3	16	120	19699	6086
1968	15	0	120	19708	1039
1969	1	11	200	19717	10844
1970	5	13	120	19726	3149
1971	4	7	200	19735	1523
1972	1	11	120	19744	12242
1973	15	0	180	19753	1818
1974	6	19	100	19762	2514
1975	15	0	100	19771	22008
1976	3	16	180	19780	5612
1977	19	8	120	19789	17406
1978	4	7	200	19798	1061
1979	4	7	100	19807	216
1980	5	13	200	19816	9402
1981	5	13	120	19825	4705
1982	3	16	180	19834	5779
1983	3	16	120	19843	2179
1984	6	19	180	19852	619
1985	19	8	120	19861	169
1986	6	19	100	19870	2160
1987	15	0	180	19879	2061
1988	1	11	100	19888	1168
1989	6	19	180	19897	16228
1990	6	19	100	19906	8065
1991	19	8	180	19915	262
1992	6	19	180	19924	441
1993	15	0	100	19933	1615
1994	0	18	180	19942	5098
1995	1	11	180	19951	895
1996	6	19	180	19960	11924
1997	19	8	200	20000	389
1998	6	19	200	20133	57
1999	4	7	180	20266	7988
