0	6	19	180	0	611
1	5	13	180	3	4463
2	19	8	180	6	19
3	5	13	200	9	1006
4	15	0	100	12	1040
5	3	16	120	15	90
6	4	7	200	18	6109
7	0	18	120	21	2763
8	19	8	200	24	464
9	15	0	100	27	971
10	4	7	120	30	974
11	0	18	120	33	1815
12	19	8	100	36	463
13	3	16	120	39	1533
14	5	13	100	42	515
15	5	13	200	45	4190
16	19	8	100	48	123
17	4	7	120	51	121
18	0	18	200	54	963
19	19	8	180	57	1801
20	19	8	100	60	2537
21	6	19	120	63	3274
22	19	8	120	66	1508
23	3	16	100	69	649
24	4	7	180	72	165
25	15	0	120	75	542
26	3	16	100	78	273
27	19	8	200	81	449
28	1	11	120	84	3674
29	3	16	200	87	3463
30	3	16	120	90	779
31	3	16	180	93	4392
32	6	19	200	96	531
33	5	13	100	99	1281
34	19	8	200	102	3321
35	1	11	180	105	418
36	0	18	200	108	2147
37	6	19	120	111	940
38	6	19	120	114	2762
39	0	18	200	117	256
40	3	16	200	120	2809
41	4	7	200	123	1122
42	1	11	180	126	2665
43	6	19	100	129	2568
44	3	16	100	132	716
45	0	18	200	135	2590
46	15	0	200	138	242
47	3	16	200	150	3419
48	3	16	100	153	37
49	19	8	120	156	338
50	0	18	200	159	2402
51	4	7	200	162	299
52	15	0	100	165	2144
53	5	13	200	168	1921
54	0	18	120	171	3308
55	19	8	100	174	890
56	5	13	100	177	567
57	6	19	180	180	1623
58	1	11	100	183	727
59	19	8	200	186	328
60	19	8	100	189	3335
61	4	7	100	192	1931
62	19	8	200	195	3944
63	5	13	100	198	682
64	5	13	200	201	111
65	0	18	180	204	1136
66	3	16	180	207	775
67	3	16	100	210	1763
68	3	16	180	213	2076
69	4	7	180	216	72
70	5	13	200	219	293
71	3	16	200	222	1424
72	15	0	100	225	403
73	19	8	200	228	571
74	6	19	180	231	2872
75	5	13	120	234	511
76	5	13	180	237	87
77	1	11	100	240	2527
78	0	18	200	243	5349
79	3	16	180	246	497
80	0	18	180	249	251
81	0	18	120	252	470
82	5	13	180	255	400
83	3	16	100	258	1865
84	3	16	100	261	161
85	19	8	120	264	380
86	5	13	180	300	308
87	1	11	200	303	1287
88	5	13	180	306	1731
89	19	8	180	309	878
90	5	13	120	312	3962
91	4	7	100	315	157
92	5	13	100	318	127
93	6	19	180	321	1552
94	0	18	180	324	463
95	15	0	200	327	195
96	5	13	200	330	1371
97	5	13	180	333	939
98	1	11	120	336	2068
99	1	11	180	339	2830
100	15	0	120	342	813
101	5	13	180	345	919
102	19	8	120	348	240
103	19	8	180	351	5681
104	3	16	120	354	36
105	6	19	200	357	307
106	5	13	200	360	4352
107	15	0	100	363	880
108	19	8	120	366	3054
109	5	13	100	369	1378
110	4	7	180	372	744
111	3	16	200	375	1040
112	5	13	200	378	1754
113	15	0	180	381	161
114	19	8	120	384	65
115	19	8	200	387	1461
116	19	8	120	390	1009
117	5	13	180	393	365
118	1	11	200	396	458
119	5	13	120	399	2818
120	5	13	200	402	635
121	0	18	180	405	2636
122	6	19	120	408	9
123	4	7	100	411	548
124	15	0	100	414	188
125	0	18	180	417	121
126	6	19	180	450	1138
127	0	18	180	454	1341
128	19	8	120	458	78
129	15	0	180	462	1966
130	19	8	120	466	1755
131	19	8	200	470	1341
132	0	18	180	474	103
133	15	0	120	478	197
134	5	13	120	482	2987
135	5	13	200	486	1785
136	1	11	100	490	193
137	5	13	100	494	445
138	19	8	200	498	1744
139	5	13	100	502	3731
140	3	16	120	506	490
141	6	19	180	510	2032
142	3	16	180	514	1839
143	0	18	180	518	131
144	4	7	200	522	80
145	1	11	180	526	839
146	15	0	120	530	792
147	6	19	180	534	5796
148	15	0	120	538	1383
149	1	11	200	542	1545
150	15	0	180	546	1501
151	19	8	100	550	724
152	4	7	180	554	338
153	6	19	100	558	3467
154	5	13	180	562	1048
155	6	19	180	566	1341
156	15	0	120	570	901
157	5	13	100	574	2765
158	1	11	120	578	2939
159	3	16	200	582	4390
160	0	18	120	600	1589
161	5	13	120	603	655
162	19	8	200	606	748
163	0	18	180	609	224
164	5	13	180	612	3634
165	5	13	180	615	2413
166	3	16	100	618	853
167	15	0	180	621	1252
168	3	16	120	624	409
169	4	7	120	627	638
170	6	19	200	630	1044
171	3	16	100	633	396
172	6	19	200	636	1128
173	5	13	200	639	637
174	1	11	200	642	1259
175	19	8	120	645	1387
176	15	0	100	648	193
177	5	13	200	651	3844
178	19	8	100	654	440
179	5	13	180	657	1755
180	3	16	100	660	1651
181	19	8	100	663	1207
182	1	11	100	666	6735
183	6	19	120	669	786
184	0	18	100	672	154
185	19	8	120	675	549
186	5	13	100	678	739
187	3	16	180	681	271
188	1	11	180	684	1452
189	15	0	200	687	476
190	6	19	180	690	420
191	6	19	200	693	491
192	4	7	200	696	761
193	6	19	100	699	2026
194	5	13	180	702	458
195	15	0	100	705	3890
196	6	19	180	708	644
197	3	16	200	711	1257
198	5	13	200	714	283
199	19	8	120	717	435
200	19	8	120	720	7864
201	0	18	200	723	2788
202	4	7	100	726	2021
203	4	7	200	729	443
204	4	7	200	732	229
205	4	7	120	750	766
206	3	16	100	753	2890
207	15	0	200	756	2902
208	4	7	120	759	606
209	6	19	120	762	3448
210	19	8	120	765	952
211	1	11	120	768	1128
212	6	19	100	771	1327
213	5	13	200	774	278
214	0	18	180	777	490
215	0	18	120	780	159
216	3	16	100	783	681
217	3	16	120	786	6302
218	0	18	180	789	62
219	6	19	120	792	1392
220	19	8	120	795	793
221	19	8	180	798	468
222	5	13	200	801	4377
223	5	13	180	804	5091
224	6	19	200	807	161
225	0	18	100	810	376
226	19	8	120	813	2698
227	19	8	200	816	2323
228	0	18	120	819	129
229	4	7	200	822	1545
230	1	11	180	825	440
231	5	13	100	828	1208
232	0	18	200	831	2083
233	19	8	200	834	3
234	6	19	100	837	1781
235	1	11	120	840	2599
236	5	13	200	843	2511
237	15	0	120	846	1980
238	1	11	180	849	464
239	5	13	180	852	1795
240	5	13	100	855	903
241	15	0	120	858	1143
242	19	8	120	861	2682
243	5	13	100	864	1912
244	19	8	120	900	2430
245	5	13	100	904	1885
246	0	18	180	908	1766
247	19	8	100	912	389
248	6	19	120	916	930
249	5	13	120	920	266
250	4	7	200	924	1232
251	4	7	120	928	678
252	3	16	120	932	1121
253	19	8	180	936	1257
254	0	18	200	940	2761
255	19	8	200	944	1943
256	4	7	200	948	3426
257	19	8	180	952	2229
258	6	19	100	956	250
259	4	7	200	960	3781
260	5	13	200	964	1250
261	3	16	120	968	103
262	15	0	120	972	2221
263	19	8	180	976	1755
264	4	7	200	980	1554
265	4	7	100	984	3731
266	0	18	180	988	2258
267	6	19	120	992	1318
268	19	8	180	996	964
269	15	0	120	1000	912
270	4	7	180	1004	509
271	5	13	200	1008	1500
272	0	18	200	1012	1903
273	4	7	200	1016	630
274	0	18	100	1020	247
275	1	11	200	1024	3145
276	0	18	100	1050	857
277	0	18	200	1053	383
278	6	19	100	1056	269
279	1	11	180	1059	733
280	0	18	120	1062	1132
281	19	8	120	1065	1396
282	3	16	120	1068	590
283	4	7	200	1071	3791
284	0	18	200	1074	129
285	15	0	100	1077	3315
286	3	16	200	1080	40
287	1	11	100	1083	303
288	19	8	200	1086	263
289	6	19	120	1089	5193
290	6	19	120	1092	3887
291	6	19	100	1095	59
292	0	18	120	1098	1298
293	15	0	200	1101	638
294	19	8	180	1104	213
295	1	11	200	1107	730
296	19	8	200	1110	2146
297	19	8	200	1113	231
298	0	18	100	1116	117
299	4	7	100	1119	3247
300	4	7	120	1122	4156
301	3	16	120	1125	170
302	0	18	120	1128	2105
303	15	0	100	1131	9
304	0	18	200	1134	3117
305	15	0	100	1137	3947
306	3	16	180	1140	1554
307	15	0	120	1143	304
308	15	0	120	1146	805
309	15	0	200	1149	4991
310	15	0	180	1152	515
311	4	7	100	1155	1675
312	3	16	180	1158	1410
313	5	13	120	1161	2183
314	4	7	120	1164	740
315	6	19	180	1167	4817
316	0	18	200	1170	2028
317	3	16	120	1173	2870
318	19	8	180	1176	1400
319	6	19	200	1200	2109
320	1	11	120	1203	3311
321	19	8	180	1206	1356
322	15	0	120	1209	826
323	1	11	120	1212	1057
324	0	18	200	1215	1134
325	15	0	120	1218	429
326	4	7	180	1221	81
327	3	16	200	1224	698
328	5	13	100	1227	354
329	15	0	120	1230	2184
330	1	11	100	1233	185
331	1	11	120	1236	519
332	19	8	180	1239	243
333	1	11	200	1242	490
334	15	0	100	1245	895
335	15	0	200	1248	824
336	15	0	200	1251	2861
337	5	13	100	1254	576
338	4	7	100	1257	69
339	1	11	180	1260	252
340	4	7	120	1263	421
341	4	7	120	1266	2780
342	3	16	180	1269	2189
343	1	11	100	1272	329
344	15	0	180	1275	1699
345	1	11	100	1278	436
346	4	7	120	1281	841
347	5	13	200	1284	2511
348	3	16	120	1287	4716
349	1	11	100	1290	284
350	1	11	100	1293	1549
351	6	19	120	1296	3587
352	19	8	100	1299	1152
353	3	16	120	1302	579
354	3	16	200	1305	8007
355	5	13	200	1308	628
356	4	7	100	1311	1725
357	19	8	100	1314	428
358	6	19	120	1317	968
359	3	16	120	1320	1473
360	4	7	180	1323	3121
361	19	8	180	1326	477
362	1	11	120	1329	5407
363	0	18	100	1350	1568
364	5	13	200	1353	2824
365	6	19	100	1356	9506
366	5	13	120	1359	1109
367	1	11	180	1362	601
368	15	0	100	1365	572
369	6	19	180	1368	5108
370	15	0	180	1371	171
371	5	13	180	1374	823
372	19	8	120	1377	2468
373	6	19	100	1380	902
374	3	16	120	1383	1069
375	6	19	100	1386	71
376	5	13	200	1389	2636
377	6	19	120	1392	385
378	3	16	180	1395	2638
379	15	0	180	1398	489
380	4	7	200	1401	2570
381	19	8	180	1404	412
382	19	8	180	1407	805
383	3	16	100	1410	57
384	6	19	120	1413	196
385	5	13	180	1416	349
386	1	11	120	1419	2117
387	5	13	120	1422	2656
388	15	0	100	1425	500
389	3	16	120	1428	170
390	3	16	180	1431	2017
391	19	8	200	1434	1385
392	15	0	200	1437	2780
393	0	18	200	1440	816
394	15	0	200	1443	491
395	4	7	200	1446	5376
396	3	16	100	1449	3066
397	3	16	180	1452	190
398	5	13	100	1455	644
399	1	11	120	1458	1707
400	6	19	200	1461	1961
401	3	16	200	1464	156
402	6	19	180	1467	1025
403	6	19	180	1470	6923
404	4	7	120	1473	100
405	6	19	120	1476	375
406	15	0	100	1479	160
407	3	16	200	1482	131
408	0	18	100	1485	2494
409	6	19	200	1500	4447
410	19	8	100	1503	1084
411	15	0	200	1506	914
412	5	13	120	1509	818
413	19	8	180	1512	329
414	19	8	120	1515	2458
415	4	7	200	1518	1511
416	0	18	200	1521	2922
417	19	8	100	1524	4097
418	4	7	180	1527	1118
419	0	18	120	1530	1533
420	4	7	200	1533	415
421	19	8	100	1536	1770
422	3	16	180	1539	71
423	5	13	200	1542	354
424	3	16	100	1545	386
425	15	0	180	1548	1055
426	6	19	180	1551	1297
427	15	0	120	1554	735
428	19	8	100	1557	283
429	15	0	120	1560	1157
430	4	7	200	1563	290
431	1	11	100	1566	1848
432	0	18	100	1569	3152
433	0	18	120	1572	240
434	1	11	200	1575	1193
435	0	18	100	1578	1914
436	1	11	100	1581	2050
437	1	11	100	1584	830
438	19	8	180	1587	5439
439	19	8	200	1590	3470
440	6	19	120	1593	168
441	19	8	120	1596	1672
442	4	7	100	1599	29
443	1	11	120	1602	612
444	3	16	100	1605	1346
445	4	7	200	1608	498
446	3	16	180	1611	301
447	19	8	120	1614	1557
448	1	11	180	1617	1427
449	3	16	100	1620	1552
450	4	7	200	1623	182
451	3	16	200	1626	4114
452	19	8	100	1650	1350
453	5	13	180	1653	1851
454	6	19	180	1656	863
455	6	19	180	1659	56
456	19	8	120	1662	80
457	1	11	180	1665	502
458	3	16	180	1668	2157
459	5	13	200	1671	1229
460	19	8	200	1674	1543
461	0	18	200	1677	1877
462	3	16	200	1680	3640
463	3	16	180	1683	477
464	3	16	200	1686	2218
465	15	0	200	1689	2461
466	6	19	180	1692	1297
467	5	13	200	1695	477
468	6	19	180	1698	1568
469	15	0	100	1701	132
470	3	16	200	1704	3306
471	15	0	200	1707	848
472	0	18	180	1710	4886
473	4	7	180	1713	1469
474	3	16	100	1716	1144
475	5	13	120	1719	1265
476	4	7	200	1722	1678
477	1	11	100	1725	1863
478	3	16	180	1728	1442
479	19	8	100	1731	4337
480	5	13	100	1734	585
481	15	0	100	1737	4055
482	5	13	200	1740	2228
483	5	13	100	1743	1125
484	4	7	180	1746	824
485	0	18	100	1749	412
486	1	11	100	1752	183
487	5	13	120	1755	277
488	4	7	180	1758	1858
489	4	7	100	1761	1076
490	1	11	200	1764	1657
491	19	8	120	1767	925
492	19	8	180	1770	1629
493	3	16	200	1773	801
494	0	18	100	1800	448
495	5	13	120	1803	747
496	5	13	120	1806	2143
497	1	11	120	1809	2059
498	15	0	180	1812	1242
499	4	7	100	1815	2314
500	15	0	100	1818	1826
501	15	0	180	1821	3606
502	1	11	180	1824	8905
503	4	7	120	1827	1129
504	0	18	100	1830	2110
505	6	19	100	1833	1721
506	3	16	120	1836	5479
507	5	13	120	1839	5208
508	1	11	180	1842	288
509	1	11	100	1845	3036
510	1	11	200	1848	677
511	15	0	100	1851	625
512	19	8	100	1854	1650
513	4	7	120	1857	2557
514	0	18	200	1860	404
515	0	18	180	1863	1854
516	5	13	100	1866	4227
517	6	19	200	1869	726
518	19	8	100	1872	2844
519	1	11	200	1875	1137
520	5	13	200	1878	1762
521	1	11	100	1881	791
522	0	18	120	1884	1238
523	1	11	180	1887	220
524	6	19	100	1890	806
525	3	16	180	1893	841
526	19	8	120	1896	2202
527	6	19	200	1899	1189
528	4	7	180	1902	683
529	6	19	180	1905	228
530	19	8	200	1908	2485
531	3	16	120	1911	3922
532	3	16	180	1950	240
533	15	0	180	1953	2670
534	1	11	100	1956	412
535	6	19	120	1959	799
536	6	19	120	1962	4115
537	0	18	120	1965	420
538	5	13	200	1968	2222
539	6	19	180	1971	2022
540	6	19	200	1974	465
541	6	19	180	1977	236
542	4	7	200	1980	7626
543	3	16	180	1983	2772
544	3	16	120	1986	241
545	3	16	200	1989	595
546	0	18	120	1992	2363
547	4	7	100	1995	2790
548	3	16	100	1998	293
549	19	8	120	2001	1193
550	0	18	120	2004	902
551	19	8	180	2007	708
552	1	11	120	2010	3405
553	5	13	200	2013	48
554	19	8	120	2016	149
555	6	19	200	2019	522
556	6	19	120	2022	640
557	0	18	100	2025	2957
558	15	0	100	2028	179
559	15	0	180	2031	591
560	15	0	180	2034	3661
561	5	13	180	2037	834
562	1	11	180	2040	1385
563	4	7	100	2043	51
564	1	11	100	2046	90
565	19	8	120	2049	860
566	5	13	120	2052	321
567	1	11	180	2055	2710
568	3	16	120	2058	1293
569	4	7	120	2061	2597
570	4	7	100	2064	2230
571	4	7	180	2067	1784
572	1	11	200	2070	1417
573	1	11	180	2100	174
574	5	13	200	2103	461
575	19	8	100	2106	1182
576	6	19	120	2109	807
577	15	0	180	2112	1907
578	19	8	100	2115	6614
579	3	16	120	2118	138
580	1	11	100	2121	1516
581	4	7	100	2124	3891
582	4	7	180	2127	692
583	4	7	120	2130	2549
584	6	19	100	2133	1753
585	0	18	120	2136	850
586	0	18	100	2139	45
587	6	19	200	2142	185
588	19	8	100	2145	1999
589	4	7	100	2148	4390
590	19	8	100	2151	102
591	6	19	120	2154	116
592	3	16	100	2157	211
593	6	19	100	2160	888
594	19	8	200	2163	2635
595	1	11	120	2166	2748
596	5	13	100	2169	1174
597	19	8	200	2172	4835
598	0	18	120	2175	2297
599	3	16	100	2178	1869
600	6	19	120	2181	217
601	19	8	200	2184	4730
602	0	18	200	2187	465
603	19	8	180	2190	656
604	4	7	100	2193	2236
605	6	19	200	2196	2118
606	6	19	180	2199	2174
607	0	18	200	2202	2320
608	0	18	200	2205	2182
609	19	8	100	2208	1197
610	19	8	180	2211	3153
611	19	8	180	2214	1482
612	0	18	200	2217	3094
613	4	7	180	2220	37
614	5	13	120	2223	1753
615	3	16	180	2226	6587
616	1	11	200	2229	87
617	6	19	120	2250	2310
618	15	0	200	2254	633
619	1	11	200	2258	1474
620	15	0	100	2262	781
621	19	8	180	2266	119
622	1	11	120	2270	157
623	15	0	100	2274	1496
624	4	7	120	2278	2123
625	15	0	200	2282	1801
626	1	11	120	2286	1245
627	4	7	200	2290	269
628	3	16	180	2294	497
629	3	16	180	2298	830
630	4	7	100	2302	3
631	15	0	120	2306	913
632	6	19	120	2310	4120
633	5	13	100	2314	483
634	5	13	100	2318	4589
635	3	16	120	2322	1704
636	3	16	100	2326	1612
637	5	13	100	2330	22
638	0	18	100	2334	64
639	0	18	120	2338	4052
640	3	16	180	2342	1651
641	0	18	100	2346	417
642	5	13	100	2350	645
643	19	8	100	2354	309
644	5	13	120	2358	106
645	0	18	120	2362	864
646	5	13	120	2366	338
647	15	0	120	2370	169
648	1	11	180	2374	2125
649	6	19	120	2378	2746
650	0	18	120	2382	2292
651	15	0	200	2400	2124
652	1	11	200	2404	1435
653	19	8	120	2408	257
654	4	7	200	2412	548
655	15	0	200	2416	90
656	6	19	180	2420	2925
657	3	16	180	2424	1512
658	4	7	120	2428	1364
659	6	19	120	2432	118
660	4	7	120	2436	320
661	1	11	200	2440	1378
662	15	0	100	2444	1054
663	15	0	100	2448	626
664	5	13	200	2452	1189
665	1	11	100	2456	821
666	1	11	100	2460	1765
667	4	7	200	2464	1364
668	15	0	180	2468	111
669	1	11	100	2472	15
670	19	8	120	2476	598
671	5	13	200	2480	63
672	6	19	120	2484	2039
673	15	0	180	2488	794
674	15	0	120	2492	4769
675	15	0	100	2496	267
676	3	16	120	2500	1944
677	3	16	100	2504	3661
678	1	11	180	2508	1240
679	3	16	200	2512	576
680	1	11	120	2516	1030
681	3	16	200	2520	917
682	3	16	100	2524	782
683	5	13	120	2528	876
684	3	16	120	2532	1540
685	5	13	120	2536	420
686	5	13	120	2540	2749
687	15	0	100	2544	2257
688	0	18	120	2550	5230
689	6	19	120	2553	3371
690	6	19	180	2556	2581
691	0	18	180	2559	35
692	0	18	180	2562	811
693	3	16	180	2565	5098
694	5	13	200	2568	2024
695	1	11	200	2571	103
696	3	16	100	2574	2010
697	15	0	100	2577	12
698	4	7	120	2580	1527
699	4	7	100	2583	1560
700	19	8	100	2586	2056
701	0	18	180	2589	1391
702	19	8	200	2592	53
703	19	8	180	2595	2062
704	15	0	200	2598	1072
705	4	7	180	2601	2028
706	1	11	120	2604	21
707	4	7	120	2607	343
708	1	11	100	2610	333
709	6	19	200	2613	231
710	5	13	120	2616	605
711	4	7	180	2619	4346
712	0	18	100	2622	113
713	1	11	120	2625	489
714	4	7	100	2628	1296
715	1	11	120	2631	1989
716	19	8	200	2634	324
717	1	11	200	2637	96
718	4	7	200	2640	1804
719	19	8	180	2643	541
720	5	13	180	2646	1307
721	4	7	100	2649	3678
722	3	16	180	2652	1483
723	0	18	120	2655	292
724	5	13	120	2658	314
725	15	0	200	2661	546
726	4	7	100	2664	1467
727	3	16	180	2667	2248
728	1	11	180	2700	1665
729	6	19	180	2703	3339
730	5	13	100	2706	830
731	5	13	120	2709	1899
732	15	0	200	2712	480
733	15	0	120	2715	3713
734	4	7	200	2718	1276
735	0	18	180	2721	3345
736	3	16	100	2724	823
737	4	7	120	2727	1615
738	15	0	120	2730	4023
739	15	0	180	2733	3461
740	3	16	200	2736	392
741	1	11	100	2739	1514
742	5	13	200	2742	1295
743	4	7	120	2745	2627
744	1	11	200	2748	1238
745	3	16	100	2751	3134
746	0	18	180	2754	4518
747	19	8	120	2757	225
748	19	8	120	2760	736
749	4	7	120	2763	9
750	1	11	200	2766	3081
751	0	18	100	2769	1689
752	4	7	120	2772	553
753	4	7	180	2775	614
754	15	0	180	2778	100
755	4	7	100	2781	2677
756	15	0	100	2784	5630
757	19	8	180	2787	2922
758	3	16	100	2790	1224
759	19	8	100	2793	344
760	0	18	180	2796	187
761	19	8	200	2799	406
762	1	11	180	2802	1144
763	4	7	180	2805	551
764	1	11	200	2808	1897
765	0	18	100	2811	1428
766	5	13	180	2814	1666
767	1	11	180	2817	255
768	6	19	180	2820	1832
769	3	16	120	2823	1738
770	15	0	120	2826	560
771	4	7	120	2829	1149
772	3	16	120	2832	210
773	5	13	100	2835	2407
774	6	19	180	2838	112
775	4	7	180	2850	4382
776	15	0	120	2854	613
777	19	8	100	2858	2425
778	19	8	120	2862	1433
779	3	16	120	2866	563
780	15	0	120	2870	656
781	4	7	180	2874	994
782	4	7	100	2878	738
783	15	0	120	2882	1638
784	4	7	180	2886	30
785	4	7	200	2890	2075
786	1	11	100	2894	789
787	3	16	100	2898	4172
788	19	8	200	2902	2854
789	19	8	180	2906	2024
790	3	16	180	2910	3714
791	4	7	120	2914	1249
792	1	11	120	2918	160
793	19	8	120	2922	1942
794	15	0	200	2926	2292
795	4	7	100	2930	7431
796	19	8	120	2934	160
797	0	18	120	2938	474
798	1	11	180	2942	172
799	1	11	200	2946	4428
800	6	19	120	2950	344
801	15	0	200	2954	2370
802	3	16	200	2958	854
803	5	13	100	2962	1814
804	5	13	200	2966	1777
805	15	0	180	2970	615
806	6	19	200	2974	1180
807	15	0	100	2978	1068
808	15	0	200	2982	458
809	4	7	200	3000	189
810	6	19	180	3003	1030
811	15	0	100	3006	288
812	0	18	120	3009	415
813	0	18	200	3012	421
814	1	11	200	3015	2853
815	5	13	100	3018	1503
816	4	7	180	3021	2832
817	4	7	120	3024	3052
818	0	18	100	3027	508
819	6	19	200	3030	5183
820	19	8	200	3033	343
821	1	11	180	3036	1979
822	3	16	180	3039	547
823	6	19	200	3042	5008
824	19	8	200	3045	2206
825	4	7	200	3048	2060
826	3	16	200	3051	852
827	4	7	200	3054	777
828	15	0	100	3057	24
829	1	11	180	3060	124
830	4	7	120	3063	2790
831	6	19	100	3066	100
832	6	19	120	3069	1769
833	6	19	120	3072	1652
834	5	13	200	3075	170
835	19	8	120	3078	1233
836	1	11	200	3081	77
837	15	0	100	3084	1743
838	3	16	120	3087	5276
839	6	19	100	3090	1725
840	6	19	200	3093	343
841	3	16	200	3096	3451
842	4	7	100	3099	1684
843	5	13	100	3102	1974
844	3	16	200	3105	419
845	5	13	120	3108	2025
846	4	7	100	3111	585
847	0	18	180	3114	2912
848	15	0	180	3117	3124
849	3	16	200	3120	243
850	19	8	180	3123	233
851	5	13	100	3126	396
852	0	18	100	3129	6171
853	5	13	180	3132	226
854	3	16	100	3135	2037
855	5	13	200	3138	960
856	5	13	120	3150	1005
857	6	19	100	3154	951
858	5	13	100	3158	4016
859	0	18	200	3162	4417
860	4	7	180	3166	3499
861	3	16	100	3170	226
862	0	18	200	3174	1020
863	6	19	120	3178	304
864	19	8	180	3182	481
865	19	8	180	3186	849
866	1	11	200	3190	987
867	3	16	100	3194	1281
868	4	7	200	3198	221
869	1	11	180	3202	514
870	4	7	120	3206	1310
871	6	19	120	3210	264
872	0	18	200	3214	3439
873	4	7	200	3218	1388
874	0	18	100	3222	2165
875	5	13	100	3226	545
876	6	19	120	3230	89
877	15	0	180	3234	1279
878	3	16	200	3238	1912
879	4	7	180	3242	44
880	0	18	200	3246	826
881	1	11	120	3250	1291
882	6	19	120	3254	1130
883	5	13	120	3258	3014
884	3	16	100	3262	4106
885	19	8	100	3266	1420
886	6	19	200	3270	126
887	1	11	180	3274	1205
888	4	7	120	3278	3878
889	0	18	200	3282	1511
890	4	7	200	3300	112
891	5	13	180	3303	1303
892	3	16	100	3306	2115
893	1	11	120	3309	34
894	1	11	180	3312	2274
895	4	7	200	3315	99
896	3	16	100	3318	782
897	15	0	200	3321	1011
898	5	13	120	3324	917
899	4	7	120	3327	2504
900	3	16	180	3330	448
901	0	18	100	3333	2071
902	5	13	180	3336	1904
903	6	19	200	3339	1319
904	15	0	180	3342	1257
905	3	16	100	3345	6090
906	4	7	100	3348	608
907	6	19	120	3351	716
908	4	7	180	3354	708
909	6	19	100	3357	864
910	15	0	120	3360	803
911	15	0	200	3363	3688
912	3	16	100	3366	2073
913	1	11	180	3369	3480
914	0	18	100	3372	1112
915	1	11	100	3375	591
916	6	19	180	3378	1415
917	5	13	180	3381	1481
918	3	16	120	3384	428
919	0	18	120	3387	1629
920	3	16	200	3390	649
921	19	8	100	3393	3989
922	15	0	200	3396	1573
923	4	7	100	3399	1047
924	6	19	180	3402	369
925	15	0	180	3405	2
926	3	16	120	3408	780
927	19	8	120	3411	3132
928	1	11	120	3450	2600
929	6	19	120	3453	1803
930	1	11	200	3456	3431
931	19	8	180	3459	1257
932	1	11	100	3462	185
933	19	8	180	3465	3592
934	1	11	200	3468	2211
935	19	8	200	3471	1685
936	5	13	200	3474	2928
937	0	18	120	3477	4325
938	6	19	180	3480	531
939	19	8	200	3483	4571
940	4	7	100	3486	489
941	0	18	120	3489	1811
942	6	19	100	3492	290
943	6	19	100	3495	1000
944	3	16	180	3498	373
945	6	19	100	3501	257
946	1	11	180	3504	2672
947	0	18	120	3507	2887
948	1	11	120	3510	1037
949	19	8	120	3513	909
950	15	0	100	3516	906
951	15	0	120	3519	2263
952	4	7	120	3522	415
953	4	7	200	3525	2377
954	1	11	120	3528	925
955	3	16	180	3531	597
956	3	16	120	3534	156
957	1	11	180	3537	366
958	19	8	120	3540	686
959	19	8	100	3543	1250
960	19	8	180	3546	1291
961	5	13	180	3549	916
962	4	7	200	3552	1219
963	15	0	100	3555	1694
964	5	13	100	3558	1163
965	15	0	180	3561	2816
966	5	13	180	3564	2399
967	3	16	180	3567	2751
968	0	18	180	3570	210
969	1	11	120	3600	2834
970	6	19	120	3603	946
971	5	13	100	3606	1648
972	15	0	200	3609	598
973	4	7	120	3612	526
974	6	19	120	3615	726
975	1	11	120	3618	1576
976	3	16	200	3621	2104
977	0	18	180	3624	267
978	1	11	120	3627	497
979	0	18	180	3630	93
980	6	19	100	3633	279
981	3	16	200	3636	1202
982	15	0	100	3639	709
983	3	16	200	3642	690
984	15	0	100	3645	423
985	3	16	120	3648	191
986	4	7	100	3651	590
987	15	0	100	3654	581
988	15	0	100	3657	892
989	15	0	120	3660	877
990	6	19	120	3663	1286
991	4	7	100	3666	1538
992	0	18	100	3669	1290
993	6	19	180	3672	1979
994	19	8	120	3675	705
995	19	8	120	3678	2583
996	5	13	180	3681	234
997	19	8	200	3684	1037
998	1	11	100	3687	4407
999	4	7	200	3690	700
1000	0	18	120	3693	668
1001	19	8	200	3696	7130
1002	0	18	200	3699	1928
1003	19	8	200	3702	1576
1004	3	16	100	3705	6490
1005	1	11	100	3708	2316
1006	19	8	180	3711	896
1007	0	18	100	3714	4373
1008	15	0	180	3717	794
1009	19	8	200	3720	2491
1010	0	18	180	3723	1280
1011	1	11	200	3726	4119
1012	0	18	100	3750	4082
1013	15	0	200	3753	549
1014	3	16	200	3756	754
1015	6	19	180	3759	39
1016	15	0	180	3762	125
1017	1	11	200	3765	311
1018	19	8	100	3768	844
1019	1	11	180	3771	816
1020	4	7	180	3774	1105
1021	6	19	180	3777	971
1022	5	13	180	3780	745
1023	1	11	120	3783	1746
1024	4	7	200	3786	478
1025	1	11	100	3789	2626
1026	4	7	100	3792	141
1027	1	11	100	3795	1360
1028	4	7	100	3798	3803
1029	6	19	200	3801	1239
1030	6	19	200	3804	1057
1031	3	16	200	3807	441
1032	19	8	120	3810	365
1033	6	19	180	3813	3598
1034	19	8	100	3816	1809
1035	15	0	100	3819	295
1036	1	11	100	3822	2639
1037	15	0	100	3825	1945
1038	19	8	200	3828	721
1039	6	19	200	3831	923
1040	3	16	200	3834	1661
1041	3	16	100	3837	716
1042	19	8	180	3840	3615
1043	19	8	100	3843	1525
1044	6	19	180	3846	3042
1045	5	13	180	3849	1532
1046	3	16	100	3852	1842
1047	3	16	100	3855	472
1048	3	16	200	3858	617
1049	3	16	180	3861	645
1050	1	11	200	3864	2026
1051	3	16	180	3867	4710
1052	19	8	180	3870	106
1053	0	18	180	3873	1123
1054	19	8	120	3876	2861
1055	3	16	200	3879	3216
1056	3	16	120	3882	1372
1057	15	0	180	3885	54
1058	5	13	100	3888	710
1059	0	18	100	3891	262
1060	6	19	200	3894	1789
1061	15	0	180	3900	2882
1062	6	19	200	3903	38
1063	0	18	180	3906	2832
1064	1	11	100	3909	543
1065	6	19	180	3912	577
1066	1	11	120	3915	1907
1067	3	16	180	3918	38
1068	15	0	180	3921	1396
1069	5	13	180	3924	366
1070	5	13	120	3927	330
1071	19	8	120	3930	654
1072	3	16	100	3933	2458
1073	3	16	100	3936	5313
1074	15	0	180	3939	2080
1075	1	11	120	3942	229
1076	15	0	200	3945	1253
1077	6	19	120	3948	2099
1078	5	13	180	3951	2567
1079	19	8	100	3954	1502
1080	15	0	200	3957	190
1081	1	11	200	3960	2568
1082	19	8	120	3963	449
1083	1	11	180	3966	1270
1084	5	13	100	3969	2583
1085	3	16	120	3972	1194
1086	4	7	100	3975	309
1087	19	8	180	3978	1751
1088	6	19	100	3981	89
1089	6	19	120	3984	2554
1090	4	7	200	3987	1298
1091	3	16	180	3990	2358
1092	1	11	100	3993	644
1093	15	0	200	3996	375
1094	19	8	100	3999	2158
1095	5	13	100	4002	2539
1096	6	19	100	4005	656
1097	19	8	200	4008	95
1098	6	19	100	4011	610
1099	19	8	200	4014	1194
1100	3	16	120	4017	3796
1101	19	8	120	4020	1719
1102	4	7	180	4023	1637
1103	6	19	100	4026	192
1104	6	19	100	4029	246
1105	1	11	180	4032	734
1106	0	18	120	4035	245
1107	6	19	180	4050	153
1108	1	11	200	4054	2249
1109	15	0	100	4058	1855
1110	5	13	200	4062	570
1111	5	13	100	4066	2807
1112	3	16	200	4070	365
1113	5	13	200	4074	2047
1114	1	11	100	4078	63
1115	5	13	100	4082	3146
1116	19	8	120	4086	1354
1117	5	13	120	4090	907
1118	5	13	180	4094	41
1119	19	8	180	4098	2110
1120	3	16	180	4102	214
1121	3	16	180	4106	46
1122	6	19	120	4110	5136
1123	1	11	100	4114	2327
1124	1	11	200	4118	1521
1125	1	11	200	4122	779
1126	6	19	120	4126	6
1127	4	7	120	4130	1316
1128	3	16	100	4134	350
1129	3	16	180	4138	4081
1130	5	13	100	4142	2321
1131	19	8	200	4146	1054
1132	0	18	100	4150	814
1133	5	13	180	4154	472
1134	6	19	200	4158	1869
1135	19	8	180	4162	861
1136	6	19	120	4166	252
1137	1	11	100	4170	223
1138	4	7	120	4174	815
1139	4	7	120	4178	854
1140	1	11	200	4200	761
1141	6	19	180	4203	139
1142	6	19	200	4206	3648
1143	19	8	100	4209	641
1144	0	18	120	4212	1044
1145	19	8	200	4215	1981
1146	0	18	200	4218	1288
1147	6	19	100	4221	1391
1148	5	13	180	4224	298
1149	4	7	100	4227	3251
1150	6	19	200	4230	375
1151	0	18	200	4233	3466
1152	4	7	120	4236	52
1153	6	19	180	4239	1298
1154	6	19	120	4242	806
1155	19	8	180	4245	3306
1156	3	16	200	4248	1881
1157	3	16	120	4251	3134
1158	5	13	100	4254	990
1159	5	13	120	4257	2057
1160	4	7	120	4260	723
1161	6	19	100	4263	1253
1162	4	7	120	4266	3300
1163	19	8	120	4269	2773
1164	3	16	200	4272	3834
1165	6	19	200	4275	2501
1166	5	13	200	4278	835
1167	6	19	120	4281	4369
1168	19	8	100	4284	49
1169	3	16	180	4287	1390
1170	15	0	180	4290	1920
1171	6	19	100	4293	914
1172	1	11	200	4296	52
1173	1	11	100	4299	1349
1174	6	19	200	4302	661
1175	5	13	200	4305	67
1176	6	19	200	4308	189
1177	6	19	120	4311	1449
1178	1	11	200	4314	506
1179	1	11	100	4317	3519
1180	1	11	100	4350	2649
1181	0	18	100	4354	766
1182	19	8	180	4358	776
1183	15	0	100	4362	584
1184	5	13	180	4366	1871
1185	4	7	120	4370	3262
1186	4	7	180	4374	954
1187	3	16	180	4378	2747
1188	15	0	100	4382	2889
1189	6	19	100	4386	2594
1190	5	13	180	4390	1921
1191	4	7	200	4394	490
1192	6	19	100	4398	1596
1193	19	8	100	4402	1677
1194	19	8	100	4406	79
1195	5	13	180	4410	2673
1196	3	16	120	4414	334
1197	6	19	120	4418	108
1198	6	19	120	4422	831
1199	3	16	120	4426	1757
1200	4	7	200	4430	547
1201	3	16	120	4434	1494
1202	6	19	200	4438	1273
1203	1	11	100	4442	1287
1204	6	19	120	4446	267
1205	19	8	200	4450	2171
1206	19	8	200	4454	3021
1207	1	11	100	4458	872
1208	0	18	180	4462	377
1209	1	11	180	4466	697
1210	3	16	200	4470	2212
1211	6	19	180	4474	150
1212	1	11	180	4478	1336
1213	3	16	100	4482	1297
1214	3	16	100	4486	3737
1215	4	7	100	4490	6079
1216	15	0	180	4500	265
1217	5	13	120	4503	1253
1218	3	16	200	4506	208
1219	15	0	180	4509	55
1220	1	11	120	4512	624
1221	1	11	120	4515	1327
1222	19	8	100	4518	143
1223	3	16	200	4521	352
1224	15	0	100	4524	3205
1225	3	16	200	4527	878
1226	0	18	200	4530	2425
1227	3	16	180	4533	671
1228	1	11	200	4536	1170
1229	1	11	100	4539	1116
1230	1	11	180	4542	2791
1231	19	8	120	4545	75
1232	19	8	100	4548	323
1233	15	0	120	4551	1360
1234	15	0	120	4554	1367
1235	19	8	180	4557	331
1236	4	7	120	4560	2638
1237	6	19	120	4563	2640
1238	1	11	200	4566	260
1239	6	19	200	4569	4435
1240	5	13	120	4572	29
1241	3	16	120	4575	45
1242	3	16	200	4578	1441
1243	6	19	180	4581	987
1244	4	7	120	4584	79
1245	15	0	200	4587	1479
1246	3	16	120	4590	1752
1247	3	16	100	4593	118
1248	5	13	200	4596	2115
1249	5	13	100	4599	106
1250	15	0	100	4602	1659
1251	15	0	100	4605	1504
1252	4	7	180	4608	4214
1253	19	8	180	4611	740
1254	0	18	100	4614	645
1255	1	11	120	4617	1903
1256	3	16	120	4620	1162
1257	4	7	100	4623	675
1258	4	7	100	4626	1776
1259	3	16	120	4629	1911
1260	15	0	200	4632	4962
1261	6	19	100	4635	1056
1262	0	18	100	4638	3441
1263	19	8	180	4641	1792
1264	19	8	100	4644	1124
1265	3	16	120	4647	1920
1266	6	19	180	4650	3474
1267	3	16	100	4653	7549
1268	4	7	200	4656	5925
1269	3	16	180	4659	1903
1270	19	8	200	4662	252
1271	0	18	100	4665	610
1272	4	7	180	4668	784
1273	6	19	200	4671	300
1274	3	16	100	4674	24
1275	19	8	100	4677	557
1276	19	8	180	4680	5245
1277	1	11	120	4683	1408
1278	15	0	120	4686	257
1279	19	8	100	4689	441
1280	0	18	180	4692	2103
1281	15	0	200	4695	1939
1282	6	19	200	4698	1393
1283	6	19	200	4701	960
1284	3	16	200	4704	2904
1285	3	16	120	4707	356
1286	5	13	180	4710	173
1287	0	18	120	4713	2447
1288	6	19	120	4716	424
1289	6	19	200	4719	3173
1290	5	13	100	4722	1614
1291	0	18	100	4725	938
1292	3	16	120	4728	215
1293	15	0	120	4731	866
1294	19	8	200	4734	6259
1295	19	8	100	4737	1083
1296	1	11	100	4740	210
1297	3	16	120	4743	3790
1298	6	19	180	4746	4650
1299	0	18	100	4749	599
1300	0	18	100	4752	1940
1301	19	8	100	4755	1784
1302	15	0	100	4758	150
1303	3	16	120	4761	56
1304	5	13	120	4764	3679
1305	6	19	100	4767	611
1306	4	7	180	4770	383
1307	15	0	180	4773	2128
1308	5	13	180	4776	700
1309	1	11	100	4779	60
1310	3	16	200	4782	2074
1311	1	11	100	4785	3996
1312	5	13	180	4788	343
1313	4	7	200	4791	867
1314	3	16	200	4800	5088
1315	0	18	200	4805	407
1316	19	8	120	4810	3460
1317	4	7	120	4815	833
1318	5	13	180	4820	2763
1319	5	13	180	4825	569
1320	15	0	200	4830	1423
1321	6	19	120	4835	152
1322	6	19	200	4840	2061
1323	15	0	200	4845	160
1324	6	19	180	4850	92
1325	19	8	180	4855	1755
1326	15	0	200	4860	335
1327	5	13	100	4865	5186
1328	6	19	100	4870	329
1329	4	7	200	4875	1045
1330	15	0	200	4880	297
1331	5	13	100	4885	76
1332	5	13	180	4890	1591
1333	15	0	120	4895	2645
1334	15	0	100	4900	1130
1335	0	18	180	4905	90
1336	19	8	200	4910	1492
1337	4	7	120	4915	1258
1338	0	18	120	4920	1228
1339	5	13	200	4925	1103
1340	19	8	200	4950	6346
1341	15	0	200	4954	649
1342	5	13	180	4958	846
1343	5	13	120	4962	348
1344	3	16	100	4966	209
1345	4	7	200	4970	1956
1346	4	7	120	4974	452
1347	19	8	120	4978	1780
1348	5	13	120	4982	959
1349	15	0	100	4986	2059
1350	19	8	200	4990	1427
1351	15	0	200	4994	1828
1352	6	19	180	4998	122
1353	0	18	100	5002	1527
1354	1	11	100	5006	1890
1355	4	7	200	5010	1486
1356	3	16	100	5014	4453
1357	0	18	120	5018	7646
1358	5	13	180	5022	5681
1359	6	19	200	5026	380
1360	19	8	100	5030	216
1361	15	0	120	5034	446
1362	0	18	180	5038	1234
1363	1	11	180	5042	3075
1364	4	7	100	5046	2944
1365	6	19	180	5050	1803
1366	6	19	120	5054	485
1367	6	19	120	5058	707
1368	5	13	200	5062	3607
1369	1	11	120	5066	3578
1370	1	11	100	5070	1403
1371	5	13	200	5074	606
1372	3	16	200	5100	3028
1373	0	18	200	5103	580
1374	6	19	180	5106	602
1375	0	18	200	5109	454
1376	1	11	180	5112	1643
1377	0	18	180	5115	1164
1378	4	7	200	5118	5314
1379	1	11	180	5121	603
1380	4	7	100	5124	841
1381	19	8	180	5127	1056
1382	0	18	200	5130	1027
1383	19	8	100	5133	898
1384	4	7	100	5136	3286
1385	19	8	100	5139	967
1386	15	0	180	5142	5316
1387	4	7	180	5145	22
1388	5	13	100	5148	178
1389	4	7	100	5151	3462
1390	6	19	120	5154	174
1391	15	0	120	5157	1517
1392	15	0	200	5160	1339
1393	3	16	180	5163	611
1394	6	19	180	5166	732
1395	1	11	180	5169	1953
1396	15	0	100	5172	2343
1397	3	16	100	5175	1231
1398	1	11	100	5178	640
1399	6	19	120	5181	845
1400	15	0	180	5184	903
1401	15	0	100	5187	3233
1402	3	16	120	5190	2307
1403	3	16	100	5193	1246
1404	6	19	200	5196	224
1405	4	7	200	5199	495
1406	4	7	200	5202	2723
1407	6	19	200	5205	2126
1408	4	7	120	5208	552
1409	1	11	120	5211	910
1410	3	16	100	5214	4949
1411	3	16	120	5217	788
1412	5	13	120	5220	34
1413	4	7	100	5223	1558
1414	3	16	180	5226	2374
1415	19	8	180	5229	1487
1416	15	0	180	5232	2148
1417	0	18	180	5235	175
1418	6	19	120	5238	6119
1419	4	7	100	5250	727
1420	19	8	100	5253	1955
1421	1	11	180	5256	454
1422	0	18	120	5259	459
1423	1	11	200	5262	13
1424	4	7	200	5265	2401
1425	3	16	180	5268	5327
1426	6	19	100	5271	2031
1427	19	8	100	5274	1139
1428	3	16	120	5277	4085
1429	5	13	100	5280	1383
1430	1	11	180	5283	955
1431	15	0	180	5286	167
1432	19	8	180	5289	320
1433	15	0	120	5292	1165
1434	3	16	100	5295	3164
1435	6	19	100	5298	1182
1436	5	13	120	5301	1910
1437	6	19	180	5304	4023
1438	3	16	100	5307	559
1439	0	18	120	5310	1400
1440	4	7	100	5313	1524
1441	1	11	200	5316	359
1442	0	18	120	5319	1841
1443	4	7	200	5322	1605
1444	0	18	100	5325	4157
1445	4	7	200	5328	1810
1446	3	16	200	5331	1426
1447	4	7	180	5334	4331
1448	0	18	100	5337	1165
1449	6	19	200	5340	2123
1450	4	7	100	5343	5109
1451	6	19	180	5346	1709
1452	6	19	180	5349	1290
1453	6	19	200	5352	4962
1454	6	19	120	5355	1817
1455	6	19	200	5358	318
1456	6	19	200	5361	1452
1457	1	11	180	5364	2244
1458	15	0	120	5367	2179
1459	3	16	120	5400	275
1460	6	19	180	5404	1162
1461	5	13	180	5408	545
1462	3	16	180	5412	2601
1463	19	8	100	5416	1834
1464	19	8	180	5420	6173
1465	5	13	180	5424	2921
1466	3	16	200	5428	366
1467	6	19	100	5432	987
1468	0	18	100	5436	2188
1469	6	19	180	5440	430
1470	4	7	120	5444	3592
1471	0	18	200	5448	2654
1472	15	0	120	5452	2405
1473	6	19	100	5456	707
1474	0	18	100	5460	2056
1475	15	0	120	5464	1085
1476	1	11	120	5468	1211
1477	6	19	120	5472	1400
1478	0	18	180	5476	111
1479	0	18	200	5480	153
1480	0	18	180	5484	664
1481	3	16	120	5488	2396
1482	19	8	100	5492	7249
1483	6	19	120	5496	292
1484	1	11	100	5500	1514
1485	5	13	100	5504	2350
1486	1	11	200	5508	1128
1487	1	11	180	5512	389
1488	0	18	100	5516	2730
1489	6	19	120	5520	1744
1490	19	8	100	5524	3887
1491	4	7	180	5528	4330
1492	19	8	120	5532	271
1493	0	18	200	5536	232
1494	3	16	180	5550	104
1495	19	8	120	5554	607
1496	15	0	100	5558	741
1497	0	18	100	5562	1
1498	4	7	100	5566	1678
1499	5	13	180	5570	125
1500	0	18	100	5574	992
1501	5	13	200	5578	210
1502	3	16	180	5582	291
1503	4	7	120	5586	515
1504	3	16	180	5590	2830
1505	3	16	100	5594	221
1506	19	8	100	5598	3193
1507	19	8	180	5602	335
1508	6	19	200	5606	367
1509	19	8	100	5610	310
1510	4	7	120	5614	1519
1511	19	8	120	5618	20
1512	1	11	200	5622	1827
1513	15	0	120	5626	1657
1514	1	11	180	5630	2490
1515	3	16	120	5634	2030
1516	5	13	180	5638	562
1517	6	19	100	5642	1559
1518	15	0	100	5646	108
1519	4	7	180	5650	320
1520	3	16	200	5654	597
1521	1	11	120	5658	6635
1522	5	13	200	5662	1550
1523	3	16	200	5666	125
1524	6	19	180	5670	587
1525	0	18	180	5674	5010
1526	0	18	180	5678	1636
1527	15	0	180	5682	1596
1528	3	16	180	5686	553
1529	0	18	180	5690	799
1530	19	8	100	5694	200
1531	0	18	100	5700	1207
1532	3	16	100	5705	4062
1533	4	7	100	5710	7184
1534	19	8	200	5715	1425
1535	5	13	180	5720	385
1536	0	18	180	5725	1455
1537	4	7	200	5730	1811
1538	4	7	200	5735	597
1539	15	0	200	5740	1035
1540	5	13	200	5745	3615
1541	1	11	100	5750	596
1542	5	13	200	5755	17
1543	1	11	100	5760	1578
1544	1	11	200	5765	77
1545	19	8	200	5770	3640
1546	1	11	200	5775	411
1547	1	11	200	5780	1029
1548	15	0	100	5785	609
1549	0	18	120	5790	591
1550	3	16	200	5795	30
1551	0	18	100	5800	2040
1552	3	16	100	5805	4017
1553	19	8	180	5810	983
1554	1	11	180	5815	2089
1555	19	8	180	5820	1028
1556	19	8	200	5825	1000
1557	0	18	200	5830	152
1558	6	19	200	5835	5104
1559	1	11	200	5840	3229
1560	3	16	180	5850	960
1561	1	11	180	5854	384
1562	5	13	100	5858	3339
1563	5	13	100	5862	2444
1564	0	18	200	5866	96
1565	4	7	120	5870	131
1566	6	19	100	5874	125
1567	6	19	200	5878	1870
1568	15	0	180	5882	85
1569	6	19	200	5886	1312
1570	3	16	180	5890	192
1571	1	11	180	5894	1419
1572	3	16	120	5898	573
1573	0	18	120	5902	1271
1574	15	0	180	5906	497
1575	1	11	180	5910	0
1576	6	19	180	5914	5624
1577	4	7	200	5918	7572
1578	0	18	200	5922	44
1579	6	19	200	5926	797
1580	15	0	200	5930	1934
1581	19	8	180	5934	275
1582	19	8	180	5938	581
1583	3	16	100	5942	6083
1584	15	0	200	5946	748
1585	19	8	100	5950	721
1586	15	0	100	5954	1457
1587	3	16	120	5958	903
1588	1	11	120	5962	411
1589	19	8	100	5966	186
1590	5	13	200	5970	2020
1591	19	8	200	6000	1114
1592	6	19	100	6004	1988
1593	1	11	200	6008	882
1594	5	13	100	6012	38
1595	4	7	120	6016	1729
1596	5	13	200	6020	859
1597	19	8	180	6024	348
1598	0	18	100	6028	1333
1599	15	0	120	6032	5099
1600	3	16	180	6036	2673
1601	4	7	100	6040	1124
1602	3	16	120	6044	872
1603	1	11	100	6048	2083
1604	6	19	180	6052	344
1605	1	11	120	6056	787
1606	15	0	180	6060	831
1607	3	16	200	6064	669
1608	1	11	100	6068	332
1609	0	18	200	6072	2087
1610	3	16	100	6076	1099
1611	4	7	200	6080	1019
1612	19	8	200	6084	104
1613	0	18	100	6088	1211
1614	4	7	100	6092	260
1615	3	16	100	6096	546
1616	1	11	100	6100	3528
1617	3	16	200	6104	3601
1618	15	0	120	6108	793
1619	1	11	200	6112	1710
1620	5	13	120	6116	930
1621	4	7	180	6120	1482
1622	5	13	120	6124	959
1623	15	0	120	6128	4180
1624	0	18	100	6132	2779
1625	3	16	200	6136	1360
1626	4	7	180	6140	3149
1627	0	18	120	6150	3096
1628	5	13	100	6153	1184
1629	4	7	120	6156	1367
1630	5	13	200	6159	1245
1631	6	19	100	6162	2197
1632	3	16	200	6165	778
1633	3	16	180	6168	97
1634	4	7	100	6171	1304
1635	3	16	180	6174	329
1636	5	13	120	6177	1944
1637	15	0	120	6180	1267
1638	6	19	180	6183	2253
1639	6	19	120	6186	6273
1640	0	18	120	6189	4685
1641	5	13	100	6192	455
1642	1	11	120	6195	438
1643	0	18	180	6198	1006
1644	6	19	100	6201	1365
1645	0	18	200	6204	425
1646	0	18	200	6207	916
1647	6	19	100	6210	297
1648	15	0	200	6213	504
1649	1	11	100	6216	1910
1650	1	11	120	6219	2266
1651	3	16	100	6222	1122
1652	1	11	100	6225	2388
1653	19	8	100	6228	3587
1654	1	11	100	6231	1052
1655	15	0	200	6234	342
1656	19	8	200	6237	84
1657	4	7	200	6240	1047
1658	0	18	100	6243	3569
1659	3	16	200	6246	1408
1660	6	19	180	6249	1135
1661	6	19	100	6252	1206
1662	15	0	180	6255	2522
1663	6	19	200	6258	1377
1664	5	13	100	6261	310
1665	6	19	100	6264	2083
1666	1	11	100	6267	138
1667	6	19	120	6270	6
1668	5	13	200	6300	5442
1669	0	18	120	6306	4913
1670	6	19	200	6312	1297
1671	4	7	180	6318	610
1672	6	19	120	6324	212
1673	0	18	200	6330	833
1674	0	18	120	6336	1932
1675	0	18	100	6342	335
1676	3	16	120	6348	703
1677	4	7	200	6354	6173
1678	1	11	120	6360	625
1679	0	18	120	6366	1360
1680	3	16	100	6372	224
1681	15	0	180	6378	1792
1682	3	16	180	6384	1329
1683	3	16	100	6390	2620
1684	1	11	100	6396	2561
1685	3	16	180	6402	57
1686	4	7	200	6408	5386
1687	4	7	180	6414	1028
1688	0	18	120	6420	1226
1689	5	13	120	6426	709
1690	4	7	200	6432	229
1691	1	11	120	6438	379
1692	6	19	120	6444	1631
1693	3	16	180	6450	276
1694	19	8	200	6454	907
1695	3	16	120	6458	774
1696	6	19	180	6462	891
1697	4	7	180	6466	1586
1698	5	13	120	6470	538
1699	19	8	100	6474	2813
1700	19	8	200	6478	258
1701	4	7	120	6482	905
1702	1	11	100	6486	347
1703	6	19	180	6490	585
1704	4	7	100	6494	228
1705	6	19	180	6498	883
1706	6	19	180	6502	753
1707	0	18	100	6506	693
1708	19	8	200	6510	305
1709	0	18	100	6514	542
1710	5	13	180	6518	2656
1711	4	7	100	6522	110
1712	1	11	180	6526	264
1713	0	18	200	6530	558
1714	0	18	200	6534	952
1715	19	8	100	6538	2689
1716	4	7	180	6542	5023
1717	4	7	180	6546	6657
1718	5	13	180	6550	2285
1719	1	11	120	6554	243
1720	1	11	100	6558	2259
1721	15	0	120	6562	1345
1722	5	13	100	6566	884
1723	19	8	180	6570	1362
1724	5	13	120	6574	2572
1725	5	13	180	6578	658
1726	15	0	120	6582	1669
1727	3	16	180	6586	4965
1728	0	18	100	6590	5382
1729	15	0	100	6600	580
1730	4	7	120	6603	2095
1731	19	8	180	6606	1917
1732	15	0	120	6609	1719
1733	3	16	100	6612	1022
1734	0	18	120	6615	864
1735	15	0	180	6618	1736
1736	5	13	120	6621	1011
1737	5	13	100	6624	460
1738	19	8	200	6627	1730
1739	5	13	120	6630	701
1740	5	13	100	6633	1543
1741	4	7	200	6636	1382
1742	5	13	200	6639	560
1743	0	18	120	6642	441
1744	0	18	200	6645	1187
1745	19	8	200	6648	110
1746	19	8	180	6651	95
1747	6	19	120	6654	650
1748	1	11	200	6657	1798
1749	0	18	180	6660	1452
1750	15	0	200	6663	865
1751	3	16	200	6666	923
1752	15	0	200	6669	3066
1753	4	7	200	6672	246
1754	15	0	100	6675	106
1755	1	11	120	6678	1253
1756	19	8	120	6681	11
1757	1	11	180	6684	1412
1758	1	11	100	6687	1048
1759	15	0	180	6690	2313
1760	19	8	100	6693	2228
1761	3	16	100	6696	846
1762	19	8	200	6699	761
1763	0	18	200	6702	2985
1764	6	19	180	6705	1201
1765	6	19	200	6708	171
1766	6	19	180	6711	739
1767	19	8	120	6714	1652
1768	19	8	120	6717	3097
1769	3	16	100	6720	2299
1770	3	16	200	6723	629
1771	15	0	180	6726	1807
1772	5	13	200	6750	543
1773	0	18	120	6753	787
1774	5	13	120	6756	1061
1775	15	0	100	6759	290
1776	3	16	120	6762	493
1777	5	13	200	6765	317
1778	19	8	200	6768	76
1779	5	13	120	6771	2075
1780	6	19	200	6774	520
1781	1	11	200	6777	577
1782	1	11	180	6780	461
1783	0	18	180	6783	650
1784	19	8	100	6786	3209
1785	0	18	180	6789	519
1786	0	18	200	6792	2855
1787	4	7	120	6795	1133
1788	4	7	100	6798	831
1789	19	8	100	6801	3077
1790	19	8	120	6804	1701
1791	4	7	180	6807	3188
1792	4	7	200	6810	2149
1793	0	18	100	6813	3430
1794	6	19	100	6816	1374
1795	3	16	200	6819	356
1796	4	7	200	6822	342
1797	4	7	100	6825	893
1798	3	16	180	6828	1825
1799	3	16	200	6831	865
1800	3	16	120	6834	1716
1801	19	8	100	6837	751
1802	6	19	100	6840	977
1803	19	8	180	6843	3686
1804	6	19	180	6846	487
1805	0	18	120	6849	2010
1806	15	0	100	6852	254
1807	15	0	180	6855	930
1808	15	0	180	6858	1551
1809	19	8	200	6861	3344
1810	19	8	200	6864	505
1811	3	16	120	6867	2546
1812	3	16	200	6900	1232
1813	5	13	180	6902	2102
1814	0	18	200	6904	1017
1815	6	19	120	6906	908
1816	1	11	120	6908	272
1817	19	8	100	6910	70
1818	1	11	180	6912	5946
1819	5	13	100	6914	447
1820	6	19	100	6916	446
1821	1	11	100	6918	2936
1822	4	7	120	6920	415
1823	19	8	100	6922	2
1824	3	16	200	6924	167
1825	19	8	100	6926	930
1826	4	7	180	6928	4192
1827	4	7	200	6930	779
1828	4	7	100	6932	2477
1829	3	16	120	6934	526
1830	4	7	100	6936	5356
1831	15	0	120	6938	2671
1832	1	11	100	6940	1000
1833	6	19	200	6942	1417
1834	3	16	100	6944	105
1835	15	0	180	6946	3442
1836	4	7	200	6948	2755
1837	3	16	100	6950	647
1838	3	16	200	6952	115
1839	19	8	200	6954	233
1840	3	16	180	6956	220
1841	1	11	100	6958	738
1842	6	19	200	6960	3254
1843	5	13	120	6962	1142
1844	0	18	100	6964	1319
1845	5	13	200	6966	2965
1846	0	18	200	6968	579
1847	15	0	100	6970	11
1848	0	18	100	6972	780
1849	19	8	200	6974	236
1850	1	11	180	6976	69
1851	4	7	200	6978	258
1852	3	16	180	6980	945
1853	6	19	180	6982	885
1854	5	13	200	6984	299
1855	0	18	100	6986	2595
1856	4	7	200	6988	247
1857	6	19	200	6990	972
1858	5	13	200	6992	2479
1859	15	0	180	6994	2533
1860	5	13	180	6996	2409
1861	3	16	100	6998	2083
1862	4	7	180	7000	1591
1863	4	7	100	7002	643
1864	5	13	180	7004	3799
1865	0	18	180	7006	909
1866	0	18	120	7008	600
1867	6	19	200	7010	4463
1868	1	11	120	7050	1737
1869	3	16	100	7054	1350
1870	1	11	120	7058	1425
1871	19	8	120	7062	2535
1872	5	13	120	7066	5341
1873	1	11	180	7070	2720
1874	3	16	120	7074	193
1875	4	7	200	7078	3043
1876	5	13	120	7082	5422
1877	19	8	200	7086	1851
1878	19	8	200	7090	808
1879	15	0	200	7094	420
1880	15	0	120	7098	229
1881	5	13	120	7102	4014
1882	4	7	180	7106	11881
1883	4	7	100	7110	1628
1884	1	11	200	7114	432
1885	19	8	120	7118	2520
1886	5	13	200	7122	678
1887	5	13	180	7126	62
1888	0	18	100	7130	843
1889	3	16	100	7134	421
1890	3	16	200	7138	2063
1891	15	0	200	7142	678
1892	6	19	100	7146	1171
1893	5	13	120	7150	449
1894	3	16	100	7154	634
1895	19	8	120	7158	732
1896	15	0	180	7162	1992
1897	1	11	180	7166	1155
1898	19	8	200	7170	1422
1899	19	8	180	7174	209
1900	4	7	180	7178	1137
1901	4	7	200	7182	696
1902	6	19	180	7186	582
1903	6	19	100	7190	2508
1904	6	19	120	7200	1140
1905	1	11	100	7203	391
1906	19	8	180	7206	309
1907	0	18	200	7209	1494
1908	4	7	100	7212	588
1909	0	18	200	7215	562
1910	4	7	200	7218	2842
1911	5	13	100	7221	877
1912	6	19	200	7224	93
1913	15	0	100	7227	1246
1914	19	8	120	7230	1679
1915	19	8	100	7233	3039
1916	19	8	180	7236	2085
1917	19	8	120	7239	7140
1918	1	11	120	7242	154
1919	6	19	100	7245	169
1920	4	7	200	7248	142
1921	5	13	200	7251	511
1922	5	13	200	7254	1097
1923	19	8	120	7257	872
1924	19	8	120	7260	2808
1925	4	7	180	7263	431
1926	1	11	100	7266	479
1927	0	18	200	7269	1870
1928	19	8	120	7272	1016
1929	3	16	100	7275	1990
1930	6	19	120	7278	214
1931	3	16	180	7281	859
1932	19	8	100	7284	152
1933	19	8	120	7287	505
1934	3	16	100	7290	1871
1935	3	16	120	7293	2206
1936	19	8	200	7296	1410
1937	6	19	120	7299	311
1938	15	0	180	7302	208
1939	0	18	180	7305	32
1940	0	18	200	7308	1479
1941	5	13	200	7311	1981
1942	1	11	120	7314	1890
1943	19	8	120	7317	187
1944	15	0	120	7320	754
1945	15	0	200	7323	544
1946	0	18	200	7326	541
1947	15	0	100	7350	5715
1948	5	13	100	7353	1320
1949	3	16	100	7356	971
1950	0	18	180	7359	1513
1951	15	0	100	7362	2041
1952	0	18	120	7365	867
1953	3	16	180	7368	1056
1954	5	13	200	7371	60
1955	19	8	200	7374	416
1956	19	8	100	7377	2870
1957	6	19	120	7380	3186
1958	15	0	200	7383	5073
1959	1	11	200	7386	498
1960	19	8	100	7389	4689
1961	15	0	180	7392	963
1962	0	18	120	7395	223
1963	0	18	100	7398	1336
1964	4	7	120	7401	296
1965	1	11	100	7404	800
1966	5	13	100	7407	637
1967	6	19	180	7410	2233
1968	5	13	200	7413	2859
1969	5	13	200	7416	3504
1970	0	18	120	7419	448
1971	3	16	100	7422	1243
1972	1	11	200	7425	2966
1973	1	11	180	7428	119
1974	6	19	100	7431	980
1975	19	8	200	7434	664
1976	4	7	120	7437	1275
1977	6	19	120	7440	770
1978	1	11	100	7443	70
1979	1	11	120	7446	1170
1980	4	7	180	7449	4395
1981	4	7	100	7452	525
1982	5	13	200	7455	203
1983	5	13	120	7458	23
1984	3	16	180	7461	157
1985	19	8	100	7464	740
1986	3	16	120	7467	8757
1987	6	19	120	7470	1340
1988	4	7	120	7473	424
1989	4	7	120	7476	953
1990	4	7	120	7479	3748
1991	3	16	180	7482	1958
1992	19	8	180	7485	375
1993	5	13	180	7488	2815
1994	0	18	180	7491	100
1995	1	11	120	7494	248
1996	4	7	180	7497	1354
1997	0	18	120	7500	202
1998	5	13	200	7504	4171
1999	6	19	100	7508	6003
2000	1	11	200	7512	4753
2001	3	16	120	7516	1128
2002	3	16	100	7520	202
2003	19	8	100	7524	1719
2004	3	16	180	7528	368
2005	6	19	120	7532	111
2006	6	19	120	7536	3205
2007	15	0	180	7540	674
2008	6	19	180	7544	39
2009	5	13	100	7548	1717
2010	5	13	120	7552	1661
2011	1	11	180	7556	898
2012	4	7	100	7560	2700
2013	5	13	120	7564	828
2014	6	19	100	7568	614
2015	5	13	200	7572	1620
2016	3	16	200	7576	639
2017	5	13	200	7580	196
2018	15	0	180	7584	1011
2019	4	7	120	7588	2337
2020	15	0	180	7592	808
2021	19	8	180	7596	2113
2022	1	11	100	7600	1126
2023	1	11	180	7604	719
2024	1	11	180	7608	6349
2025	15	0	200	7612	1131
2026	4	7	180	7616	628
2027	5	13	100	7620	22
2028	1	11	100	7624	17
2029	4	7	200	7650	593
2030	4	7	120	7653	2160
2031	3	16	100	7656	886
2032	1	11	180	7659	934
2033	5	13	200	7662	99
2034	19	8	180	7665	1315
2035	1	11	120	7668	811
2036	0	18	200	7671	277
2037	5	13	200	7674	882
2038	1	11	180	7677	2395
2039	6	19	100	7680	42
2040	3	16	180	7683	1063
2041	4	7	180	7686	1511
2042	0	18	180	7689	1248
2043	19	8	120	7692	1247
2044	15	0	200	7695	2419
2045	3	16	180	7698	943
2046	15	0	120	7701	3371
2047	3	16	120	7704	2392
2048	19	8	180	7707	1072
2049	4	7	180	7710	777
2050	19	8	180	7713	2459
2051	19	8	180	7716	956
2052	3	16	200	7719	1516
2053	0	18	180	7722	241
2054	15	0	180	7725	1249
2055	3	16	100	7728	339
2056	0	18	100	7731	1
2057	1	11	180	7734	2053
2058	15	0	120	7737	1789
2059	5	13	200	7740	1749
2060	1	11	200	7743	1961
2061	0	18	120	7746	3029
2062	6	19	180	7749	646
2063	1	11	180	7752	1799
2064	1	11	180	7755	3763
2065	1	11	100	7758	379
2066	0	18	200	7761	6530
2067	19	8	100	7764	2208
2068	5	13	200	7767	2752
2069	5	13	200	7770	3756
2070	5	13	100	7773	1014
2071	6	19	100	7800	3485
2072	3	16	100	7803	590
2073	1	11	120	7806	932
2074	1	11	180	7809	496
2075	3	16	200	7812	2281
2076	19	8	200	7815	316
2077	3	16	200	7818	4956
2078	3	16	180	7821	1301
2079	15	0	200	7824	1096
2080	19	8	120	7827	1512
2081	1	11	100	7830	1181
2082	6	19	120	7833	1051
2083	15	0	120	7836	1401
2084	5	13	120	7839	1104
2085	4	7	200	7842	517
2086	19	8	120	7845	2491
2087	0	18	200	7848	567
2088	6	19	120	7851	1036
2089	6	19	180	7854	720
2090	1	11	120	7857	809
2091	19	8	120	7860	826
2092	6	19	120	7863	2068
2093	6	19	200	7866	173
2094	4	7	100	7869	531
2095	1	11	100	7872	1534
2096	15	0	100	7875	502
2097	15	0	200	7878	3018
2098	6	19	180	7881	1557
2099	6	19	180	7884	1291
2100	1	11	180	7887	980
2101	19	8	120	7890	198
2102	6	19	180	7893	4711
2103	3	16	200	7896	1346
2104	19	8	180	7899	3665
2105	1	11	180	7902	3512
2106	5	13	120	7905	236
2107	1	11	120	7908	285
2108	19	8	200	7911	3024
2109	5	13	180	7914	2296
2110	4	7	100	7917	18
2111	6	19	120	7920	57
2112	19	8	200	7923	271
2113	19	8	120	7926	294
2114	6	19	120	7929	82
2115	0	18	200	7932	305
2116	4	7	200	7935	677
2117	19	8	100	7938	2038
2118	6	19	120	7950	293
2119	6	19	200	7953	1479
2120	1	11	200	7956	800
2121	0	18	100	7959	1672
2122	1	11	200	7962	475
2123	19	8	120	7965	921
2124	4	7	120	7968	1042
2125	5	13	200	7971	105
2126	0	18	180	7974	250
2127	6	19	120	7977	365
2128	6	19	120	7980	269
2129	19	8	120	7983	1537
2130	4	7	200	7986	1030
2131	0	18	100	7989	587
2132	6	19	100	7992	572
2133	6	19	200	7995	4
2134	6	19	100	7998	59
2135	19	8	100	8001	1074
2136	4	7	180	8004	1331
2137	3	16	180	8007	3633
2138	15	0	200	8010	1776
2139	3	16	200	8013	1440
2140	19	8	180	8016	236
2141	15	0	100	8019	1519
2142	0	18	200	8022	892
2143	1	11	180	8025	1883
2144	3	16	120	8028	691
2145	4	7	100	8031	716
2146	0	18	120	8034	447
2147	6	19	100	8037	1265
2148	0	18	120	8040	85
2149	4	7	120	8043	181
2150	15	0	120	8046	486
2151	19	8	200	8049	1169
2152	0	18	180	8052	1749
2153	19	8	200	8055	28
2154	4	7	200	8058	268
2155	0	18	180	8061	2474
2156	15	0	120	8064	2865
2157	15	0	120	8067	1033
2158	19	8	120	8100	143
2159	3	16	180	8103	2798
2160	1	11	200	8106	2078
2161	19	8	200	8109	3977
2162	4	7	200	8112	13
2163	19	8	180	8115	383
2164	0	18	200	8118	506
2165	3	16	100	8121	1746
2166	19	8	100	8124	1910
2167	1	11	200	8127	266
2168	3	16	100	8130	225
2169	6	19	120	8133	1171
2170	5	13	100	8136	1359
2171	0	18	100	8139	902
2172	0	18	100	8142	75
2173	3	16	180	8145	1233
2174	15	0	120	8148	984
2175	4	7	180	8151	2248
2176	19	8	100	8154	379
2177	19	8	120	8157	1220
2178	5	13	200	8160	140
2179	19	8	120	8163	194
2180	5	13	120	8166	2489
2181	3	16	180	8169	1315
2182	5	13	200	8172	262
2183	3	16	100	8175	78
2184	1	11	100	8178	679
2185	4	7	200	8181	4664
2186	19	8	120	8184	1514
2187	6	19	100	8187	531
2188	3	16	100	8190	2741
2189	5	13	180	8193	393
2190	1	11	180	8196	1615
2191	6	19	120	8199	142
2192	4	7	120	8202	2570
2193	5	13	100	8205	2834
2194	1	11	200	8208	3029
2195	19	8	180	8211	365
2196	3	16	120	8214	1484
2197	0	18	120	8217	377
2198	0	18	180	8220	838
2199	0	18	120	8223	1717
2200	5	13	200	8226	1616
2201	15	0	120	8229	150
2202	4	7	200	8232	844
2203	4	7	100	8235	1081
2204	15	0	120	8250	1093
2205	6	19	100	8253	2612
2206	19	8	180	8256	1017
2207	15	0	200	8259	205
2208	1	11	180	8262	1156
2209	19	8	120	8265	734
2210	1	11	180	8268	1315
2211	15	0	100	8271	525
2212	1	11	120	8274	787
2213	0	18	200	8277	5267
2214	6	19	120	8280	54
2215	15	0	120	8283	272
2216	4	7	100	8286	2195
2217	1	11	180	8289	4746
2218	15	0	120	8292	2964
2219	6	19	200	8295	603
2220	3	16	180	8298	80
2221	1	11	100	8301	822
2222	19	8	200	8304	585
2223	15	0	180	8307	3593
2224	4	7	180	8310	3211
2225	19	8	180	8313	1056
2226	6	19	200	8316	1501
2227	4	7	100	8319	334
2228	0	18	180	8322	1772
2229	15	0	200	8325	462
2230	0	18	100	8328	240
2231	15	0	180	8331	1
2232	19	8	180	8334	205
2233	5	13	180	8337	785
2234	4	7	120	8340	929
2235	6	19	100	8343	1879
2236	19	8	200	8346	250
2237	1	11	180	8349	1562
2238	5	13	200	8352	1142
2239	4	7	100	8355	1163
2240	4	7	120	8358	932
2241	1	11	180	8361	1062
2242	5	13	180	8364	2144
2243	3	16	180	8367	902
2244	4	7	200	8370	1560
2245	4	7	180	8373	679
2246	4	7	100	8376	1719
2247	3	16	120	8379	2841
2248	15	0	200	8382	2518
2249	4	7	180	8385	1812
2250	5	13	120	8400	890
2251	1	11	180	8403	1664
2252	3	16	200	8406	672
2253	4	7	200	8409	153
2254	6	19	180	8412	1488
2255	3	16	200	8415	406
2256	19	8	120	8418	2218
2257	6	19	100	8421	1105
2258	0	18	180	8424	1496
2259	15	0	180	8427	18
2260	0	18	120	8430	320
2261	5	13	180	8433	518
2262	6	19	100	8436	855
2263	3	16	200	8439	477
2264	19	8	100	8442	409
2265	3	16	200	8445	1311
2266	15	0	180	8448	274
2267	5	13	200	8451	0
2268	6	19	180	8454	1064
2269	19	8	120	8457	580
2270	19	8	180	8460	18
2271	1	11	120	8463	194
2272	5	13	200	8466	828
2273	3	16	120	8469	582
2274	1	11	180	8472	3043
2275	0	18	100	8475	1180
2276	6	19	120	8478	1623
2277	5	13	120	8481	3074
2278	3	16	180	8484	456
2279	19	8	100	8487	1095
2280	5	13	180	8490	2600
2281	4	7	120	8493	2290
2282	5	13	100	8496	733
2283	6	19	100	8499	7220
2284	3	16	120	8502	2552
2285	15	0	180	8505	975
2286	5	13	200	8508	1532
2287	4	7	200	8511	47
2288	19	8	200	8514	2260
2289	0	18	180	8517	380
2290	15	0	180	8520	4276
2291	3	16	180	8523	1499
2292	1	11	100	8526	23
2293	6	19	100	8529	1104
2294	4	7	180	8550	639
2295	19	8	180	8555	280
2296	5	13	120	8560	113
2297	1	11	200	8565	1004
2298	4	7	180	8570	360
2299	0	18	100	8575	98
2300	5	13	200	8580	329
2301	15	0	100	8585	1716
2302	6	19	200	8590	626
2303	19	8	180	8595	1017
2304	5	13	100	8600	1751
2305	3	16	100	8605	591
2306	5	13	200	8610	423
2307	19	8	120	8615	60
2308	3	16	100	8620	388
2309	5	13	180	8625	132
2310	5	13	120	8630	1288
2311	3	16	100	8635	3468
2312	3	16	180	8640	450
2313	0	18	120	8645	180
2314	3	16	100	8650	313
2315	6	19	200	8655	790
2316	19	8	180	8660	3543
2317	19	8	100	8665	877
2318	0	18	120	8670	909
2319	0	18	180	8675	2144
2320	15	0	200	8680	4298
2321	4	7	200	8685	219
2322	6	19	100	8690	376
2323	5	13	200	8700	501
2324	1	11	180	8702	714
2325	6	19	200	8704	718
2326	0	18	100	8706	168
2327	19	8	180	8708	3506
2328	19	8	180	8710	5517
2329	1	11	200	8712	1796
2330	5	13	180	8714	958
2331	4	7	180	8716	284
2332	0	18	200	8718	1608
2333	1	11	120	8720	331
2334	4	7	100	8722	581
2335	6	19	120	8724	229
2336	6	19	180	8726	873
2337	6	19	180	8728	3370
2338	1	11	100	8730	541
2339	19	8	100	8732	1015
2340	1	11	200	8734	396
2341	5	13	120	8736	1376
2342	0	18	180	8738	2435
2343	3	16	100	8740	1775
2344	5	13	100	8742	1565
2345	5	13	180	8744	63
2346	19	8	200	8746	699
2347	0	18	200	8748	3493
2348	4	7	100	8750	605
2349	15	0	200	8752	4164
2350	19	8	100	8754	460
2351	5	13	120	8756	1490
2352	1	11	120	8758	51
2353	4	7	100	8760	904
2354	3	16	100	8762	192
2355	1	11	100	8764	94
2356	0	18	100	8766	922
2357	0	18	200	8768	88
2358	6	19	200	8770	180
2359	15	0	100	8772	553
2360	1	11	100	8774	372
2361	6	19	100	8776	628
2362	0	18	180	8778	100
2363	0	18	100	8780	1133
2364	19	8	100	8782	1422
2365	1	11	200	8784	774
2366	1	11	120	8786	417
2367	0	18	100	8788	94
2368	6	19	120	8790	2354
2369	6	19	180	8792	72
2370	19	8	120	8794	5159
2371	3	16	200	8796	17
2372	15	0	100	8798	226
2373	1	11	120	8800	4943
2374	15	0	180	8802	1127
2375	1	11	180	8850	628
2376	3	16	100	8854	607
2377	4	7	200	8858	1127
2378	0	18	200	8862	1516
2379	6	19	100	8866	617
2380	6	19	100	8870	11
2381	0	18	120	8874	341
2382	5	13	120	8878	1269
2383	0	18	200	8882	56
2384	3	16	200	8886	852
2385	0	18	120	8890	2771
2386	3	16	120	8894	225
2387	6	19	180	8898	344
2388	19	8	120	8902	121
2389	1	11	200	8906	451
2390	5	13	120	8910	1720
2391	6	19	180	8914	727
2392	19	8	180	8918	2275
2393	3	16	200	8922	7829
2394	6	19	100	8926	475
2395	5	13	180	8930	3306
2396	5	13	200	8934	1151
2397	19	8	120	8938	477
2398	3	16	100	8942	127
2399	4	7	120	8946	420
2400	3	16	100	8950	2399
2401	19	8	200	8954	560
2402	4	7	120	8958	175
2403	6	19	180	8962	504
2404	19	8	120	8966	5250
2405	5	13	100	8970	437
2406	15	0	120	8974	1009
2407	19	8	100	8978	109
2408	6	19	120	8982	3869
2409	1	11	180	9000	2258
2410	15	0	200	9004	1953
2411	6	19	120	9008	4007
2412	0	18	100	9012	819
2413	0	18	200	9016	2244
2414	1	11	100	9020	536
2415	1	11	180	9024	25
2416	1	11	200	9028	2212
2417	19	8	180	9032	41
2418	15	0	120	9036	152
2419	19	8	180	9040	2205
2420	15	0	120	9044	459
2421	5	13	180	9048	58
2422	1	11	200	9052	6095
2423	4	7	120	9056	1138
2424	0	18	120	9060	679
2425	3	16	200	9064	1314
2426	4	7	120	9068	393
2427	4	7	100	9072	235
2428	5	13	100	9076	1762
2429	3	16	100	9080	1527
2430	5	13	180	9084	2463
2431	3	16	200	9088	93
2432	1	11	180	9092	889
2433	6	19	120	9096	745
2434	3	16	200	9100	1163
2435	15	0	100	9104	1785
2436	5	13	200	9108	145
2437	15	0	200	9112	504
2438	1	11	120	9116	104
2439	6	19	180	9120	298
2440	3	16	200	9124	652
2441	3	16	120	9128	106
2442	0	18	120	9132	494
2443	6	19	180	9136	534
2444	4	7	100	9140	1138
2445	19	8	100	9144	2089
2446	6	19	120	9150	4954
2447	15	0	200	9153	7
2448	1	11	200	9156	1775
2449	4	7	120	9159	442
2450	3	16	200	9162	189
2451	6	19	100	9165	1065
2452	1	11	100	9168	290
2453	4	7	120	9171	558
2454	5	13	200	9174	5903
2455	15	0	180	9177	2139
2456	6	19	100	9180	598
2457	19	8	100	9183	1297
2458	6	19	120	9186	3805
2459	6	19	180	9189	732
2460	1	11	200	9192	33
2461	3	16	120	9195	633
2462	4	7	200	9198	715
2463	3	16	120	9201	503
2464	6	19	200	9204	5346
2465	4	7	100	9207	1652
2466	5	13	180	9210	991
2467	3	16	180	9213	44
2468	15	0	200	9216	404
2469	4	7	200	9219	1392
2470	6	19	200	9222	3863
2471	4	7	200	9225	996
2472	6	19	120	9228	4843
2473	0	18	180	9231	3716
2474	6	19	200	9234	810
2475	5	13	100	9237	325
2476	4	7	100	9240	2124
2477	4	7	100	9243	1723
2478	0	18	120	9246	0
2479	1	11	120	9249	1423
2480	6	19	120	9252	1452
2481	5	13	120	9255	384
2482	1	11	100	9258	900
2483	0	18	200	9261	858
2484	19	8	120	9264	1102
2485	19	8	180	9267	530
2486	1	11	200	9270	3237
2487	6	19	100	9273	219
2488	0	18	180	9276	794
2489	5	13	120	9300	2268
2490	0	18	100	9304	685
2491	5	13	200	9308	1081
2492	1	11	120	9312	680
2493	5	13	180	9316	1713
2494	4	7	200	9320	258
2495	19	8	180	9324	12
2496	15	0	120	9328	1753
2497	6	19	100	9332	8093
2498	0	18	180	9336	596
2499	19	8	200	9340	2993
2500	4	7	120	9344	467
2501	3	16	200	9348	4074
2502	0	18	100	9352	2193
2503	15	0	200	9356	139
2504	15	0	180	9360	603
2505	19	8	200	9364	1503
2506	19	8	200	9368	1191
2507	0	18	120	9372	451
2508	15	0	180	9376	3359
2509	0	18	180	9380	2307
2510	3	16	120	9384	3
2511	3	16	200	9388	1558
2512	19	8	180	9392	1296
2513	5	13	100	9396	552
2514	0	18	120	9400	2177
2515	6	19	120	9404	2384
2516	0	18	100	9408	3352
2517	4	7	100	9412	4312
2518	3	16	100	9416	2171
2519	15	0	120	9420	1679
2520	3	16	120	9424	2293
2521	15	0	120	9428	640
2522	3	16	100	9432	1443
2523	1	11	120	9436	915
2524	3	16	200	9450	407
2525	0	18	100	9453	791
2526	3	16	180	9456	192
2527	1	11	180	9459	491
2528	6	19	200	9462	2126
2529	6	19	100	9465	790
2530	6	19	200	9468	1057
2531	15	0	100	9471	2152
2532	4	7	120	9474	657
2533	1	11	120	9477	219
2534	15	0	200	9480	634
2535	4	7	120	9483	1740
2536	5	13	120	9486	918
2537	4	7	120	9489	674
2538	3	16	120	9492	165
2539	0	18	120	9495	3277
2540	19	8	200	9498	2079
2541	0	18	120	9501	1469
2542	19	8	180	9504	416
2543	0	18	200	9507	1475
2544	3	16	100	9510	2252
2545	15	0	100	9513	1912
2546	6	19	100	9516	4102
2547	5	13	120	9519	87
2548	5	13	120	9522	3701
2549	15	0	180	9525	674
2550	15	0	180	9528	183
2551	4	7	120	9531	2054
2552	4	7	100	9534	393
2553	3	16	120	9537	1593
2554	5	13	180	9540	126
2555	5	13	200	9543	3798
2556	19	8	180	9546	569
2557	15	0	180	9549	559
2558	4	7	100	9552	2855
2559	6	19	120	9555	3814
2560	5	13	120	9558	1076
2561	15	0	100	9561	469
2562	4	7	180	9564	1046
2563	0	18	180	9567	992
2564	4	7	200	9570	491
2565	5	13	100	9573	412
2566	15	0	180	9600	516
2567	15	0	100	9604	877
2568	6	19	100	9608	4950
2569	6	19	200	9612	123
2570	0	18	200	9616	619
2571	6	19	180	9620	1134
2572	0	18	200	9624	2740
2573	1	11	180	9628	3147
2574	15	0	120	9632	3860
2575	3	16	200	9636	258
2576	15	0	200	9640	166
2577	1	11	120	9644	7273
2578	19	8	120	9648	1707
2579	5	13	180	9652	1093
2580	4	7	200	9656	966
2581	6	19	100	9660	98
2582	6	19	120	9664	679
2583	15	0	120	9668	754
2584	15	0	120	9672	522
2585	1	11	120	9676	2140
2586	4	7	100	9680	1136
2587	1	11	100	9684	1808
2588	5	13	200	9688	84
2589	1	11	100	9692	828
2590	4	7	200	9696	694
2591	6	19	180	9700	237
2592	19	8	100	9704	1074
2593	5	13	200	9708	303
2594	5	13	100	9712	705
2595	1	11	180	9716	984
2596	6	19	180	9720	196
2597	19	8	200	9724	2131
2598	6	19	200	9728	637
2599	15	0	200	9732	1154
2600	19	8	180	9736	841
2601	15	0	200	9740	1016
2602	15	0	100	9750	147
2603	19	8	120	9753	2711
2604	6	19	180	9756	36
2605	1	11	100	9759	1316
2606	3	16	180	9762	3556
2607	1	11	120	9765	653
2608	4	7	200	9768	1967
2609	3	16	180	9771	3833
2610	15	0	100	9774	2537
2611	15	0	120	9777	586
2612	19	8	120	9780	1499
2613	19	8	180	9783	608
2614	3	16	180	9786	887
2615	19	8	100	9789	892
2616	1	11	200	9792	3521
2617	6	19	120	9795	169
2618	1	11	100	9798	315
2619	1	11	120	9801	1099
2620	0	18	100	9804	1852
2621	6	19	120	9807	1340
2622	1	11	120	9810	736
2623	5	13	100	9813	1160
2624	3	16	100	9816	1849
2625	4	7	100	9819	319
2626	6	19	120	9822	29
2627	5	13	200	9825	1601
2628	6	19	120	9828	1045
2629	5	13	200	9831	876
2630	6	19	120	9834	55
2631	19	8	200	9837	637
2632	5	13	120	9840	1556
2633	1	11	120	9843	231
2634	5	13	200	9846	138
2635	6	19	100	9849	6079
2636	15	0	200	9852	5264
2637	15	0	100	9855	1126
2638	0	18	180	9858	696
2639	6	19	120	9861	1856
2640	15	0	200	9864	2880
2641	3	16	180	9867	294
2642	6	19	100	9870	5246
2643	3	16	100	9873	213
2644	4	7	200	9876	1407
2645	6	19	180	9879	72
2646	15	0	120	9882	1083
2647	0	18	180	9885	293
2648	3	16	120	9900	2001
2649	5	13	200	9904	3922
2650	0	18	200	9908	1290
2651	0	18	120	9912	24
2652	6	19	200	9916	1262
2653	4	7	180	9920	2631
2654	6	19	180	9924	2637
2655	3	16	100	9928	2734
2656	5	13	120	9932	165
2657	3	16	100	9936	1214
2658	5	13	100	9940	204
2659	3	16	120	9944	2679
2660	4	7	180	9948	1248
2661	15	0	180	9952	432
2662	4	7	200	9956	2857
2663	19	8	100	9960	509
2664	6	19	120	9964	3262
2665	15	0	100	9968	950
2666	1	11	100	9972	1699
2667	15	0	200	9976	1007
2668	4	7	180	9980	421
2669	6	19	180	9984	934
2670	0	18	100	9988	976
2671	4	7	200	9992	707
2672	5	13	180	9996	1993
2673	5	13	200	10000	980
2674	3	16	120	10004	1645
2675	15	0	180	10008	1135
2676	19	8	100	10012	1455
2677	19	8	120	10016	441
2678	1	11	100	10020	3991
2679	6	19	120	10024	1624
2680	6	19	200	10028	1696
2681	6	19	200	10032	2762
2682	3	16	180	10036	3779
2683	0	18	120	10040	1284
2684	5	13	100	10044	3010
2685	6	19	200	10050	30
2686	1	11	100	10054	2252
2687	0	18	180	10058	2561
2688	4	7	200	10062	567
2689	1	11	180	10066	431
2690	0	18	180	10070	3157
2691	5	13	200	10074	804
2692	1	11	200	10078	768
2693	6	19	120	10082	1161
2694	1	11	200	10086	234
2695	0	18	120	10090	1385
2696	15	0	180	10094	594
2697	15	0	100	10098	1716
2698	6	19	200	10102	424
2699	5	13	200	10106	224
2700	4	7	180	10110	691
2701	19	8	120	10114	38
2702	6	19	200	10118	4048
2703	5	13	200	10122	477
2704	5	13	200	10126	892
2705	6	19	200	10130	336
2706	4	7	180	10134	494
2707	1	11	100	10138	140
2708	0	18	100	10142	263
2709	15	0	100	10146	527
2710	4	7	100	10150	367
2711	6	19	100	10154	2839
2712	1	11	200	10158	1470
2713	19	8	180	10162	941
2714	6	19	120	10166	253
2715	6	19	180	10170	1928
2716	5	13	200	10174	602
2717	3	16	120	10178	484
2718	4	7	200	10182	823
2719	19	8	120	10186	3017
2720	6	19	100	10190	1767
2721	0	18	120	10194	2939
2722	3	16	100	10200	286
2723	1	11	200	10204	8078
2724	5	13	200	10208	1321
2725	5	13	100	10212	97
2726	1	11	100	10216	5555
2727	15	0	120	10220	327
2728	3	16	200	10224	611
2729	3	16	100	10228	97
2730	0	18	100	10232	342
2731	1	11	100	10236	4210
2732	1	11	120	10240	13
2733	5	13	120	10244	2348
2734	1	11	200	10248	518
2735	6	19	120	10252	1582
2736	0	18	200	10256	3590
2737	6	19	200	10260	1560
2738	5	13	180	10264	203
2739	15	0	100	10268	1639
2740	1	11	120	10272	2017
2741	0	18	200	10276	1747
2742	19	8	180	10280	1608
2743	6	19	180	10284	27
2744	15	0	180	10288	49
2745	4	7	120	10292	43
2746	4	7	100	10296	2343
2747	1	11	100	10300	4091
2748	0	18	200	10304	726
2749	4	7	100	10308	820
2750	5	13	180	10312	475
2751	4	7	100	10316	78
2752	4	7	100	10320	449
2753	6	19	120	10324	717
2754	19	8	180	10328	888
2755	3	16	120	10350	1070
2756	6	19	120	10353	2859
2757	4	7	100	10356	4154
2758	19	8	200	10359	1742
2759	19	8	180	10362	729
2760	4	7	200	10365	382
2761	5	13	100	10368	132
2762	15	0	100	10371	2106
2763	15	0	100	10374	154
2764	15	0	100	10377	146
2765	1	11	200	10380	488
2766	4	7	180	10383	2754
2767	5	13	120	10386	2691
2768	15	0	200	10389	286
2769	0	18	100	10392	1049
2770	6	19	200	10395	2530
2771	15	0	200	10398	1729
2772	15	0	200	10401	242
2773	5	13	200	10404	2126
2774	15	0	200	10407	203
2775	5	13	100	10410	6
2776	0	18	180	10413	337
2777	6	19	120	10416	253
2778	3	16	120	10419	4943
2779	1	11	180	10422	1221
2780	1	11	100	10425	478
2781	0	18	100	10428	62
2782	15	0	180	10431	2512
2783	15	0	180	10434	3670
2784	15	0	120	10437	2350
2785	5	13	200	10440	248
2786	15	0	200	10443	1712
2787	5	13	100	10446	1486
2788	6	19	180	10449	632
2789	19	8	180	10452	2283
2790	19	8	100	10455	2417
2791	5	13	200	10458	5330
2792	15	0	100	10461	4817
2793	6	19	200	10464	2028
2794	4	7	120	10500	868
2795	5	13	120	10503	1597
2796	3	16	200	10506	4069
2797	1	11	120	10509	1232
2798	19	8	180	10512	3898
2799	5	13	180	10515	2108
2800	0	18	180	10518	312
2801	15	0	180	10521	4703
2802	4	7	100	10524	2143
2803	19	8	180	10527	3184
2804	15	0	120	10530	1398
2805	15	0	180	10533	1328
2806	6	19	100	10536	3482
2807	15	0	120	10539	1043
2808	19	8	120	10542	438
2809	4	7	180	10545	877
2810	1	11	180	10548	554
2811	19	8	200	10551	1785
2812	1	11	180	10554	5494
2813	15	0	100	10557	209
2814	6	19	180	10560	178
2815	3	16	200	10563	306
2816	15	0	120	10566	475
2817	19	8	180	10569	2758
2818	19	8	180	10572	548
2819	1	11	100	10575	4220
2820	4	7	100	10578	1363
2821	15	0	180	10581	356
2822	15	0	200	10584	1008
2823	15	0	100	10587	746
2824	0	18	100	10590	1821
2825	0	18	200	10593	2782
2826	0	18	200	10596	1934
2827	0	18	200	10599	785
2828	1	11	180	10602	574
2829	1	11	180	10605	956
2830	1	11	120	10608	109
2831	19	8	100	10611	1536
2832	6	19	200	10614	391
2833	6	19	180	10617	350
2834	1	11	200	10620	690
2835	4	7	120	10650	570
2836	6	19	200	10655	493
2837	19	8	200	10660	4039
2838	0	18	100	10665	550
2839	0	18	200	10670	341
2840	19	8	180	10675	433
2841	19	8	180	10680	296
2842	6	19	180	10685	706
2843	3	16	200	10690	3474
2844	6	19	100	10695	960
2845	19	8	100	10700	165
2846	4	7	100	10705	8730
2847	0	18	200	10710	2654
2848	19	8	120	10715	1487
2849	0	18	120	10720	441
2850	15	0	200	10725	725
2851	3	16	120	10730	145
2852	1	11	200	10735	439
2853	15	0	120	10740	6366
2854	1	11	180	10745	257
2855	1	11	200	10750	5621
2856	19	8	200	10755	943
2857	5	13	100	10760	688
2858	15	0	180	10765	292
2859	6	19	180	10770	2158
2860	6	19	200	10775	2981
2861	5	13	120	10780	1022
2862	6	19	180	10785	303
2863	6	19	200	10790	2283
2864	1	11	120	10800	698
2865	3	16	120	10803	1653
2866	3	16	100	10806	941
2867	4	7	100	10809	2179
2868	5	13	120	10812	2149
2869	3	16	100	10815	2384
2870	6	19	200	10818	3521
2871	19	8	120	10821	621
2872	19	8	120	10824	1145
2873	19	8	200	10827	162
2874	3	16	120	10830	1752
2875	5	13	120	10833	810
2876	1	11	100	10836	2714
2877	5	13	200	10839	1331
2878	1	11	100	10842	3775
2879	0	18	200	10845	1368
2880	6	19	200	10848	2811
2881	19	8	200	10851	3380
2882	1	11	180	10854	2263
2883	1	11	100	10857	98
2884	3	16	200	10860	138
2885	19	8	200	10863	5707
2886	6	19	120	10866	734
2887	19	8	120	10869	420
2888	5	13	200	10872	77
2889	0	18	200	10875	747
2890	4	7	180	10878	2840
2891	0	18	200	10881	3644
2892	0	18	100	10884	2109
2893	3	16	180	10887	1178
2894	3	16	200	10890	625
2895	3	16	120	10893	2120
2896	1	11	200	10896	8557
2897	19	8	200	10899	1351
2898	0	18	180	10902	1129
2899	3	16	180	10905	2452
2900	6	19	200	10908	1526
2901	19	8	100	10911	393
2902	4	7	180	10914	106
2903	6	19	100	10917	2683
2904	3	16	180	10920	647
2905	19	8	120	10923	67
2906	4	7	200	10950	1227
2907	3	16	100	10953	246
2908	5	13	200	10956	527
2909	6	19	100	10959	2022
2910	19	8	200	10962	226
2911	4	7	200	10965	3163
2912	4	7	200	10968	893
2913	15	0	200	10971	1296
2914	0	18	180	10974	3722
2915	15	0	200	10977	5165
2916	4	7	180	10980	1884
2917	5	13	120	10983	191
2918	4	7	200	10986	1775
2919	3	16	120	10989	752
2920	6	19	200	10992	494
2921	3	16	200	10995	376
2922	19	8	100	10998	1886
2923	5	13	120	11001	690
2924	19	8	120	11004	4394
2925	5	13	100	11007	7334
2926	15	0	120	11010	1316
2927	5	13	180	11013	6877
2928	6	19	200	11016	2151
2929	19	8	100	11019	4038
2930	3	16	120	11022	819
2931	3	16	120	11025	416
2932	4	7	120	11028	91
2933	15	0	120	11031	181
2934	4	7	100	11034	4826
2935	6	19	200	11037	1434
2936	5	13	120	11040	2629
2937	4	7	120	11043	4376
2938	15	0	180	11046	1871
2939	3	16	120	11049	66
2940	4	7	100	11052	814
2941	3	16	120	11055	403
2942	4	7	120	11058	4425
2943	19	8	200	11061	557
2944	0	18	100	11064	435
2945	19	8	200	11100	5305
2946	6	19	200	11104	932
2947	3	16	120	11108	290
2948	3	16	200	11112	1482
2949	5	13	100	11116	699
2950	15	0	180	11120	63
2951	6	19	180	11124	3143
2952	4	7	200	11128	3451
2953	15	0	100	11132	216
2954	6	19	200	11136	1114
2955	4	7	200	11140	808
2956	0	18	200	11144	1086
2957	19	8	100	11148	1802
2958	6	19	200	11152	3261
2959	15	0	180	11156	664
2960	0	18	100	11160	924
2961	15	0	100	11164	1262
2962	5	13	100	11168	740
2963	5	13	200	11172	679
2964	3	16	180	11176	577
2965	6	19	180	11180	3418
2966	19	8	180	11184	2567
2967	5	13	180	11188	611
2968	4	7	180	11192	1446
2969	3	16	200	11196	536
2970	1	11	120	11200	228
2971	19	8	120	11204	2199
2972	15	0	200	11208	783
2973	0	18	180	11212	1575
2974	15	0	120	11216	5570
2975	3	16	180	11220	69
2976	15	0	120	11224	480
2977	0	18	120	11250	779
2978	5	13	120	11256	186
2979	19	8	180	11262	5574
2980	15	0	100	11268	1131
2981	5	13	200	11274	786
2982	3	16	200	11280	674
2983	1	11	200	11286	739
2984	0	18	120	11292	3320
2985	6	19	200	11298	1176
2986	15	0	180	11304	629
2987	6	19	100	11310	3880
2988	1	11	180	11316	1336
2989	19	8	100	11322	1175
2990	6	19	200	11328	158
2991	6	19	100	11334	204
2992	6	19	180	11340	92
2993	0	18	100	11346	657
2994	1	11	120	11352	1314
2995	6	19	200	11358	2846
2996	6	19	120	11364	2806
2997	19	8	180	11370	1313
2998	5	13	100	11376	7018
2999	3	16	120	11382	656
