0	3	22	20	0	1068
1	20	16	20	5	40244
2	20	16	50	10	14586
3	17	5	20	15	23481
4	20	16	40	20	1230
5	0	28	20	25	40334
6	2	30	30	30	898
7	17	5	50	35	798
8	2	30	30	40	21866
9	17	5	40	45	920
10	0	28	30	50	6690
11	3	22	40	55	23051
12	8	23	50	60	3508
13	6	30	40	65	894
14	4	10	30	70	18853
15	4	10	30	75	33782
16	3	22	30	80	6254
17	3	22	50	85	749
18	4	10	30	90	3277
19	8	23	30	95	33141
20	17	5	50	100	1889
21	2	30	40	105	35201
22	2	30	40	110	8203
23	21	5	50	115	1864
24	8	23	50	120	4310
25	4	10	50	125	4975
26	17	5	30	130	17765
27	6	30	20	135	10225
28	4	10	20	140	24811
29	2	30	50	145	6515
30	4	10	20	150	28219
31	17	5	30	155	23072
32	1	13	30	160	1957
33	21	5	40	165	18573
34	2	30	40	170	36250
35	3	22	50	175	27759
36	8	23	30	180	9316
37	0	28	20	185	11278
38	4	10	30	190	17639
39	21	5	50	195	8487
40	21	5	50	200	14066
41	21	5	20	205	1899
42	17	5	20	210	1046
43	20	16	50	215	2892
44	6	30	40	220	33488
45	17	5	20	225	7456
46	8	23	20	230	4720
47	8	23	50	235	26771
48	21	5	50	240	8701
49	21	5	40	245	12208
50	21	5	40	250	6043
51	6	30	50	255	10045
52	8	23	40	260	2452
53	4	10	20	265	5236
54	17	5	30	270	5780
55	1	13	40	275	1787
56	21	5	30	280	7614
57	1	13	20	285	9840
58	1	13	20	290	9768
59	4	10	40	295	17027
60	2	30	50	300	2570
61	8	23	30	305	8284
62	4	10	50	310	2540
63	20	16	40	315	6523
64	4	10	40	320	2221
65	1	13	20	325	10228
66	1	13	20	330	14570
67	20	16	20	335	7533
68	3	22	20	340	1542
69	0	28	40	345	26610
70	21	5	20	350	6133
71	2	30	20	355	19129
72	20	16	40	360	4117
73	8	23	40	365	15799
74	17	5	40	370	3396
75	0	28	40	375	86495
76	4	10	30	380	23879
77	3	22	50	385	3959
78	2	30	20	390	2756
79	17	5	50	400	21911
80	17	5	50	405	171
81	1	13	30	410	25432
82	21	5	20	415	713
83	8	23	40	420	3215
84	6	30	20	425	282
85	17	5	20	430	4945
86	2	30	50	435	13264
87	21	5	30	440	19127
88	20	16	20	445	6230
89	1	13	50	450	20109
90	8	23	40	455	6771
91	4	10	20	460	47155
92	20	16	20	465	645
93	20	16	50	470	145
94	6	30	20	475	4525
95	0	28	40	480	2554
96	3	22	30	485	37368
97	20	16	30	490	13091
98	6	30	20	495	554
99	3	22	30	500	5450
100	8	23	50	505	17113
101	8	23	50	510	23510
102	3	22	50	515	17738
103	21	5	30	520	11757
104	20	16	30	525	3266
105	4	10	40	530	10958
106	8	23	30	535	3885
107	0	28	50	540	7237
108	8	23	40	545	1359
109	21	5	50	550	5795
110	8	23	20	555	3860
111	3	22	30	560	2510
112	20	16	50	565	5249
113	2	30	30	570	15190
114	8	23	40	575	16343
115	1	13	30	580	4504
116	20	16	20	585	6976
117	21	5	30	590	37422
118	3	22	40	595	6052
119	6	30	40	600	21355
120	20	16	30	605	28205
121	4	10	50	610	28395
122	0	28	20	615	758
123	2	30	20	620	4414
124	3	22	20	625	7391
125	3	22	20	630	6533
126	3	22	20	635	16376
127	20	16	50	640	3915
128	1	13	30	645	6490
129	21	5	50	650	676
130	21	5	30	655	535
131	6	30	50	660	2665
132	17	5	50	665	3228
133	17	5	50	670	22008
134	1	13	20	675	989
135	1	13	50	680	2023
136	21	5	30	685	1370
137	0	28	40	690	6811
138	21	5	20	695	68811
139	1	13	30	700	6630
140	2	30	40	705	757
141	1	13	50	710	2920
142	1	13	40	715	14045
143	1	13	30	720	266
144	4	10	40	725	9259
145	2	30	20	730	3331
146	6	30	20	735	11803
147	8	23	40	740	4884
148	2	30	20	745	3746
149	3	22	50	750	14
150	1	13	30	800	16676
151	6	30	50	804	102147
152	6	30	50	808	3743
153	20	16	40	812	2887
154	4	10	20	816	7402
155	2	30	50	820	23055
156	8	23	50	824	19181
157	1	13	50	828	7487
158	3	22	30	832	2160
159	8	23	30	836	20474
160	0	28	30	840	23109
161	8	23	40	844	75647
162	20	16	40	848	429
163	17	5	40	852	644
164	20	16	30	856	4974
165	1	13	30	860	947
166	6	30	40	864	36666
167	0	28	20	868	8660
168	1	13	20	872	12220
169	6	30	50	876	10661
170	3	22	50	880	2752
171	17	5	40	884	93
172	0	28	20	888	38333
173	2	30	20	892	42743
174	2	30	50	896	17644
175	21	5	30	900	14003
176	3	22	20	904	2926
177	17	5	40	908	480
178	21	5	40	912	17638
179	1	13	50	916	2942
180	21	5	50	920	18946
181	21	5	30	924	6334
182	8	23	40	928	123
183	21	5	40	932	6465
184	6	30	30	936	4347
185	2	30	30	940	538
186	20	16	20	944	32115
187	17	5	20	948	267
188	3	22	40	952	5733
189	20	16	20	956	3067
190	4	10	20	960	5305
191	8	23	40	964	12386
192	8	23	30	968	3750
193	1	13	40	972	2356
194	0	28	20	976	10134
195	6	30	20	980	780
196	2	30	30	984	2393
197	2	30	20	988	12174
198	2	30	50	992	13770
199	2	30	30	996	7434
200	21	5	30	1000	4102
201	6	30	50	1004	1424
202	6	30	40	1008	14271
203	21	5	30	1012	13654
204	0	28	50	1016	19090
205	2	30	50	1020	16310
206	6	30	50	1024	499
207	2	30	40	1028	4218
208	8	23	40	1032	7037
209	21	5	50	1036	17724
210	17	5	50	1040	12166
211	21	5	20	1044	17051
212	3	22	20	1048	14215
213	2	30	30	1052	35314
214	17	5	40	1056	299
215	3	22	20	1060	7045
216	20	16	50	1064	53027
217	2	30	50	1068	11567
218	2	30	30	1072	16559
219	21	5	50	1076	4202
220	1	13	20	1080	1876
221	8	23	30	1084	32061
222	8	23	40	1088	1729
223	1	13	50	1092	6397
224	0	28	50	1096	3157
225	8	23	20	1100	9885
226	2	30	20	1104	16133
227	20	16	30	1108	18207
228	2	30	20	1112	6157
229	8	23	40	1116	14738
230	4	10	50	1120	8507
231	0	28	20	1124	10380
232	8	23	50	1128	5293
233	6	30	20	1132	4422
234	4	10	40	1136	31557
235	2	30	50	1140	13742
236	1	13	50	1144	15046
237	20	16	30	1148	4818
238	8	23	50	1152	11619
239	3	22	40	1156	9873
240	8	23	40	1160	37
241	21	5	40	1164	12087
242	1	13	30	1168	10362
243	8	23	50	1172	11243
244	0	28	30	1176	10652
245	21	5	50	1180	10960
246	3	22	30	1184	35861
247	3	22	20	1200	4647
248	2	30	20	1204	2002
249	8	23	50	1208	1618
250	8	23	30	1212	935
251	0	28	30	1216	9912
252	0	28	50	1220	26383
253	4	10	50	1224	5875
254	0	28	20	1228	4576
255	0	28	50	1232	5330
256	17	5	30	1236	45655
257	3	22	40	1240	3981
258	21	5	40	1244	7133
259	3	22	40	1248	3214
260	0	28	50	1252	45
261	8	23	30	1256	3614
262	0	28	30	1260	27048
263	20	16	20	1264	16005
264	3	22	50	1268	3675
265	17	5	40	1272	719
266	1	13	30	1276	6166
267	21	5	20	1280	5850
268	17	5	50	1284	234
269	6	30	40	1288	5037
270	1	13	30	1292	15688
271	0	28	30	1296	12848
272	6	30	20	1300	76850
273	20	16	40	1304	2493
274	0	28	30	1308	4150
275	4	10	40	1312	8558
276	6	30	50	1316	5216
277	0	28	50	1320	8959
278	0	28	40	1324	20902
279	3	22	50	1328	12012
280	3	22	40	1332	11348
281	17	5	20	1336	6499
282	8	23	20	1340	11835
283	6	30	20	1344	3862
284	0	28	30	1348	12001
285	4	10	40	1352	34940
286	0	28	30	1356	14051
287	1	13	50	1360	41902
288	4	10	20	1364	56765
289	3	22	40	1368	10106
290	4	10	40	1372	14613
291	21	5	20	1376	6793
292	1	13	50	1380	25701
293	2	30	20	1384	5838
294	2	30	50	1388	9769
295	0	28	30	1392	16304
296	8	23	20	1396	16154
297	2	30	30	1400	22127
298	3	22	50	1404	5065
299	2	30	40	1408	9065
300	6	30	30	1412	2632
301	6	30	30	1416	9954
302	6	30	30	1420	4309
303	21	5	40	1424	19982
304	6	30	40	1428	6064
305	6	30	50	1432	6490
306	4	10	30	1436	9957
307	0	28	20	1440	14505
308	3	22	40	1444	1194
309	6	30	40	1448	19747
310	6	30	50	1452	73
311	17	5	40	1456	7211
312	3	22	20	1460	7339
313	4	10	40	1464	20290
314	0	28	50	1468	11719
315	1	13	40	1472	10571
316	20	16	20	1476	12030
317	4	10	30	1480	11606
318	17	5	40	1484	1322
319	17	5	30	1488	4596
320	21	5	30	1492	5512
321	20	16	40	1496	6793
322	3	22	20	1500	6024
323	4	10	20	1504	7177
324	1	13	50	1508	12216
325	3	22	20	1512	4232
326	17	5	40	1516	17882
327	2	30	50	1520	11394
328	8	23	50	1524	11951
329	0	28	50	1528	9565
330	17	5	40	1532	17645
331	2	30	40	1536	8578
332	21	5	50	1540	2406
333	17	5	50	1544	4188
334	21	5	40	1548	6862
335	21	5	30	1552	588
336	3	22	50	1600	1485
337	17	5	40	1604	20326
338	0	28	30	1608	25290
339	4	10	40	1612	2895
340	20	16	20	1616	5770
341	20	16	20	1620	53578
342	21	5	20	1624	24934
343	20	16	40	1628	2441
344	17	5	40	1632	9936
345	8	23	20	1636	3490
346	4	10	20	1640	44142
347	21	5	30	1644	831
348	1	13	20	1648	17218
349	1	13	20	1652	42645
350	0	28	20	1656	1397
351	1	13	50	1660	1533
352	3	22	50	1664	16047
353	4	10	40	1668	317
354	4	10	20	1672	2119
355	6	30	50	1676	17363
356	2	30	30	1680	2221
357	0	28	20	1684	22894
358	8	23	40	1688	2267
359	1	13	40	1692	1258
360	8	23	30	1696	12363
361	1	13	30	1700	36140
362	4	10	20	1704	881
363	3	22	40	1708	9459
364	21	5	50	1712	451
365	2	30	30	1716	8207
366	0	28	40	1720	3776
367	6	30	20	1724	2134
368	8	23	20	1728	5738
369	2	30	40	1732	10284
370	17	5	50	1736	7598
371	0	28	40	1740	20370
372	4	10	50	1744	16228
373	4	10	20	1748	26485
374	20	16	20	1752	33076
375	17	5	20	1756	5732
376	1	13	30	1760	9783
377	4	10	40	1764	2838
378	6	30	40	1768	26167
379	4	10	50	1772	5858
380	20	16	50	1776	4671
381	1	13	30	1780	14762
382	1	13	50	1784	22864
383	6	30	50	1788	12919
384	20	16	40	1792	6945
385	8	23	50	1796	12606
386	20	16	50	1800	17808
387	3	22	30	1804	2028
388	3	22	50	1808	1708
389	2	30	40	1812	13333
390	6	30	50	1816	25325
391	3	22	40	1820	3692
392	2	30	50	1824	12395
393	17	5	50	1828	18111
394	21	5	30	1832	10163
395	21	5	50	1836	6765
396	6	30	20	1840	29967
397	4	10	40	1844	4795
398	1	13	40	1848	1909
399	8	23	20	1852	841
400	6	30	40	1856	48473
401	20	16	20	1860	20043
402	0	28	20	1864	13930
403	20	16	40	1868	2473
404	3	22	20	1872	8372
405	20	16	40	1876	4162
406	21	5	50	1880	5708
407	20	16	40	1884	22563
408	4	10	30	1888	1127
409	8	23	20	1892	18284
410	3	22	30	1896	2786
411	17	5	50	1900	38150
412	4	10	30	1904	40082
413	1	13	50	1908	18493
414	2	30	40	1912	18011
415	6	30	50	1916	32863
416	0	28	40	1920	1258
417	20	16	30	1924	6363
418	3	22	50	1928	1344
419	1	13	20	1932	5866
420	2	30	40	2000	15367
421	21	5	20	2005	1458
422	1	13	30	2010	368
423	4	10	30	2015	14826
424	8	23	40	2020	14318
425	4	10	20	2025	2741
426	17	5	40	2030	2276
427	8	23	50	2035	39381
428	8	23	50	2040	4605
429	2	30	30	2045	8451
430	3	22	20	2050	7441
431	21	5	50	2055	3106
432	2	30	50	2060	787
433	20	16	30	2065	20532
434	20	16	30	2070	6208
435	0	28	50	2075	8575
436	0	28	20	2080	254
437	1	13	30	2085	13121
438	1	13	40	2090	2049
439	20	16	20	2095	1898
440	20	16	50	2100	3804
441	0	28	20	2105	31215
442	17	5	20	2110	818
443	21	5	50	2115	5180
444	17	5	20	2120	7473
445	21	5	20	2125	30374
446	17	5	20	2130	4285
447	1	13	50	2135	23439
448	8	23	20	2140	22
449	2	30	30	2145	12124
450	8	23	20	2150	4830
451	6	30	40	2155	8465
452	0	28	40	2160	3035
453	0	28	40	2165	17147
454	3	22	40	2170	5087
455	21	5	30	2175	24293
456	21	5	50	2180	18257
457	8	23	50	2185	45505
458	2	30	50	2190	8069
459	17	5	20	2195	4245
460	1	13	50	2200	1537
461	1	13	50	2205	6456
462	2	30	50	2210	9028
463	2	30	50	2215	10528
464	2	30	50	2220	4627
465	8	23	40	2225	46464
466	6	30	50	2230	27029
467	6	30	20	2235	1883
468	1	13	40	2240	5774
469	2	30	50	2245	3718
470	4	10	50	2250	29490
471	17	5	30	2255	6842
472	21	5	50	2260	3525
473	4	10	50	2265	38513
474	1	13	20	2270	1466
475	2	30	40	2275	19093
476	17	5	20	2280	597
477	4	10	40	2285	13658
478	8	23	20	2290	3384
479	20	16	40	2295	17970
480	8	23	50	2300	28115
481	21	5	40	2305	4533
482	20	16	50	2310	38799
483	3	22	40	2315	13778
484	6	30	20	2320	2295
485	21	5	40	2325	37477
486	8	23	30	2330	55
487	1	13	30	2335	4333
488	6	30	50	2340	7703
489	2	30	50	2345	9213
490	2	30	20	2350	15669
491	4	10	30	2355	534
492	20	16	30	2360	2314
493	3	22	30	2400	23506
494	21	5	20	2405	317
495	17	5	50	2410	23219
496	21	5	20	2415	6071
497	8	23	20	2420	7888
498	4	10	50	2425	373
499	1	13	40	2430	7948
500	2	30	20	2435	310
501	3	22	20	2440	2021
502	20	16	30	2445	7760
503	3	22	30	2450	15955
504	21	5	30	2455	15343
505	21	5	50	2460	27251
506	17	5	40	2465	3477
507	8	23	40	2470	3675
508	17	5	30	2475	12442
509	0	28	20	2480	9562
510	17	5	20	2485	20536
511	2	30	30	2490	1290
512	20	16	40	2495	15787
513	3	22	20	2500	14988
514	1	13	20	2505	6011
515	4	10	30	2510	19656
516	1	13	20	2515	7295
517	20	16	30	2520	22445
518	8	23	50	2525	6331
519	6	30	30	2530	5430
520	0	28	30	2535	44076
521	3	22	30	2540	10751
522	20	16	30	2545	13358
523	20	16	40	2550	22448
524	20	16	50	2555	9250
525	0	28	40	2560	24558
526	20	16	50	2565	3600
527	4	10	30	2570	6042
528	8	23	50	2575	32534
529	3	22	30	2580	3603
530	6	30	30	2585	6114
531	1	13	20	2590	10037
532	20	16	40	2595	12563
533	6	30	40	2600	17194
534	8	23	30	2605	16670
535	3	22	50	2610	16582
536	21	5	30	2615	21870
537	6	30	40	2620	3060
538	6	30	20	2625	38997
539	21	5	30	2630	3897
540	20	16	50	2635	14625
541	20	16	40	2640	16198
542	2	30	20	2645	12863
543	4	10	50	2650	31000
544	3	22	40	2655	15129
545	20	16	40	2660	11835
546	4	10	50	2665	4484
547	8	23	20	2670	7443
548	1	13	30	2675	7504
549	3	22	50	2680	2988
550	8	23	50	2685	6130
551	21	5	40	2690	9612
552	20	16	20	2695	893
553	20	16	40	2700	13181
554	1	13	20	2705	8554
555	17	5	50	2710	6825
556	3	22	50	2715	7929
557	20	16	40	2720	11939
558	4	10	30	2725	2648
559	21	5	50	2730	22825
560	17	5	20	2735	12179
561	4	10	30	2740	23252
562	0	28	50	2745	4811
563	6	30	20	2750	5853
564	6	30	40	2755	1950
565	8	23	20	2760	3494
566	3	22	40	2765	7239
567	4	10	50	2770	42202
568	8	23	50	2800	39396
569	17	5	30	2804	12432
570	8	23	50	2808	41022
571	6	30	40	2812	3142
572	3	22	20	2816	25926
573	20	16	30	2820	1707
574	6	30	30	2824	12931
575	0	28	50	2828	3196
576	0	28	30	2832	32639
577	4	10	40	2836	16492
578	8	23	50	2840	1662
579	20	16	20	2844	28943
580	6	30	40	2848	9823
581	3	22	40	2852	19133
582	2	30	20	2856	32023
583	3	22	20	2860	14983
584	8	23	40	2864	23541
585	21	5	40	2868	22614
586	2	30	50	2872	8197
587	20	16	50	2876	48455
588	4	10	30	2880	3477
589	17	5	40	2884	4573
590	20	16	20	2888	3700
591	17	5	40	2892	2800
592	1	13	20	2896	329
593	17	5	30	2900	1404
594	20	16	30	2904	12251
595	6	30	30	2908	22642
596	20	16	40	2912	6340
597	21	5	20	2916	3803
598	20	16	20	2920	17869
599	8	23	40	2924	7482
600	8	23	20	2928	2294
601	20	16	50	2932	5014
602	20	16	30	2936	8310
603	3	22	50	2940	20564
604	8	23	50	2944	3503
605	1	13	20	2948	2230
606	4	10	40	2952	13173
607	0	28	50	2956	33591
608	3	22	20	2960	84
609	0	28	30	2964	3874
610	21	5	30	2968	8310
611	20	16	20	2972	16007
612	3	22	40	2976	8338
613	4	10	30	2980	4070
614	1	13	20	2984	4139
615	6	30	30	2988	22037
616	1	13	20	2992	31133
617	8	23	50	2996	11522
618	17	5	40	3000	8974
619	17	5	50	3004	4313
620	4	10	20	3008	17008
621	3	22	40	3012	7633
622	0	28	30	3016	15220
623	17	5	30	3020	12446
624	17	5	30	3024	5732
625	17	5	20	3028	17080
626	3	22	40	3032	2726
627	4	10	50	3036	17860
628	0	28	20	3040	8148
629	0	28	50	3044	19999
630	1	13	20	3048	20808
631	3	22	30	3052	13033
632	6	30	30	3056	43151
633	20	16	30	3060	13139
634	3	22	20	3064	15997
635	6	30	40	3068	2942
636	3	22	30	3072	4233
637	20	16	30	3076	1409
638	21	5	20	3080	7391
639	6	30	30	3084	14045
640	2	30	20	3088	2406
641	1	13	20	3092	9738
642	8	23	50	3096	44428
643	3	22	20	3100	44599
644	0	28	20	3104	20395
645	0	28	50	3108	9028
646	4	10	50	3112	14743
647	21	5	40	3116	16140
648	8	23	20	3120	20491
649	3	22	50	3124	19261
650	3	22	30	3128	30790
651	2	30	40	3132	18913
652	20	16	40	3136	16399
653	0	28	30	3140	7675
654	1	13	40	3144	14702
655	3	22	30	3148	14583
656	20	16	40	3152	11700
657	1	13	20	3156	23103
658	4	10	30	3160	6957
659	21	5	40	3164	8177
660	21	5	30	3168	40704
661	0	28	40	3200	26722
662	0	28	40	3204	7092
663	3	22	20	3208	2616
664	20	16	20	3212	7228
665	4	10	20	3216	21782
666	3	22	50	3220	17326
667	3	22	30	3224	21650
668	0	28	30	3228	9617
669	6	30	30	3232	926
670	1	13	50	3236	9405
671	2	30	50	3240	20213
672	20	16	50	3244	2053
673	3	22	20	3248	21756
674	6	30	40	3252	1537
675	3	22	20	3256	2705
676	21	5	50	3260	8205
677	21	5	30	3264	16305
678	21	5	20	3268	21143
679	21	5	40	3272	22848
680	4	10	30	3276	638
681	8	23	20	3280	7479
682	21	5	40	3284	37362
683	8	23	20	3288	14200
684	21	5	40	3292	26268
685	17	5	40	3296	367
686	3	22	40	3300	29932
687	4	10	50	3304	8319
688	17	5	50	3308	38369
689	0	28	40	3312	402
690	8	23	20	3316	10834
691	2	30	30	3320	7024
692	4	10	50	3324	13335
693	20	16	30	3328	40505
694	21	5	50	3332	15422
695	2	30	40	3336	4102
696	1	13	30	3340	1392
697	3	22	40	3344	18138
698	4	10	50	3348	8887
699	8	23	50	3352	46978
700	21	5	50	3356	17366
701	1	13	40	3360	24658
702	21	5	30	3364	2501
703	1	13	50	3368	16368
704	2	30	20	3372	3545
705	1	13	30	3376	1380
706	2	30	50	3380	12124
707	6	30	30	3384	28655
708	6	30	50	3388	5211
709	17	5	30	3392	8426
710	6	30	30	3396	2799
711	2	30	20	3400	25423
712	3	22	50	3404	314
713	21	5	50	3408	10668
714	3	22	30	3412	7007
715	1	13	30	3416	8379
716	2	30	20	3420	33094
717	3	22	30	3424	16756
718	8	23	30	3428	4416
719	0	28	40	3432	6584
720	0	28	30	3436	30270
721	17	5	50	3440	3677
722	6	30	40	3444	25075
723	20	16	40	3448	8766
724	17	5	20	3452	7840
725	20	16	40	3456	1267
726	21	5	20	3460	1860
727	0	28	30	3464	2550
728	6	30	30	3468	1444
729	2	30	20	3472	21310
730	1	13	40	3476	1161
731	4	10	30	3480	15100
732	2	30	40	3484	2978
733	1	13	20	3488	22625
734	0	28	40	3492	1082
735	3	22	40	3496	2380
736	20	16	40	3500	3870
737	8	23	50	3504	2846
738	4	10	20	3508	6914
739	6	30	30	3512	18130
740	6	30	40	3516	6015
741	17	5	30	3520	111
742	20	16	20	3524	1919
743	20	16	30	3528	7275
744	4	10	30	3532	20908
745	4	10	50	3536	15054
746	17	5	30	3540	6479
747	21	5	50	3544	1025
748	8	23	20	3548	8895
749	6	30	30	3600	2994
750	0	28	40	3605	5224
751	21	5	20	3610	5300
752	8	23	20	3615	7652
753	3	22	20	3620	1276
754	6	30	40	3625	746
755	17	5	20	3630	8338
756	6	30	50	3635	65206
757	21	5	40	3640	13295
758	2	30	40	3645	3689
759	3	22	30	3650	2028
760	3	22	20	3655	40261
761	2	30	40	3660	7052
762	0	28	20	3665	19001
763	2	30	50	3670	8847
764	8	23	50	3675	6377
765	1	13	20	3680	8131
766	20	16	40	3685	12945
767	1	13	40	3690	2346
768	8	23	30	3695	8382
769	20	16	40	3700	3651
770	2	30	40	3705	3087
771	6	30	20	3710	15509
772	20	16	30	3715	4532
773	0	28	20	3720	9025
774	4	10	50	3725	340
775	2	30	20	3730	28959
776	20	16	40	3735	1481
777	6	30	20	3740	6570
778	6	30	30	3745	14189
779	4	10	20	3750	17373
780	0	28	20	3755	13786
781	0	28	30	3760	764
782	3	22	20	3765	13231
783	20	16	50	3770	26773
784	2	30	30	3775	7793
785	4	10	40	3780	15944
786	21	5	20	3785	3362
787	20	16	30	3790	1519
788	8	23	40	3795	18609
789	2	30	30	3800	10565
790	21	5	40	3805	2444
791	2	30	20	3810	11173
792	3	22	20	3815	35139
793	1	13	40	3820	3982
794	1	13	20	3825	20196
795	3	22	20	3830	35912
796	21	5	30	3835	2897
797	21	5	30	3840	11808
798	2	30	30	3845	519
799	2	30	20	3850	4854
800	6	30	30	3855	676
801	8	23	50	3860	3286
802	0	28	30	3865	10387
803	8	23	30	3870	3631
804	3	22	40	3875	61340
805	4	10	30	3880	11853
806	21	5	40	3885	521
807	8	23	20	3890	34344
808	17	5	20	3895	908
809	2	30	30	3900	1947
810	17	5	30	3905	5828
811	20	16	50	3910	10240
812	1	13	30	3915	44909
813	17	5	30	3920	8311
814	2	30	30	3925	7676
815	3	22	50	3930	28046
816	20	16	30	3935	17975
817	0	28	30	3940	27891
818	20	16	30	3945	539
819	2	30	30	3950	13563
820	4	10	50	3955	3417
821	0	28	30	3960	9346
822	6	30	50	3965	5925
823	4	10	50	3970	29907
824	2	30	20	3975	975
825	0	28	40	4000	11642
826	2	30	20	4005	18108
827	17	5	40	4010	392
828	17	5	50	4015	15040
829	1	13	50	4020	976
830	4	10	40	4025	14286
831	2	30	30	4030	8077
832	2	30	50	4035	5721
833	2	30	20	4040	5369
834	17	5	50	4045	14858
835	3	22	20	4050	7031
836	20	16	50	4055	7904
837	8	23	50	4060	6268
838	8	23	20	4065	27466
839	17	5	20	4070	22769
840	8	23	50	4075	14157
841	0	28	20	4080	4306
842	0	28	20	4085	565
843	3	22	20	4090	12196
844	3	22	20	4095	2687
845	21	5	50	4100	11307
846	0	28	50	4105	11917
847	6	30	40	4110	7103
848	17	5	30	4115	19920
849	17	5	30	4120	29000
850	4	10	50	4125	2285
851	21	5	20	4130	4494
852	21	5	20	4135	10475
853	0	28	20	4140	5455
854	17	5	20	4145	1064
855	6	30	20	4150	8652
856	1	13	50	4155	22757
857	6	30	40	4160	13014
858	4	10	30	4165	2425
859	2	30	20	4170	5601
860	2	30	20	4175	22663
861	20	16	20	4180	125
862	21	5	20	4185	3111
863	21	5	30	4190	62961
864	17	5	40	4195	7259
865	8	23	20	4200	27025
866	8	23	50	4205	2599
867	20	16	20	4210	11470
868	20	16	40	4215	18708
869	20	16	20	4220	354
870	3	22	50	4225	6555
871	2	30	30	4230	5535
872	3	22	20	4235	42
873	1	13	20	4240	2586
874	6	30	40	4245	49921
875	3	22	50	4250	35085
876	20	16	20	4255	8199
877	2	30	40	4260	16712
878	1	13	50	4265	15130
879	4	10	20	4270	7569
880	0	28	50	4275	57069
881	8	23	40	4280	4843
882	20	16	20	4285	3016
883	20	16	40	4290	19536
884	21	5	20	4295	28212
885	21	5	40	4300	5805
886	4	10	20	4305	28584
887	2	30	40	4310	167
888	4	10	20	4315	3873
889	3	22	50	4320	2622
890	2	30	30	4325	10802
891	3	22	30	4330	20614
892	2	30	40	4335	3040
893	4	10	20	4340	8949
894	6	30	20	4345	16
895	8	23	40	4350	13759
896	3	22	20	4355	911
897	2	30	50	4360	631
898	6	30	30	4400	2443
899	8	23	50	4404	4380
900	0	28	50	4408	6443
901	1	13	40	4412	169
902	8	23	20	4416	12843
903	20	16	30	4420	18209
904	6	30	30	4424	8076
905	1	13	30	4428	19548
906	4	10	50	4432	4432
907	8	23	50	4436	5899
908	4	10	40	4440	5754
909	4	10	30	4444	1790
910	6	30	50	4448	226
911	17	5	20	4452	1241
912	4	10	40	4456	34878
913	20	16	20	4460	15071
914	2	30	20	4464	5767
915	6	30	40	4468	8722
916	20	16	50	4472	18619
917	21	5	40	4476	6634
918	0	28	30	4480	1131
919	1	13	20	4484	875
920	2	30	20	4488	52286
921	4	10	30	4492	2394
922	6	30	20	4496	4980
923	6	30	40	4500	10797
924	21	5	40	4504	6864
925	20	16	40	4508	11006
926	0	28	50	4512	1889
927	20	16	20	4516	7798
928	6	30	20	4520	2566
929	20	16	50	4524	4316
930	0	28	40	4528	24774
931	8	23	30	4532	7039
932	21	5	30	4536	10055
933	6	30	20	4540	6346
934	4	10	20	4544	645
935	20	16	20	4548	45449
936	0	28	40	4552	13488
937	0	28	50	4556	6991
938	4	10	20	4560	4519
939	6	30	40	4564	1275
940	2	30	50	4568	931
941	17	5	20	4572	8789
942	21	5	20	4576	12026
943	20	16	40	4580	1771
944	17	5	20	4584	2346
945	3	22	20	4588	8203
946	20	16	40	4592	24973
947	2	30	30	4596	8527
948	2	30	50	4600	1866
949	0	28	30	4604	7957
950	21	5	50	4608	26953
951	6	30	40	4612	12544
952	2	30	30	4616	39015
953	4	10	30	4620	1450
954	4	10	50	4624	4604
955	6	30	40	4628	3207
956	6	30	40	4632	13464
957	0	28	30	4636	790
958	1	13	40	4640	5079
959	6	30	50	4644	26430
960	1	13	40	4648	12882
961	6	30	50	4652	21331
962	0	28	50	4656	2615
963	6	30	40	4660	985
964	4	10	50	4664	3702
965	17	5	30	4668	10265
966	1	13	50	4672	9083
967	20	16	40	4676	9178
968	6	30	20	4680	13045
969	2	30	20	4684	6215
970	6	30	50	4688	22107
971	17	5	20	4692	5105
972	3	22	40	4696	1410
973	4	10	40	4700	54289
974	17	5	20	4704	65157
975	3	22	50	4708	7571
976	21	5	20	4712	9528
977	6	30	30	4716	2714
978	21	5	40	4720	6447
979	3	22	40	4724	33846
980	0	28	50	4728	15499
981	21	5	40	4732	12160
982	21	5	20	4736	4875
983	6	30	40	4740	14763
984	1	13	20	4744	6289
985	6	30	20	4748	3053
986	4	10	50	4752	7905
987	2	30	50	4756	7250
988	0	28	30	4760	1158
989	17	5	30	4764	20431
990	3	22	30	4800	4331
991	20	16	20	4805	11339
992	17	5	20	4810	1217
993	20	16	20	4815	6626
994	4	10	20	4820	7014
995	21	5	20	4825	3352
996	21	5	30	4830	4688
997	1	13	30	4835	9691
998	6	30	50	4840	24642
999	0	28	40	4845	11077
1000	1	13	30	4850	39993
1001	0	28	20	4855	4997
1002	21	5	30	4860	22437
1003	20	16	50	4865	16155
1004	4	10	30	4870	12367
1005	17	5	40	4875	9519
1006	2	30	20	4880	9254
1007	17	5	50	4885	42957
1008	6	30	20	4890	1510
1009	0	28	50	4895	22824
1010	17	5	40	4900	13923
1011	0	28	20	4905	7662
1012	3	22	40	4910	12531
1013	17	5	20	4915	6223
1014	4	10	50	4920	2154
1015	3	22	20	4925	256
1016	17	5	40	4930	8248
1017	6	30	20	4935	8033
1018	3	22	40	4940	13337
1019	20	16	40	4945	500
1020	4	10	40	4950	1163
1021	17	5	50	4955	966
1022	17	5	30	4960	7012
1023	21	5	40	4965	22373
1024	20	16	40	4970	1281
1025	6	30	40	4975	3140
1026	20	16	50	4980	3453
1027	3	22	30	4985	13921
1028	20	16	40	4990	9489
1029	0	28	20	4995	16725
1030	8	23	40	5000	1872
1031	6	30	40	5005	61128
1032	0	28	40	5010	4818
1033	8	23	20	5015	20117
1034	1	13	20	5020	44815
1035	0	28	50	5025	5824
1036	0	28	20	5030	18794
1037	21	5	30	5035	10818
1038	0	28	20	5040	801
1039	3	22	30	5045	23615
1040	3	22	20	5050	13943
1041	6	30	20	5055	8569
1042	8	23	40	5060	4899
1043	20	16	30	5065	3314
1044	20	16	50	5070	1687
1045	2	30	30	5075	21337
1046	8	23	30	5080	39636
1047	0	28	20	5085	14124
1048	4	10	30	5090	3613
1049	1	13	20	5095	6567
1050	20	16	30	5100	16476
1051	1	13	30	5105	21649
1052	21	5	50	5110	25765
1053	8	23	20	5115	21326
1054	8	23	20	5120	8567
1055	3	22	30	5125	26154
1056	1	13	50	5130	27401
1057	0	28	40	5135	9
1058	20	16	30	5140	12210
1059	20	16	50	5145	6391
1060	17	5	40	5150	4238
1061	17	5	40	5155	22846
1062	17	5	20	5160	6653
1063	6	30	20	5165	5476
1064	4	10	30	5170	14699
1065	3	22	50	5200	14160
1066	0	28	30	5204	1826
1067	8	23	40	5208	21628
1068	8	23	50	5212	6714
1069	4	10	20	5216	18156
1070	3	22	50	5220	3136
1071	0	28	20	5224	28000
1072	6	30	50	5228	6608
1073	0	28	20	5232	19970
1074	6	30	30	5236	5237
1075	17	5	30	5240	10468
1076	1	13	30	5244	16265
1077	17	5	50	5248	2696
1078	21	5	40	5252	15013
1079	8	23	20	5256	3780
1080	17	5	20	5260	3727
1081	20	16	40	5264	9804
1082	20	16	20	5268	6672
1083	17	5	30	5272	1603
1084	1	13	40	5276	62
1085	4	10	30	5280	4437
1086	21	5	40	5284	1407
1087	4	10	30	5288	8313
1088	0	28	50	5292	4325
1089	17	5	50	5296	1121
1090	17	5	50	5300	7997
1091	0	28	40	5304	18747
1092	17	5	20	5308	37355
1093	0	28	30	5312	12654
1094	6	30	40	5316	9924
1095	4	10	30	5320	21704
1096	21	5	50	5324	1063
1097	1	13	40	5328	41617
1098	6	30	20	5332	9190
1099	8	23	50	5336	6925
1100	2	30	50	5340	14048
1101	0	28	50	5344	1645
1102	4	10	30	5348	3666
1103	0	28	20	5352	7853
1104	21	5	30	5356	2550
1105	20	16	20	5360	22265
1106	8	23	30	5364	6371
1107	21	5	50	5368	903
1108	0	28	40	5372	7782
1109	21	5	40	5376	31620
1110	1	13	50	5380	1876
1111	2	30	20	5384	14322
1112	2	30	20	5388	4059
1113	2	30	20	5392	5512
1114	0	28	40	5396	1892
1115	20	16	50	5400	16133
1116	20	16	40	5404	6630
1117	20	16	50	5408	4289
1118	4	10	30	5412	5377
1119	20	16	20	5416	6072
1120	6	30	30	5420	10468
1121	6	30	50	5424	12305
1122	6	30	40	5428	9122
1123	21	5	50	5432	4974
1124	6	30	20	5436	4165
1125	3	22	30	5440	6950
1126	1	13	20	5444	35364
1127	4	10	30	5448	17730
1128	6	30	30	5452	3420
1129	1	13	20	5456	8746
1130	0	28	30	5460	8251
1131	0	28	40	5464	17811
1132	2	30	50	5468	13164
1133	1	13	40	5472	3864
1134	3	22	30	5476	10421
1135	17	5	30	5480	1794
1136	4	10	30	5484	4194
1137	20	16	50	5488	35078
1138	0	28	20	5492	32543
1139	1	13	40	5496	2114
1140	17	5	50	5500	27296
1141	0	28	50	5504	467
1142	3	22	50	5508	274
1143	3	22	30	5512	5627
1144	21	5	50	5516	34688
1145	6	30	50	5520	18707
1146	21	5	30	5524	8398
1147	6	30	20	5528	10618
1148	0	28	50	5532	8455
1149	6	30	40	5536	20803
1150	6	30	40	5540	6364
1151	21	5	20	5544	18401
1152	21	5	30	5548	11226
1153	8	23	50	5552	1781
1154	1	13	40	5556	23291
1155	8	23	50	5560	596
1156	4	10	20	5600	10866
1157	21	5	30	5604	30911
1158	4	10	50	5608	2484
1159	4	10	20	5612	16722
1160	21	5	20	5616	27173
1161	1	13	50	5620	12264
1162	2	30	30	5624	20883
1163	17	5	40	5628	38522
1164	8	23	30	5632	6767
1165	1	13	30	5636	5571
1166	20	16	20	5640	374
1167	1	13	30	5644	140
1168	20	16	40	5648	18609
1169	2	30	20	5652	84
1170	4	10	40	5656	7050
1171	0	28	50	5660	7806
1172	17	5	40	5664	5486
1173	2	30	50	5668	2671
1174	0	28	20	5672	8316
1175	6	30	30	5676	9419
1176	2	30	20	5680	11571
1177	2	30	30	5684	2064
1178	20	16	20	5688	6027
1179	20	16	30	5692	8404
1180	6	30	50	5696	33043
1181	8	23	50	5700	5360
1182	4	10	40	5704	3712
1183	20	16	40	5708	6632
1184	6	30	30	5712	1343
1185	3	22	20	5716	14980
1186	2	30	30	5720	2174
1187	8	23	50	5724	9013
1188	0	28	50	5728	6514
1189	8	23	30	5732	9109
1190	3	22	30	5736	9402
1191	21	5	20	5740	5565
1192	4	10	50	5744	17086
1193	8	23	20	5748	2407
1194	4	10	30	5752	3702
1195	21	5	20	5756	3565
1196	21	5	40	5760	2884
1197	4	10	20	5764	780
1198	8	23	50	5768	34446
1199	8	23	40	5772	10213
1200	6	30	40	5776	17071
1201	8	23	50	5780	8120
1202	8	23	30	5784	19272
1203	21	5	50	5788	8286
1204	0	28	20	5792	5718
1205	6	30	50	5796	32505
1206	17	5	40	5800	6480
1207	6	30	40	5804	6291
1208	6	30	40	5808	12194
1209	6	30	30	5812	4497
1210	4	10	40	5816	6739
1211	1	13	40	5820	6906
1212	21	5	30	5824	9035
1213	6	30	40	5828	13800
1214	20	16	20	5832	20280
1215	1	13	20	5836	9210
1216	21	5	30	5840	5622
1217	2	30	40	5844	6128
1218	2	30	30	5848	23067
1219	3	22	20	5852	15190
1220	17	5	20	5856	2763
1221	3	22	30	5860	8379
1222	0	28	40	5864	10779
1223	2	30	30	5868	3548
1224	17	5	40	5872	7479
1225	21	5	30	5876	912
1226	6	30	50	5880	15233
1227	2	30	30	5884	2457
1228	21	5	30	5888	32641
1229	3	22	20	5892	3339
1230	21	5	40	5896	4809
1231	21	5	20	5900	9737
1232	8	23	40	5904	2900
1233	2	30	30	5908	20698
1234	3	22	40	5912	16383
1235	20	16	50	5916	7056
1236	0	28	40	5920	9877
1237	8	23	40	5924	17501
1238	17	5	40	5928	559
1239	0	28	30	6000	2272
1240	4	10	30	6004	4208
1241	21	5	40	6008	17010
1242	1	13	20	6012	26498
1243	4	10	40	6016	1349
1244	1	13	40	6020	1293
1245	1	13	50	6024	1339
1246	20	16	40	6028	22146
1247	20	16	30	6032	946
1248	21	5	20	6036	5474
1249	3	22	20	6040	15695
1250	0	28	40	6044	25742
1251	6	30	20	6048	20167
1252	1	13	50	6052	2817
1253	2	30	40	6056	3063
1254	17	5	40	6060	5494
1255	2	30	30	6064	3554
1256	6	30	30	6068	27507
1257	3	22	20	6072	9405
1258	20	16	20	6076	425
1259	3	22	40	6080	4380
1260	20	16	20	6084	2895
1261	8	23	20	6088	3168
1262	21	5	20	6092	7706
1263	2	30	40	6096	6033
1264	17	5	40	6100	48433
1265	21	5	40	6104	24851
1266	6	30	20	6108	3025
1267	4	10	50	6112	14740
1268	1	13	50	6116	33503
1269	20	16	20	6120	5561
1270	1	13	40	6124	44210
1271	0	28	40	6128	11197
1272	4	10	20	6132	5249
1273	2	30	20	6136	13718
1274	20	16	40	6140	6582
1275	0	28	30	6144	7130
1276	1	13	30	6148	11375
1277	8	23	20	6152	7995
1278	0	28	40	6156	2003
1279	8	23	50	6160	5322
1280	21	5	50	6164	3154
1281	8	23	30	6168	12366
1282	6	30	30	6172	20501
1283	4	10	30	6176	2745
1284	2	30	30	6180	5354
1285	2	30	40	6184	8720
1286	6	30	30	6188	5105
1287	4	10	50	6192	54576
1288	4	10	50	6196	7271
1289	0	28	30	6200	8040
1290	3	22	30	6204	9466
1291	8	23	30	6208	213
1292	8	23	30	6212	15825
1293	4	10	50	6216	16151
1294	1	13	20	6220	38090
1295	17	5	30	6224	789
1296	0	28	30	6228	4005
1297	17	5	40	6232	8197
1298	6	30	50	6236	1588
1299	4	10	20	6240	3109
1300	8	23	50	6244	25719
1301	4	10	40	6248	1737
1302	21	5	30	6252	1770
1303	21	5	50	6256	64618
1304	2	30	30	6260	16865
1305	20	16	20	6264	3880
1306	1	13	50	6268	7380
1307	20	16	40	6272	9010
1308	3	22	50	6276	19501
1309	21	5	30	6280	30218
1310	0	28	50	6284	12390
1311	17	5	30	6288	6384
1312	3	22	40	6292	5922
1313	3	22	30	6296	13546
1314	8	23	50	6300	931
1315	2	30	50	6304	10160
1316	0	28	50	6308	6397
1317	2	30	50	6312	3766
1318	20	16	20	6316	429
1319	8	23	20	6320	7524
1320	2	30	30	6324	8994
1321	1	13	20	6328	3190
1322	0	28	20	6332	3497
1323	0	28	40	6336	7182
1324	8	23	40	6340	20933
1325	6	30	30	6344	37826
1326	3	22	20	6348	24870
1327	20	16	20	6400	11442
1328	1	13	50	6404	15405
1329	1	13	30	6408	5327
1330	0	28	50	6412	2152
1331	3	22	50	6416	1499
1332	1	13	20	6420	5399
1333	8	23	30	6424	31170
1334	20	16	20	6428	7743
1335	2	30	20	6432	1215
1336	17	5	50	6436	8463
1337	17	5	40	6440	20809
1338	2	30	50	6444	7168
1339	3	22	30	6448	1048
1340	1	13	40	6452	705
1341	6	30	40	6456	20478
1342	0	28	20	6460	2473
1343	8	23	40	6464	9189
1344	0	28	30	6468	22326
1345	4	10	20	6472	1713
1346	2	30	50	6476	11870
1347	3	22	20	6480	690
1348	17	5	50	6484	13123
1349	17	5	30	6488	5872
1350	21	5	40	6492	12613
1351	21	5	40	6496	174
1352	17	5	30	6500	7389
1353	17	5	40	6504	12881
1354	2	30	50	6508	14482
1355	6	30	40	6512	12573
1356	4	10	40	6516	25646
1357	21	5	50	6520	13929
1358	1	13	20	6524	2238
1359	21	5	20	6528	19164
1360	6	30	50	6532	6172
1361	1	13	50	6536	22353
1362	17	5	50	6540	19618
1363	1	13	30	6544	7056
1364	21	5	30	6548	16888
1365	21	5	20	6552	8969
1366	21	5	20	6556	618
1367	21	5	20	6560	7482
1368	3	22	20	6564	2694
1369	3	22	50	6568	46008
1370	3	22	50	6572	808
1371	2	30	20	6576	10692
1372	20	16	20	6580	20553
1373	8	23	40	6584	36317
1374	6	30	30	6588	6306
1375	8	23	40	6592	14808
1376	0	28	20	6596	579
1377	3	22	40	6600	15180
1378	0	28	20	6604	11175
1379	1	13	40	6608	14140
1380	2	30	30	6612	4789
1381	0	28	50	6616	20458
1382	0	28	30	6620	35862
1383	2	30	40	6624	4914
1384	3	22	50	6628	14774
1385	2	30	30	6632	1946
1386	4	10	30	6636	12865
1387	2	30	40	6640	14616
1388	3	22	40	6644	3053
1389	4	10	30	6648	21000
1390	17	5	40	6652	2894
1391	1	13	20	6656	20528
1392	21	5	30	6660	12711
1393	6	30	40	6664	12674
1394	21	5	40	6668	13730
1395	20	16	50	6672	2864
1396	21	5	40	6676	162
1397	20	16	40	6680	16243
1398	20	16	20	6684	18159
1399	2	30	20	6688	4592
1400	21	5	50	6692	1037
1401	4	10	40	6696	2151
1402	0	28	20	6700	23157
1403	6	30	20	6704	13924
1404	4	10	40	6708	4660
1405	6	30	30	6712	751
1406	17	5	30	6716	2599
1407	2	30	50	6720	8517
1408	3	22	30	6724	3442
1409	6	30	20	6728	57885
1410	4	10	40	6732	11059
1411	0	28	50	6800	2152
1412	8	23	50	6805	1011
1413	20	16	30	6810	7799
1414	4	10	40	6815	7582
1415	6	30	50	6820	10523
1416	1	13	40	6825	27058
1417	6	30	30	6830	7595
1418	17	5	40	6835	16006
1419	4	10	20	6840	11160
1420	3	22	50	6845	24363
1421	6	30	40	6850	5096
1422	3	22	30	6855	3282
1423	17	5	40	6860	5637
1424	6	30	30	6865	17330
1425	2	30	50	6870	3386
1426	6	30	50	6875	33080
1427	4	10	30	6880	2198
1428	20	16	50	6885	3776
1429	8	23	30	6890	2624
1430	20	16	50	6895	14265
1431	1	13	40	6900	4374
1432	4	10	40	6905	33360
1433	17	5	50	6910	4075
1434	4	10	50	6915	11280
1435	21	5	50	6920	2163
1436	0	28	50	6925	39685
1437	6	30	20	6930	3662
1438	17	5	20	6935	171
1439	17	5	40	6940	12508
1440	4	10	50	6945	37203
1441	1	13	40	6950	1942
1442	20	16	30	6955	7278
1443	17	5	40	6960	3178
1444	20	16	50	6965	3045
1445	21	5	40	6970	616
1446	6	30	30	6975	16093
1447	21	5	50	6980	2313
1448	1	13	50	6985	2437
1449	1	13	50	6990	1232
1450	17	5	30	6995	4578
1451	1	13	30	7000	9436
1452	0	28	50	7005	61
1453	4	10	50	7010	2298
1454	20	16	30	7015	7158
1455	2	30	20	7020	16017
1456	1	13	30	7025	31060
1457	1	13	30	7030	7846
1458	0	28	40	7035	30698
1459	2	30	40	7040	948
1460	20	16	30	7045	1591
1461	3	22	50	7050	333
1462	3	22	50	7055	3266
1463	8	23	50	7060	653
1464	8	23	20	7065	4221
1465	3	22	20	7070	4222
1466	6	30	20	7075	3078
1467	17	5	50	7080	18892
1468	6	30	40	7085	24350
1469	8	23	50	7090	4338
1470	6	30	50	7095	11628
1471	6	30	30	7100	11999
1472	21	5	30	7105	7279
1473	0	28	50	7110	1120
1474	0	28	30	7115	12615
1475	1	13	30	7120	15243
1476	6	30	30	7125	26626
1477	6	30	50	7130	79
1478	20	16	50	7135	1960
1479	21	5	40	7140	15020
1480	8	23	30	7145	8497
1481	21	5	50	7150	17183
1482	3	22	30	7155	49289
1483	21	5	20	7160	2270
1484	17	5	20	7165	25363
1485	21	5	40	7170	1963
1486	0	28	40	7175	4285
1487	20	16	40	7180	17307
1488	20	16	30	7185	21890
1489	1	13	40	7190	24724
1490	8	23	40	7195	3294
1491	17	5	40	7200	7926
1492	6	30	40	7204	4994
1493	6	30	30	7208	33408
1494	17	5	20	7212	8887
1495	0	28	50	7216	31503
1496	17	5	40	7220	29054
1497	2	30	40	7224	6165
1498	2	30	40	7228	33018
1499	8	23	50	7232	31485
1500	2	30	30	7236	20833
1501	8	23	30	7240	34933
1502	2	30	20	7244	4396
1503	4	10	20	7248	25485
1504	8	23	50	7252	7778
1505	2	30	20	7256	13866
1506	4	10	20	7260	1127
1507	0	28	20	7264	29719
1508	4	10	40	7268	8903
1509	21	5	20	7272	15714
1510	8	23	50	7276	22412
1511	8	23	30	7280	30055
1512	2	30	40	7284	4791
1513	3	22	50	7288	2806
1514	6	30	30	7292	10087
1515	2	30	40	7296	5412
1516	0	28	40	7300	537
1517	6	30	40	7304	817
1518	17	5	40	7308	2291
1519	17	5	40	7312	1888
1520	2	30	40	7316	67282
1521	8	23	40	7320	7453
1522	20	16	30	7324	37002
1523	3	22	20	7328	66161
1524	0	28	30	7332	784
1525	8	23	30	7336	1770
1526	0	28	50	7340	4137
1527	1	13	20	7344	8722
1528	1	13	40	7348	10015
1529	20	16	30	7352	15401
1530	2	30	40	7356	19806
1531	3	22	50	7360	8068
1532	3	22	30	7364	876
1533	2	30	20	7368	3031
1534	6	30	20	7372	26508
1535	0	28	20	7376	9902
1536	6	30	40	7380	7269
1537	17	5	30	7384	1306
1538	1	13	30	7388	14264
1539	8	23	20	7392	2589
1540	3	22	40	7396	758
1541	0	28	30	7400	5820
1542	4	10	20	7404	3289
1543	1	13	30	7408	1379
1544	6	30	40	7412	329
1545	0	28	20	7416	4660
1546	8	23	20	7420	2009
1547	2	30	40	7424	1697
1548	0	28	50	7428	5538
1549	8	23	40	7432	2094
1550	0	28	30	7436	25823
1551	3	22	20	7440	22396
1552	3	22	50	7444	3104
1553	3	22	50	7448	18757
1554	3	22	20	7452	32109
1555	6	30	50	7456	5376
1556	21	5	20	7460	57045
1557	17	5	20	7464	4466
1558	4	10	50	7468	20385
1559	20	16	30	7472	4983
1560	1	13	30	7476	6000
1561	2	30	50	7480	10214
1562	17	5	30	7484	5169
1563	6	30	30	7488	19367
1564	4	10	30	7492	30611
1565	2	30	20	7496	5281
1566	3	22	20	7500	22597
1567	20	16	30	7504	1343
1568	21	5	40	7508	4599
1569	6	30	20	7512	80
1570	8	23	50	7516	28715
1571	1	13	30	7520	33902
1572	4	10	20	7524	5553
1573	2	30	40	7528	46786
1574	6	30	20	7532	1058
1575	2	30	20	7536	11360
1576	1	13	40	7540	3025
1577	21	5	50	7544	22418
1578	17	5	40	7548	41647
1579	20	16	20	7552	16234
1580	0	28	30	7556	48853
1581	17	5	20	7560	2088
1582	1	13	20	7564	1906
1583	6	30	50	7568	6246
1584	20	16	20	7572	21929
1585	20	16	40	7576	39480
1586	20	16	50	7580	3638
1587	20	16	30	7584	3939
1588	17	5	50	7588	4145
1589	20	16	30	7592	9036
1590	2	30	20	7596	10140
1591	21	5	40	7600	1859
1592	4	10	30	7604	4042
1593	1	13	50	7608	5271
1594	4	10	50	7612	19348
1595	1	13	40	7616	8035
1596	1	13	50	7620	419
1597	20	16	40	7624	6934
1598	21	5	20	7628	2478
1599	2	30	40	7632	13342
1600	21	5	50	7636	7707
1601	8	23	40	7640	593
1602	4	10	50	7644	20152
1603	6	30	50	7648	5411
1604	20	16	50	7652	3476
1605	17	5	20	7656	34384
1606	17	5	50	7660	7728
1607	1	13	20	7664	3423
1608	21	5	50	7668	14694
1609	1	13	20	7672	4613
1610	4	10	30	7676	1785
1611	20	16	20	7680	1890
1612	0	28	40	7684	5020
1613	4	10	40	7688	943
1614	20	16	20	7692	5298
1615	3	22	20	7696	3195
1616	0	28	50	7700	6665
1617	2	30	40	7704	34635
1618	6	30	20	7708	39154
1619	4	10	40	7712	38401
1620	3	22	20	7716	1190
1621	3	22	50	7720	10072
1622	0	28	40	7724	20172
1623	17	5	30	7728	18689
1624	2	30	20	7732	6877
1625	20	16	30	7736	17381
1626	21	5	50	7740	12759
1627	3	22	30	7744	181
1628	17	5	50	7748	2369
1629	4	10	30	7752	10885
1630	0	28	20	7756	10342
1631	1	13	50	7760	18388
1632	0	28	50	7764	12909
1633	6	30	50	7768	4243
1634	2	30	30	7772	3736
1635	3	22	50	7776	32741
1636	4	10	30	7780	5099
1637	8	23	30	7784	18387
1638	8	23	20	7788	2010
1639	1	13	20	7792	27176
1640	1	13	50	7796	8031
1641	17	5	50	7800	161
1642	2	30	30	7804	10233
1643	21	5	40	7808	43326
1644	6	30	50	7812	5946
1645	2	30	50	7816	6633
1646	21	5	50	7820	19412
1647	0	28	50	7824	2835
1648	1	13	50	7828	78715
1649	1	13	40	7832	10039
1650	0	28	40	7836	767
1651	20	16	30	7840	1133
1652	3	22	40	7844	7781
1653	2	30	30	7848	3095
1654	20	16	30	7852	10312
1655	4	10	50	7856	28361
1656	8	23	20	7860	3205
1657	6	30	30	7864	293
1658	2	30	40	7868	31364
1659	0	28	40	7872	7997
1660	0	28	20	7876	4082
1661	6	30	40	7880	7390
1662	2	30	30	7884	858
1663	3	22	40	7888	1395
1664	1	13	50	7892	16234
1665	2	30	40	7896	5249
1666	20	16	20	7900	8005
1667	4	10	40	7904	540
1668	1	13	30	7908	19803
1669	8	23	30	7912	6583
1670	17	5	40	7916	26221
1671	4	10	40	7920	12334
1672	8	23	30	7924	18725
1673	4	10	20	7928	813
1674	3	22	50	7932	7648
1675	4	10	30	7936	1015
1676	0	28	40	7940	61891
1677	3	22	50	7944	22055
1678	3	22	40	7948	6101
1679	20	16	20	7952	139
1680	1	13	30	7956	39699
1681	21	5	20	7960	7049
1682	1	13	30	7964	198
1683	8	23	20	7968	11371
1684	3	22	50	7972	9172
1685	1	13	40	7976	8022
1686	17	5	30	8000	4397
1687	17	5	40	8005	6779
1688	8	23	40	8010	15330
1689	17	5	30	8015	5386
1690	21	5	40	8020	14456
1691	17	5	20	8025	4663
1692	4	10	40	8030	23357
1693	6	30	40	8035	13223
1694	0	28	50	8040	11231
1695	6	30	30	8045	341
1696	6	30	30	8050	34647
1697	17	5	50	8055	7483
1698	6	30	50	8060	3158
1699	2	30	30	8065	445
1700	3	22	50	8070	33344
1701	3	22	30	8075	17005
1702	17	5	30	8080	6178
1703	6	30	40	8085	10305
1704	2	30	20	8090	13646
1705	8	23	50	8095	6530
1706	2	30	50	8100	4282
1707	17	5	30	8105	6363
1708	17	5	30	8110	16929
1709	4	10	20	8115	8208
1710	3	22	20	8120	29119
1711	2	30	20	8125	6002
1712	2	30	50	8130	11790
1713	2	30	40	8135	29607
1714	17	5	20	8140	8883
1715	3	22	20	8145	22304
1716	3	22	20	8150	7032
1717	8	23	20	8155	7321
1718	20	16	40	8160	10279
1719	0	28	30	8165	3516
1720	4	10	30	8170	583
1721	1	13	40	8175	681
1722	21	5	20	8180	4677
1723	3	22	50	8185	7094
1724	20	16	40	8190	15362
1725	0	28	30	8195	10002
1726	0	28	20	8200	18445
1727	1	13	50	8205	1563
1728	4	10	30	8210	7345
1729	21	5	40	8215	7027
1730	17	5	50	8220	1766
1731	2	30	50	8225	9067
1732	21	5	20	8230	11280
1733	0	28	30	8235	5394
1734	8	23	30	8240	918
1735	17	5	20	8245	2765
1736	17	5	40	8250	512
1737	8	23	50	8255	6959
1738	4	10	50	8260	32443
1739	21	5	50	8265	1461
1740	17	5	50	8270	2489
1741	20	16	50	8275	27071
1742	20	16	20	8280	13507
1743	2	30	30	8285	3071
1744	6	30	20	8290	7174
1745	4	10	40	8295	4394
1746	6	30	30	8300	14304
1747	1	13	20	8305	34174
1748	8	23	30	8310	1876
1749	21	5	40	8315	17309
1750	2	30	20	8320	10542
1751	20	16	30	8325	8022
1752	20	16	20	8330	26332
1753	6	30	30	8335	45511
1754	17	5	50	8340	54098
1755	2	30	20	8345	25715
1756	6	30	20	8350	6847
1757	6	30	40	8355	37505
1758	8	23	20	8360	23115
1759	2	30	40	8365	1449
1760	8	23	50	8370	12084
1761	0	28	20	8375	2351
1762	4	10	50	8400	36892
1763	0	28	50	8405	4501
1764	6	30	20	8410	5328
1765	1	13	30	8415	5763
1766	4	10	20	8420	18400
1767	2	30	40	8425	3670
1768	8	23	20	8430	22104
1769	0	28	50	8435	4579
1770	4	10	40	8440	19452
1771	21	5	30	8445	40
1772	2	30	20	8450	8900
1773	1	13	40	8455	7410
1774	1	13	40	8460	827
1775	6	30	30	8465	1982
1776	1	13	40	8470	5729
1777	6	30	40	8475	1223
1778	21	5	40	8480	67293
1779	4	10	20	8485	6441
1780	4	10	20	8490	24399
1781	17	5	50	8495	22216
1782	4	10	30	8500	45500
1783	8	23	50	8505	14215
1784	6	30	30	8510	23476
1785	20	16	40	8515	12574
1786	3	22	40	8520	12316
1787	2	30	40	8525	11994
1788	2	30	30	8530	5603
1789	4	10	30	8535	2543
1790	2	30	50	8540	17688
1791	2	30	50	8545	1075
1792	0	28	40	8550	10575
1793	1	13	30	8555	20527
1794	1	13	50	8560	7846
1795	21	5	40	8565	113
1796	4	10	20	8570	34054
1797	17	5	20	8575	5407
1798	8	23	20	8580	24231
1799	3	22	50	8585	852
1800	0	28	30	8590	8869
1801	3	22	50	8595	6805
1802	6	30	20	8600	1271
1803	8	23	30	8605	21089
1804	2	30	20	8610	39039
1805	4	10	50	8615	10444
1806	21	5	20	8620	39835
1807	21	5	30	8625	6700
1808	3	22	50	8630	29009
1809	2	30	40	8635	21747
1810	0	28	30	8640	8391
1811	0	28	30	8645	4947
1812	21	5	50	8650	38552
1813	1	13	20	8655	6935
1814	21	5	40	8660	3367
1815	21	5	20	8665	18826
1816	8	23	40	8670	2685
1817	21	5	20	8675	3607
1818	6	30	30	8680	7265
1819	8	23	40	8685	14823
1820	17	5	40	8690	16151
1821	1	13	40	8695	1982
1822	0	28	20	8700	26536
1823	1	13	50	8705	12615
1824	21	5	20	8710	9481
1825	1	13	40	8715	15129
1826	21	5	40	8720	6488
1827	0	28	50	8725	14627
1828	0	28	40	8730	47402
1829	4	10	50	8735	706
1830	1	13	20	8740	2841
1831	2	30	30	8745	204
1832	17	5	40	8750	3131
1833	3	22	50	8755	31527
1834	3	22	40	8760	26811
1835	1	13	30	8765	6877
1836	3	22	50	8770	16278
1837	17	5	20	8775	1949
1838	4	10	50	8780	15836
1839	0	28	40	8800	3899
1840	1	13	40	8804	13881
1841	8	23	30	8808	2887
1842	20	16	40	8812	15322
1843	20	16	40	8816	9224
1844	3	22	50	8820	13973
1845	2	30	30	8824	6811
1846	6	30	20	8828	1615
1847	17	5	40	8832	1905
1848	4	10	50	8836	10255
1849	4	10	50	8840	13987
1850	1	13	20	8844	19858
1851	8	23	20	8848	13741
1852	3	22	40	8852	28707
1853	20	16	40	8856	2063
1854	6	30	20	8860	4786
1855	17	5	50	8864	5548
1856	2	30	40	8868	9381
1857	3	22	20	8872	7173
1858	17	5	30	8876	3963
1859	1	13	30	8880	3369
1860	21	5	20	8884	2143
1861	8	23	20	8888	3603
1862	8	23	50	8892	7110
1863	20	16	20	8896	23060
1864	1	13	30	8900	11798
1865	21	5	50	8904	7990
1866	1	13	50	8908	1373
1867	3	22	20	8912	390
1868	21	5	30	8916	9476
1869	6	30	20	8920	19830
1870	4	10	20	8924	606
1871	21	5	40	8928	623
1872	3	22	20	8932	8979
1873	4	10	50	8936	2333
1874	4	10	20	8940	288
1875	2	30	30	8944	8955
1876	2	30	50	8948	6769
1877	1	13	40	8952	5244
1878	17	5	50	8956	39435
1879	6	30	40	8960	1440
1880	8	23	40	8964	10716
1881	20	16	20	8968	3790
1882	6	30	20	8972	1669
1883	8	23	50	8976	4151
1884	2	30	40	8980	3425
1885	4	10	20	8984	9034
1886	20	16	50	8988	1375
1887	20	16	50	8992	892
1888	17	5	40	8996	10960
1889	6	30	50	9000	8876
1890	17	5	50	9004	26914
1891	20	16	40	9008	4151
1892	0	28	40	9012	24356
1893	3	22	30	9016	8033
1894	3	22	30	9020	1450
1895	6	30	30	9024	6664
1896	20	16	30	9028	17468
1897	0	28	30	9032	24248
1898	21	5	30	9036	28959
1899	6	30	50	9040	2703
1900	0	28	40	9044	4715
1901	1	13	50	9048	1183
1902	0	28	20	9052	11019
1903	20	16	40	9056	17434
1904	20	16	40	9060	12226
1905	4	10	40	9064	17039
1906	2	30	50	9068	2020
1907	17	5	50	9072	15793
1908	6	30	30	9076	1729
1909	3	22	50	9080	19496
1910	8	23	50	9084	33570
1911	1	13	20	9088	2503
1912	6	30	20	9092	8018
1913	3	22	50	9096	2210
1914	4	10	50	9100	12742
1915	17	5	20	9104	26784
1916	1	13	20	9108	1663
1917	0	28	50	9112	2015
1918	8	23	40	9116	11156
1919	21	5	30	9120	1223
1920	17	5	20	9124	5695
1921	2	30	50	9128	445
1922	6	30	30	9132	6813
1923	2	30	40	9136	282
1924	8	23	30	9140	29523
1925	4	10	40	9144	16967
1926	21	5	50	9200	2410
1927	0	28	40	9205	475
1928	0	28	40	9210	779
1929	20	16	50	9215	10924
1930	2	30	50	9220	17080
1931	2	30	40	9225	9953
1932	3	22	30	9230	7035
1933	2	30	50	9235	17169
1934	6	30	20	9240	18622
1935	6	30	40	9245	8237
1936	17	5	50	9250	13306
1937	8	23	30	9255	5426
1938	8	23	20	9260	12718
1939	17	5	50	9265	8081
1940	2	30	20	9270	5621
1941	0	28	20	9275	5668
1942	3	22	40	9280	33266
1943	4	10	50	9285	19063
1944	17	5	50	9290	10515
1945	21	5	40	9295	14670
1946	4	10	30	9300	19621
1947	21	5	50	9305	14464
1948	17	5	40	9310	21535
1949	6	30	20	9315	2999
1950	3	22	20	9320	4222
1951	17	5	40	9325	11365
1952	3	22	40	9330	3647
1953	0	28	50	9335	20156
1954	21	5	50	9340	20837
1955	21	5	40	9345	4084
1956	6	30	40	9350	12972
1957	21	5	40	9355	10339
1958	3	22	30	9360	22887
1959	6	30	20	9365	25663
1960	8	23	50	9370	10304
1961	1	13	20	9375	1481
1962	21	5	20	9380	13266
1963	6	30	40	9385	9229
1964	0	28	50	9390	539
1965	4	10	30	9395	5646
1966	17	5	50	9400	16385
1967	2	30	30	9405	15558
1968	21	5	40	9410	5737
1969	20	16	30	9415	2057
1970	20	16	30	9420	3021
1971	6	30	50	9425	17412
1972	4	10	40	9430	8344
1973	17	5	50	9435	1469
1974	6	30	20	9440	15399
1975	21	5	20	9445	16
1976	17	5	30	9450	1250
1977	1	13	40	9455	12173
1978	4	10	50	9460	6949
1979	20	16	40	9465	2814
1980	0	28	20	9470	36375
1981	0	28	20	9475	7883
1982	2	30	20	9480	2753
1983	6	30	30	9485	22117
1984	6	30	40	9490	4297
1985	3	22	30	9495	1907
1986	17	5	50	9500	4307
1987	3	22	30	9505	11931
1988	4	10	20	9510	33179
1989	21	5	40	9515	8309
1990	20	16	20	9520	21686
1991	0	28	30	9525	1165
1992	2	30	20	9530	8616
1993	1	13	20	9535	17704
1994	1	13	20	9540	29408
1995	0	28	20	9545	3578
1996	2	30	50	9550	14752
1997	17	5	50	9555	6147
1998	3	22	50	9560	16724
1999	3	22	40	9565	2803
