0	0	18	80	0	18696
1	5	13	200	5	3248
2	15	0	160	10	4608
3	6	19	160	15	6127
4	19	8	160	20	3551
5	15	0	80	25	5770
6	19	8	160	30	11994
7	5	13	160	35	15626
8	6	19	160	40	15620
9	5	13	120	45	19604
10	3	16	160	50	17954
11	6	19	120	55	6223
12	19	8	120	60	4593
13	5	13	120	65	924
14	6	19	80	70	9981
15	15	0	120	75	2824
16	0	18	80	80	317
17	0	18	80	85	4426
18	6	19	120	90	28639
19	3	16	120	95	20461
20	4	7	120	100	12547
21	4	7	80	105	11285
22	4	7	160	110	10424
23	5	13	120	115	16932
24	5	13	80	120	19531
25	6	19	80	125	7256
26	15	0	120	130	26464
27	15	0	80	135	10872
28	6	19	120	140	5638
29	19	8	120	145	21581
30	6	19	120	150	6486
31	15	0	120	155	19535
32	6	19	120	160	4733
33	5	13	200	165	13641
34	0	18	200	170	6575
35	19	8	80	175	4657
36	15	0	120	180	26596
37	5	13	80	185	8074
38	4	7	160	190	24860
39	4	7	200	195	1699
40	5	13	120	200	5420
41	6	19	80	205	2664
42	3	16	80	210	7227
43	6	19	120	215	8
44	19	8	120	220	7198
45	15	0	80	225	4840
46	5	13	120	230	37964
47	6	19	200	235	617
48	6	19	160	240	9981
49	5	13	160	245	5373
50	1	11	200	250	5641
51	0	18	120	255	17263
52	19	8	160	260	275
53	19	8	120	265	51899
54	6	19	160	270	11927
55	19	8	200	275	2379
56	3	16	120	280	12826
57	5	13	80	285	9927
58	3	16	120	290	10883
59	5	13	120	295	19459
60	19	8	200	300	8126
61	1	11	120	305	440
62	15	0	120	310	5227
63	15	0	80	315	26873
64	15	0	80	320	5877
65	6	19	120	325	43061
66	19	8	200	330	983
67	6	19	160	335	12224
68	5	13	120	340	12675
69	6	19	200	345	3341
70	19	8	80	350	4606
71	15	0	80	355	9224
72	19	8	120	360	6839
73	5	13	120	365	17951
74	19	8	200	370	7279
75	15	0	80	375	7160
76	3	16	200	380	2051
77	15	0	120	385	10405
78	5	13	80	400	4366
79	15	0	200	404	7655
80	4	7	200	408	8222
81	4	7	120	412	21964
82	5	13	120	416	380
83	3	16	160	420	168
84	19	8	120	424	7379
85	6	19	80	428	12763
86	15	0	160	432	18221
87	15	0	80	436	4971
88	19	8	80	440	606
89	4	7	200	444	3324
90	15	0	200	448	13126
91	5	13	80	452	4773
92	3	16	160	456	26873
93	19	8	120	460	891
94	4	7	80	464	12263
95	4	7	200	468	4759
96	15	0	200	472	22448
97	6	19	80	476	9822
98	19	8	120	480	11405
99	6	19	80	484	7818
100	15	0	80	488	3504
101	15	0	200	492	4606
102	3	16	120	496	6087
103	19	8	200	500	4657
104	5	13	160	504	517
105	5	13	200	508	21894
106	3	16	200	512	4775
107	15	0	80	516	3400
108	19	8	120	520	9110
109	19	8	120	524	2388
110	15	0	200	528	276
111	6	19	200	532	958
112	0	18	200	536	3577
113	5	13	120	540	1597
114	3	16	120	544	4390
115	15	0	120	548	12677
116	15	0	80	552	58
117	15	0	200	556	4971
118	19	8	160	560	6832
119	3	16	200	564	15820
120	19	8	160	568	2549
121	4	7	200	572	16143
122	15	0	120	576	10689
123	3	16	120	580	6337
124	19	8	80	584	10351
125	6	19	200	588	55927
126	6	19	120	592	12356
127	19	8	80	596	5408
128	1	11	120	600	1752
129	6	19	200	604	1635
130	19	8	120	608	11097
131	15	0	200	612	10940
132	19	8	80	616	40721
133	19	8	80	620	21000
134	1	11	160	624	2956
135	6	19	80	628	2340
136	3	16	200	632	6996
137	5	13	160	636	14832
138	15	0	80	640	42800
139	5	13	160	644	11631
140	5	13	120	648	4743
141	19	8	160	652	9168
142	15	0	160	656	19754
143	0	18	160	660	24367
144	6	19	80	664	2968
145	3	16	200	668	10649
146	5	13	120	672	876
147	15	0	120	676	17577
148	15	0	200	680	17388
149	15	0	160	684	52880
150	6	19	200	688	4672
151	3	16	80	692	8481
152	15	0	120	696	1599
153	15	0	120	700	25543
154	15	0	120	704	4065
155	6	19	120	708	8651
156	1	11	120	712	15673
157	19	8	80	716	52654
158	0	18	160	720	16338
159	19	8	160	724	636
160	19	8	160	800	2614
161	4	7	160	805	40390
162	15	0	200	810	1410
163	5	13	120	815	6221
164	19	8	80	820	10327
165	1	11	200	825	6632
166	15	0	200	830	1403
167	3	16	200	835	6777
168	5	13	160	840	28402
169	15	0	120	845	1659
170	6	19	160	850	2836
171	5	13	120	855	4201
172	19	8	160	860	5496
173	5	13	80	865	20151
174	15	0	160	870	6248
175	19	8	80	875	12847
176	6	19	80	880	32313
177	15	0	160	885	15315
178	15	0	120	890	2545
179	15	0	80	895	54857
180	1	11	160	900	30323
181	15	0	80	905	24860
182	4	7	120	910	10924
183	5	13	200	915	1922
184	1	11	80	920	19611
185	15	0	120	925	1219
186	19	8	160	930	7695
187	4	7	160	935	1071
188	4	7	160	940	9289
189	6	19	120	945	14635
190	5	13	160	950	7132
191	3	16	200	955	7266
192	5	13	200	960	40485
193	19	8	120	965	30323
194	6	19	80	970	6637
195	3	16	160	975	5375
196	5	13	160	980	6605
197	4	7	80	985	6183
198	3	16	160	990	4137
199	6	19	80	995	18991
200	6	19	200	1000	7799
201	4	7	120	1005	12223
202	6	19	160	1010	23822
203	0	18	160	1015	12127
204	3	16	80	1020	18021
205	3	16	160	1025	329
206	5	13	120	1030	1800
207	5	13	120	1035	4475
208	19	8	200	1040	7734
209	15	0	120	1045	11936
210	19	8	80	1050	10450
211	6	19	160	1055	98
212	5	13	160	1060	19102
213	5	13	160	1065	16833
214	19	8	80	1070	1692
215	3	16	120	1075	4659
216	19	8	120	1080	5503
217	3	16	80	1085	39508
218	5	13	120	1090	10985
219	3	16	160	1095	7858
220	3	16	120	1100	36252
221	6	19	120	1105	303
222	19	8	120	1110	26781
223	15	0	120	1115	2701
224	4	7	160	1120	13714
225	5	13	160	1125	16943
226	0	18	120	1130	4799
227	0	18	120	1135	7116
228	15	0	200	1200	5905
229	15	0	80	1205	550
230	6	19	120	1210	3196
231	4	7	200	1215	9051
232	6	19	200	1220	6730
233	3	16	80	1225	6061
234	4	7	80	1230	8602
235	15	0	120	1235	3961
236	4	7	160	1240	137
237	4	7	200	1245	39116
238	4	7	200	1250	5559
239	19	8	120	1255	18052
240	5	13	80	1260	37848
241	15	0	80	1265	2121
242	5	13	160	1270	11309
243	6	19	80	1275	28726
244	15	0	120	1280	1578
245	19	8	200	1285	6955
246	15	0	120	1290	12866
247	19	8	120	1295	2853
248	0	18	120	1300	18644
249	5	13	160	1305	1305
250	3	16	80	1310	59891
251	3	16	160	1315	7405
252	19	8	200	1320	19494
253	19	8	80	1325	20002
254	5	13	160	1330	22242
255	19	8	160	1335	7238
256	5	13	80	1340	16456
257	15	0	120	1345	12984
258	15	0	200	1350	37193
259	19	8	120	1355	253
260	3	16	120	1360	14343
261	4	7	80	1365	14129
262	6	19	120	1370	30713
263	4	7	200	1375	6749
264	4	7	80	1380	6055
265	15	0	80	1385	637
266	19	8	200	1390	10379
267	4	7	120	1395	6128
268	3	16	120	1400	3330
269	0	18	160	1405	22794
270	19	8	200	1410	4459
271	15	0	160	1415	6255
272	19	8	120	1420	10759
273	5	13	80	1425	20699
274	15	0	160	1430	8886
275	6	19	80	1435	18681
276	3	16	160	1440	6426
277	5	13	80	1445	49577
278	1	11	80	1450	978
279	5	13	160	1455	3312
280	6	19	120	1460	1245
281	0	18	200	1465	1507
282	0	18	200	1470	12904
283	5	13	80	1475	4035
284	6	19	200	1480	636
285	5	13	160	1485	17813
286	4	7	80	1490	15564
287	6	19	200	1495	11551
288	19	8	120	1500	9668
289	4	7	160	1505	726
290	5	13	80	1510	9187
291	6	19	80	1515	5174
292	6	19	200	1520	80
293	6	19	120	1525	5166
294	15	0	80	1530	1006
295	3	16	80	1535	3700
296	3	16	200	1540	3283
297	3	16	200	1545	2383
298	4	7	80	1550	8619
299	0	18	80	1600	890
300	19	8	80	1604	23674
301	6	19	200	1608	3578
302	19	8	80	1612	41803
303	19	8	160	1616	33401
304	6	19	160	1620	18882
305	5	13	160	1624	10610
306	5	13	120	1628	24339
307	6	19	160	1632	47668
308	4	7	160	1636	4076
309	19	8	160	1640	667
310	19	8	200	1644	468
311	19	8	200	1648	17240
312	15	0	120	1652	10489
313	5	13	80	1656	15008
314	4	7	80	1660	30669
315	3	16	120	1664	10392
316	4	7	80	1668	404
317	3	16	80	1672	12162
318	15	0	200	1676	5708
319	19	8	120	1680	11703
320	5	13	200	1684	4718
321	5	13	200	1688	38877
322	5	13	200	1692	22501
323	19	8	160	1696	2433
324	15	0	160	1700	4547
325	5	13	160	1704	38653
326	4	7	160	1708	6121
327	5	13	200	1712	3328
328	15	0	200	1716	16228
329	6	19	120	1720	3577
330	5	13	120	1724	9576
331	0	18	200	1728	3207
332	3	16	80	1732	7652
333	1	11	200	1736	82
334	5	13	120	1740	5741
335	19	8	160	1744	22045
336	3	16	200	1748	1932
337	1	11	120	1752	15303
338	15	0	160	1756	8148
339	0	18	80	1760	7499
340	19	8	80	1764	28239
341	15	0	160	1768	16421
342	5	13	120	1772	4807
343	0	18	200	1776	8296
344	6	19	200	1780	247
345	5	13	120	1784	17775
346	19	8	200	1788	17507
347	0	18	160	1792	4160
348	3	16	120	1796	6692
349	15	0	200	1800	8343
350	19	8	200	1804	3171
351	19	8	160	1808	11065
352	5	13	200	1812	19408
353	5	13	160	1816	26435
354	15	0	120	1820	16464
355	6	19	120	1824	27644
356	3	16	200	1828	6355
357	0	18	160	1832	18485
358	5	13	80	1836	11698
359	4	7	200	1840	21447
360	3	16	80	1844	2490
361	19	8	160	1848	11809
362	19	8	200	1852	3289
363	15	0	80	1856	368
364	5	13	80	1860	8422
365	15	0	80	1864	19543
366	19	8	200	1868	4123
367	6	19	120	1872	10295
368	1	11	200	1876	4867
369	5	13	120	1880	1021
370	19	8	160	1884	6759
371	4	7	200	1888	4495
372	5	13	160	1892	1868
373	15	0	160	1896	29415
374	19	8	120	1900	15188
375	15	0	120	1904	10398
376	3	16	160	1908	11954
377	5	13	80	1912	5124
378	5	13	200	1916	2137
379	4	7	120	1920	9390
380	5	13	160	1924	2566
381	4	7	200	1928	1352
382	4	7	160	1932	20232
383	19	8	80	1936	3298
384	15	0	160	1940	310
385	5	13	200	1944	35352
386	15	0	200	1948	6807
387	19	8	120	1952	10466
388	5	13	160	1956	3619
389	15	0	80	2000	7851
390	19	8	200	2005	6736
391	1	11	120	2010	5411
392	15	0	80	2015	1236
393	6	19	160	2020	12956
394	19	8	80	2025	3897
395	1	11	160	2030	3920
396	19	8	160	2035	8455
397	15	0	80	2040	4277
398	15	0	200	2045	63070
399	15	0	160	2050	2930
400	6	19	120	2055	7890
401	5	13	160	2060	2551
402	19	8	200	2065	38490
403	19	8	200	2070	5092
404	15	0	80	2075	876
405	15	0	80	2080	30278
406	6	19	200	2085	7353
407	15	0	80	2090	26245
408	5	13	120	2095	2258
409	0	18	200	2100	2190
410	6	19	160	2105	3766
411	15	0	200	2110	788
412	15	0	160	2115	11692
413	1	11	200	2120	1000
414	19	8	120	2125	12260
415	19	8	80	2130	1010
416	15	0	200	2135	20022
417	19	8	200	2140	90820
418	19	8	160	2145	56
419	19	8	80	2150	9766
420	3	16	120	2155	5560
421	0	18	120	2160	14805
422	3	16	200	2165	4549
423	4	7	160	2170	23028
424	6	19	160	2175	12669
425	19	8	120	2180	840
426	6	19	160	2185	2898
427	19	8	80	2190	7936
428	19	8	160	2195	12143
429	19	8	160	2200	6941
430	19	8	160	2205	921
431	5	13	120	2210	4820
432	15	0	80	2215	5220
433	15	0	80	2220	35134
434	15	0	200	2225	753
435	0	18	80	2230	12
436	4	7	80	2235	1908
437	5	13	160	2240	7593
438	4	7	200	2245	2234
439	19	8	120	2250	1340
440	19	8	200	2255	8063
441	0	18	160	2260	9454
442	5	13	80	2265	6340
443	5	13	160	2270	1179
444	5	13	160	2275	2840
445	0	18	200	2280	5467
446	5	13	160	2285	16183
447	15	0	120	2290	216
448	15	0	120	2295	245
449	0	18	80	2300	2625
450	5	13	160	2305	7556
451	19	8	200	2310	8467
452	15	0	160	2315	4197
453	15	0	160	2320	6912
454	6	19	120	2325	22434
455	6	19	80	2330	17797
456	3	16	200	2335	25049
457	15	0	120	2340	1348
458	5	13	80	2345	14200
459	15	0	200	2400	33
460	4	7	160	2404	14657
461	15	0	200	2408	43936
462	19	8	160	2412	3472
463	6	19	160	2416	15814
464	3	16	80	2420	1170
465	0	18	80	2424	33471
466	0	18	160	2428	14890
467	19	8	160	2432	13527
468	5	13	80	2436	232
469	19	8	80	2440	12226
470	15	0	80	2444	32569
471	4	7	120	2448	5032
472	15	0	200	2452	21234
473	19	8	80	2456	27511
474	3	16	120	2460	839
475	3	16	160	2464	20960
476	6	19	80	2468	4252
477	15	0	80	2472	3011
478	19	8	80	2476	12342
479	6	19	160	2480	4045
480	6	19	200	2484	4756
481	19	8	120	2488	2628
482	3	16	200	2492	7474
483	19	8	120	2496	6956
484	5	13	200	2500	42907
485	19	8	200	2504	10062
486	15	0	200	2508	436
487	3	16	120	2512	29562
488	3	16	160	2516	1273
489	3	16	160	2520	4072
490	19	8	120	2524	1602
491	6	19	160	2528	499
492	0	18	160	2532	17908
493	6	19	80	2536	2194
494	15	0	200	2540	6139
495	1	11	80	2544	8682
496	4	7	200	2548	4176
497	19	8	120	2552	13602
498	4	7	160	2556	7
499	5	13	120	2560	3813
500	0	18	120	2564	12772
501	6	19	200	2568	797
502	3	16	120	2572	79581
503	19	8	80	2576	5761
504	5	13	80	2580	3658
505	3	16	120	2584	1598
506	3	16	80	2588	13547
507	15	0	120	2592	6053
508	6	19	120	2596	5550
509	5	13	160	2600	244
510	19	8	200	2604	7724
511	5	13	160	2608	12736
512	15	0	80	2612	7479
513	19	8	120	2616	6282
514	4	7	80	2620	13506
515	5	13	80	2624	8522
516	15	0	80	2628	8577
517	19	8	120	2632	20011
518	3	16	200	2636	17140
519	4	7	120	2640	8940
520	4	7	120	2644	27977
521	19	8	80	2648	19075
522	15	0	80	2652	10279
523	5	13	120	2656	15772
524	19	8	200	2660	8658
525	1	11	120	2664	26816
526	4	7	200	2668	10055
527	4	7	200	2672	13032
528	4	7	120	2676	8281
529	1	11	80	2680	9651
530	19	8	200	2684	9104
531	15	0	200	2688	11619
532	6	19	160	2692	3001
533	15	0	160	2696	5548
534	5	13	120	2700	11966
535	0	18	200	2704	3660
536	15	0	80	2708	2648
537	5	13	160	2712	1030
538	5	13	120	2716	2339
539	4	7	160	2720	22552
540	19	8	160	2724	26600
541	0	18	120	2728	12243
542	15	0	80	2800	9437
543	15	0	200	2804	1007
544	3	16	200	2808	20127
545	6	19	160	2812	7641
546	15	0	120	2816	10322
547	3	16	80	2820	5498
548	4	7	200	2824	8118
549	5	13	160	2828	26711
550	6	19	80	2832	51
551	4	7	160	2836	7907
552	19	8	160	2840	29985
553	19	8	80	2844	7741
554	1	11	200	2848	5533
555	3	16	80	2852	23513
556	15	0	160	2856	8054
557	19	8	200	2860	3732
558	19	8	120	2864	24236
559	5	13	160	2868	5541
560	19	8	160	2872	9778
561	19	8	80	2876	171
562	6	19	80	2880	27354
563	5	13	80	2884	20425
564	6	19	200	2888	8042
565	5	13	80	2892	23124
566	19	8	80	2896	6802
567	3	16	160	2900	1179
568	5	13	200	2904	17980
569	4	7	80	2908	6384
570	15	0	80	2912	4459
571	4	7	120	2916	6712
572	6	19	200	2920	12066
573	19	8	80	2924	29300
574	5	13	200	2928	12069
575	4	7	80	2932	3667
576	4	7	80	2936	3475
577	19	8	80	2940	8195
578	4	7	160	2944	30046
579	6	19	80	2948	527
580	4	7	200	2952	4558
581	1	11	160	2956	2675
582	19	8	200	2960	2248
583	19	8	200	2964	11190
584	15	0	80	2968	9537
585	15	0	120	2972	604
586	19	8	80	2976	14546
587	6	19	160	2980	16442
588	6	19	200	2984	9
589	5	13	80	2988	17742
590	4	7	80	2992	17847
591	19	8	80	2996	32038
592	6	19	80	3000	2904
593	1	11	200	3004	19761
594	4	7	200	3008	4110
595	19	8	120	3012	25133
596	6	19	80	3016	16250
597	4	7	200	3020	15572
598	4	7	200	3024	10761
599	15	0	160	3028	38244
600	15	0	160	3032	468
601	15	0	200	3036	7923
602	15	0	80	3040	10730
603	0	18	200	3044	987
604	15	0	120	3048	10456
605	3	16	160	3052	10291
606	15	0	160	3056	22644
607	19	8	120	3060	58
608	15	0	120	3064	22077
609	19	8	200	3068	1345
610	19	8	80	3072	11226
611	15	0	160	3076	61470
612	15	0	120	3080	5152
613	5	13	120	3084	20869
614	1	11	160	3088	663
615	19	8	200	3092	5307
616	19	8	120	3096	22244
617	15	0	80	3100	4130
618	19	8	80	3104	3766
619	19	8	160	3108	6942
620	6	19	200	3112	1978
621	4	7	160	3116	13929
622	15	0	200	3120	1168
623	3	16	160	3124	53
624	19	8	200	3128	12212
625	19	8	80	3132	5730
626	15	0	80	3136	2880
627	6	19	80	3140	21040
628	6	19	120	3144	11704
629	5	13	120	3148	16994
630	15	0	200	3152	8844
631	0	18	80	3156	8923
632	15	0	80	3160	27965
633	5	13	200	3164	38484
634	15	0	160	3200	56
635	15	0	200	3205	21457
636	5	13	160	3210	11260
637	19	8	200	3215	1155
638	3	16	120	3220	301
639	5	13	120	3225	43125
640	0	18	160	3230	2687
641	19	8	160	3235	14353
642	19	8	80	3240	28219
643	15	0	200	3245	27014
644	5	13	80	3250	2155
645	6	19	160	3255	18168
646	3	16	160	3260	10457
647	1	11	200	3265	5944
648	0	18	80	3270	16806
649	5	13	200	3275	32358
650	0	18	80	3280	409
651	19	8	200	3285	7187
652	5	13	200	3290	7338
653	5	13	120	3295	1990
654	5	13	160	3300	19724
655	6	19	200	3305	5198
656	19	8	80	3310	5941
657	6	19	120	3315	10600
658	3	16	80	3320	6967
659	19	8	80	3325	2707
660	5	13	120	3330	5400
661	3	16	160	3335	262
662	5	13	80	3340	5772
663	5	13	80	3345	1050
664	3	16	200	3350	10542
665	19	8	80	3355	1040
666	1	11	120	3360	1148
667	4	7	120	3365	5923
668	15	0	160	3370	20555
669	5	13	200	3375	2997
670	6	19	120	3380	16573
671	1	11	120	3385	16709
672	6	19	200	3390	3717
673	5	13	160	3395	4226
674	15	0	200	3400	3272
675	6	19	120	3405	7269
676	5	13	120	3410	18277
677	19	8	200	3415	2648
678	15	0	160	3420	21996
679	5	13	80	3425	23473
680	15	0	120	3430	19195
681	15	0	120	3435	20763
682	6	19	200	3440	913
683	3	16	120	3445	14069
684	5	13	80	3450	15441
685	19	8	200	3455	881
686	15	0	80	3460	833
687	4	7	200	3465	16632
688	1	11	80	3470	1989
689	5	13	160	3475	12705
690	15	0	200	3480	7005
691	19	8	80	3485	268
692	15	0	200	3490	12643
693	4	7	80	3495	20770
694	0	18	200	3500	11302
695	19	8	200	3505	2366
696	6	19	160	3510	4553
697	15	0	80	3515	20644
698	6	19	80	3520	4454
699	6	19	80	3525	1018
700	5	13	120	3530	14003
701	19	8	120	3535	2559
702	6	19	80	3540	10155
703	6	19	120	3545	9123
704	19	8	160	3550	2437
705	19	8	160	3555	3975
706	4	7	80	3560	2443
707	19	8	120	3600	2100
708	15	0	160	3604	29460
709	15	0	120	3608	5213
710	3	16	120	3612	10115
711	1	11	120	3616	2564
712	19	8	160	3620	16469
713	15	0	80	3624	10463
714	3	16	200	3628	6208
715	15	0	80	3632	9308
716	15	0	160	3636	35567
717	3	16	200	3640	14111
718	19	8	200	3644	5354
719	4	7	200	3648	8652
720	4	7	200	3652	192
721	19	8	160	3656	5011
722	3	16	120	3660	3242
723	4	7	80	3664	2186
724	15	0	80	3668	18107
725	15	0	120	3672	15560
726	4	7	160	3676	1267
727	4	7	160	3680	7033
728	5	13	160	3684	13929
729	19	8	200	3688	738
730	19	8	160	3692	1790
731	15	0	80	3696	38922
732	5	13	160	3700	26266
733	4	7	160	3704	17060
734	0	18	160	3708	2234
735	15	0	80	3712	11175
736	4	7	120	3716	3480
737	19	8	160	3720	9339
738	4	7	160	3724	8475
739	5	13	120	3728	6997
740	6	19	160	3732	26122
741	15	0	200	3736	28440
742	6	19	120	3740	21679
743	5	13	160	3744	19336
744	3	16	80	3748	1046
745	6	19	120	3752	3448
746	19	8	120	3756	3869
747	3	16	200	3760	863
748	3	16	120	3764	6514
749	4	7	200	3768	876
750	4	7	120	3772	3145
751	5	13	160	3776	11747
752	15	0	120	3780	7417
753	4	7	80	3784	19096
754	4	7	80	3788	812
755	6	19	200	3792	5120
756	19	8	200	3796	37292
757	3	16	80	3800	6219
758	19	8	120	3804	16810
759	3	16	120	3808	7334
760	15	0	80	3812	2407
761	19	8	160	3816	16197
762	6	19	160	3820	7706
763	15	0	160	3824	23126
764	15	0	160	3828	2886
765	6	19	120	3832	11256
766	15	0	160	3836	4357
767	6	19	80	3840	52897
768	15	0	120	3844	6371
769	5	13	200	3848	19193
770	6	19	200	3852	4073
771	15	0	80	3856	6282
772	19	8	80	3860	2453
773	15	0	120	3864	30022
774	15	0	120	3868	11839
775	15	0	200	3872	1389
776	4	7	120	3876	8452
777	19	8	160	3880	6880
778	3	16	200	3884	1039
779	3	16	160	3888	9037
780	15	0	200	3892	7194
781	3	16	160	3896	374
782	3	16	80	3900	298
783	3	16	160	3904	11494
784	15	0	160	3908	21200
785	15	0	80	3912	8665
786	1	11	200	3916	8315
787	0	18	160	3920	1152
788	0	18	120	4000	14178
789	6	19	200	4004	20751
790	19	8	80	4008	12620
791	0	18	80	4012	22552
792	0	18	120	4016	18567
793	3	16	120	4020	606
794	15	0	120	4024	3614
795	15	0	200	4028	1892
796	1	11	120	4032	6801
797	19	8	160	4036	47780
798	6	19	200	4040	10599
799	15	0	200	4044	7731
800	15	0	160	4048	34865
801	5	13	80	4052	4072
802	6	19	120	4056	12857
803	19	8	160	4060	11640
804	15	0	80	4064	18312
805	6	19	120	4068	20779
806	6	19	120	4072	6944
807	0	18	200	4076	9396
808	6	19	200	4080	2224
809	15	0	120	4084	37517
810	4	7	160	4088	22122
811	0	18	120	4092	8780
812	1	11	120	4096	4653
813	15	0	160	4100	3051
814	5	13	120	4104	76
815	6	19	120	4108	1964
816	19	8	160	4112	15110
817	5	13	200	4116	23386
818	0	18	200	4120	307
819	3	16	160	4124	14428
820	5	13	120	4128	1380
821	15	0	80	4132	2872
822	6	19	200	4136	4188
823	3	16	160	4140	10681
824	5	13	160	4144	1912
825	6	19	160	4148	6969
826	15	0	160	4152	11623
827	15	0	160	4156	1749
828	19	8	80	4160	12874
829	1	11	120	4164	7876
830	6	19	160	4168	13549
831	5	13	160	4172	8913
832	4	7	160	4176	22749
833	5	13	200	4180	11239
834	5	13	200	4184	10519
835	4	7	160	4188	2136
836	15	0	80	4192	5606
837	4	7	160	4196	6203
838	5	13	160	4200	21526
839	4	7	120	4204	73
840	3	16	160	4208	934
841	0	18	80	4212	37734
842	6	19	200	4216	30672
843	5	13	200	4220	16030
844	4	7	80	4224	47460
845	19	8	200	4228	1695
846	19	8	200	4232	8954
847	5	13	200	4236	9924
848	15	0	80	4240	526
849	1	11	200	4244	1385
850	15	0	120	4248	6740
851	15	0	120	4252	10270
852	19	8	200	4256	37487
853	5	13	120	4260	26170
854	4	7	160	4264	5473
855	1	11	160	4268	15818
856	19	8	120	4272	59878
857	5	13	200	4276	846
858	6	19	80	4280	7700
859	4	7	160	4284	5023
860	15	0	160	4288	2716
861	15	0	160	4292	4343
862	0	18	160	4296	25956
863	6	19	120	4300	13974
864	1	11	200	4304	3932
865	19	8	80	4308	4584
866	15	0	160	4312	13271
867	15	0	160	4316	14995
868	4	7	160	4320	12282
869	3	16	160	4324	22236
870	19	8	80	4328	18048
871	6	19	80	4332	4495
872	1	11	120	4336	290
873	15	0	160	4340	232
874	19	8	80	4344	11757
875	5	13	120	4348	1975
876	4	7	80	4352	4118
877	3	16	200	4356	9784
878	19	8	120	4400	11254
879	5	13	160	4404	188
880	6	19	160	4408	29539
881	5	13	200	4412	713
882	19	8	160	4416	1168
883	19	8	120	4420	9553
884	5	13	80	4424	634
885	19	8	80	4428	1285
886	6	19	160	4432	10077
887	19	8	120	4436	39478
888	3	16	80	4440	3321
889	5	13	120	4444	22881
890	5	13	80	4448	2234
891	4	7	120	4452	4368
892	15	0	160	4456	31918
893	3	16	200	4460	8119
894	6	19	160	4464	19526
895	6	19	200	4468	17698
896	0	18	120	4472	895
897	19	8	120	4476	3205
898	4	7	80	4480	7342
899	5	13	200	4484	13063
900	4	7	120	4488	7452
901	4	7	120	4492	20085
902	3	16	80	4496	30609
903	15	0	120	4500	2672
904	3	16	160	4504	4828
905	3	16	120	4508	1497
906	6	19	200	4512	9614
907	1	11	120	4516	33137
908	5	13	80	4520	3653
909	19	8	120	4524	2897
910	19	8	120	4528	6997
911	15	0	160	4532	6865
912	6	19	120	4536	7384
913	0	18	120	4540	7350
914	15	0	200	4544	6689
915	5	13	200	4548	1877
916	15	0	80	4552	2843
917	3	16	120	4556	4915
918	3	16	120	4560	12141
919	3	16	160	4564	2349
920	4	7	120	4568	16602
921	15	0	80	4572	14705
922	6	19	120	4576	7654
923	19	8	120	4580	18684
924	15	0	120	4584	13425
925	15	0	200	4588	7678
926	19	8	120	4592	5783
927	19	8	160	4596	9117
928	4	7	200	4600	2915
929	6	19	80	4604	23042
930	5	13	80	4608	999
931	4	7	200	4612	692
932	19	8	160	4616	1262
933	6	19	120	4620	34850
934	4	7	120	4624	9661
935	4	7	120	4628	1294
936	4	7	200	4632	1750
937	5	13	80	4636	26832
938	15	0	160	4640	2945
939	3	16	160	4644	32651
940	5	13	80	4648	9592
941	6	19	120	4652	11976
942	6	19	120	4656	14459
943	3	16	200	4660	332
944	6	19	200	4664	6322
945	15	0	160	4668	15903
946	19	8	200	4672	22415
947	15	0	80	4676	7664
948	6	19	200	4680	797
949	3	16	200	4684	12899
950	15	0	200	4688	9858
951	19	8	200	4692	15971
952	15	0	80	4696	10936
953	3	16	160	4700	3938
954	3	16	160	4704	29444
955	6	19	80	4708	16940
956	15	0	200	4712	5001
957	3	16	160	4716	1708
958	19	8	200	4720	8966
959	6	19	200	4724	23478
960	5	13	200	4728	15931
961	15	0	120	4732	230
962	15	0	120	4736	15323
963	19	8	200	4740	6311
964	6	19	80	4744	1734
965	6	19	160	4748	5849
966	19	8	200	4752	4909
967	19	8	200	4756	8667
968	19	8	80	4800	28255
969	5	13	160	4804	4718
970	3	16	80	4808	109
971	5	13	200	4812	4589
972	5	13	160	4816	1513
973	1	11	160	4820	14537
974	19	8	120	4824	11849
975	15	0	200	4828	1505
976	4	7	200	4832	73
977	5	13	160	4836	7050
978	6	19	160	4840	5730
979	3	16	200	4844	33571
980	19	8	200	4848	11836
981	1	11	120	4852	28948
982	5	13	160	4856	7571
983	3	16	80	4860	9770
984	15	0	120	4864	4163
985	6	19	80	4868	5060
986	6	19	200	4872	7350
987	15	0	80	4876	20583
988	5	13	200	4880	380
989	15	0	80	4884	19115
990	6	19	120	4888	17195
991	1	11	80	4892	36
992	6	19	120	4896	5483
993	3	16	200	4900	5336
994	15	0	200	4904	2667
995	15	0	160	4908	9095
996	15	0	80	4912	28934
997	15	0	120	4916	4131
998	15	0	160	4920	26785
999	19	8	80	4924	288
1000	15	0	160	4928	6100
1001	19	8	80	4932	4827
1002	19	8	80	4936	10042
1003	3	16	120	4940	16129
1004	19	8	200	4944	12583
1005	5	13	200	4948	3331
1006	6	19	120	4952	11526
1007	15	0	120	4956	27134
1008	5	13	80	4960	12678
1009	5	13	160	4964	19083
1010	4	7	120	4968	16645
1011	5	13	120	4972	27225
1012	15	0	80	4976	16783
1013	15	0	80	4980	10619
1014	15	0	200	4984	3161
1015	5	13	160	4988	20881
1016	5	13	200	4992	9610
1017	15	0	120	4996	2151
1018	0	18	120	5000	1477
1019	3	16	80	5004	18757
1020	0	18	200	5008	31535
1021	3	16	200	5012	8700
1022	6	19	80	5016	7920
1023	1	11	200	5020	1376
1024	15	0	80	5024	9952
1025	1	11	200	5028	72
1026	19	8	160	5032	36200
1027	4	7	160	5036	17100
1028	4	7	200	5040	8388
1029	3	16	200	5044	1212
1030	19	8	200	5048	2792
1031	6	19	160	5052	15055
1032	15	0	200	5056	9624
1033	6	19	120	5060	5279
1034	5	13	120	5064	9332
1035	19	8	200	5068	4209
1036	3	16	80	5072	5048
1037	3	16	80	5076	15653
1038	4	7	120	5080	28555
1039	5	13	120	5084	624
1040	0	18	200	5088	15570
1041	15	0	120	5092	9913
1042	5	13	80	5096	2203
1043	0	18	80	5100	3215
1044	6	19	200	5104	571
1045	3	16	80	5108	24014
1046	5	13	80	5112	3451
1047	15	0	80	5116	18142
1048	6	19	80	5120	1635
1049	5	13	120	5124	5636
1050	5	13	200	5128	47123
1051	1	11	160	5200	16453
1052	15	0	200	5204	2314
1053	6	19	160	5208	1293
1054	19	8	120	5212	1210
1055	6	19	160	5216	25729
1056	5	13	80	5220	22607
1057	19	8	120	5224	7362
1058	5	13	120	5228	2316
1059	19	8	200	5232	12378
1060	6	19	120	5236	4133
1061	4	7	160	5240	23405
1062	5	13	160	5244	5987
1063	3	16	120	5248	9750
1064	5	13	200	5252	10656
1065	15	0	160	5256	432
1066	15	0	120	5260	5076
1067	4	7	160	5264	6073
1068	5	13	200	5268	574
1069	15	0	80	5272	32931
1070	3	16	160	5276	7871
1071	3	16	200	5280	20738
1072	5	13	80	5284	3559
1073	15	0	80	5288	807
1074	1	11	80	5292	790
1075	4	7	120	5296	5459
1076	19	8	200	5300	5131
1077	6	19	200	5304	3422
1078	6	19	200	5308	766
1079	6	19	200	5312	14402
1080	15	0	200	5316	16931
1081	3	16	120	5320	2258
1082	15	0	160	5324	11999
1083	19	8	120	5328	1645
1084	19	8	80	5332	1476
1085	19	8	80	5336	7425
1086	15	0	160	5340	9302
1087	4	7	120	5344	7161
1088	6	19	200	5348	3612
1089	19	8	160	5352	12864
1090	6	19	200	5356	7127
1091	5	13	160	5360	25941
1092	15	0	160	5364	9666
1093	5	13	120	5368	3676
1094	19	8	200	5372	17093
1095	15	0	120	5376	24390
1096	5	13	200	5380	2227
1097	3	16	200	5384	11344
1098	15	0	120	5388	12478
1099	15	0	80	5392	133
1100	6	19	200	5396	8804
1101	3	16	160	5400	22993
1102	5	13	120	5404	15835
1103	15	0	200	5408	2553
1104	4	7	200	5412	26902
1105	3	16	200	5416	2062
1106	15	0	160	5420	8068
1107	1	11	200	5424	1402
1108	5	13	120	5428	470
1109	15	0	80	5432	15733
1110	15	0	200	5436	9185
1111	19	8	80	5440	10991
1112	4	7	120	5444	6063
1113	19	8	160	5448	7770
1114	3	16	200	5452	26211
1115	5	13	80	5456	1531
1116	6	19	80	5460	3069
1117	6	19	80	5464	3689
1118	5	13	120	5468	6967
1119	6	19	160	5472	1631
1120	0	18	80	5476	8222
1121	5	13	200	5480	27110
1122	15	0	160	5484	1771
1123	5	13	120	5488	5912
1124	3	16	120	5492	8029
1125	19	8	200	5496	10881
1126	6	19	120	5500	3764
1127	1	11	160	5504	59225
1128	15	0	80	5508	4378
1129	4	7	200	5512	2598
1130	19	8	120	5516	2618
1131	15	0	80	5520	16002
1132	19	8	160	5524	11045
1133	19	8	200	5528	625
1134	0	18	80	5532	2366
1135	6	19	120	5536	28030
1136	15	0	200	5540	6931
1137	19	8	160	5544	6966
1138	6	19	160	5548	3205
1139	15	0	80	5552	38010
1140	4	7	160	5556	42867
1141	15	0	200	5560	6726
1142	19	8	80	5564	6350
1143	19	8	160	5568	9046
1144	4	7	160	5600	1572
1145	15	0	160	5605	22606
1146	1	11	120	5610	8038
1147	19	8	80	5615	954
1148	4	7	160	5620	5667
1149	15	0	200	5625	12243
1150	4	7	80	5630	12371
1151	19	8	200	5635	28216
1152	19	8	160	5640	2250
1153	0	18	160	5645	8791
1154	15	0	80	5650	8685
1155	4	7	200	5655	11747
1156	6	19	200	5660	15088
1157	19	8	80	5665	5053
1158	6	19	160	5670	14602
1159	5	13	200	5675	4238
1160	15	0	160	5680	26340
1161	6	19	200	5685	8238
1162	5	13	160	5690	19590
1163	3	16	120	5695	22276
1164	19	8	200	5700	9173
1165	1	11	160	5705	19219
1166	0	18	160	5710	75935
1167	5	13	160	5715	5092
1168	19	8	120	5720	4240
1169	15	0	160	5725	49753
1170	6	19	120	5730	13713
1171	6	19	120	5735	18459
1172	19	8	120	5740	368
1173	15	0	80	5745	7906
1174	5	13	80	5750	2024
1175	5	13	80	5755	830
1176	6	19	200	5760	7954
1177	19	8	200	5765	11231
1178	3	16	160	5770	3714
1179	6	19	160	5775	12254
1180	15	0	160	5780	1370
1181	6	19	120	5785	2569
1182	19	8	80	5790	11497
1183	19	8	120	5795	13167
1184	0	18	160	5800	9619
1185	1	11	160	5805	4132
1186	19	8	160	5810	10001
1187	19	8	200	5815	1030
1188	3	16	160	5820	9207
1189	15	0	80	5825	9708
1190	19	8	120	5830	2494
1191	15	0	160	5835	1198
1192	5	13	200	5840	16007
1193	3	16	200	5845	33144
1194	0	18	160	5850	861
1195	15	0	160	5855	7737
1196	4	7	80	5860	11754
1197	15	0	160	5865	10049
1198	19	8	200	5870	63689
1199	3	16	200	5875	4705
1200	15	0	80	5880	22748
1201	15	0	160	5885	1843
1202	1	11	160	5890	18104
1203	6	19	200	5895	5976
1204	3	16	120	5900	38168
1205	15	0	160	5905	23429
1206	19	8	120	5910	24904
1207	3	16	120	5915	13993
1208	15	0	120	5920	5433
1209	5	13	200	5925	7134
1210	15	0	80	5930	1805
1211	15	0	200	5935	1369
1212	15	0	160	5940	967
1213	1	11	80	5945	793
1214	15	0	120	6000	2523
1215	3	16	120	6003	14283
1216	15	0	200	6006	25473
1217	5	13	120	6009	1786
1218	1	11	160	6012	4149
1219	19	8	120	6015	3342
1220	4	7	80	6018	3183
1221	3	16	160	6021	29712
1222	3	16	200	6024	19935
1223	1	11	80	6027	16302
1224	15	0	80	6030	19104
1225	15	0	160	6033	10582
1226	4	7	160	6036	598
1227	19	8	160	6039	1177
1228	15	0	160	6042	6399
1229	15	0	160	6045	13673
1230	1	11	80	6048	7008
1231	15	0	80	6051	29934
1232	19	8	80	6054	11383
1233	0	18	160	6057	34139
1234	19	8	160	6060	18729
1235	0	18	200	6063	40418
1236	5	13	160	6066	6412
1237	4	7	80	6069	3045
1238	19	8	200	6072	14763
1239	4	7	200	6075	14182
1240	4	7	80	6078	6471
1241	15	0	80	6081	25147
1242	3	16	120	6084	15196
1243	19	8	200	6087	1099
1244	19	8	80	6090	6434
1245	5	13	160	6093	998
1246	19	8	200	6096	213
1247	4	7	200	6099	13397
1248	6	19	160	6102	16502
1249	19	8	80	6105	5609
1250	19	8	160	6108	10844
1251	19	8	160	6111	7990
1252	15	0	200	6114	3855
1253	3	16	160	6117	16729
1254	19	8	200	6120	1150
1255	6	19	120	6123	32592
1256	15	0	160	6126	4846
1257	0	18	120	6129	438
1258	19	8	200	6132	10869
1259	5	13	200	6135	5591
1260	6	19	80	6138	19891
1261	0	18	200	6141	18227
1262	6	19	160	6144	3860
1263	19	8	200	6147	13828
1264	5	13	200	6150	69
1265	1	11	200	6153	3015
1266	15	0	200	6156	8200
1267	15	0	80	6159	1748
1268	4	7	120	6162	3842
1269	15	0	120	6165	3044
1270	15	0	160	6168	3973
1271	6	19	160	6171	12811
1272	6	19	160	6174	6757
1273	19	8	160	6177	10967
1274	6	19	80	6180	21003
1275	6	19	200	6183	5280
1276	1	11	80	6186	2644
1277	5	13	80	6189	15385
1278	1	11	80	6192	4768
1279	5	13	160	6195	15132
1280	15	0	160	6198	10082
1281	19	8	160	6201	5661
1282	4	7	80	6204	5099
1283	15	0	120	6207	488
1284	19	8	200	6210	1067
1285	4	7	120	6213	37531
1286	0	18	120	6216	12348
1287	15	0	120	6219	23660
1288	3	16	160	6222	22803
1289	5	13	80	6225	23269
1290	5	13	120	6228	12036
1291	5	13	120	6231	5700
1292	5	13	120	6234	11877
1293	6	19	80	6237	4901
1294	15	0	200	6240	25839
1295	4	7	80	6243	12119
1296	4	7	160	6246	11052
1297	3	16	120	6249	415
1298	6	19	200	6252	1023
1299	19	8	120	6255	2571
1300	6	19	200	6258	10546
1301	4	7	200	6261	25643
1302	0	18	120	6264	6101
1303	19	8	80	6267	8886
1304	4	7	160	6270	1151
1305	5	13	80	6273	33509
1306	4	7	200	6276	687
1307	19	8	80	6279	13514
1308	6	19	120	6282	31192
1309	5	13	200	6285	15954
1310	5	13	80	6288	15985
1311	5	13	120	6291	11291
1312	19	8	120	6294	14770
1313	6	19	80	6297	25355
1314	6	19	80	6300	19558
1315	6	19	120	6400	6814
1316	15	0	200	6404	6847
1317	15	0	120	6408	3217
1318	3	16	80	6412	10966
1319	1	11	120	6416	610
1320	0	18	120	6420	10396
1321	19	8	120	6424	12071
1322	15	0	120	6428	4027
1323	19	8	80	6432	6491
1324	4	7	200	6436	10723
1325	4	7	120	6440	28091
1326	3	16	80	6444	338
1327	0	18	160	6448	1200
1328	1	11	200	6452	15069
1329	5	13	80	6456	2536
1330	5	13	120	6460	16833
1331	19	8	160	6464	2145
1332	15	0	80	6468	12286
1333	3	16	160	6472	1740
1334	19	8	200	6476	1697
1335	6	19	200	6480	13915
1336	19	8	80	6484	45558
1337	5	13	200	6488	20785
1338	6	19	200	6492	35576
1339	5	13	160	6496	1898
1340	19	8	160	6500	27695
1341	3	16	80	6504	40901
1342	3	16	80	6508	32818
1343	15	0	200	6512	1466
1344	0	18	80	6516	1535
1345	1	11	200	6520	285
1346	6	19	200	6524	13309
1347	19	8	80	6528	16598
1348	19	8	80	6532	9092
1349	3	16	120	6536	7187
1350	6	19	120	6540	2691
1351	6	19	80	6544	5481
1352	19	8	80	6548	6850
1353	5	13	160	6552	391
1354	19	8	80	6556	11402
1355	6	19	120	6560	36057
1356	15	0	160	6564	10901
1357	3	16	120	6568	47407
1358	6	19	80	6572	32313
1359	19	8	80	6576	2495
1360	4	7	200	6580	29015
1361	4	7	120	6584	38754
1362	15	0	80	6588	38805
1363	4	7	120	6592	15944
1364	1	11	120	6596	47765
1365	5	13	120	6600	10193
1366	6	19	80	6604	41662
1367	15	0	200	6608	10209
1368	15	0	120	6612	16503
1369	0	18	80	6616	1501
1370	15	0	120	6620	7299
1371	5	13	80	6624	11352
1372	4	7	120	6628	4055
1373	15	0	160	6632	7232
1374	1	11	200	6636	1937
1375	19	8	120	6640	11380
1376	15	0	120	6644	14416
1377	19	8	120	6648	2236
1378	19	8	80	6652	4241
1379	4	7	80	6656	10053
1380	19	8	120	6660	3192
1381	5	13	80	6664	3918
1382	3	16	160	6668	9959
1383	19	8	160	6672	3687
1384	19	8	160	6676	54750
1385	19	8	80	6680	5880
1386	0	18	160	6684	15656
1387	5	13	160	6688	11259
1388	4	7	160	6692	8850
1389	4	7	120	6696	2402
1390	19	8	120	6700	1125
1391	15	0	200	6704	68911
1392	19	8	160	6708	26573
1393	6	19	160	6712	17159
1394	3	16	200	6716	3221
1395	15	0	80	6720	33782
1396	5	13	200	6724	76
1397	19	8	160	6728	2676
1398	15	0	120	6732	1722
1399	6	19	160	6800	9521
1400	6	19	200	6804	673
1401	15	0	80	6808	1227
1402	1	11	200	6812	23
1403	19	8	200	6816	6405
1404	6	19	200	6820	63282
1405	3	16	120	6824	10675
1406	3	16	160	6828	999
1407	4	7	160	6832	48410
1408	5	13	200	6836	25749
1409	1	11	200	6840	8
1410	15	0	80	6844	3471
1411	15	0	80	6848	6677
1412	5	13	80	6852	13787
1413	5	13	80	6856	5449
1414	3	16	200	6860	36984
1415	19	8	200	6864	12005
1416	3	16	160	6868	6059
1417	19	8	160	6872	14290
1418	5	13	160	6876	16426
1419	4	7	120	6880	10814
1420	5	13	200	6884	22263
1421	3	16	160	6888	5360
1422	6	19	120	6892	630
1423	6	19	80	6896	10011
1424	3	16	200	6900	342
1425	19	8	120	6904	7370
1426	6	19	120	6908	15316
1427	15	0	200	6912	8960
1428	6	19	160	6916	2939
1429	5	13	160	6920	2813
1430	6	19	120	6924	11186
1431	19	8	160	6928	8300
1432	3	16	80	6932	444
1433	4	7	160	6936	16635
1434	15	0	120	6940	8628
1435	3	16	80	6944	1759
1436	4	7	80	6948	3885
1437	4	7	200	6952	1954
1438	5	13	160	6956	3771
1439	15	0	120	6960	6137
1440	15	0	120	6964	4408
1441	15	0	200	6968	16466
1442	19	8	160	6972	15521
1443	4	7	200	6976	8833
1444	6	19	80	6980	31945
1445	3	16	80	6984	13043
1446	6	19	160	6988	4518
1447	5	13	120	6992	8953
1448	5	13	200	6996	19713
1449	4	7	80	7000	11090
1450	15	0	160	7004	9413
1451	6	19	120	7008	4457
1452	6	19	80	7012	7268
1453	6	19	80	7016	9313
1454	3	16	160	7020	14614
1455	5	13	80	7024	14222
1456	3	16	200	7028	565
1457	15	0	160	7032	6876
1458	15	0	200	7036	5843
1459	15	0	160	7040	9212
1460	15	0	200	7044	24322
1461	5	13	200	7048	9685
1462	15	0	200	7052	17381
1463	0	18	80	7056	13451
1464	6	19	120	7060	6018
1465	19	8	120	7064	16728
1466	6	19	200	7068	5940
1467	1	11	160	7072	32442
1468	15	0	200	7076	22944
1469	0	18	160	7080	20430
1470	15	0	160	7084	5275
1471	19	8	200	7088	3391
1472	6	19	200	7092	6669
1473	15	0	80	7096	5082
1474	6	19	200	7100	4050
1475	15	0	80	7104	1226
1476	3	16	200	7108	12080
1477	5	13	120	7112	9065
1478	19	8	200	7116	12114
1479	19	8	200	7120	5456
1480	5	13	160	7124	1882
1481	1	11	200	7128	2605
1482	5	13	200	7132	15255
1483	4	7	160	7136	11425
1484	15	0	80	7140	13136
1485	19	8	200	7144	4212
1486	4	7	160	7148	552
1487	15	0	80	7152	8234
1488	1	11	80	7156	563
1489	5	13	80	7160	20474
1490	19	8	80	7200	1135
1491	15	0	160	7204	22023
1492	5	13	80	7208	17366
1493	15	0	80	7212	15879
1494	0	18	160	7216	9114
1495	4	7	160	7220	16808
1496	3	16	200	7224	47806
1497	19	8	120	7228	636
1498	15	0	120	7232	1624
1499	6	19	160	7236	2356
1500	6	19	120	7240	3814
1501	5	13	80	7244	5750
1502	15	0	160	7248	13434
1503	5	13	80	7252	53876
1504	15	0	120	7256	3411
1505	15	0	200	7260	4236
1506	19	8	120	7264	25838
1507	19	8	200	7268	1385
1508	19	8	120	7272	3505
1509	6	19	120	7276	11207
1510	3	16	80	7280	739
1511	19	8	120	7284	8704
1512	15	0	160	7288	19346
1513	19	8	80	7292	244
1514	4	7	200	7296	5946
1515	6	19	80	7300	13417
1516	0	18	80	7304	21574
1517	5	13	120	7308	1964
1518	5	13	80	7312	104
1519	15	0	160	7316	1242
1520	15	0	200	7320	14728
1521	19	8	200	7324	26925
1522	19	8	120	7328	26182
1523	4	7	200	7332	412
1524	0	18	160	7336	15599
1525	0	18	200	7340	8689
1526	5	13	200	7344	7879
1527	15	0	200	7348	14156
1528	15	0	160	7352	20129
1529	4	7	120	7356	9134
1530	6	19	120	7360	1476
1531	4	7	120	7364	10494
1532	15	0	80	7368	6201
1533	5	13	80	7372	7335
1534	5	13	120	7376	1171
1535	19	8	120	7380	17349
1536	5	13	120	7384	8847
1537	1	11	200	7388	15745
1538	15	0	80	7392	5480
1539	19	8	120	7396	5504
1540	19	8	160	7400	6375
1541	6	19	200	7404	32974
1542	15	0	200	7408	3343
1543	6	19	160	7412	6933
1544	4	7	200	7416	17061
1545	3	16	160	7420	10253
1546	0	18	200	7424	488
1547	15	0	200	7428	16378
1548	6	19	80	7432	5040
1549	6	19	160	7436	23508
1550	4	7	160	7440	30195
1551	15	0	160	7444	21291
1552	15	0	120	7448	526
1553	19	8	200	7452	344
1554	19	8	200	7456	7648
1555	15	0	120	7460	5704
1556	5	13	200	7464	8164
1557	6	19	160	7468	12253
1558	5	13	120	7472	3634
1559	15	0	120	7476	15809
1560	5	13	200	7480	20317
1561	4	7	160	7484	2547
1562	3	16	80	7488	4210
1563	15	0	80	7492	15293
1564	19	8	80	7496	8109
1565	19	8	200	7500	7773
1566	3	16	120	7504	1429
1567	3	16	160	7508	5044
1568	5	13	160	7512	31431
1569	4	7	120	7516	11811
1570	4	7	160	7520	1971
1571	19	8	80	7524	1312
1572	19	8	80	7528	18409
1573	6	19	200	7532	12285
1574	15	0	200	7600	13906
1575	3	16	80	7604	17688
1576	3	16	80	7608	12623
1577	5	13	160	7612	7137
1578	1	11	200	7616	3859
1579	19	8	200	7620	1992
1580	19	8	80	7624	7741
1581	19	8	200	7628	16018
1582	4	7	160	7632	5162
1583	4	7	80	7636	36986
1584	19	8	200	7640	11412
1585	19	8	200	7644	4031
1586	15	0	80	7648	9318
1587	15	0	120	7652	5644
1588	6	19	120	7656	51237
1589	15	0	80	7660	15050
1590	6	19	160	7664	3790
1591	19	8	160	7668	25621
1592	15	0	120	7672	7605
1593	19	8	200	7676	12075
1594	6	19	120	7680	9631
1595	15	0	200	7684	2995
1596	5	13	160	7688	12260
1597	0	18	200	7692	8877
1598	6	19	160	7696	35387
1599	4	7	80	7700	3974
1600	19	8	120	7704	7442
1601	19	8	120	7708	14315
1602	3	16	120	7712	20408
1603	4	7	200	7716	15133
1604	4	7	200	7720	14750
1605	5	13	120	7724	20290
1606	19	8	120	7728	565
1607	3	16	120	7732	6173
1608	5	13	200	7736	5025
1609	15	0	160	7740	14461
1610	5	13	120	7744	15606
1611	0	18	80	7748	555
1612	5	13	200	7752	5444
1613	5	13	160	7756	1375
1614	15	0	120	7760	3561
1615	6	19	80	7764	990
1616	19	8	200	7768	22111
1617	19	8	80	7772	5018
1618	15	0	120	7776	1354
1619	3	16	120	7780	2766
1620	5	13	160	7784	33133
1621	5	13	200	7788	16029
1622	15	0	80	7792	5302
1623	15	0	160	7796	2865
1624	15	0	160	7800	5270
1625	5	13	200	7804	3772
1626	4	7	160	7808	12067
1627	19	8	120	7812	1949
1628	19	8	160	7816	1117
1629	19	8	80	7820	7511
1630	19	8	160	7824	1684
1631	3	16	120	7828	1642
1632	19	8	80	7832	8334
1633	15	0	160	7836	59736
1634	19	8	120	7840	14085
1635	3	16	160	7844	18099
1636	15	0	120	7848	30212
1637	1	11	200	7852	12027
1638	19	8	80	7856	3398
1639	15	0	120	7860	19195
1640	19	8	120	7864	3282
1641	6	19	200	7868	1779
1642	5	13	160	7872	404
1643	19	8	160	7876	4037
1644	4	7	160	7880	52183
1645	6	19	160	7884	3068
1646	6	19	200	7888	8733
1647	5	13	200	7892	5376
1648	5	13	120	7896	5690
1649	0	18	80	7900	7677
1650	15	0	80	7904	5723
1651	5	13	120	7908	4250
1652	5	13	120	7912	6455
1653	5	13	120	7916	16243
1654	19	8	120	7920	5080
1655	6	19	160	7924	15497
1656	3	16	80	7928	4976
1657	6	19	200	7932	11146
1658	6	19	80	7936	5378
1659	19	8	80	7940	6909
1660	3	16	160	7944	2402
1661	0	18	80	7948	27172
1662	4	7	160	7952	4509
1663	5	13	200	7956	25133
1664	19	8	80	7960	10109
1665	4	7	80	7964	10985
1666	3	16	80	7968	9437
1667	15	0	80	7972	5575
1668	6	19	80	7976	6485
1669	6	19	160	7980	7803
1670	19	8	160	7984	2090
1671	19	8	80	7988	2807
1672	19	8	80	7992	1199
1673	0	18	200	7996	4430
1674	3	16	200	8000	40783
1675	19	8	200	8005	19250
1676	0	18	120	8010	14605
1677	19	8	160	8015	890
1678	5	13	200	8020	3064
1679	3	16	80	8025	1668
1680	19	8	80	8030	16767
1681	19	8	200	8035	3827
1682	6	19	200	8040	17757
1683	19	8	120	8045	11494
1684	3	16	200	8050	1078
1685	5	13	80	8055	21456
1686	19	8	200	8060	14933
1687	5	13	160	8065	17075
1688	19	8	80	8070	12527
1689	5	13	200	8075	40461
1690	19	8	160	8080	6941
1691	4	7	120	8085	4528
1692	6	19	160	8090	3804
1693	3	16	80	8095	19862
1694	6	19	160	8100	11502
1695	19	8	80	8105	5044
1696	4	7	80	8110	20885
1697	19	8	200	8115	2038
1698	19	8	120	8120	15118
1699	19	8	160	8125	5880
1700	5	13	120	8130	13714
1701	19	8	160	8135	1885
1702	19	8	160	8140	34499
1703	19	8	200	8145	27572
1704	3	16	120	8150	4500
1705	19	8	80	8155	2245
1706	6	19	120	8160	2725
1707	4	7	160	8165	1362
1708	4	7	120	8170	17906
1709	3	16	160	8175	9481
1710	6	19	120	8180	257
1711	5	13	160	8185	3743
1712	0	18	80	8190	5729
1713	4	7	80	8195	3158
1714	19	8	200	8200	13861
1715	4	7	160	8205	28683
1716	6	19	120	8210	1585
1717	5	13	80	8215	14326
1718	4	7	200	8220	18779
1719	6	19	80	8225	16011
1720	5	13	120	8230	26247
1721	15	0	120	8235	18474
1722	15	0	200	8240	15434
1723	1	11	120	8245	7214
1724	6	19	80	8250	475
1725	15	0	80	8255	22413
1726	4	7	120	8260	33155
1727	15	0	80	8265	4045
1728	6	19	80	8270	14138
1729	3	16	200	8275	11717
1730	15	0	160	8280	43981
1731	0	18	120	8285	9520
1732	19	8	80	8290	5265
1733	5	13	120	8295	21839
1734	19	8	160	8300	7145
1735	1	11	120	8305	11218
1736	19	8	120	8310	4796
1737	15	0	80	8315	24743
1738	15	0	80	8320	4341
1739	4	7	200	8325	29620
1740	19	8	200	8330	11916
1741	6	19	80	8335	11133
1742	3	16	120	8340	49531
1743	15	0	160	8345	1287
1744	19	8	160	8350	34689
1745	15	0	200	8355	2254
1746	3	16	120	8360	32752
1747	5	13	160	8365	493
1748	3	16	80	8370	1588
1749	4	7	80	8375	14778
1750	6	19	200	8400	2972
1751	19	8	80	8405	1638
1752	15	0	200	8410	5456
1753	5	13	120	8415	46751
1754	6	19	120	8420	8308
1755	6	19	80	8425	27111
1756	1	11	200	8430	6571
1757	15	0	120	8435	8120
1758	4	7	200	8440	23647
1759	6	19	80	8445	7555
1760	6	19	160	8450	3195
1761	15	0	120	8455	29865
1762	19	8	120	8460	6437
1763	3	16	160	8465	1975
1764	6	19	80	8470	10178
1765	5	13	200	8475	7698
1766	5	13	160	8480	29273
1767	6	19	200	8485	9361
1768	6	19	120	8490	18320
1769	19	8	160	8495	969
1770	4	7	120	8500	10378
1771	15	0	120	8505	3468
1772	15	0	80	8510	5998
1773	19	8	200	8515	25013
1774	6	19	120	8520	1359
1775	19	8	80	8525	3995
1776	15	0	80	8530	19412
1777	1	11	120	8535	11672
1778	3	16	160	8540	8496
1779	19	8	80	8545	24266
1780	6	19	200	8550	29001
1781	19	8	200	8555	27231
1782	15	0	200	8560	2123
1783	4	7	80	8565	49622
1784	15	0	80	8570	6209
1785	15	0	160	8575	22512
1786	4	7	120	8580	2415
1787	6	19	160	8585	5649
1788	19	8	200	8590	4956
1789	4	7	160	8595	9665
1790	19	8	160	8600	2464
1791	3	16	200	8605	21824
1792	5	13	80	8610	146
1793	3	16	200	8615	21723
1794	15	0	120	8620	13729
1795	3	16	160	8625	14961
1796	15	0	160	8630	2519
1797	0	18	200	8635	21414
1798	4	7	120	8640	9058
1799	6	19	200	8645	7639
1800	3	16	120	8650	3588
1801	6	19	160	8655	5992
1802	19	8	80	8660	3573
1803	5	13	160	8665	569
1804	0	18	160	8670	1660
1805	19	8	120	8675	41465
1806	4	7	200	8680	15900
1807	19	8	80	8685	8073
1808	19	8	80	8690	24724
1809	15	0	80	8695	2926
1810	19	8	200	8700	1183
1811	0	18	120	8705	19298
1812	15	0	160	8710	49886
1813	5	13	160	8715	59542
1814	1	11	120	8720	9753
1815	6	19	200	8725	4934
1816	3	16	120	8730	16867
1817	6	19	120	8735	6770
1818	6	19	120	8740	16530
1819	15	0	160	8745	15491
1820	3	16	120	8750	4129
1821	19	8	200	8755	9247
1822	15	0	200	8760	2727
1823	4	7	160	8765	3130
1824	19	8	200	8770	26703
1825	1	11	120	8800	16217
1826	4	7	80	8804	3274
1827	6	19	120	8808	9769
1828	4	7	160	8812	2590
1829	5	13	160	8816	6020
1830	3	16	120	8820	1182
1831	15	0	80	8824	41891
1832	19	8	200	8828	1157
1833	15	0	200	8832	445
1834	15	0	200	8836	11273
1835	19	8	120	8840	8750
1836	3	16	160	8844	12229
1837	4	7	80	8848	1478
1838	3	16	160	8852	23151
1839	19	8	160	8856	6862
1840	6	19	160	8860	1433
1841	6	19	120	8864	14155
1842	15	0	160	8868	8388
1843	4	7	200	8872	1560
1844	4	7	160	8876	7376
1845	19	8	80	8880	5851
1846	6	19	120	8884	23041
1847	0	18	160	8888	232
1848	3	16	120	8892	3942
1849	1	11	160	8896	5064
1850	0	18	80	8900	37979
1851	3	16	120	8904	17036
1852	6	19	120	8908	1056
1853	5	13	200	8912	19614
1854	4	7	160	8916	2377
1855	4	7	160	8920	15326
1856	19	8	160	8924	2525
1857	15	0	160	8928	339
1858	5	13	160	8932	2011
1859	19	8	80	8936	5894
1860	6	19	120	8940	15694
1861	15	0	160	8944	2340
1862	6	19	120	8948	4204
1863	5	13	120	8952	7802
1864	6	19	200	8956	1569
1865	5	13	200	8960	1594
1866	3	16	160	8964	14762
1867	19	8	200	8968	35457
1868	15	0	200	8972	5810
1869	3	16	80	8976	473
1870	5	13	80	8980	14371
1871	19	8	120	8984	12223
1872	5	13	200	8988	10308
1873	15	0	200	8992	4492
1874	5	13	200	8996	11373
1875	15	0	200	9000	10952
1876	5	13	80	9004	419
1877	6	19	80	9008	1018
1878	19	8	80	9012	17659
1879	19	8	200	9016	8464
1880	6	19	80	9020	26242
1881	4	7	160	9024	2976
1882	5	13	200	9028	3891
1883	3	16	80	9032	22751
1884	5	13	160	9036	6888
1885	0	18	200	9040	4906
1886	3	16	200	9044	25976
1887	5	13	80	9048	4059
1888	5	13	120	9052	23312
1889	6	19	80	9056	26270
1890	19	8	160	9060	4768
1891	6	19	80	9064	11336
1892	19	8	120	9068	39093
1893	4	7	120	9072	7542
1894	5	13	80	9076	14687
1895	15	0	200	9080	32868
1896	19	8	80	9084	6070
1897	3	16	120	9088	301
1898	15	0	200	9092	87659
1899	19	8	200	9096	4891
1900	15	0	160	9100	13603
1901	15	0	120	9104	28310
1902	5	13	160	9108	12105
1903	19	8	120	9112	3313
1904	15	0	120	9116	12469
1905	4	7	160	9120	4608
1906	15	0	160	9124	2407
1907	19	8	120	9128	17742
1908	1	11	200	9132	2566
1909	15	0	160	9136	10444
1910	19	8	120	9140	13931
1911	5	13	160	9144	1376
1912	15	0	120	9148	3571
1913	6	19	200	9152	12539
1914	5	13	200	9156	8327
1915	4	7	200	9160	8558
1916	5	13	200	9164	27659
1917	5	13	120	9168	7081
1918	1	11	160	9172	506
1919	6	19	200	9176	18557
1920	3	16	200	9200	3280
1921	15	0	160	9205	6551
1922	6	19	160	9210	1147
1923	4	7	160	9215	8218
1924	3	16	160	9220	14886
1925	19	8	80	9225	1090
1926	19	8	200	9230	13575
1927	3	16	120	9235	1395
1928	5	13	200	9240	11187
1929	6	19	80	9245	13562
1930	15	0	200	9250	2700
1931	4	7	200	9255	114
1932	15	0	80	9260	1027
1933	19	8	80	9265	6864
1934	3	16	120	9270	21117
1935	19	8	200	9275	48359
1936	19	8	200	9280	10534
1937	6	19	120	9285	435
1938	6	19	160	9290	2731
1939	3	16	80	9295	1504
1940	4	7	120	9300	2004
1941	4	7	160	9305	1441
1942	5	13	80	9310	1191
1943	19	8	160	9315	3867
1944	15	0	200	9320	2695
1945	6	19	200	9325	2973
1946	19	8	160	9330	5238
1947	5	13	160	9335	4508
1948	19	8	120	9340	40661
1949	0	18	120	9345	2617
1950	6	19	80	9350	429
1951	6	19	160	9355	36259
1952	3	16	160	9360	49256
1953	4	7	80	9365	2864
1954	19	8	80	9370	1205
1955	1	11	80	9375	3571
1956	3	16	160	9380	20201
1957	3	16	80	9385	1803
1958	15	0	200	9390	9073
1959	15	0	120	9395	9833
1960	4	7	200	9400	12310
1961	15	0	80	9405	896
1962	6	19	160	9410	2173
1963	6	19	200	9415	8695
1964	19	8	200	9420	5729
1965	15	0	120	9425	13572
1966	15	0	120	9430	320
1967	15	0	80	9435	20698
1968	5	13	160	9440	20603
1969	6	19	80	9445	8761
1970	5	13	80	9450	31179
1971	19	8	120	9455	23990
1972	19	8	160	9460	3327
1973	19	8	160	9465	30844
1974	4	7	120	9470	12035
1975	19	8	120	9475	1615
1976	5	13	120	9480	4738
1977	15	0	80	9485	20296
1978	6	19	160	9490	4188
1979	15	0	160	9495	8110
1980	19	8	120	9500	15852
1981	6	19	120	9505	5433
1982	4	7	200	9510	1859
1983	5	13	120	9515	6339
1984	1	11	80	9520	12323
1985	3	16	80	9525	3456
1986	3	16	120	9530	316
1987	5	13	80	9535	24457
1988	3	16	80	9540	4986
1989	3	16	80	9545	10142
1990	15	0	80	9550	2206
1991	19	8	160	9555	7061
1992	15	0	160	9560	8441
1993	15	0	120	9565	12403
1994	19	8	80	9570	7762
1995	15	0	80	9575	1024
1996	19	8	200	9580	35371
1997	19	8	120	9585	10380
1998	19	8	200	9590	27141
1999	0	18	160	9595	8904
