0	15	0	200	0	3011
1	5	13	80	11	22023
2	19	8	80	22	8973
3	6	19	120	33	447
4	1	11	200	44	5440
5	19	8	200	55	6973
6	4	7	160	66	489
7	5	13	80	77	10988
8	3	16	200	88	15289
9	15	0	80	99	23737
10	15	0	80	110	25267
11	19	8	80	121	1421
12	4	7	120	132	3543
13	15	0	200	143	1363
14	15	0	80	154	5225
15	5	13	120	165	340
16	5	13	120	176	3588
17	6	19	160	187	1999
18	4	7	120	198	26707
19	1	11	200	209	15472
20	15	0	160	220	3355
21	15	0	120	231	245
22	15	0	120	242	19885
23	15	0	160	253	5023
24	1	11	200	264	1868
25	3	16	200	275	7566
26	19	8	80	286	12122
27	6	19	160	297	5069
28	6	19	200	308	7260
29	1	11	200	319	2363
30	15	0	160	330	1589
31	19	8	200	341	6888
32	15	0	80	352	4313
33	5	13	160	363	3475
34	19	8	200	374	4909
35	4	7	120	385	9190
36	3	16	120	400	14699
37	15	0	80	407	20253
38	15	0	160	414	13912
39	6	19	160	421	551
40	3	16	160	428	32363
41	15	0	120	435	2759
42	0	18	160	442	31307
43	3	16	200	449	5856
44	6	19	120	456	18003
45	5	13	120	463	3340
46	0	18	120	470	7020
47	19	8	120	477	259
48	15	0	120	484	4267
49	1	11	200	491	1094
50	15	0	160	498	528
51	5	13	80	505	18971
52	5	13	80	512	522
53	3	16	160	519	9034
54	15	0	120	526	12527
55	1	11	120	533	2667
56	15	0	200	540	157
57	4	7	120	547	1864
58	5	13	160	554	14976
59	19	8	200	561	17080
60	19	8	200	568	12936
61	15	0	200	575	7132
62	15	0	120	582	1302
63	1	11	80	589	7255
64	0	18	160	596	11699
65	15	0	120	603	3826
66	3	16	80	610	10963
67	19	8	200	617	43
68	15	0	80	624	9580
69	5	13	200	631	12742
70	3	16	200	638	1794
71	15	0	80	645	4652
72	19	8	80	652	4043
73	15	0	160	659	18250
74	19	8	80	666	16505
75	19	8	120	673	418
76	6	19	160	680	411
77	6	19	160	687	4054
78	3	16	80	694	6783
79	15	0	120	701	16132
80	3	16	160	708	222
81	0	18	200	715	11036
82	19	8	120	722	460
83	5	13	200	729	5058
84	4	7	80	736	1704
85	5	13	120	743	2556
86	15	0	200	750	5773
87	15	0	120	757	10777
88	15	0	80	764	6591
89	19	8	120	800	1540
90	6	19	120	808	8712
91	19	8	200	816	8015
92	4	7	160	824	617
93	15	0	200	832	22854
94	15	0	200	840	2464
95	6	19	200	848	3987
96	19	8	200	856	1219
97	19	8	160	864	3873
98	1	11	80	872	11115
99	15	0	80	880	5779
100	3	16	120	888	7237
101	3	16	120	896	6916
102	1	11	120	904	3250
103	5	13	120	912	7673
104	19	8	80	920	20934
105	0	18	160	928	7803
106	6	19	80	936	5704
107	15	0	120	944	1446
108	4	7	160	952	13028
109	19	8	80	960	10782
110	6	19	200	968	2126
111	3	16	120	976	7781
112	3	16	80	984	8090
113	15	0	80	992	31025
114	19	8	80	1000	15409
115	19	8	80	1008	437
116	19	8	160	1016	6109
117	5	13	160	1024	9157
118	19	8	200	1032	4145
119	15	0	120	1040	5461
120	0	18	120	1048	16088
121	6	19	200	1056	48
122	3	16	200	1064	4697
123	19	8	160	1072	5920
124	15	0	160	1080	1143
125	5	13	200	1088	6715
126	6	19	120	1096	3654
127	1	11	80	1104	4844
128	0	18	200	1112	8012
129	5	13	120	1120	5237
130	19	8	120	1128	19218
131	15	0	80	1136	8782
132	6	19	120	1144	8326
133	5	13	200	1152	471
134	6	19	80	1160	2534
135	19	8	120	1168	4764
136	19	8	120	1176	4280
137	5	13	200	1184	4625
138	6	19	160	1200	6240
139	4	7	160	1211	6730
140	19	8	80	1222	11541
141	19	8	120	1233	3429
142	5	13	200	1244	22020
143	19	8	200	1255	13768
144	5	13	160	1266	22746
145	5	13	80	1277	339
146	15	0	160	1288	45491
147	15	0	120	1299	798
148	19	8	200	1310	739
149	15	0	200	1321	1905
150	15	0	120	1332	15641
151	15	0	120	1343	4925
152	3	16	200	1354	31041
153	5	13	160	1365	2365
154	15	0	160	1376	8359
155	15	0	160	1387	7120
156	19	8	160	1398	1156
157	4	7	160	1409	13327
158	15	0	200	1420	5287
159	6	19	80	1431	3556
160	6	19	80	1442	2368
161	5	13	200	1453	457
162	15	0	160	1464	6086
163	19	8	80	1475	3125
164	19	8	160	1486	14208
165	15	0	200	1497	6695
166	15	0	200	1508	29531
167	15	0	80	1519	6920
168	1	11	80	1530	9841
169	19	8	200	1541	4161
170	1	11	160	1552	8147
171	5	13	160	1563	798
172	19	8	200	1574	1206
173	6	19	80	1600	14440
174	15	0	80	1610	10506
175	1	11	80	1620	5830
176	3	16	200	1630	578
177	5	13	200	1640	7803
178	5	13	200	1650	6961
179	5	13	160	1660	768
180	6	19	80	1670	6778
181	19	8	80	1680	2537
182	3	16	120	1690	3645
183	5	13	200	1700	4368
184	15	0	80	1710	7781
185	4	7	80	1720	4779
186	6	19	120	1730	9293
187	0	18	160	1740	3965
188	15	0	120	1750	4206
189	19	8	160	1760	9170
190	0	18	160	1770	3016
191	15	0	160	1780	7398
192	19	8	200	1790	24897
193	19	8	160	1800	1614
194	15	0	160	1810	2999
195	6	19	80	1820	9850
196	4	7	160	1830	13539
197	6	19	160	1840	7591
198	19	8	120	1850	37197
199	15	0	200	1860	3757
200	15	0	80	1870	550
201	0	18	160	1880	4324
202	6	19	80	1890	3917
203	1	11	200	1900	9183
204	6	19	120	1910	6809
205	4	7	160	1920	11535
206	15	0	160	1930	3081
207	6	19	160	1940	1242
208	15	0	120	1950	5954
209	15	0	160	1960	1121
210	6	19	160	1970	5865
211	15	0	160	1980	5733
212	19	8	200	1990	2089
213	4	7	120	2000	3980
214	1	11	80	2013	12388
215	15	0	200	2026	33329
216	4	7	160	2039	9360
217	4	7	160	2052	949
218	3	16	200	2065	9669
219	15	0	120	2078	3836
220	4	7	160	2091	16959
221	15	0	80	2104	7020
222	3	16	200	2117	1491
223	3	16	120	2130	207
224	19	8	80	2143	767
225	5	13	200	2156	288
226	6	19	160	2169	1201
227	19	8	120	2182	25227
228	19	8	160	2195	5920
229	4	7	200	2208	186
230	15	0	160	2221	9674
231	15	0	120	2234	4883
232	5	13	160	2247	8009
233	19	8	80	2260	1848
234	15	0	120	2273	203
235	6	19	160	2286	1336
236	5	13	80	2299	17272
237	1	11	120	2312	9198
238	19	8	160	2325	15056
239	6	19	160	2338	15639
240	6	19	160	2351	1114
241	0	18	160	2364	6268
242	5	13	80	2400	16074
243	19	8	160	2407	2607
244	6	19	80	2414	1419
245	5	13	80	2421	12974
246	19	8	200	2428	3741
247	6	19	160	2435	6631
248	19	8	120	2442	4024
249	19	8	160	2449	3181
250	4	7	160	2456	148
251	19	8	200	2463	9740
252	5	13	200	2470	19393
253	4	7	200	2477	7522
254	5	13	120	2484	5462
255	19	8	200	2491	5266
256	19	8	160	2498	2275
257	5	13	200	2505	3590
258	4	7	200	2512	7156
259	3	16	120	2519	6171
260	15	0	200	2526	7827
261	19	8	120	2533	3600
262	6	19	200	2540	7760
263	6	19	160	2547	5576
264	19	8	200	2554	4485
265	19	8	120	2561	518
266	4	7	80	2568	16900
267	0	18	200	2575	190
268	6	19	200	2582	3656
269	6	19	120	2589	8032
270	5	13	200	2596	842
271	3	16	80	2603	50
272	6	19	80	2610	2454
273	15	0	120	2617	14811
274	3	16	200	2624	2310
275	4	7	200	2631	3284
276	5	13	200	2638	10134
277	4	7	120	2645	17797
278	15	0	120	2652	15904
279	5	13	200	2659	2728
280	6	19	200	2666	8674
281	0	18	80	2673	6863
282	0	18	200	2680	6603
283	0	18	200	2687	1732
284	0	18	120	2694	36
285	19	8	160	2701	48055
286	4	7	120	2708	6307
287	3	16	160	2715	186
288	5	13	160	2722	9945
289	15	0	160	2729	6262
290	15	0	80	2736	18940
291	19	8	80	2743	5921
292	15	0	160	2750	772
293	15	0	80	2757	2969
294	15	0	160	2800	2136
295	15	0	120	2811	11677
296	6	19	160	2822	20438
297	19	8	160	2833	3620
298	0	18	160	2844	15120
299	15	0	200	2855	841
300	3	16	80	2866	20551
301	19	8	80	2877	3447
302	0	18	160	2888	1751
303	5	13	80	2899	11474
304	6	19	200	2910	2072
305	0	18	160	2921	97
306	6	19	160	2932	4636
307	15	0	120	2943	567
308	3	16	80	2954	3553
309	3	16	160	2965	1376
310	6	19	200	2976	11551
311	15	0	120	2987	3516
312	15	0	160	2998	5522
313	19	8	200	3009	2878
314	15	0	160	3020	16687
315	15	0	200	3031	394
316	19	8	120	3042	12891
317	6	19	80	3053	4443
318	6	19	80	3064	5503
319	1	11	120	3075	4520
320	6	19	200	3086	5826
321	3	16	120	3097	15505
322	6	19	80	3108	2991
323	15	0	120	3119	13898
324	19	8	80	3130	10395
325	5	13	160	3141	6881
326	5	13	120	3152	19655
327	15	0	80	3163	24654
328	19	8	200	3174	7505
329	5	13	160	3185	5279
330	15	0	80	3200	4281
331	6	19	120	3209	3499
332	4	7	160	3218	351
333	1	11	120	3227	11524
334	4	7	200	3236	3640
335	15	0	200	3245	2989
336	0	18	120	3254	3815
337	15	0	160	3263	12886
338	6	19	200	3272	27179
339	19	8	160	3281	39106
340	4	7	200	3290	6525
341	6	19	80	3299	5185
342	19	8	160	3308	8733
343	4	7	80	3317	6449
344	4	7	160	3326	12071
345	19	8	200	3335	6399
346	5	13	160	3344	197
347	19	8	160	3353	12478
348	1	11	160	3362	4556
349	1	11	160	3371	1648
350	19	8	200	3380	27360
351	19	8	160	3389	5483
352	5	13	160	3398	16115
353	19	8	120	3407	4320
354	0	18	80	3416	6988
355	0	18	160	3425	557
356	4	7	80	3434	310
357	4	7	80	3443	3729
358	5	13	200	3452	280
359	3	16	80	3461	8427
360	15	0	80	3470	823
361	15	0	160	3479	5320
362	19	8	160	3488	4926
363	15	0	160	3497	16670
364	5	13	120	3506	10888
365	19	8	160	3515	4216
366	6	19	200	3524	2999
367	6	19	80	3533	10634
368	15	0	200	3542	22068
369	19	8	160	3551	6640
370	15	0	120	3560	8841
371	1	11	200	3569	1
372	1	11	80	3600	4923
373	6	19	160	3610	5624
374	15	0	120	3620	16571
375	3	16	160	3630	329
376	4	7	200	3640	1702
377	5	13	200	3650	11367
378	6	19	200	3660	369
379	0	18	120	3670	1555
380	0	18	200	3680	6432
381	6	19	200	3690	1063
382	15	0	120	3700	5869
383	19	8	80	3710	4391
384	6	19	160	3720	5802
385	19	8	120	3730	20039
386	3	16	200	3740	5350
387	4	7	80	3750	7861
388	0	18	120	3760	1593
389	4	7	120	3770	2833
390	6	19	200	3780	2558
391	15	0	120	3790	53
392	5	13	200	3800	11614
393	5	13	160	3810	3029
394	5	13	120	3820	18005
395	6	19	80	3830	597
396	15	0	160	3840	138
397	4	7	80	3850	12439
398	19	8	160	3860	13278
399	4	7	200	3870	3685
400	6	19	80	3880	2173
401	19	8	160	3890	2729
402	4	7	200	3900	15349
403	3	16	200	3910	16336
404	5	13	80	3920	5827
405	15	0	80	3930	27326
406	19	8	160	3940	297
407	19	8	200	3950	3591
408	3	16	80	3960	6269
409	19	8	120	3970	6251
410	19	8	160	3980	16678
411	19	8	80	4000	2623
412	15	0	80	4010	3173
413	5	13	120	4020	15600
414	3	16	80	4030	832
415	3	16	120	4040	28988
416	1	11	120	4050	27020
417	0	18	120	4060	304
418	3	16	200	4070	3566
419	6	19	80	4080	13957
420	15	0	200	4090	20410
421	4	7	160	4100	9292
422	6	19	200	4110	6472
423	5	13	160	4120	8136
424	5	13	200	4130	2743
425	19	8	80	4140	8681
426	15	0	80	4150	2135
427	15	0	120	4160	1247
428	3	16	80	4170	7537
429	4	7	80	4180	12958
430	6	19	80	4190	187
431	19	8	200	4200	4124
432	6	19	80	4210	23756
433	5	13	200	4220	9015
434	6	19	120	4230	22341
435	3	16	120	4240	2446
436	4	7	200	4250	2531
437	6	19	160	4260	8390
438	5	13	200	4270	18837
439	15	0	160	4280	6364
440	19	8	200	4290	17083
441	4	7	200	4300	1077
442	3	16	200	4310	688
443	3	16	200	4320	8137
444	5	13	160	4330	4393
445	6	19	160	4340	41065
446	3	16	80	4350	9095
447	0	18	120	4360	19098
448	3	16	160	4370	1951
449	4	7	80	4400	20343
450	5	13	200	4409	896
451	15	0	80	4418	31217
452	1	11	80	4427	4484
453	4	7	160	4436	33351
454	6	19	80	4445	4741
455	4	7	120	4454	6404
456	5	13	160	4463	10604
457	19	8	80	4472	1935
458	15	0	200	4481	6938
459	6	19	80	4490	15458
460	3	16	200	4499	10559
461	3	16	80	4508	17816
462	15	0	200	4517	11137
463	19	8	80	4526	10813
464	5	13	120	4535	5857
465	19	8	200	4544	5121
466	6	19	200	4553	3214
467	5	13	120	4562	8432
468	19	8	80	4571	20105
469	19	8	200	4580	14430
470	19	8	120	4589	9686
471	15	0	160	4598	3041
472	15	0	160	4607	1135
473	5	13	120	4616	13328
474	15	0	80	4625	22987
475	6	19	80	4634	12718
476	1	11	200	4643	7422
477	5	13	200	4652	19847
478	0	18	200	4661	1944
479	19	8	120	4670	2810
480	15	0	200	4679	32585
481	15	0	160	4688	3158
482	6	19	200	4697	21035
483	19	8	80	4706	9340
484	19	8	80	4715	9526
485	19	8	80	4724	354
486	19	8	200	4733	29128
487	3	16	160	4742	26625
488	19	8	200	4751	2078
489	5	13	200	4760	3925
490	19	8	160	4769	6024
491	5	13	200	4800	464
492	15	0	200	4809	577
493	19	8	200	4818	409
494	15	0	160	4827	13535
495	15	0	200	4836	36572
496	6	19	200	4845	3753
497	4	7	200	4854	3338
498	15	0	160	4863	1015
499	6	19	160	4872	23932
500	1	11	200	4881	8705
501	15	0	200	4890	224
502	4	7	80	4899	36173
503	4	7	160	4908	3839
504	5	13	160	4917	1980
505	19	8	120	4926	12478
506	0	18	160	4935	15045
507	15	0	200	4944	7700
508	6	19	120	4953	335
509	19	8	200	4962	8424
510	3	16	160	4971	23397
511	19	8	200	4980	13630
512	19	8	80	4989	56003
513	19	8	120	4998	2669
514	19	8	80	5007	16459
515	5	13	120	5016	4176
516	6	19	120	5025	26653
517	19	8	200	5034	517
518	0	18	200	5043	369
519	6	19	80	5052	5167
520	19	8	80	5061	5529
521	4	7	120	5070	3655
522	6	19	120	5079	4394
523	6	19	80	5088	6059
524	1	11	80	5097	2925
525	6	19	160	5106	8299
526	19	8	200	5115	2264
527	15	0	200	5124	688
528	15	0	160	5133	42689
529	19	8	120	5142	24604
530	19	8	80	5151	4378
531	15	0	200	5160	2445
532	15	0	120	5169	12760
533	5	13	80	5178	2473
534	19	8	160	5200	8019
535	19	8	80	5207	24859
536	6	19	160	5214	3288
537	5	13	80	5221	6330
538	6	19	120	5228	5072
539	0	18	200	5235	18932
540	19	8	160	5242	1743
541	3	16	200	5249	3516
542	6	19	80	5256	20522
543	19	8	200	5263	6896
544	3	16	120	5270	4660
545	19	8	200	5277	9932
546	6	19	160	5284	472
547	19	8	120	5291	12332
548	1	11	160	5298	1564
549	4	7	120	5305	4209
550	4	7	120	5312	205
551	6	19	80	5319	2991
552	4	7	200	5326	2808
553	1	11	120	5333	8249
554	15	0	160	5340	4793
555	15	0	160	5347	2812
556	4	7	160	5354	7431
557	15	0	200	5361	4899
558	3	16	160	5368	622
559	19	8	200	5375	6820
560	19	8	120	5382	6269
561	4	7	200	5389	11588
562	1	11	80	5396	7801
563	15	0	80	5403	729
564	19	8	200	5410	2086
565	5	13	160	5417	9189
566	4	7	120	5424	169
567	5	13	200	5431	10567
568	19	8	200	5438	8414
569	19	8	80	5445	19904
570	19	8	160	5452	577
571	3	16	80	5459	4323
572	5	13	120	5466	7192
573	0	18	80	5473	1197
574	15	0	160	5480	2628
575	19	8	80	5487	1237
576	15	0	80	5494	4691
577	15	0	120	5501	14911
578	5	13	200	5508	751
579	3	16	80	5515	7234
580	19	8	80	5522	7099
581	1	11	160	5529	4938
582	15	0	80	5536	18808
583	5	13	120	5543	7056
584	15	0	200	5550	21097
585	5	13	200	5557	928
586	6	19	200	5564	27377
587	6	19	200	5571	1334
588	19	8	160	5578	13508
589	1	11	80	5585	3283
590	15	0	160	5600	3449
591	15	0	160	5610	16900
592	4	7	120	5620	5107
593	15	0	160	5630	18097
594	3	16	120	5640	3607
595	6	19	200	5650	4506
596	1	11	200	5660	10558
597	19	8	80	5670	14458
598	19	8	80	5680	3423
599	15	0	160	5690	11369
600	15	0	120	5700	9373
601	3	16	160	5710	3135
602	19	8	120	5720	1162
603	4	7	120	5730	2416
604	5	13	160	5740	3317
605	0	18	120	5750	7489
606	4	7	200	5760	10152
607	4	7	200	5770	1366
608	5	13	200	5780	3613
609	19	8	120	5790	2938
610	1	11	120	5800	15323
611	15	0	80	5810	11420
612	5	13	80	5820	3675
613	19	8	160	5830	5226
614	19	8	200	5840	33798
615	19	8	160	5850	690
616	15	0	160	5860	15749
617	15	0	200	5870	300
618	0	18	80	5880	1383
619	6	19	200	5890	1022
620	19	8	200	5900	10058
621	15	0	160	5910	16153
622	6	19	120	5920	19998
623	19	8	200	5930	3016
624	4	7	160	5940	6690
625	4	7	80	5950	1691
626	19	8	160	5960	23300
627	15	0	200	5970	9556
628	19	8	160	5980	11970
629	3	16	200	6000	15139
630	15	0	120	6009	4228
631	15	0	80	6018	7487
632	15	0	120	6027	5494
633	15	0	120	6036	3216
634	6	19	160	6045	18833
635	15	0	160	6054	2453
636	3	16	120	6063	3148
637	6	19	200	6072	8262
638	3	16	160	6081	2264
639	15	0	160	6090	3091
640	3	16	80	6099	3963
641	5	13	80	6108	13299
642	4	7	80	6117	12495
643	0	18	120	6126	5670
644	0	18	160	6135	5291
645	0	18	120	6144	7135
646	5	13	160	6153	5718
647	4	7	200	6162	38792
648	19	8	200	6171	19308
649	5	13	200	6180	2631
650	19	8	80	6189	6758
651	5	13	200	6198	9524
652	19	8	200	6207	9044
653	5	13	80	6216	2071
654	19	8	200	6225	351
655	19	8	200	6234	13849
656	15	0	80	6243	4171
657	19	8	160	6252	13769
658	19	8	160	6261	9474
659	1	11	160	6270	1289
660	3	16	160	6279	8682
661	6	19	80	6288	175
662	5	13	80	6297	3837
663	3	16	200	6306	5774
664	0	18	200	6315	18177
665	5	13	80	6324	2247
666	19	8	200	6333	2444
667	15	0	160	6342	303
668	6	19	80	6351	6838
669	0	18	80	6360	10220
670	15	0	120	6369	11326
671	3	16	160	6400	1950
672	6	19	120	6410	12495
673	5	13	160	6420	14570
674	5	13	200	6430	10456
675	5	13	160	6440	18852
676	5	13	120	6450	640
677	6	19	200	6460	4222
678	19	8	80	6470	14183
679	4	7	120	6480	30022
680	19	8	120	6490	9111
681	15	0	200	6500	24545
682	15	0	200	6510	12358
683	6	19	200	6520	5477
684	3	16	160	6530	2616
685	5	13	160	6540	10030
686	19	8	120	6550	21348
687	5	13	120	6560	2503
688	15	0	160	6570	2718
689	6	19	160	6580	685
690	3	16	120	6590	15603
691	3	16	200	6600	5613
692	6	19	80	6610	23956
693	0	18	200	6620	822
694	6	19	200	6630	8591
695	6	19	200	6640	3682
696	0	18	80	6650	4487
697	0	18	120	6660	2585
698	19	8	120	6670	7550
699	15	0	120	6680	2184
700	3	16	160	6690	3166
701	15	0	200	6700	5131
702	19	8	200	6710	4323
703	19	8	160	6720	1678
704	15	0	120	6730	5922
705	19	8	160	6740	3495
706	19	8	160	6750	18887
707	6	19	80	6760	14607
708	19	8	80	6800	5524
709	6	19	80	6810	1185
710	6	19	160	6820	10962
711	1	11	80	6830	44557
712	3	16	120	6840	37665
713	15	0	120	6850	10112
714	4	7	80	6860	5064
715	6	19	200	6870	9867
716	19	8	80	6880	2144
717	15	0	80	6890	17321
718	19	8	80	6900	2145
719	15	0	120	6910	1610
720	5	13	200	6920	3018
721	6	19	120	6930	41730
722	19	8	200	6940	11064
723	19	8	120	6950	5426
724	19	8	200	6960	15930
725	5	13	160	6970	2333
726	15	0	160	6980	2478
727	6	19	120	6990	9437
728	15	0	200	7000	1586
729	19	8	200	7010	3576
730	5	13	160	7020	5169
731	5	13	80	7030	12908
732	6	19	160	7040	12845
733	3	16	160	7050	7156
734	1	11	160	7060	8391
735	3	16	160	7070	1848
736	19	8	80	7080	6142
737	19	8	120	7090	7278
738	19	8	160	7100	28807
739	5	13	80	7110	20716
740	6	19	80	7120	13239
741	5	13	80	7130	769
742	6	19	80	7140	11757
743	4	7	160	7150	1303
744	19	8	80	7160	3277
745	3	16	80	7170	15820
746	1	11	120	7200	5759
747	15	0	160	7212	2116
748	15	0	200	7224	7923
749	1	11	80	7236	23909
750	15	0	200	7248	1149
751	4	7	200	7260	6282
752	0	18	80	7272	334
753	4	7	80	7284	4476
754	4	7	160	7296	20690
755	15	0	80	7308	3231
756	15	0	200	7320	10307
757	19	8	120	7332	20717
758	19	8	200	7344	3153
759	4	7	200	7356	2517
760	3	16	80	7368	733
761	4	7	80	7380	1916
762	15	0	120	7392	8609
763	1	11	80	7404	1190
764	1	11	160	7416	8673
765	3	16	120	7428	23222
766	6	19	160	7440	1754
767	19	8	160	7452	4083
768	15	0	160	7464	561
769	3	16	160	7476	2438
770	15	0	160	7488	1516
771	19	8	200	7500	8121
772	19	8	160	7512	19495
773	15	0	80	7524	2971
774	1	11	120	7536	3740
775	3	16	160	7548	2014
776	19	8	120	7560	2034
777	15	0	120	7572	7308
778	0	18	120	7600	1360
779	15	0	160	7608	15
780	5	13	80	7616	10770
781	19	8	200	7624	276
782	19	8	120	7632	529
783	15	0	200	7640	2092
784	1	11	80	7648	2056
785	3	16	200	7656	21495
786	5	13	80	7664	11412
787	4	7	160	7672	3705
788	19	8	80	7680	8784
789	5	13	160	7688	3055
790	5	13	160	7696	5263
791	19	8	160	7704	7554
792	19	8	120	7712	2536
793	6	19	200	7720	9704
794	4	7	80	7728	14530
795	5	13	200	7736	7247
796	6	19	200	7744	4533
797	5	13	200	7752	7991
798	3	16	80	7760	5363
799	19	8	160	7768	3967
800	15	0	160	7776	8741
801	3	16	160	7784	963
802	19	8	200	7792	1439
803	6	19	120	7800	3644
804	6	19	120	7808	12002
805	15	0	80	7816	5483
806	4	7	80	7824	7985
807	5	13	200	7832	10495
808	4	7	160	7840	453
809	3	16	200	7848	9688
810	15	0	200	7856	911
811	19	8	160	7864	1071
812	19	8	80	7872	11707
813	4	7	120	7880	3130
814	19	8	160	7888	6043
815	3	16	80	7896	440
816	5	13	160	7904	1291
817	1	11	120	7912	4481
818	0	18	80	7920	19406
819	19	8	160	7928	10471
820	15	0	120	7936	1639
821	3	16	80	7944	13998
822	0	18	160	7952	10573
823	4	7	80	7960	11102
824	15	0	80	7968	12136
825	15	0	200	7976	6598
826	1	11	120	8000	3645
827	5	13	200	8012	1884
828	5	13	80	8024	5122
829	15	0	120	8036	12026
830	6	19	200	8048	12483
831	6	19	120	8060	7187
832	6	19	120	8072	935
833	3	16	160	8084	11597
834	1	11	80	8096	3290
835	3	16	120	8108	7875
836	19	8	200	8120	16281
837	5	13	80	8132	9581
838	4	7	160	8144	4830
839	5	13	200	8156	10490
840	19	8	160	8168	2858
841	19	8	80	8180	236
842	1	11	200	8192	3034
843	15	0	80	8204	26672
844	15	0	200	8216	1882
845	6	19	200	8228	3528
846	3	16	160	8240	14785
847	15	0	80	8252	23628
848	6	19	80	8264	1515
849	1	11	200	8276	12252
850	19	8	80	8288	4736
851	5	13	120	8300	29
852	5	13	200	8312	10188
853	4	7	120	8324	11370
854	0	18	120	8336	1842
855	6	19	120	8348	14584
856	3	16	80	8360	3826
857	15	0	200	8400	4278
858	19	8	80	8410	7040
859	19	8	120	8420	1939
860	15	0	160	8430	1115
861	19	8	120	8440	4380
862	0	18	200	8450	2385
863	5	13	120	8460	2599
864	15	0	80	8470	19459
865	4	7	120	8480	5786
866	5	13	80	8490	121
867	15	0	160	8500	25
868	4	7	80	8510	34508
869	15	0	80	8520	18734
870	3	16	120	8530	1629
871	1	11	160	8540	4796
872	19	8	200	8550	29721
873	15	0	80	8560	1598
874	0	18	80	8570	4489
875	19	8	80	8580	1357
876	1	11	80	8590	5715
877	4	7	120	8600	11721
878	6	19	120	8610	6223
879	4	7	80	8620	4413
880	6	19	120	8630	10160
881	5	13	80	8640	4332
882	19	8	200	8650	304
883	5	13	80	8660	9345
884	19	8	120	8670	3213
885	3	16	120	8680	12343
886	1	11	160	8690	16487
887	4	7	80	8700	3468
888	3	16	80	8710	6560
889	6	19	160	8720	5525
890	0	18	120	8730	2260
891	4	7	80	8740	4857
892	6	19	200	8750	958
893	5	13	80	8760	2174
894	15	0	120	8770	7338
895	0	18	120	8780	16884
896	19	8	80	8790	11802
897	15	0	160	8800	311
898	3	16	80	8812	428
899	5	13	120	8824	9495
900	3	16	200	8836	3343
901	6	19	80	8848	14625
902	5	13	200	8860	26001
903	15	0	200	8872	2503
904	19	8	120	8884	7321
905	19	8	160	8896	43930
906	6	19	160	8908	227
907	15	0	160	8920	6196
908	4	7	80	8932	3193
909	3	16	80	8944	407
910	5	13	80	8956	3179
911	19	8	160	8968	7557
912	3	16	120	8980	16546
913	15	0	80	8992	1406
914	5	13	80	9004	5482
915	4	7	160	9016	9958
916	19	8	160	9028	3879
917	15	0	200	9040	6729
918	15	0	200	9052	23447
919	6	19	160	9064	1076
920	3	16	200	9076	8222
921	3	16	200	9088	8706
922	5	13	120	9100	4689
923	15	0	160	9112	5353
924	15	0	200	9124	8575
925	19	8	120	9136	10449
926	15	0	160	9148	3300
927	6	19	200	9160	10704
928	1	11	200	9200	6952
929	19	8	200	9208	6399
930	19	8	80	9216	3886
931	5	13	160	9224	5114
932	3	16	80	9232	10092
933	3	16	200	9240	14956
934	1	11	80	9248	687
935	19	8	80	9256	16955
936	19	8	120	9264	4883
937	1	11	200	9272	11710
938	5	13	160	9280	750
939	19	8	200	9288	3262
940	6	19	200	9296	11357
941	5	13	200	9304	3246
942	0	18	200	9312	183
943	0	18	200	9320	5706
944	3	16	120	9328	1498
945	3	16	160	9336	8062
946	3	16	160	9344	6968
947	19	8	160	9352	24234
948	0	18	80	9360	10836
949	5	13	200	9368	17542
950	1	11	200	9376	5458
951	3	16	120	9384	1810
952	0	18	160	9392	768
953	15	0	120	9400	20856
954	4	7	160	9408	432
955	0	18	80	9416	9075
956	1	11	160	9424	4029
957	19	8	120	9432	5130
958	0	18	200	9440	7553
959	19	8	200	9448	16347
960	4	7	200	9456	8579
961	1	11	160	9464	2744
962	15	0	200	9472	25439
963	4	7	120	9480	12059
964	3	16	80	9488	8745
965	19	8	160	9496	15483
966	15	0	160	9504	17986
967	0	18	120	9512	225
968	6	19	80	9520	657
969	5	13	200	9528	7660
970	5	13	80	9536	2355
971	19	8	160	9544	7648
972	4	7	80	9552	5220
973	15	0	80	9560	7568
974	19	8	200	9568	3667
975	19	8	200	9576	2952
976	1	11	200	9600	8185
977	5	13	160	9609	21697
978	6	19	80	9618	3050
979	6	19	120	9627	183
980	19	8	200	9636	1278
981	15	0	80	9645	3907
982	6	19	160	9654	43569
983	15	0	80	9663	9428
984	19	8	200	9672	461
985	19	8	200	9681	1610
986	5	13	80	9690	3834
987	6	19	160	9699	12505
988	19	8	120	9708	12608
989	0	18	80	9717	4139
990	19	8	160	9726	5296
991	3	16	80	9735	32854
992	0	18	200	9744	1372
993	6	19	160	9753	1978
994	15	0	80	9762	9043
995	6	19	80	9771	5045
996	15	0	80	9780	3762
997	15	0	160	9789	2239
998	19	8	200	9798	14921
999	4	7	200	9807	3028
1000	6	19	80	9816	10793
1001	1	11	80	9825	6454
1002	4	7	160	9834	16496
1003	6	19	120	9843	1075
1004	0	18	160	9852	8025
1005	4	7	80	9861	16892
1006	19	8	80	9870	10275
1007	5	13	120	9879	5228
1008	15	0	160	9888	6540
1009	5	13	200	9897	10899
1010	19	8	80	9906	308
1011	15	0	80	9915	4960
1012	5	13	80	9924	1359
1013	6	19	160	9933	7100
1014	3	16	80	9942	10263
1015	6	19	200	9951	2533
1016	15	0	80	9960	2793
1017	19	8	160	9969	2475
1018	5	13	160	9978	10254
1019	5	13	80	9987	5270
1020	6	19	120	10000	5152
1021	4	7	200	10008	877
1022	3	16	80	10016	2138
1023	6	19	200	10024	8987
1024	6	19	120	10032	1132
1025	3	16	80	10040	2534
1026	19	8	160	10048	4899
1027	15	0	120	10056	2411
1028	19	8	80	10064	21821
1029	6	19	160	10072	18416
1030	3	16	200	10080	21681
1031	5	13	120	10088	4039
1032	6	19	160	10096	741
1033	4	7	120	10104	15
1034	3	16	120	10112	2651
1035	15	0	200	10120	7210
1036	6	19	120	10128	5765
1037	19	8	80	10136	16314
1038	15	0	160	10144	486
1039	15	0	160	10152	1559
1040	19	8	160	10160	4916
1041	0	18	160	10168	18497
1042	15	0	80	10176	2111
1043	6	19	120	10184	403
1044	3	16	80	10192	3647
1045	3	16	120	10200	178
1046	19	8	80	10208	14047
1047	6	19	120	10216	6738
1048	5	13	160	10224	5486
1049	4	7	80	10232	4162
1050	19	8	200	10240	1520
1051	15	0	120	10248	923
1052	5	13	80	10256	5899
1053	6	19	160	10264	3602
1054	15	0	120	10272	14675
1055	4	7	80	10280	8099
1056	19	8	200	10288	3074
1057	15	0	200	10296	1764
1058	19	8	80	10304	40713
1059	19	8	120	10312	3592
1060	5	13	120	10320	4371
1061	1	11	200	10328	4973
1062	6	19	120	10336	6303
1063	4	7	200	10344	8597
1064	4	7	80	10352	13306
1065	6	19	200	10360	8204
1066	3	16	120	10400	3742
1067	3	16	160	10411	1341
1068	5	13	80	10422	2924
1069	5	13	120	10433	1103
1070	19	8	120	10444	11345
1071	15	0	200	10455	4424
1072	4	7	80	10466	1856
1073	15	0	200	10477	6305
1074	5	13	160	10488	189
1075	6	19	200	10499	6824
1076	5	13	160	10510	16438
1077	15	0	200	10521	1639
1078	5	13	200	10532	2953
1079	5	13	200	10543	931
1080	5	13	80	10554	4700
1081	4	7	120	10565	17561
1082	6	19	200	10576	11549
1083	15	0	200	10587	6022
1084	15	0	200	10598	10382
1085	6	19	120	10609	13917
1086	0	18	120	10620	16618
1087	19	8	80	10631	10353
1088	6	19	200	10642	1410
1089	19	8	80	10653	8294
1090	15	0	200	10664	2570
1091	15	0	120	10675	3034
1092	19	8	80	10686	16703
1093	15	0	80	10697	9558
1094	4	7	80	10708	11288
1095	19	8	200	10719	44452
1096	6	19	120	10730	3517
1097	6	19	80	10741	6815
1098	4	7	120	10752	2182
1099	6	19	120	10763	10320
1100	0	18	80	10774	8363
1101	15	0	120	10785	8939
1102	3	16	80	10800	2442
1103	19	8	80	10810	3664
1104	4	7	200	10820	8348
1105	3	16	80	10830	11033
1106	6	19	80	10840	18574
1107	15	0	120	10850	29951
1108	3	16	80	10860	3314
1109	4	7	160	10870	2478
1110	15	0	160	10880	11578
1111	5	13	80	10890	1148
1112	5	13	80	10900	17603
1113	6	19	120	10910	17230
1114	6	19	120	10920	19954
1115	1	11	80	10930	6079
1116	15	0	80	10940	9605
1117	19	8	120	10950	130
1118	6	19	80	10960	21469
1119	15	0	160	10970	34184
1120	6	19	160	10980	11642
1121	3	16	120	10990	8346
1122	6	19	160	11000	39394
1123	6	19	80	11010	8649
1124	15	0	120	11020	15393
1125	5	13	80	11030	4670
1126	19	8	200	11040	6366
1127	6	19	80	11050	5705
1128	5	13	160	11060	12455
1129	6	19	160	11070	221
1130	19	8	160	11080	1968
1131	19	8	160	11090	2835
1132	5	13	120	11100	23442
1133	19	8	160	11110	7015
1134	5	13	200	11120	4950
1135	6	19	160	11130	11807
1136	1	11	80	11140	7859
1137	6	19	160	11150	4039
1138	5	13	80	11160	17041
1139	6	19	200	11170	30779
1140	19	8	120	11180	20463
1141	5	13	200	11190	18293
1142	19	8	80	11200	3911
1143	5	13	120	11215	18050
1144	3	16	160	11230	17004
1145	5	13	200	11245	1216
1146	4	7	120	11260	4446
1147	5	13	200	11275	38715
1148	4	7	160	11290	12105
1149	4	7	80	11305	2026
1150	4	7	200	11320	2820
1151	15	0	200	11335	3318
1152	19	8	80	11350	8212
1153	6	19	200	11365	2330
1154	19	8	160	11380	25378
1155	19	8	160	11395	5
1156	3	16	200	11410	9119
1157	15	0	80	11425	7376
1158	4	7	200	11440	5763
1159	19	8	160	11455	1841
1160	4	7	80	11470	1779
1161	0	18	80	11485	3980
1162	4	7	160	11500	1657
1163	6	19	120	11515	2990
1164	4	7	200	11530	395
1165	19	8	200	11545	5024
1166	1	11	160	11560	1657
1167	6	19	160	11575	2914
1168	3	16	120	11600	4393
1169	0	18	200	11608	1262
1170	19	8	200	11616	18978
1171	1	11	160	11624	2882
1172	6	19	120	11632	1160
1173	1	11	120	11640	24465
1174	15	0	120	11648	525
1175	3	16	160	11656	16215
1176	4	7	80	11664	2419
1177	4	7	80	11672	820
1178	5	13	120	11680	12118
1179	5	13	160	11688	9985
1180	0	18	160	11696	127
1181	6	19	80	11704	6508
1182	4	7	120	11712	10477
1183	4	7	160	11720	6667
1184	5	13	200	11728	10479
1185	4	7	160	11736	16870
1186	19	8	120	11744	8553
1187	15	0	160	11752	9471
1188	19	8	200	11760	7864
1189	6	19	80	11768	4939
1190	5	13	200	11776	765
1191	5	13	80	11784	188
1192	5	13	160	11792	17165
1193	5	13	120	11800	9006
1194	4	7	160	11808	12085
1195	19	8	80	11816	6049
1196	3	16	120	11824	9938
1197	4	7	160	11832	622
1198	1	11	120	11840	15021
1199	3	16	160	11848	4279
1200	4	7	80	11856	24614
1201	15	0	200	11864	1032
1202	3	16	120	11872	6742
1203	4	7	200	11880	8036
1204	4	7	80	11888	3050
1205	3	16	120	11896	41692
1206	3	16	160	11904	1830
1207	19	8	160	11912	9336
1208	15	0	120	11920	1677
1209	19	8	80	11928	752
1210	15	0	160	11936	10768
1211	19	8	160	11944	6991
1212	5	13	160	11952	13813
1213	19	8	80	11960	12895
1214	19	8	80	11968	1683
1215	15	0	80	11976	8234
1216	15	0	160	12000	8675
1217	19	8	80	12008	7776
1218	4	7	160	12016	6972
1219	0	18	120	12024	1486
1220	0	18	160	12032	13271
1221	5	13	80	12040	5437
1222	15	0	200	12048	9101
1223	15	0	120	12056	26139
1224	6	19	200	12064	450
1225	6	19	200	12072	17194
1226	15	0	200	12080	4351
1227	3	16	200	12088	4921
1228	19	8	160	12096	1527
1229	19	8	80	12104	6091
1230	19	8	80	12112	1366
1231	19	8	160	12120	1648
1232	3	16	200	12128	2305
1233	3	16	200	12136	3643
1234	0	18	120	12144	11385
1235	4	7	200	12152	18008
1236	5	13	200	12160	34847
1237	0	18	160	12168	810
1238	0	18	120	12176	2283
1239	3	16	120	12184	10643
1240	0	18	80	12192	8969
1241	19	8	160	12200	27530
1242	19	8	80	12208	5622
1243	0	18	160	12216	6143
1244	19	8	160	12224	10210
1245	6	19	120	12232	5683
1246	1	11	120	12240	1796
1247	6	19	160	12248	688
1248	5	13	120	12256	5321
1249	6	19	160	12264	1174
1250	3	16	160	12272	16238
1251	4	7	80	12280	750
1252	0	18	80	12288	5435
1253	0	18	80	12296	9051
1254	3	16	80	12304	7423
1255	19	8	80	12312	4939
1256	0	18	80	12320	4662
1257	6	19	200	12328	7484
1258	15	0	200	12336	6921
1259	15	0	120	12344	4547
1260	5	13	160	12352	6845
1261	1	11	200	12400	10933
1262	3	16	80	12409	5787
1263	19	8	120	12418	8540
1264	19	8	80	12427	21606
1265	15	0	200	12436	6451
1266	15	0	200	12445	3230
1267	3	16	200	12454	4874
1268	19	8	200	12463	338
1269	15	0	80	12472	2797
1270	5	13	120	12481	8526
1271	15	0	200	12490	6669
1272	19	8	200	12499	3738
1273	1	11	80	12508	14970
1274	19	8	80	12517	5473
1275	1	11	200	12526	14745
1276	5	13	80	12535	35668
1277	15	0	80	12544	1238
1278	15	0	200	12553	2205
1279	1	11	160	12562	6319
1280	6	19	120	12571	9172
1281	4	7	120	12580	3288
1282	15	0	160	12589	29081
1283	4	7	80	12598	304
1284	15	0	120	12607	8733
1285	15	0	200	12616	558
1286	19	8	160	12625	9448
1287	3	16	160	12634	6807
1288	0	18	160	12643	11458
1289	0	18	120	12652	2835
1290	4	7	200	12661	4827
1291	19	8	200	12670	3818
1292	5	13	160	12679	5826
1293	5	13	200	12688	13487
1294	15	0	200	12697	1400
1295	19	8	120	12706	21167
1296	19	8	160	12715	4827
1297	19	8	160	12724	15104
1298	3	16	160	12733	7394
1299	5	13	160	12742	1465
1300	15	0	120	12751	1551
1301	19	8	160	12760	10928
1302	6	19	160	12769	335
1303	19	8	80	12778	1693
1304	4	7	120	12800	5245
1305	5	13	160	12810	2888
1306	4	7	120	12820	10077
1307	19	8	200	12830	8331
1308	0	18	200	12840	1606
1309	1	11	120	12850	11515
1310	15	0	200	12860	5113
1311	5	13	200	12870	2833
1312	19	8	80	12880	3654
1313	6	19	80	12890	267
1314	1	11	80	12900	11133
1315	3	16	120	12910	2174
1316	5	13	80	12920	11807
1317	19	8	200	12930	5194
1318	5	13	200	12940	38433
1319	3	16	80	12950	16046
1320	15	0	120	12960	15755
1321	6	19	80	12970	11393
1322	1	11	120	12980	9500
1323	19	8	120	12990	10870
1324	5	13	120	13000	14761
1325	5	13	120	13010	2584
1326	5	13	80	13020	395
1327	6	19	200	13030	6542
1328	5	13	80	13040	9252
1329	0	18	200	13050	6685
1330	4	7	80	13060	3936
1331	5	13	120	13070	1204
1332	6	19	160	13080	6216
1333	5	13	80	13090	611
1334	4	7	80	13100	3693
1335	6	19	160	13110	22166
1336	15	0	160	13120	2807
1337	19	8	120	13130	12217
1338	19	8	200	13140	6502
1339	4	7	200	13150	3586
1340	6	19	160	13160	3460
1341	0	18	160	13170	376
1342	3	16	160	13200	3967
1343	19	8	120	13209	51053
1344	5	13	120	13218	13995
1345	19	8	200	13227	1345
1346	0	18	160	13236	103
1347	19	8	120	13245	5299
1348	5	13	160	13254	523
1349	6	19	160	13263	20476
1350	6	19	80	13272	1372
1351	19	8	160	13281	29651
1352	15	0	200	13290	15549
1353	19	8	160	13299	10707
1354	15	0	120	13308	2933
1355	3	16	120	13317	4317
1356	19	8	120	13326	409
1357	15	0	80	13335	2831
1358	5	13	160	13344	3431
1359	19	8	200	13353	1834
1360	3	16	120	13362	2352
1361	15	0	160	13371	1372
1362	6	19	160	13380	26079
1363	0	18	200	13389	7647
1364	19	8	80	13398	3751
1365	4	7	160	13407	3233
1366	15	0	120	13416	11351
1367	5	13	80	13425	2775
1368	4	7	80	13434	8703
1369	6	19	160	13443	13454
1370	6	19	160	13452	22783
1371	6	19	200	13461	35782
1372	19	8	80	13470	20331
1373	1	11	80	13479	7965
1374	15	0	120	13488	5777
1375	15	0	200	13497	13475
1376	6	19	120	13506	3674
1377	1	11	200	13515	9544
1378	5	13	80	13524	19902
1379	6	19	160	13533	9297
1380	5	13	200	13542	2443
1381	6	19	200	13551	6639
1382	4	7	80	13560	5468
1383	19	8	160	13569	11510
1384	6	19	200	13578	4204
1385	5	13	160	13587	4264
1386	15	0	160	13600	2660
1387	6	19	80	13611	12976
1388	15	0	200	13622	11640
1389	1	11	200	13633	24418
1390	15	0	120	13644	17480
1391	19	8	120	13655	49282
1392	5	13	200	13666	4554
1393	3	16	80	13677	3464
1394	3	16	120	13688	900
1395	19	8	80	13699	1720
1396	6	19	200	13710	705
1397	3	16	160	13721	11949
1398	3	16	120	13732	7825
1399	3	16	160	13743	5444
1400	3	16	160	13754	4043
1401	15	0	160	13765	10175
1402	6	19	120	13776	13775
1403	15	0	80	13787	2295
1404	0	18	80	13798	31549
1405	19	8	80	13809	1481
1406	0	18	160	13820	445
1407	6	19	160	13831	2052
1408	5	13	80	13842	2022
1409	1	11	120	13853	5425
1410	15	0	200	13864	399
1411	19	8	120	13875	3485
1412	5	13	80	13886	3839
1413	19	8	80	13897	8667
1414	5	13	200	13908	22741
1415	15	0	160	13919	9392
1416	5	13	120	13930	8688
1417	15	0	80	13941	1773
1418	6	19	80	13952	1853
1419	6	19	160	13963	25975
1420	15	0	200	14000	406
1421	3	16	80	14009	24901
1422	15	0	80	14018	5981
1423	4	7	80	14027	9912
1424	19	8	80	14036	20875
1425	15	0	120	14045	23080
1426	3	16	80	14054	6468
1427	15	0	80	14063	6747
1428	19	8	200	14072	5939
1429	19	8	120	14081	3095
1430	3	16	200	14090	10476
1431	5	13	200	14099	7188
1432	19	8	160	14108	603
1433	4	7	120	14117	4402
1434	5	13	200	14126	2744
1435	19	8	80	14135	6272
1436	19	8	120	14144	10857
1437	6	19	200	14153	2256
1438	15	0	160	14162	12191
1439	6	19	160	14171	2192
1440	4	7	200	14180	3557
1441	1	11	200	14189	466
1442	4	7	200	14198	6922
1443	15	0	120	14207	2563
1444	5	13	80	14216	18746
1445	19	8	200	14225	6115
1446	6	19	120	14234	7672
1447	6	19	200	14243	11845
1448	15	0	80	14252	4217
1449	6	19	160	14261	4297
1450	5	13	160	14270	6057
1451	15	0	200	14279	17342
1452	15	0	160	14288	6727
1453	15	0	160	14297	8698
1454	6	19	160	14306	4697
1455	19	8	120	14315	4656
1456	19	8	160	14324	1717
1457	5	13	80	14333	940
1458	19	8	200	14342	3120
1459	5	13	200	14351	297
1460	19	8	80	14360	7626
1461	4	7	160	14400	5299
1462	6	19	200	14409	9693
1463	6	19	160	14418	18630
1464	19	8	160	14427	11497
1465	5	13	80	14436	4869
1466	19	8	200	14445	2632
1467	3	16	160	14454	25339
1468	15	0	80	14463	3710
1469	6	19	200	14472	4063
1470	15	0	120	14481	23693
1471	19	8	120	14490	4311
1472	19	8	160	14499	4311
1473	0	18	120	14508	27294
1474	4	7	160	14517	7372
1475	6	19	200	14526	39563
1476	19	8	120	14535	3778
1477	0	18	200	14544	2326
1478	19	8	80	14553	13133
1479	1	11	120	14562	3981
1480	3	16	200	14571	3172
1481	15	0	120	14580	12186
1482	19	8	200	14589	1395
1483	6	19	80	14598	917
1484	5	13	160	14607	12477
1485	5	13	200	14616	14888
1486	15	0	80	14625	195
1487	4	7	200	14634	4218
1488	15	0	160	14643	30952
1489	5	13	160	14652	15131
1490	19	8	160	14661	3449
1491	6	19	80	14670	7990
1492	15	0	200	14679	20487
1493	5	13	200	14688	10953
1494	15	0	120	14697	7851
1495	0	18	120	14706	16609
1496	6	19	80	14715	3500
1497	15	0	80	14724	9028
1498	15	0	160	14733	5735
1499	19	8	80	14742	4754
1500	19	8	80	14751	2343
1501	5	13	160	14760	8603
1502	15	0	160	14769	4104
1503	3	16	120	14778	92
1504	15	0	120	14787	5038
1505	6	19	120	14800	971
1506	15	0	80	14810	5062
1507	15	0	80	14820	7363
1508	5	13	80	14830	501
1509	19	8	160	14840	4800
1510	1	11	80	14850	536
1511	19	8	160	14860	22621
1512	6	19	200	14870	2905
1513	15	0	160	14880	21385
1514	4	7	200	14890	9877
1515	3	16	200	14900	14296
1516	4	7	160	14910	3137
1517	1	11	200	14920	7208
1518	0	18	80	14930	957
1519	6	19	160	14940	20000
1520	15	0	200	14950	4521
1521	6	19	200	14960	16358
1522	5	13	200	14970	30817
1523	5	13	120	14980	5905
1524	15	0	80	14990	394
1525	3	16	80	15000	3045
1526	4	7	120	15010	5448
1527	6	19	200	15020	8893
1528	5	13	80	15030	3346
1529	4	7	120	15040	10401
1530	0	18	200	15050	8140
1531	3	16	80	15060	9630
1532	4	7	80	15070	10796
1533	19	8	80	15080	3548
1534	3	16	120	15090	1188
1535	15	0	80	15100	8834
1536	19	8	160	15110	3832
1537	15	0	120	15120	1286
1538	15	0	160	15130	8197
1539	19	8	120	15140	9001
1540	15	0	200	15150	3767
1541	3	16	80	15160	4392
1542	19	8	200	15200	3434
1543	19	8	200	15209	6004
1544	4	7	160	15218	12272
1545	19	8	200	15227	4212
1546	0	18	120	15236	3169
1547	19	8	120	15245	38427
1548	3	16	200	15254	298
1549	6	19	160	15263	12587
1550	15	0	160	15272	6391
1551	5	13	120	15281	11432
1552	15	0	80	15290	6635
1553	5	13	80	15299	7207
1554	4	7	80	15308	131
1555	5	13	80	15317	3867
1556	1	11	160	15326	9117
1557	5	13	120	15335	16918
1558	6	19	120	15344	26460
1559	6	19	120	15353	1307
1560	4	7	200	15362	7750
1561	4	7	120	15371	12793
1562	4	7	80	15380	2407
1563	4	7	200	15389	3243
1564	19	8	200	15398	13400
1565	19	8	200	15407	3631
1566	15	0	160	15416	1787
1567	6	19	200	15425	23394
1568	15	0	120	15434	12596
1569	6	19	160	15443	331
1570	4	7	120	15452	4810
1571	6	19	120	15461	1546
1572	4	7	80	15470	24428
1573	1	11	160	15479	4601
1574	15	0	200	15488	6253
1575	6	19	160	15497	74
1576	15	0	80	15506	5897
1577	6	19	80	15515	4795
1578	1	11	200	15524	10705
1579	15	0	80	15533	8144
1580	3	16	200	15542	36447
1581	5	13	80	15551	5578
1582	5	13	200	15560	8049
1583	19	8	160	15569	6372
1584	6	19	160	15600	1561
1585	15	0	160	15614	16833
1586	5	13	200	15628	1171
1587	19	8	80	15642	1270
1588	15	0	200	15656	3347
1589	15	0	120	15670	11242
1590	15	0	160	15684	35690
1591	6	19	80	15698	5565
1592	5	13	80	15712	1638
1593	4	7	80	15726	5391
1594	15	0	160	15740	452
1595	6	19	120	15754	6895
1596	19	8	80	15768	1419
1597	15	0	80	15782	127
1598	19	8	80	15796	10046
1599	5	13	160	15810	4350
1600	5	13	120	15824	1877
1601	6	19	120	15838	3834
1602	4	7	80	15852	1774
1603	15	0	120	15866	44321
1604	4	7	80	15880	3333
1605	4	7	120	15894	3751
1606	3	16	80	15908	13188
1607	15	0	160	15922	1080
1608	6	19	80	15936	422
1609	15	0	160	15950	56
1610	15	0	200	15964	15831
1611	6	19	160	15978	2082
1612	5	13	160	16000	1222
1613	15	0	80	16009	3140
1614	5	13	160	16018	1406
1615	19	8	160	16027	1007
1616	15	0	120	16036	1428
1617	5	13	160	16045	9922
1618	15	0	80	16054	1356
1619	4	7	120	16063	21824
1620	15	0	80	16072	2076
1621	15	0	160	16081	438
1622	19	8	200	16090	7417
1623	19	8	80	16099	311
1624	19	8	80	16108	427
1625	19	8	80	16117	24061
1626	3	16	80	16126	37383
1627	1	11	200	16135	4966
1628	4	7	80	16144	3855
1629	5	13	120	16153	26750
1630	15	0	160	16162	15000
1631	0	18	80	16171	5638
1632	6	19	80	16180	10646
1633	15	0	80	16189	3064
1634	5	13	200	16198	4490
1635	15	0	120	16207	7506
1636	3	16	80	16216	2890
1637	19	8	160	16225	8135
1638	15	0	120	16234	1869
1639	4	7	120	16243	12994
1640	6	19	120	16252	583
1641	15	0	80	16261	80
1642	5	13	200	16270	801
1643	1	11	120	16279	3262
1644	19	8	120	16288	17873
1645	1	11	200	16297	11392
1646	1	11	160	16306	3565
1647	6	19	80	16315	15755
1648	19	8	160	16324	3192
1649	19	8	200	16333	22062
1650	15	0	80	16342	4276
1651	5	13	120	16351	4810
1652	19	8	80	16360	15716
1653	15	0	160	16400	12131
1654	15	0	120	16411	1694
1655	6	19	160	16422	1354
1656	15	0	160	16433	11985
1657	4	7	80	16444	1401
1658	15	0	120	16455	23058
1659	5	13	200	16466	3956
1660	0	18	120	16477	3872
1661	1	11	80	16488	3387
1662	5	13	160	16499	10896
1663	3	16	160	16510	726
1664	19	8	200	16521	1398
1665	15	0	200	16532	3520
1666	1	11	160	16543	5441
1667	6	19	120	16554	13874
1668	5	13	80	16565	18045
1669	15	0	120	16576	6433
1670	15	0	160	16587	13506
1671	19	8	160	16598	5959
1672	19	8	80	16609	5582
1673	6	19	160	16620	3483
1674	15	0	200	16631	15976
1675	19	8	200	16642	1973
1676	4	7	160	16653	25368
1677	15	0	160	16664	2511
1678	0	18	160	16675	1255
1679	15	0	80	16686	2771
1680	15	0	160	16697	7151
1681	15	0	200	16708	1115
1682	4	7	120	16719	1145
1683	5	13	80	16730	4722
1684	15	0	120	16741	6398
1685	5	13	120	16752	4016
1686	3	16	80	16763	8308
1687	19	8	120	16774	24850
1688	1	11	160	16800	1089
1689	19	8	120	16808	2558
1690	19	8	200	16816	14281
1691	19	8	80	16824	1229
1692	1	11	120	16832	9481
1693	4	7	120	16840	13638
1694	4	7	80	16848	4347
1695	6	19	120	16856	10334
1696	4	7	160	16864	2475
1697	4	7	120	16872	68
1698	3	16	120	16880	1534
1699	4	7	120	16888	6159
1700	0	18	120	16896	2471
1701	6	19	120	16904	6145
1702	3	16	80	16912	26880
1703	1	11	120	16920	11987
1704	3	16	120	16928	1035
1705	15	0	120	16936	17574
1706	6	19	80	16944	23896
1707	6	19	120	16952	5654
1708	19	8	200	16960	19838
1709	15	0	160	16968	28664
1710	4	7	200	16976	1762
1711	19	8	200	16984	5658
1712	4	7	120	16992	124
1713	0	18	80	17000	8425
1714	15	0	120	17008	12843
1715	5	13	120	17016	2339
1716	19	8	200	17024	1903
1717	0	18	160	17032	2830
1718	6	19	80	17040	6145
1719	15	0	160	17048	11606
1720	15	0	200	17056	9901
1721	4	7	80	17064	6181
1722	6	19	160	17072	9529
1723	6	19	200	17080	7771
1724	15	0	120	17088	10192
1725	19	8	120	17096	8935
1726	19	8	120	17104	14220
1727	15	0	160	17112	9219
1728	3	16	160	17120	21718
1729	4	7	160	17128	1197
1730	15	0	80	17136	24382
1731	0	18	120	17144	23878
1732	15	0	80	17152	797
1733	19	8	120	17200	7498
1734	15	0	160	17211	219
1735	4	7	80	17222	451
1736	6	19	200	17233	1441
1737	3	16	200	17244	3531
1738	3	16	160	17255	3138
1739	19	8	80	17266	8672
1740	15	0	80	17277	4713
1741	15	0	160	17288	1199
1742	19	8	120	17299	318
1743	5	13	80	17310	1348
1744	6	19	120	17321	632
1745	1	11	200	17332	3146
1746	15	0	200	17343	1086
1747	0	18	80	17354	352
1748	6	19	80	17365	153
1749	19	8	160	17376	1449
1750	15	0	120	17387	5763
1751	4	7	80	17398	27567
1752	15	0	80	17409	5115
1753	6	19	200	17420	4206
1754	15	0	160	17431	14036
1755	15	0	80	17442	10402
1756	19	8	160	17453	14661
1757	6	19	120	17464	3370
1758	4	7	200	17475	462
1759	4	7	200	17486	4763
1760	19	8	200	17497	477
1761	19	8	120	17508	2467
1762	4	7	200	17519	6807
1763	15	0	80	17530	12011
1764	1	11	120	17541	158
1765	4	7	160	17552	2283
1766	4	7	200	17563	4251
1767	5	13	80	17574	4182
1768	4	7	160	17585	7828
1769	6	19	80	17600	10911
1770	19	8	160	17609	742
1771	15	0	200	17618	15440
1772	19	8	200	17627	29045
1773	15	0	80	17636	16597
1774	19	8	160	17645	3090
1775	19	8	80	17654	6764
1776	5	13	200	17663	5532
1777	4	7	160	17672	6229
1778	1	11	120	17681	6307
1779	15	0	160	17690	4022
1780	4	7	160	17699	6311
1781	19	8	80	17708	12402
1782	3	16	160	17717	8752
1783	5	13	200	17726	11690
1784	15	0	80	17735	7859
1785	6	19	80	17744	33290
1786	4	7	120	17753	5185
1787	3	16	80	17762	9263
1788	3	16	160	17771	12159
1789	19	8	120	17780	2847
1790	4	7	120	17789	1934
1791	19	8	120	17798	13767
1792	19	8	200	17807	2861
1793	19	8	160	17816	16685
1794	19	8	80	17825	7408
1795	15	0	160	17834	1585
1796	5	13	200	17843	6682
1797	3	16	80	17852	2428
1798	4	7	160	17861	1164
1799	4	7	200	17870	14070
1800	15	0	200	17879	19530
1801	4	7	160	17888	10179
1802	15	0	160	17897	4343
1803	0	18	200	17906	2568
1804	0	18	80	17915	642
1805	19	8	120	17924	8597
1806	5	13	120	17933	41808
1807	1	11	80	17942	7290
1808	15	0	120	17951	741
1809	15	0	120	17960	2369
1810	5	13	120	17969	2073
1811	15	0	80	17978	2842
1812	6	19	200	18000	12811
1813	6	19	120	18012	8655
1814	19	8	120	18024	18664
1815	3	16	200	18036	2518
1816	19	8	200	18048	7336
1817	19	8	200	18060	13074
1818	0	18	80	18072	1314
1819	6	19	120	18084	287
1820	19	8	80	18096	11800
1821	3	16	160	18108	10367
1822	4	7	120	18120	7865
1823	5	13	80	18132	3140
1824	4	7	160	18144	6032
1825	19	8	80	18156	2490
1826	19	8	80	18168	6462
1827	19	8	80	18180	822
1828	15	0	200	18192	2523
1829	3	16	200	18204	1212
1830	6	19	120	18216	35
1831	3	16	160	18228	2168
1832	19	8	200	18240	4160
1833	19	8	160	18252	10117
1834	19	8	160	18264	5265
1835	1	11	200	18276	13982
1836	1	11	120	18288	3681
1837	1	11	200	18300	3960
1838	4	7	160	18312	9394
1839	15	0	200	18324	27296
1840	3	16	160	18336	36672
1841	4	7	120	18348	16896
1842	6	19	200	18360	7277
1843	6	19	120	18372	5954
1844	6	19	80	18400	590
1845	6	19	120	18410	19793
1846	6	19	160	18420	183
1847	4	7	160	18430	8165
1848	19	8	120	18440	28830
1849	19	8	120	18450	3249
1850	19	8	200	18460	6929
1851	5	13	200	18470	11462
1852	3	16	80	18480	934
1853	15	0	120	18490	844
1854	4	7	160	18500	465
1855	15	0	120	18510	1652
1856	19	8	120	18520	789
1857	5	13	160	18530	792
1858	19	8	80	18540	10935
1859	3	16	80	18550	13271
1860	0	18	120	18560	882
1861	5	13	80	18570	18176
1862	5	13	80	18580	3173
1863	6	19	120	18590	23632
1864	1	11	80	18600	2321
1865	4	7	200	18610	37605
1866	19	8	120	18620	17919
1867	15	0	80	18630	673
1868	15	0	160	18640	1576
1869	19	8	120	18650	642
1870	0	18	120	18660	18522
1871	19	8	200	18670	1883
1872	15	0	120	18680	967
1873	4	7	80	18690	1632
1874	5	13	160	18700	372
1875	15	0	200	18710	17822
1876	15	0	200	18720	1104
1877	15	0	200	18730	851
1878	15	0	80	18740	2339
1879	15	0	120	18750	7610
1880	5	13	120	18760	2245
1881	15	0	120	18800	19675
1882	19	8	160	18809	1067
1883	19	8	160	18818	22083
1884	4	7	80	18827	6589
1885	4	7	120	18836	2227
1886	0	18	120	18845	1088
1887	4	7	120	18854	2914
1888	6	19	80	18863	8658
1889	4	7	120	18872	2803
1890	1	11	160	18881	10530
1891	15	0	200	18890	2567
1892	4	7	160	18899	8293
1893	3	16	160	18908	17049
1894	15	0	160	18917	15879
1895	15	0	120	18926	779
1896	19	8	80	18935	6415
1897	19	8	120	18944	8386
1898	6	19	120	18953	2550
1899	5	13	80	18962	668
1900	15	0	200	18971	179
1901	15	0	120	18980	22774
1902	6	19	200	18989	4941
1903	0	18	80	18998	18078
1904	15	0	200	19007	4532
1905	1	11	200	19016	3692
1906	15	0	160	19025	8339
1907	19	8	80	19034	20795
1908	4	7	200	19043	450
1909	6	19	160	19052	1435
1910	19	8	120	19061	474
1911	5	13	120	19070	39732
1912	15	0	120	19079	14699
1913	0	18	160	19088	1126
1914	15	0	160	19097	6656
1915	5	13	200	19106	1684
1916	6	19	160	19115	11826
1917	6	19	160	19124	3964
1918	4	7	120	19133	3910
1919	19	8	160	19142	71
1920	4	7	160	19151	15944
1921	6	19	80	19160	7098
1922	3	16	80	19169	4351
1923	5	13	120	19178	17183
1924	19	8	200	19187	3388
1925	5	13	120	19200	7884
1926	6	19	120	19208	6648
1927	15	0	160	19216	2118
1928	6	19	160	19224	3108
1929	15	0	80	19232	24391
1930	19	8	160	19240	3332
1931	15	0	160	19248	5223
1932	4	7	160	19256	14077
1933	5	13	80	19264	1522
1934	3	16	120	19272	7162
1935	15	0	80	19280	2885
1936	0	18	160	19288	4837
1937	19	8	160	19296	2083
1938	3	16	160	19304	5612
1939	3	16	120	19312	1700
1940	6	19	160	19320	7244
1941	3	16	80	19328	1800
1942	0	18	160	19336	2307
1943	0	18	120	19344	5496
1944	5	13	80	19352	2174
1945	15	0	80	19360	10741
1946	19	8	160	19368	4549
1947	4	7	200	19376	5773
1948	5	13	80	19384	3043
1949	5	13	160	19392	8935
1950	4	7	200	19400	3096
1951	5	13	160	19408	1402
1952	15	0	80	19416	2439
1953	6	19	160	19424	2454
1954	3	16	120	19432	1951
1955	1	11	200	19440	4553
1956	15	0	80	19448	5912
1957	4	7	160	19456	6892
1958	4	7	120	19464	6394
1959	5	13	120	19472	13109
1960	6	19	120	19480	13088
1961	1	11	80	19488	4285
1962	5	13	120	19496	7405
1963	6	19	160	19504	862
1964	15	0	200	19512	13877
1965	3	16	200	19520	6904
1966	3	16	200	19528	1443
1967	5	13	120	19536	8807
1968	19	8	80	19544	6208
1969	0	18	120	19552	2431
1970	5	13	120	19560	10659
1971	6	19	200	19600	6258
1972	5	13	200	19613	17410
1973	1	11	200	19626	1736
1974	5	13	80	19639	4264
1975	1	11	120	19652	8683
1976	6	19	160	19665	3296
1977	3	16	200	19678	20473
1978	19	8	120	19691	8291
1979	0	18	160	19704	7459
1980	6	19	200	19717	1715
1981	5	13	120	19730	413
1982	4	7	120	19743	19837
1983	3	16	80	19756	8381
1984	6	19	80	19769	7990
1985	6	19	80	19782	1587
1986	0	18	120	19795	1953
1987	15	0	80	19808	6635
1988	3	16	160	19821	25142
1989	0	18	160	19834	1371
1990	0	18	200	19847	12126
1991	19	8	200	19860	16713
1992	15	0	120	19873	9088
1993	15	0	80	19886	9590
1994	15	0	200	19899	3905
1995	5	13	160	19912	1596
1996	15	0	200	19925	7285
1997	6	19	200	19938	1285
1998	5	13	120	19951	8951
1999	3	16	80	19964	8627
