0	3	16	120	0	1813
1	6	19	160	8	935
2	3	16	120	16	7176
3	3	16	120	24	19882
4	1	11	120	32	2912
5	6	19	80	40	143
6	1	11	160	48	7384
7	6	19	120	56	4440
8	6	19	120	64	15015
9	0	18	120	72	5132
10	6	19	200	80	1509
11	5	13	120	88	5025
12	5	13	80	96	11983
13	19	8	120	104	5369
14	19	8	80	112	6127
15	4	7	160	120	16345
16	19	8	160	128	4216
17	5	13	120	136	19929
18	19	8	160	144	13873
19	4	7	120	152	2226
20	3	16	200	160	19903
21	5	13	120	168	20043
22	1	11	120	176	17077
23	3	16	80	184	13409
24	19	8	200	192	2810
25	15	0	120	200	10003
26	6	19	160	208	3004
27	6	19	160	216	2272
28	15	0	80	224	11600
29	1	11	80	232	556
30	4	7	160	240	9689
31	19	8	80	248	9482
32	3	16	160	256	9424
33	6	19	160	264	6312
34	1	11	120	272	20259
35	19	8	200	280	634
36	5	13	160	288	4024
37	5	13	80	296	2986
38	0	18	120	304	13269
39	15	0	80	312	12910
40	3	16	160	320	5970
41	6	19	160	328	3627
42	3	16	80	336	5490
43	6	19	160	344	1425
44	6	19	80	352	4699
45	15	0	80	400	14125
46	3	16	200	410	5388
47	19	8	200	420	21393
48	15	0	160	430	15880
49	5	13	160	440	8176
50	6	19	120	450	8723
51	1	11	160	460	4654
52	5	13	80	470	27082
53	0	18	120	480	35144
54	15	0	200	490	5552
55	19	8	80	500	4778
56	5	13	80	510	4556
57	19	8	80	520	18018
58	4	7	160	530	11010
59	5	13	80	540	12595
60	0	18	160	550	18754
61	6	19	200	560	4060
62	15	0	80	570	14040
63	5	13	80	580	13250
64	15	0	160	590	18957
65	6	19	200	600	10181
66	4	7	160	610	19200
67	19	8	160	620	3020
68	19	8	200	630	9465
69	1	11	80	640	5138
70	19	8	80	650	7371
71	6	19	160	660	947
72	5	13	200	670	1823
73	5	13	120	680	319
74	0	18	160	690	18029
75	15	0	120	700	9548
76	4	7	120	710	7057
77	6	19	200	720	12497
78	15	0	80	730	5148
79	3	16	160	740	8731
80	6	19	120	750	2734
81	15	0	160	760	5924
82	19	8	80	770	6930
83	5	13	160	780	1610
84	6	19	200	790	9027
85	4	7	200	800	3175
86	6	19	200	808	12629
87	3	16	120	816	10921
88	15	0	160	824	472
89	4	7	120	832	8002
90	5	13	200	840	15963
91	6	19	120	848	8504
92	1	11	120	856	11605
93	15	0	120	864	231
94	15	0	160	872	24347
95	15	0	160	880	1330
96	15	0	120	888	10161
97	15	0	200	896	14393
98	19	8	80	904	4592
99	19	8	80	912	16736
100	5	13	160	920	26901
101	4	7	120	928	1798
102	1	11	200	936	4046
103	6	19	120	944	5841
104	6	19	160	952	428
105	19	8	160	960	6972
106	15	0	160	968	2389
107	1	11	200	976	24393
108	19	8	160	984	2223
109	1	11	120	992	20691
110	15	0	160	1000	25830
111	19	8	120	1008	13263
112	4	7	80	1016	6710
113	3	16	80	1024	1047
114	19	8	160	1032	7091
115	5	13	80	1040	6146
116	15	0	200	1048	22630
117	6	19	160	1056	9962
118	19	8	120	1064	1807
119	6	19	160	1072	9891
120	1	11	80	1080	30461
121	3	16	120	1088	2686
122	3	16	200	1096	2439
123	15	0	160	1104	728
124	15	0	120	1112	11384
125	5	13	160	1120	36250
126	5	13	80	1128	7308
127	15	0	160	1136	1558
128	15	0	200	1144	2060
129	5	13	200	1152	13395
130	19	8	80	1160	45536
131	6	19	120	1200	16445
132	15	0	200	1209	4788
133	19	8	200	1218	10899
134	15	0	200	1227	11712
135	4	7	80	1236	800
136	6	19	160	1245	1309
137	5	13	160	1254	657
138	19	8	200	1263	1138
139	6	19	80	1272	1105
140	6	19	80	1281	640
141	5	13	80	1290	18273
142	3	16	200	1299	6711
143	15	0	80	1308	2934
144	6	19	160	1317	11082
145	5	13	160	1326	828
146	4	7	120	1335	992
147	19	8	120	1344	9221
148	15	0	200	1353	10209
149	4	7	120	1362	7566
150	19	8	200	1371	3558
151	4	7	160	1380	86
152	19	8	160	1389	9819
153	4	7	120	1398	16953
154	19	8	80	1407	21339
155	5	13	120	1416	14176
156	3	16	160	1425	37291
157	6	19	120	1434	3095
158	19	8	80	1443	17776
159	3	16	200	1452	1051
160	6	19	160	1461	50044
161	19	8	80	1470	726
162	5	13	200	1479	14907
163	6	19	160	1488	8237
164	1	11	120	1497	22309
165	3	16	80	1506	1779
166	4	7	160	1515	4983
167	5	13	80	1524	21375
168	5	13	80	1533	7402
169	15	0	120	1542	5768
170	19	8	120	1551	4236
171	5	13	120	1560	19015
172	6	19	200	1569	7698
173	4	7	80	1578	638
174	0	18	120	1600	8548
175	15	0	80	1610	1797
176	0	18	160	1620	17750
177	5	13	160	1630	40936
178	0	18	80	1640	7305
179	4	7	200	1650	9476
180	1	11	120	1660	24657
181	6	19	200	1670	30287
182	1	11	160	1680	9552
183	5	13	160	1690	14057
184	6	19	80	1700	6452
185	15	0	160	1710	42208
186	15	0	200	1720	2486
187	5	13	120	1730	10197
188	0	18	200	1740	17413
189	5	13	160	1750	31921
190	1	11	160	1760	1388
191	3	16	120	1770	25052
192	6	19	160	1780	3953
193	15	0	80	1790	79
194	19	8	160	1800	1310
195	6	19	80	1810	59932
196	19	8	120	1820	878
197	6	19	80	1830	32220
198	15	0	200	1840	5596
199	6	19	120	1850	7507
200	3	16	200	1860	15573
201	19	8	80	1870	3416
202	6	19	80	1880	947
203	19	8	120	1890	2547
204	6	19	80	1900	2239
205	6	19	160	1910	7430
206	15	0	200	1920	9153
207	6	19	160	1930	8487
208	4	7	200	1940	3404
209	3	16	80	1950	14130
210	4	7	200	1960	30452
211	15	0	200	1970	53365
212	5	13	120	2000	17706
213	6	19	80	2006	3084
214	1	11	160	2012	2858
215	3	16	200	2018	802
216	19	8	160	2024	8556
217	0	18	120	2030	257
218	1	11	160	2036	1010
219	5	13	160	2042	24845
220	5	13	120	2048	36103
221	19	8	80	2054	17498
222	5	13	80	2060	817
223	19	8	120	2066	9068
224	15	0	200	2072	3816
225	15	0	80	2078	6566
226	19	8	160	2084	8666
227	19	8	200	2090	7548
228	5	13	120	2096	35554
229	5	13	120	2102	8715
230	15	0	160	2108	851
231	6	19	120	2114	22021
232	19	8	160	2120	10824
233	6	19	160	2126	56438
234	1	11	200	2132	20521
235	3	16	80	2138	11740
236	19	8	160	2144	22291
237	1	11	120	2150	5310
238	19	8	120	2156	8803
239	19	8	160	2162	37016
240	1	11	200	2168	6886
241	3	16	80	2174	13678
242	3	16	160	2180	4724
243	19	8	200	2186	919
244	3	16	200	2192	109
245	5	13	160	2198	1547
246	15	0	80	2204	1326
247	19	8	120	2210	666
248	15	0	120	2216	18996
249	19	8	200	2222	474
250	15	0	120	2228	7925
251	19	8	80	2234	608
252	6	19	160	2240	22849
253	4	7	120	2246	8290
254	1	11	80	2252	8669
255	5	13	200	2258	38484
256	6	19	80	2264	2409
257	6	19	160	2270	9465
258	5	13	120	2276	30141
259	15	0	200	2282	16578
260	15	0	200	2288	35322
261	15	0	80	2294	829
262	4	7	80	2300	9816
263	19	8	120	2306	15745
264	6	19	120	2312	11721
265	19	8	120	2318	1007
266	19	8	120	2324	6010
267	19	8	160	2330	18192
268	6	19	80	2336	6280
269	19	8	160	2342	10637
270	4	7	80	2348	2992
271	15	0	80	2400	1981
272	3	16	200	2409	8350
273	3	16	80	2418	1622
274	4	7	200	2427	6897
275	4	7	80	2436	3784
276	15	0	160	2445	6998
277	5	13	120	2454	58158
278	19	8	160	2463	8837
279	4	7	120	2472	1970
280	0	18	200	2481	4570
281	19	8	120	2490	7400
282	4	7	120	2499	13385
283	5	13	160	2508	28836
284	15	0	200	2517	401
285	15	0	160	2526	230
286	0	18	200	2535	54507
287	6	19	120	2544	1203
288	6	19	160	2553	7766
289	15	0	80	2562	23561
290	6	19	80	2571	7004
291	5	13	200	2580	4252
292	15	0	200	2589	6930
293	3	16	160	2598	17690
294	3	16	160	2607	83
295	5	13	200	2616	5542
296	19	8	80	2625	1553
297	4	7	80	2634	10838
298	5	13	120	2643	7179
299	4	7	160	2652	31666
300	6	19	120	2661	15576
301	15	0	120	2670	4703
302	5	13	80	2679	12480
303	15	0	160	2688	2779
304	15	0	200	2697	20447
305	19	8	120	2706	4826
306	19	8	120	2715	9531
307	5	13	160	2724	15473
308	1	11	120	2733	763
309	19	8	200	2742	3355
310	15	0	80	2751	8748
311	3	16	160	2760	2525
312	15	0	80	2769	296
313	0	18	80	2778	17502
314	15	0	200	2787	6789
315	15	0	160	2800	8010
316	6	19	160	2809	6020
317	15	0	160	2818	12568
318	3	16	160	2827	14361
319	15	0	160	2836	11128
320	19	8	160	2845	1147
321	5	13	200	2854	4256
322	5	13	80	2863	4347
323	15	0	80	2872	9524
324	5	13	160	2881	1890
325	19	8	80	2890	30668
326	19	8	80	2899	15000
327	19	8	80	2908	15726
328	19	8	120	2917	1527
329	19	8	80	2926	835
330	4	7	80	2935	1937
331	5	13	160	2944	22541
332	19	8	200	2953	9367
333	6	19	200	2962	10776
334	15	0	200	2971	6630
335	4	7	160	2980	58653
336	6	19	80	2989	20167
337	6	19	160	2998	7516
338	15	0	200	3007	1151
339	15	0	160	3016	14518
340	19	8	120	3025	7640
341	15	0	80	3034	3690
342	6	19	200	3043	412
343	15	0	160	3052	3176
344	3	16	80	3061	5022
345	5	13	120	3070	3490
346	15	0	200	3079	3842
347	15	0	200	3088	13351
348	6	19	160	3097	4967
349	5	13	80	3106	8804
350	15	0	80	3115	44465
351	4	7	120	3124	7670
352	3	16	120	3133	27263
353	15	0	160	3142	22436
354	6	19	80	3151	21794
355	3	16	120	3160	6710
356	5	13	80	3169	246
357	15	0	80	3178	1246
358	5	13	80	3187	755
359	15	0	160	3200	27123
360	19	8	80	3208	11535
361	19	8	80	3216	20429
362	5	13	120	3224	11147
363	3	16	120	3232	62175
364	6	19	200	3240	1195
365	3	16	160	3248	13320
366	3	16	160	3256	12525
367	1	11	120	3264	6782
368	4	7	80	3272	5039
369	6	19	120	3280	6949
370	5	13	120	3288	13424
371	1	11	200	3296	31743
372	19	8	200	3304	9787
373	5	13	200	3312	66420
374	19	8	120	3320	1718
375	3	16	120	3328	21013
376	19	8	200	3336	3692
377	15	0	160	3344	888
378	15	0	80	3352	2765
379	19	8	80	3360	26857
380	3	16	120	3368	12542
381	4	7	120	3376	517
382	6	19	160	3384	5958
383	15	0	80	3392	10984
384	1	11	200	3400	1156
385	0	18	160	3408	13554
386	4	7	80	3416	36017
387	4	7	120	3424	14290
388	1	11	200	3432	16891
389	15	0	160	3440	66776
390	15	0	120	3448	42948
391	19	8	200	3456	15064
392	0	18	120	3464	6219
393	0	18	80	3472	2615
394	15	0	120	3480	1054
395	19	8	120	3488	12708
396	5	13	200	3496	12936
397	4	7	160	3504	482
398	1	11	200	3512	1778
399	19	8	120	3520	13359
400	4	7	200	3528	11131
401	6	19	160	3536	22159
402	6	19	160	3544	4776
403	19	8	120	3552	27553
404	1	11	160	3560	22495
405	15	0	80	3568	570
406	4	7	160	3576	29530
407	15	0	120	3584	27731
408	19	8	120	3592	14953
409	5	13	200	3600	131
410	5	13	120	3610	2142
411	15	0	160	3620	35717
412	1	11	80	3630	26801
413	6	19	80	3640	2202
414	6	19	120	3650	3409
415	15	0	160	3660	10279
416	6	19	120	3670	6670
417	15	0	80	3680	64
418	1	11	160	3690	27935
419	6	19	80	3700	6496
420	19	8	120	3710	15283
421	19	8	120	3720	36397
422	0	18	120	3730	13541
423	6	19	160	3740	5109
424	15	0	200	3750	7562
425	6	19	160	3760	38118
426	0	18	120	3770	8921
427	19	8	160	3780	5389
428	15	0	160	3790	29150
429	19	8	200	3800	7852
430	15	0	120	3810	2188
431	6	19	120	3820	3066
432	6	19	200	3830	32545
433	15	0	160	3840	9171
434	15	0	120	3850	4090
435	15	0	200	3860	19687
436	15	0	200	3870	15013
437	6	19	120	3880	8127
438	6	19	160	3890	16783
439	5	13	160	3900	558
440	19	8	80	3910	17234
441	6	19	160	3920	608
442	5	13	200	3930	49368
443	15	0	80	3940	16367
444	5	13	80	3950	21453
445	0	18	200	3960	280
446	15	0	200	3970	20724
447	6	19	120	4000	3242
448	5	13	160	4009	35604
449	19	8	160	4018	8529
450	6	19	200	4027	3086
451	15	0	200	4036	12747
452	4	7	200	4045	1766
453	6	19	160	4054	15262
454	0	18	80	4063	36278
455	5	13	160	4072	12689
456	6	19	80	4081	2174
457	19	8	80	4090	47973
458	4	7	120	4099	6784
459	6	19	80	4108	26305
460	15	0	160	4117	8854
461	4	7	200	4126	9658
462	0	18	200	4135	54053
463	19	8	120	4144	3169
464	6	19	120	4153	22313
465	15	0	200	4162	33370
466	4	7	200	4171	186
467	5	13	120	4180	5327
468	19	8	200	4189	25328
469	19	8	160	4198	6982
470	3	16	200	4207	23729
471	19	8	80	4216	32693
472	3	16	120	4225	3489
473	15	0	200	4234	23341
474	15	0	80	4243	12800
475	5	13	160	4252	13330
476	6	19	120	4261	41370
477	4	7	120	4270	32280
478	4	7	120	4279	8660
479	15	0	80	4288	7053
480	15	0	160	4297	1755
481	6	19	80	4306	4071
482	6	19	200	4315	6397
483	15	0	200	4324	6192
484	5	13	80	4333	3507
485	3	16	120	4342	8617
486	5	13	160	4351	1113
487	0	18	80	4360	2888
488	15	0	160	4369	10494
489	4	7	160	4378	12132
490	1	11	160	4400	12272
491	15	0	160	4410	15809
492	3	16	80	4420	744
493	19	8	120	4430	24006
494	15	0	200	4440	8898
495	6	19	80	4450	2818
496	6	19	160	4460	749
497	6	19	160	4470	16708
498	3	16	160	4480	27642
499	6	19	120	4490	27006
500	19	8	80	4500	92
501	5	13	120	4510	7475
502	6	19	160	4520	5317
503	6	19	80	4530	8496
504	19	8	200	4540	12501
505	6	19	200	4550	4150
506	5	13	160	4560	6170
507	6	19	200	4570	3939
508	19	8	160	4580	791
509	15	0	120	4590	3952
510	19	8	80	4600	13843
511	4	7	160	4610	3193
512	15	0	200	4620	7563
513	15	0	120	4630	52491
514	19	8	120	4640	16743
515	4	7	160	4650	3200
516	15	0	200	4660	1804
517	5	13	80	4670	10577
518	6	19	120	4680	46189
519	6	19	80	4690	4839
520	5	13	120	4700	22717
521	3	16	200	4710	19404
522	15	0	200	4720	17930
523	15	0	80	4730	3335
524	19	8	200	4740	19359
525	5	13	80	4750	1662
526	15	0	80	4760	24882
527	4	7	200	4770	5884
528	3	16	80	4780	4867
529	3	16	200	4800	7098
530	15	0	80	4809	11305
531	19	8	200	4818	2930
532	3	16	200	4827	390
533	15	0	80	4836	11592
534	19	8	200	4845	6889
535	5	13	80	4854	13392
536	0	18	120	4863	31873
537	1	11	200	4872	28353
538	19	8	80	4881	16924
539	19	8	80	4890	38954
540	15	0	200	4899	1402
541	19	8	160	4908	19852
542	4	7	120	4917	1950
543	19	8	80	4926	4320
544	4	7	120	4935	36352
545	15	0	200	4944	6265
546	0	18	200	4953	3688
547	6	19	160	4962	906
548	3	16	80	4971	1432
549	5	13	80	4980	4101
550	19	8	80	4989	867
551	4	7	160	4998	7725
552	19	8	120	5007	17783
553	15	0	120	5016	10077
554	3	16	200	5025	555
555	15	0	120	5034	2769
556	15	0	120	5043	13980
557	15	0	160	5052	1469
558	6	19	120	5061	14716
559	5	13	160	5070	8752
560	15	0	200	5079	6497
561	4	7	160	5088	174
562	5	13	200	5097	35116
563	15	0	160	5106	11526
564	19	8	120	5115	13318
565	19	8	120	5124	7569
566	3	16	200	5133	2702
567	19	8	160	5142	22619
568	15	0	120	5151	9598
569	5	13	80	5160	998
570	4	7	120	5200	4354
571	6	19	80	5210	3195
572	5	13	200	5220	21253
573	15	0	80	5230	213
574	15	0	120	5240	3005
575	6	19	200	5250	497
576	19	8	120	5260	12648
577	15	0	200	5270	7691
578	5	13	160	5280	4127
579	3	16	200	5290	6011
580	5	13	120	5300	24010
581	4	7	120	5310	19404
582	0	18	200	5320	3860
583	15	0	200	5330	539
584	4	7	160	5340	5674
585	6	19	120	5350	1747
586	0	18	160	5360	7040
587	6	19	120	5370	7479
588	6	19	80	5380	10244
589	4	7	160	5390	3146
590	15	0	200	5400	49862
591	4	7	200	5410	20217
592	6	19	120	5420	2665
593	6	19	160	5430	3264
594	3	16	80	5440	9396
595	6	19	80	5450	1209
596	5	13	160	5460	23798
597	6	19	200	5470	9130
598	19	8	200	5480	11993
599	5	13	80	5490	7935
600	15	0	80	5500	2754
601	1	11	80	5510	6463
602	19	8	120	5520	8861
603	15	0	200	5530	398
604	4	7	200	5540	50519
605	4	7	80	5550	21692
606	15	0	160	5560	12422
607	4	7	80	5570	16886
608	19	8	80	5580	5107
609	6	19	80	5590	55
610	15	0	200	5600	9706
611	19	8	160	5610	2902
612	5	13	200	5620	20863
613	6	19	120	5630	4498
614	1	11	80	5640	12701
615	6	19	160	5650	11504
616	3	16	160	5660	16134
617	15	0	200	5670	27932
618	5	13	200	5680	3301
619	5	13	200	5690	9186
620	19	8	200	5700	291
621	15	0	160	5710	16063
622	5	13	160	5720	3842
623	6	19	160	5730	4627
624	15	0	120	5740	1204
625	19	8	120	5750	8076
626	1	11	160	5760	421
627	19	8	120	5770	10749
628	6	19	200	5780	7724
629	4	7	80	5790	1611
630	3	16	80	5800	2355
631	5	13	120	5810	1516
632	15	0	80	5820	22089
633	1	11	160	5830	19754
634	5	13	200	5840	2512
635	4	7	80	5850	7138
636	5	13	80	5860	3931
637	4	7	80	5870	3331
638	6	19	200	5880	726
639	19	8	160	5890	9340
640	15	0	160	5900	8095
641	15	0	120	5910	14003
642	6	19	80	5920	1496
643	0	18	80	5930	10114
644	6	19	160	5940	13524
645	19	8	120	5950	17607
646	19	8	80	5960	55597
647	1	11	200	5970	26122
648	5	13	120	5980	10557
649	15	0	160	5990	31304
650	5	13	120	6000	5291
651	15	0	160	6009	38594
652	3	16	80	6018	4147
653	15	0	200	6027	1224
654	5	13	80	6036	7390
655	1	11	120	6045	7557
656	15	0	160	6054	1843
657	4	7	160	6063	2710
658	3	16	120	6072	33208
659	4	7	160	6081	8205
660	4	7	160	6090	19399
661	19	8	80	6099	655
662	15	0	80	6108	3950
663	15	0	200	6117	2996
664	5	13	200	6126	21011
665	4	7	160	6135	6870
666	3	16	160	6144	5612
667	4	7	120	6153	205
668	0	18	160	6162	1584
669	15	0	80	6171	2747
670	3	16	120	6180	4935
671	19	8	160	6189	8244
672	4	7	80	6198	22272
673	5	13	120	6207	14434
674	6	19	80	6216	542
675	3	16	120	6225	4900
676	1	11	120	6234	11629
677	5	13	120	6243	14629
678	19	8	200	6252	12391
679	19	8	80	6261	4735
680	1	11	120	6270	8307
681	0	18	160	6279	1921
682	6	19	80	6288	79
683	19	8	120	6297	9536
684	19	8	160	6306	17588
685	5	13	120	6315	2956
686	4	7	120	6324	21019
687	3	16	80	6333	16364
688	15	0	120	6342	5120
689	5	13	160	6351	15344
690	15	0	120	6360	4382
691	1	11	120	6369	963
692	3	16	200	6378	4370
693	4	7	120	6400	9946
694	15	0	80	6408	16137
695	19	8	120	6416	6905
696	19	8	120	6424	6294
697	19	8	120	6432	27190
698	15	0	120	6440	16309
699	5	13	80	6448	3294
700	15	0	160	6456	6047
701	15	0	160	6464	43457
702	0	18	120	6472	17272
703	15	0	120	6480	5745
704	6	19	80	6488	10674
705	5	13	200	6496	23563
706	6	19	160	6504	1482
707	15	0	160	6512	10773
708	1	11	160	6520	650
709	4	7	200	6528	1596
710	19	8	200	6536	22505
711	4	7	80	6544	6913
712	5	13	160	6552	9804
713	4	7	80	6560	11333
714	3	16	120	6568	65570
715	4	7	200	6576	12718
716	5	13	80	6584	572
717	19	8	200	6592	15812
718	15	0	80	6600	7214
719	19	8	120	6608	11239
720	19	8	80	6616	11281
721	19	8	120	6624	11907
722	6	19	200	6632	13291
723	15	0	80	6640	6171
724	3	16	160	6648	27478
725	1	11	80	6656	3613
726	15	0	160	6664	2553
727	19	8	160	6672	3946
728	15	0	120	6680	38706
729	15	0	160	6688	11197
730	3	16	80	6696	31430
731	3	16	80	6704	15462
732	15	0	80	6712	39049
733	6	19	200	6720	6207
734	0	18	120	6728	31940
735	6	19	160	6736	8966
736	19	8	120	6744	5833
737	19	8	160	6752	11804
738	5	13	80	6760	38370
739	6	19	160	6768	28821
740	19	8	200	6776	1293
741	6	19	160	6784	3198
742	0	18	160	6792	14112
743	5	13	160	6800	3024
744	5	13	160	6808	24942
745	5	13	80	6816	24301
746	15	0	160	6824	8780
747	19	8	160	6832	14214
748	3	16	80	6840	10063
749	6	19	80	6848	1078
750	15	0	120	6856	5950
751	3	16	160	6864	13520
752	3	16	80	6872	7052
753	15	0	200	6880	1741
754	5	13	200	6888	11953
755	15	0	120	6896	17460
756	0	18	160	6904	4341
757	5	13	120	6912	5371
758	6	19	160	6920	7888
759	5	13	80	6928	4789
760	15	0	80	6936	13230
761	6	19	80	6944	21689
762	3	16	120	6952	12005
763	6	19	200	6960	7089
764	3	16	160	6968	2639
765	19	8	200	6976	1566
766	6	19	80	6984	7767
767	15	0	200	6992	2012
768	4	7	160	7000	13708
769	15	0	160	7008	7606
770	4	7	160	7016	3751
771	5	13	120	7024	6546
772	5	13	200	7032	17799
773	4	7	160	7040	9381
774	3	16	160	7048	8459
775	5	13	120	7056	5648
776	19	8	200	7064	33323
777	4	7	120	7072	7105
778	5	13	160	7080	8988
779	19	8	120	7088	374
780	5	13	120	7096	16216
781	19	8	80	7104	8259
782	19	8	120	7112	14961
783	0	18	80	7120	24890
784	0	18	120	7128	2915
785	0	18	160	7136	3471
786	0	18	80	7144	3940
787	3	16	80	7152	21005
788	3	16	200	7160	17802
789	4	7	80	7168	2143
790	5	13	200	7200	3023
791	15	0	200	7210	293
792	6	19	80	7220	1870
793	19	8	200	7230	11932
794	15	0	160	7240	3316
795	5	13	160	7250	3714
796	5	13	120	7260	11046
797	6	19	160	7270	3378
798	4	7	200	7280	308
799	6	19	160	7290	16756
800	15	0	80	7300	5961
801	19	8	160	7310	5440
802	15	0	200	7320	159
803	5	13	120	7330	1240
804	5	13	160	7340	20408
805	4	7	200	7350	42273
806	15	0	160	7360	27972
807	19	8	160	7370	27873
808	6	19	120	7380	11905
809	19	8	120	7390	3536
810	19	8	160	7400	21182
811	19	8	120	7410	23318
812	0	18	200	7420	21523
813	15	0	120	7430	7197
814	3	16	200	7440	10640
815	19	8	80	7450	2241
816	15	0	160	7460	1579
817	3	16	120	7470	17022
818	6	19	120	7480	3142
819	3	16	80	7490	35067
820	15	0	200	7500	22177
821	5	13	200	7510	12605
822	15	0	80	7520	5760
823	19	8	160	7530	8742
824	4	7	160	7540	3400
825	6	19	160	7550	3361
826	19	8	120	7560	3878
827	6	19	200	7570	1852
828	5	13	200	7600	4295
829	15	0	200	7611	3287
830	3	16	80	7622	17833
831	5	13	80	7633	14146
832	19	8	120	7644	6566
833	15	0	200	7655	17883
834	0	18	80	7666	12233
835	5	13	160	7677	5670
836	3	16	80	7688	7948
837	5	13	80	7699	11433
838	15	0	160	7710	702
839	15	0	160	7721	3376
840	5	13	200	7732	5140
841	3	16	120	7743	5696
842	15	0	200	7754	2634
843	3	16	120	7765	8756
844	5	13	160	7776	4890
845	15	0	160	7787	5467
846	15	0	80	7798	2536
847	19	8	160	7809	14179
848	19	8	80	7820	515
849	19	8	120	7831	884
850	15	0	80	7842	1850
851	3	16	200	7853	22276
852	1	11	80	7864	181
853	3	16	200	7875	990
854	19	8	200	7886	28898
855	5	13	80	7897	16224
856	4	7	160	7908	49108
857	15	0	120	7919	8216
858	3	16	200	7930	22882
859	19	8	200	7941	10216
860	5	13	120	7952	14221
861	4	7	200	7963	17112
862	6	19	160	7974	11027
863	15	0	160	7985	5922
864	19	8	80	8000	7881
865	5	13	120	8009	1760
866	19	8	200	8018	6857
867	4	7	200	8027	729
868	15	0	80	8036	20047
869	15	0	120	8045	2849
870	15	0	80	8054	13900
871	4	7	160	8063	8536
872	6	19	160	8072	14489
873	15	0	200	8081	50528
874	15	0	80	8090	10928
875	15	0	120	8099	7495
876	15	0	80	8108	7242
877	6	19	200	8117	23878
878	6	19	200	8126	2420
879	15	0	80	8135	25525
880	19	8	120	8144	663
881	1	11	160	8153	10494
882	6	19	200	8162	1278
883	6	19	160	8171	3133
884	3	16	160	8180	1221
885	19	8	120	8189	31908
886	5	13	200	8198	13575
887	19	8	160	8207	5027
888	19	8	80	8216	23999
889	15	0	200	8225	27384
890	3	16	200	8234	5996
891	6	19	160	8243	53698
892	4	7	80	8252	17270
893	19	8	200	8261	7933
894	5	13	120	8270	9606
895	3	16	80	8279	10660
896	6	19	200	8288	17998
897	19	8	80	8297	19775
898	5	13	80	8306	445
899	19	8	80	8315	2651
900	15	0	200	8324	32024
901	5	13	120	8333	1692
902	4	7	160	8342	25579
903	3	16	160	8351	21308
904	3	16	80	8360	5835
905	5	13	160	8369	12057
906	15	0	120	8378	1847
907	5	13	120	8400	363
908	5	13	160	8409	7880
909	3	16	120	8418	7075
910	15	0	80	8427	4078
911	15	0	200	8436	1534
912	1	11	120	8445	4506
913	6	19	200	8454	42337
914	19	8	120	8463	8792
915	4	7	160	8472	1416
916	15	0	200	8481	12900
917	0	18	200	8490	5568
918	6	19	200	8499	4157
919	19	8	200	8508	9622
920	3	16	160	8517	7373
921	19	8	80	8526	1171
922	5	13	200	8535	2592
923	0	18	80	8544	29434
924	6	19	120	8553	20452
925	3	16	120	8562	14343
926	1	11	120	8571	16451
927	15	0	200	8580	2940
928	4	7	160	8589	6834
929	15	0	80	8598	109
930	1	11	160	8607	13966
931	19	8	200	8616	12446
932	3	16	160	8625	21043
933	6	19	160	8634	49950
934	19	8	80	8643	35987
935	6	19	80	8652	30640
936	19	8	80	8661	14511
937	5	13	80	8670	3782
938	5	13	120	8679	22352
939	19	8	200	8688	7458
940	4	7	200	8697	18572
941	19	8	120	8706	12513
942	6	19	80	8715	23664
943	15	0	160	8724	6520
944	19	8	200	8733	11291
945	5	13	80	8742	3830
946	5	13	80	8751	13505
947	15	0	120	8760	18856
948	19	8	120	8769	39999
949	4	7	160	8800	6949
950	6	19	80	8813	31908
951	6	19	200	8826	6242
952	5	13	80	8839	8677
953	5	13	80	8852	7961
954	19	8	160	8865	16126
955	19	8	160	8878	21814
956	19	8	120	8891	33229
957	4	7	120	8904	41082
958	6	19	120	8917	151
959	0	18	200	8930	13965
960	4	7	120	8943	26243
961	19	8	120	8956	31147
962	3	16	200	8969	10864
963	15	0	120	8982	7672
964	1	11	200	8995	17013
965	19	8	80	9008	12347
966	6	19	80	9021	4163
967	6	19	200	9034	4781
968	15	0	160	9047	248
969	5	13	80	9060	10912
970	5	13	120	9073	6326
971	4	7	200	9086	5898
972	15	0	120	9099	8971
973	15	0	80	9112	21255
974	15	0	80	9125	17339
975	3	16	80	9138	20026
976	6	19	80	9151	3170
977	6	19	120	9164	17905
978	0	18	80	9177	4352
979	4	7	80	9200	9445
980	15	0	120	9207	265
981	5	13	200	9214	36918
982	15	0	120	9221	3500
983	1	11	200	9228	62735
984	3	16	80	9235	988
985	6	19	160	9242	3977
986	5	13	200	9249	1681
987	19	8	120	9256	5021
988	15	0	80	9263	3376
989	1	11	120	9270	1432
990	15	0	200	9277	50318
991	15	0	160	9284	15900
992	15	0	160	9291	3578
993	5	13	160	9298	2050
994	15	0	160	9305	10272
995	5	13	160	9312	23754
996	19	8	160	9319	639
997	15	0	160	9326	5901
998	15	0	200	9333	12996
999	3	16	200	9340	40984
1000	15	0	80	9347	47019
1001	19	8	120	9354	5111
1002	19	8	200	9361	17728
1003	6	19	120	9368	5489
1004	19	8	80	9375	363
1005	3	16	120	9382	9362
1006	19	8	120	9389	25353
1007	15	0	80	9396	13858
1008	15	0	80	9403	15304
1009	15	0	160	9410	31510
1010	5	13	160	9417	11159
1011	5	13	80	9424	2123
1012	3	16	120	9431	13059
1013	5	13	120	9438	7566
1014	4	7	120	9445	13152
1015	19	8	120	9452	32591
1016	3	16	200	9459	13391
1017	0	18	80	9466	11024
1018	6	19	120	9473	5996
1019	15	0	120	9480	7746
1020	5	13	80	9487	8605
1021	15	0	160	9494	36244
1022	19	8	160	9501	1045
1023	15	0	80	9508	28623
1024	15	0	120	9515	11370
1025	15	0	200	9522	13507
1026	6	19	80	9529	1677
1027	5	13	200	9536	5533
1028	1	11	120	9543	3527
1029	5	13	120	9550	27919
1030	5	13	160	9557	17105
1031	15	0	160	9564	22275
1032	19	8	160	9571	1447
1033	19	8	120	9578	4932
1034	6	19	80	9600	9980
1035	19	8	200	9608	13488
1036	5	13	80	9616	2412
1037	4	7	80	9624	26047
1038	3	16	160	9632	40152
1039	0	18	160	9640	9251
1040	6	19	80	9648	6190
1041	15	0	160	9656	7084
1042	0	18	120	9664	11650
1043	19	8	120	9672	4586
1044	15	0	200	9680	8489
1045	4	7	160	9688	20760
1046	6	19	120	9696	883
1047	6	19	120	9704	18737
1048	0	18	80	9712	8109
1049	15	0	120	9720	12303
1050	3	16	160	9728	2520
1051	19	8	160	9736	7194
1052	4	7	80	9744	64042
1053	1	11	120	9752	2466
1054	15	0	160	9760	7290
1055	19	8	120	9768	352
1056	1	11	160	9776	3669
1057	5	13	160	9784	23926
1058	19	8	200	9792	16867
1059	3	16	120	9800	5249
1060	15	0	80	9808	6356
1061	6	19	160	9816	8552
1062	15	0	200	9824	6749
1063	5	13	200	9832	20464
1064	5	13	80	9840	2207
1065	6	19	80	9848	17209
1066	6	19	160	9856	596
1067	4	7	200	9864	4736
1068	19	8	120	9872	27993
1069	6	19	160	9880	56208
1070	5	13	80	9888	16719
1071	19	8	160	9896	18530
1072	19	8	120	9904	12133
1073	6	19	160	9912	23243
1074	1	11	80	9920	904
1075	15	0	160	9928	818
1076	15	0	120	9936	4804
1077	19	8	80	9944	17417
1078	19	8	80	9952	6146
1079	6	19	200	9960	18704
1080	3	16	160	9968	11132
1081	0	18	200	9976	4991
1082	5	13	160	9984	25262
1083	4	7	200	9992	11404
1084	4	7	160	10000	14975
1085	6	19	80	10009	4429
1086	6	19	120	10018	22650
1087	19	8	80	10027	31546
1088	3	16	160	10036	25621
1089	6	19	200	10045	9209
1090	15	0	80	10054	6364
1091	3	16	120	10063	4597
1092	5	13	120	10072	1686
1093	19	8	120	10081	11313
1094	5	13	160	10090	1618
1095	0	18	160	10099	26859
1096	1	11	200	10108	190
1097	15	0	160	10117	19492
1098	6	19	120	10126	1944
1099	3	16	200	10135	16419
1100	15	0	200	10144	17857
1101	4	7	120	10153	16391
1102	15	0	200	10162	26185
1103	6	19	160	10171	8329
1104	5	13	80	10180	26439
1105	3	16	80	10189	6189
1106	19	8	120	10198	20233
1107	15	0	160	10207	1800
1108	0	18	120	10216	1441
1109	3	16	80	10225	5918
1110	4	7	200	10234	14405
1111	4	7	120	10243	8262
1112	5	13	160	10252	7461
1113	5	13	80	10261	40293
1114	0	18	200	10270	16624
1115	15	0	120	10279	883
1116	3	16	80	10288	11979
1117	5	13	200	10297	20363
1118	4	7	80	10306	1336
1119	19	8	200	10315	23538
1120	0	18	160	10324	29318
1121	15	0	160	10333	1543
1122	3	16	120	10342	7051
1123	4	7	160	10351	5490
1124	15	0	120	10360	10385
1125	4	7	200	10400	6818
1126	6	19	120	10410	12784
1127	19	8	200	10420	312
1128	3	16	80	10430	15697
1129	0	18	160	10440	2370
1130	6	19	200	10450	618
1131	3	16	200	10460	8983
1132	4	7	160	10470	11489
1133	15	0	80	10480	12783
1134	19	8	200	10490	186
1135	19	8	80	10500	23566
1136	5	13	200	10510	7241
1137	15	0	200	10520	5691
1138	19	8	200	10530	15441
1139	1	11	160	10540	4452
1140	6	19	160	10550	8172
1141	19	8	160	10560	14822
1142	19	8	160	10570	20224
1143	0	18	160	10580	8137
1144	4	7	200	10590	21757
1145	6	19	160	10600	29431
1146	15	0	200	10610	23194
1147	1	11	120	10620	2177
1148	19	8	160	10630	23651
1149	15	0	80	10640	681
1150	19	8	120	10650	3643
1151	15	0	200	10660	2661
1152	5	13	120	10670	14351
1153	15	0	120	10680	4114
1154	3	16	80	10690	21429
1155	0	18	120	10700	12718
1156	1	11	80	10710	4288
1157	5	13	120	10720	8808
1158	19	8	120	10730	30512
1159	3	16	80	10740	7307
1160	6	19	160	10750	16518
1161	1	11	120	10760	18671
1162	6	19	160	10770	6324
1163	19	8	200	10800	32611
1164	6	19	120	10809	4970
1165	3	16	80	10818	2264
1166	19	8	200	10827	25598
1167	15	0	120	10836	19781
1168	6	19	80	10845	35896
1169	3	16	160	10854	26497
1170	4	7	120	10863	11543
1171	5	13	80	10872	3513
1172	6	19	80	10881	1170
1173	3	16	120	10890	19041
1174	5	13	80	10899	5458
1175	3	16	200	10908	2736
1176	19	8	80	10917	4384
1177	3	16	160	10926	36428
1178	0	18	160	10935	9068
1179	3	16	160	10944	13131
1180	15	0	80	10953	10358
1181	6	19	80	10962	8068
1182	19	8	80	10971	2164
1183	6	19	200	10980	13465
1184	3	16	80	10989	29921
1185	19	8	200	10998	22868
1186	15	0	120	11007	21222
1187	6	19	120	11016	4731
1188	15	0	200	11025	20781
1189	15	0	160	11034	5390
1190	19	8	80	11043	9829
1191	0	18	120	11052	32447
1192	19	8	120	11061	7313
1193	15	0	160	11070	3739
1194	6	19	200	11079	9917
1195	6	19	120	11088	14644
1196	5	13	80	11097	4272
1197	19	8	200	11106	25509
1198	6	19	120	11115	1996
1199	3	16	200	11124	13119
1200	15	0	200	11133	395
1201	19	8	120	11142	585
1202	6	19	80	11151	2922
1203	19	8	80	11160	42313
1204	5	13	200	11169	6901
1205	6	19	80	11200	97
1206	3	16	160	11214	1345
1207	3	16	80	11228	27891
1208	5	13	80	11242	31051
1209	19	8	80	11256	11880
1210	3	16	80	11270	5122
1211	19	8	120	11284	5142
1212	5	13	200	11298	54904
1213	15	0	200	11312	3550
1214	6	19	80	11326	25235
1215	0	18	160	11340	3581
1216	3	16	120	11354	11736
1217	19	8	160	11368	15946
1218	19	8	160	11382	200
1219	15	0	120	11396	8029
1220	5	13	160	11410	5032
1221	5	13	120	11424	9734
1222	0	18	120	11438	50089
1223	15	0	120	11452	10637
1224	5	13	120	11466	4821
1225	4	7	80	11480	13854
1226	5	13	200	11494	19162
1227	19	8	160	11508	20927
1228	15	0	120	11522	3183
1229	19	8	200	11536	12966
1230	15	0	200	11550	28161
1231	0	18	120	11564	6648
1232	15	0	120	11600	19233
1233	19	8	160	11615	24067
1234	6	19	160	11630	12022
1235	15	0	160	11645	9074
1236	19	8	200	11660	3831
1237	1	11	200	11675	2595
1238	3	16	80	11690	3246
1239	15	0	200	11705	28804
1240	15	0	80	11720	16409
1241	6	19	120	11735	31451
1242	4	7	80	11750	6151
1243	15	0	160	11765	2596
1244	6	19	120	11780	174
1245	19	8	200	11795	2838
1246	15	0	160	11810	34453
1247	3	16	160	11825	2680
1248	3	16	120	11840	5928
1249	6	19	120	11855	4355
1250	4	7	200	11870	1012
1251	5	13	120	11885	9970
1252	0	18	80	11900	23947
1253	15	0	200	11915	13139
1254	15	0	120	11930	4669
1255	5	13	120	11945	7771
1256	19	8	80	11960	781
1257	19	8	200	11975	11874
1258	6	19	160	12000	12249
1259	3	16	200	12007	16760
1260	1	11	120	12014	2837
1261	5	13	80	12021	3956
1262	6	19	160	12028	13272
1263	6	19	120	12035	3681
1264	3	16	120	12042	15453
1265	3	16	200	12049	30622
1266	5	13	200	12056	9578
1267	6	19	80	12063	1592
1268	4	7	80	12070	11716
1269	19	8	120	12077	5120
1270	0	18	200	12084	50147
1271	3	16	120	12091	6734
1272	19	8	160	12098	8274
1273	3	16	160	12105	1361
1274	0	18	80	12112	16285
1275	19	8	80	12119	6439
1276	1	11	120	12126	2015
1277	5	13	160	12133	18728
1278	3	16	200	12140	10224
1279	5	13	160	12147	1537
1280	15	0	120	12154	16231
1281	4	7	80	12161	10913
1282	15	0	80	12168	6858
1283	3	16	80	12175	31678
1284	15	0	80	12182	10400
1285	5	13	120	12189	4985
1286	0	18	80	12196	9887
1287	19	8	120	12203	1715
1288	0	18	120	12210	9398
1289	3	16	80	12217	2036
1290	15	0	160	12224	7563
1291	3	16	200	12231	12431
1292	6	19	120	12238	9710
1293	19	8	120	12245	7950
1294	6	19	160	12252	14396
1295	4	7	200	12259	7492
1296	0	18	200	12266	3582
1297	15	0	200	12273	1766
1298	6	19	120	12280	7629
1299	5	13	160	12287	1162
1300	6	19	200	12294	12974
1301	3	16	120	12301	20517
1302	19	8	160	12308	10321
1303	4	7	200	12315	521
1304	6	19	120	12322	4622
1305	3	16	160	12329	12647
1306	6	19	200	12336	821
1307	19	8	120	12343	16966
1308	15	0	160	12350	30744
1309	19	8	80	12400	28513
1310	4	7	200	12409	4665
1311	6	19	120	12418	3825
1312	15	0	200	12427	676
1313	1	11	80	12436	8793
1314	6	19	120	12445	134
1315	15	0	120	12454	11401
1316	15	0	80	12463	22413
1317	5	13	120	12472	16188
1318	19	8	80	12481	13843
1319	15	0	80	12490	5816
1320	3	16	200	12499	5369
1321	5	13	160	12508	6467
1322	6	19	160	12517	10444
1323	3	16	200	12526	7555
1324	4	7	200	12535	25420
1325	19	8	200	12544	4978
1326	6	19	80	12553	24921
1327	19	8	120	12562	165
1328	6	19	80	12571	6302
1329	15	0	80	12580	3912
1330	15	0	120	12589	2051
1331	5	13	160	12598	214
1332	19	8	120	12607	4619
1333	15	0	120	12616	7872
1334	19	8	160	12625	7381
1335	6	19	200	12634	30664
1336	5	13	160	12643	247
1337	5	13	80	12652	5987
1338	15	0	200	12661	11266
1339	6	19	160	12670	31613
1340	19	8	160	12679	3839
1341	3	16	160	12688	19588
1342	3	16	160	12697	2834
1343	1	11	120	12706	12126
1344	19	8	80	12715	21549
1345	1	11	120	12724	2596
1346	6	19	80	12733	10709
1347	6	19	80	12742	431
1348	6	19	200	12751	7693
1349	15	0	80	12760	1071
1350	6	19	200	12769	11574
1351	15	0	160	12800	8748
1352	19	8	160	12808	7225
1353	15	0	120	12816	1083
1354	3	16	160	12824	15784
1355	3	16	120	12832	3359
1356	15	0	200	12840	3260
1357	19	8	160	12848	1394
1358	1	11	80	12856	2131
1359	6	19	120	12864	47018
1360	15	0	120	12872	17994
1361	15	0	160	12880	646
1362	4	7	120	12888	5137
1363	0	18	160	12896	12415
1364	3	16	160	12904	16632
1365	19	8	120	12912	4354
1366	15	0	200	12920	36807
1367	19	8	120	12928	10230
1368	3	16	120	12936	742
1369	0	18	120	12944	1116
1370	5	13	200	12952	10785
1371	6	19	200	12960	7233
1372	15	0	120	12968	1692
1373	5	13	160	12976	16940
1374	19	8	160	12984	1402
1375	0	18	80	12992	9748
1376	4	7	200	13000	2772
1377	5	13	120	13008	34851
1378	3	16	200	13016	12035
1379	3	16	120	13024	13870
1380	5	13	200	13032	16598
1381	1	11	200	13040	21940
1382	6	19	120	13048	9329
1383	15	0	200	13056	4683
1384	4	7	80	13064	12922
1385	3	16	160	13072	12244
1386	5	13	80	13080	10000
1387	0	18	80	13088	3186
1388	15	0	160	13096	16610
1389	15	0	120	13104	2908
1390	19	8	80	13112	13840
1391	6	19	80	13120	28988
1392	4	7	80	13128	3137
1393	3	16	120	13136	11892
1394	19	8	80	13144	1970
1395	4	7	80	13152	3003
1396	19	8	120	13200	7311
1397	3	16	80	13211	10008
1398	19	8	160	13222	26062
1399	0	18	200	13233	9051
1400	5	13	120	13244	3310
1401	15	0	200	13255	201
1402	4	7	200	13266	44424
1403	5	13	160	13277	5823
1404	5	13	120	13288	8138
1405	0	18	80	13299	2180
1406	19	8	120	13310	5853
1407	6	19	200	13321	14291
1408	19	8	160	13332	44787
1409	3	16	160	13343	2314
1410	19	8	120	13354	463
1411	4	7	160	13365	4155
1412	15	0	200	13376	7766
1413	19	8	160	13387	7790
1414	3	16	160	13398	3150
1415	6	19	120	13409	33260
1416	3	16	80	13420	8609
1417	6	19	120	13431	305
1418	19	8	120	13442	50633
1419	0	18	80	13453	1403
1420	6	19	80	13464	16116
1421	15	0	200	13475	15286
1422	4	7	160	13486	20861
1423	6	19	200	13497	22352
1424	3	16	120	13508	6217
1425	19	8	200	13519	13757
1426	4	7	200	13530	3022
1427	6	19	200	13541	8384
1428	6	19	120	13552	11140
1429	15	0	160	13563	26362
1430	3	16	200	13574	1263
1431	3	16	200	13600	12278
1432	6	19	160	13608	731
1433	3	16	200	13616	1311
1434	15	0	80	13624	7046
1435	15	0	200	13632	15826
1436	15	0	80	13640	23940
1437	0	18	200	13648	2034
1438	5	13	120	13656	21311
1439	3	16	80	13664	8156
1440	3	16	120	13672	3508
1441	19	8	80	13680	24422
1442	3	16	120	13688	3566
1443	5	13	80	13696	10241
1444	19	8	80	13704	2343
1445	15	0	160	13712	5966
1446	19	8	120	13720	6834
1447	4	7	120	13728	16758
1448	19	8	200	13736	6088
1449	4	7	160	13744	2889
1450	1	11	200	13752	14831
1451	5	13	200	13760	6770
1452	5	13	200	13768	10422
1453	19	8	160	13776	17933
1454	6	19	200	13784	18768
1455	6	19	120	13792	8828
1456	5	13	80	13800	2565
1457	19	8	200	13808	1679
1458	4	7	120	13816	47026
1459	6	19	160	13824	19942
1460	15	0	120	13832	34477
1461	6	19	120	13840	25775
1462	19	8	160	13848	1148
1463	3	16	80	13856	1094
1464	0	18	200	13864	941
1465	15	0	160	13872	6076
1466	15	0	200	13880	3191
1467	6	19	200	13888	5600
1468	3	16	160	13896	407
1469	5	13	160	13904	8277
1470	15	0	120	13912	915
1471	3	16	80	13920	5282
1472	1	11	200	13928	2594
1473	15	0	80	13936	8128
1474	19	8	160	13944	23331
1475	6	19	200	13952	24445
1476	6	19	160	13960	7464
1477	19	8	120	13968	3454
1478	15	0	200	13976	13208
1479	6	19	160	13984	152
1480	19	8	160	14000	3420
1481	0	18	120	14010	7620
1482	6	19	80	14020	1329
1483	4	7	160	14030	5947
1484	15	0	160	14040	2372
1485	15	0	200	14050	13258
1486	19	8	200	14060	744
1487	15	0	200	14070	4001
1488	15	0	80	14080	4502
1489	4	7	160	14090	30807
1490	5	13	160	14100	9321
1491	19	8	120	14110	15865
1492	15	0	160	14120	2319
1493	19	8	200	14130	248
1494	5	13	200	14140	9575
1495	15	0	80	14150	5548
1496	19	8	160	14160	18065
1497	0	18	80	14170	2234
1498	5	13	80	14180	8283
1499	3	16	120	14190	18172
1500	19	8	160	14200	2067
1501	5	13	120	14210	758
1502	1	11	200	14220	15238
1503	6	19	80	14230	27580
1504	6	19	120	14240	1817
1505	19	8	160	14250	5231
1506	5	13	200	14260	3242
1507	15	0	160	14270	1110
1508	19	8	200	14280	30118
1509	19	8	200	14290	30476
1510	19	8	200	14300	713
1511	6	19	160	14310	34231
1512	4	7	200	14320	7465
1513	15	0	160	14330	41128
1514	6	19	80	14340	9911
1515	15	0	200	14350	7695
1516	19	8	120	14360	18084
1517	15	0	200	14370	14466
1518	6	19	160	14400	28605
1519	4	7	200	14410	6265
1520	19	8	160	14420	4935
1521	19	8	200	14430	35940
1522	19	8	200	14440	743
1523	19	8	200	14450	1400
1524	1	11	80	14460	38106
1525	19	8	200	14470	4986
1526	5	13	160	14480	2385
1527	1	11	80	14490	2293
1528	3	16	120	14500	34233
1529	3	16	160	14510	8002
1530	15	0	120	14520	1151
1531	6	19	120	14530	4164
1532	5	13	120	14540	16710
1533	6	19	120	14550	26198
1534	6	19	80	14560	23119
1535	6	19	80	14570	2480
1536	19	8	160	14580	16681
1537	0	18	200	14590	2756
1538	15	0	120	14600	3455
1539	15	0	200	14610	20987
1540	5	13	200	14620	6787
1541	3	16	120	14630	42811
1542	15	0	80	14640	5446
1543	15	0	120	14650	5965
1544	4	7	200	14660	24077
1545	15	0	200	14670	10929
1546	15	0	120	14680	3780
1547	1	11	80	14690	2802
1548	6	19	160	14700	7356
1549	15	0	200	14710	953
1550	19	8	160	14720	10751
1551	4	7	200	14730	969
1552	6	19	160	14740	3647
1553	3	16	120	14750	1156
1554	4	7	160	14760	7019
1555	0	18	160	14800	2802
1556	6	19	160	14808	14
1557	3	16	80	14816	11267
1558	6	19	80	14824	34034
1559	15	0	120	14832	19346
1560	6	19	80	14840	2280
1561	4	7	200	14848	778
1562	6	19	80	14856	1894
1563	19	8	120	14864	6788
1564	4	7	120	14872	21235
1565	5	13	120	14880	17352
1566	4	7	120	14888	2539
1567	15	0	120	14896	10293
1568	3	16	160	14904	1441
1569	19	8	200	14912	5648
1570	15	0	120	14920	15379
1571	19	8	120	14928	10216
1572	19	8	160	14936	7179
1573	19	8	160	14944	1023
1574	19	8	80	14952	44129
1575	15	0	120	14960	5457
1576	4	7	200	14968	10557
1577	4	7	120	14976	13244
1578	15	0	200	14984	3366
1579	4	7	80	14992	5363
1580	3	16	160	15000	868
1581	4	7	160	15008	42920
1582	6	19	120	15016	15090
1583	6	19	160	15024	24114
1584	5	13	80	15032	27033
1585	5	13	120	15040	167
1586	3	16	200	15048	378
1587	4	7	200	15056	12935
1588	3	16	200	15064	7053
1589	6	19	120	15072	12463
1590	19	8	160	15080	2463
1591	19	8	160	15088	1837
1592	6	19	200	15096	3676
1593	1	11	200	15104	7166
1594	3	16	200	15112	12699
1595	3	16	80	15120	5529
1596	15	0	80	15128	20966
1597	19	8	160	15136	32399
1598	5	13	200	15144	9910
1599	19	8	120	15152	1278
1600	6	19	120	15160	6272
1601	19	8	200	15200	14223
1602	19	8	160	15208	1198
1603	6	19	160	15216	1038
1604	19	8	120	15224	5242
1605	19	8	80	15232	225
1606	4	7	120	15240	11846
1607	15	0	200	15248	2386
1608	4	7	80	15256	1495
1609	6	19	120	15264	967
1610	19	8	160	15272	11710
1611	5	13	80	15280	4856
1612	6	19	80	15288	5437
1613	3	16	200	15296	10436
1614	6	19	200	15304	15745
1615	4	7	120	15312	2693
1616	15	0	120	15320	5117
1617	0	18	160	15328	3943
1618	6	19	120	15336	9243
1619	19	8	80	15344	20294
1620	4	7	120	15352	15864
1621	19	8	120	15360	9086
1622	15	0	160	15368	1690
1623	15	0	80	15376	7552
1624	19	8	120	15384	2526
1625	19	8	200	15392	10422
1626	5	13	160	15400	4439
1627	19	8	160	15408	7
1628	15	0	160	15416	6720
1629	15	0	200	15424	11162
1630	1	11	80	15432	9310
1631	5	13	80	15440	12678
1632	19	8	160	15448	1347
1633	15	0	120	15456	1860
1634	15	0	160	15464	36783
1635	3	16	200	15472	5649
1636	5	13	80	15480	25141
1637	0	18	160	15488	12021
1638	6	19	120	15496	8609
1639	5	13	200	15504	25077
1640	4	7	80	15512	5863
1641	6	19	80	15520	22823
1642	19	8	200	15528	9385
1643	6	19	120	15536	5487
1644	15	0	160	15544	278
1645	15	0	120	15552	22988
1646	5	13	120	15560	18042
1647	5	13	200	15568	13785
1648	6	19	80	15576	15229
1649	19	8	120	15600	7215
1650	6	19	200	15608	267
1651	6	19	160	15616	9466
1652	5	13	120	15624	6043
1653	6	19	200	15632	16465
1654	15	0	80	15640	5499
1655	15	0	200	15648	25052
1656	5	13	80	15656	9931
1657	5	13	120	15664	11865
1658	15	0	120	15672	26820
1659	19	8	120	15680	17820
1660	6	19	160	15688	14827
1661	5	13	160	15696	11826
1662	19	8	80	15704	16711
1663	6	19	120	15712	8600
1664	6	19	80	15720	9260
1665	6	19	160	15728	42399
1666	6	19	160	15736	3083
1667	15	0	160	15744	2993
1668	6	19	80	15752	11852
1669	5	13	200	15760	5267
1670	19	8	120	15768	4700
1671	15	0	160	15776	15036
1672	6	19	80	15784	17536
1673	1	11	120	15792	12975
1674	15	0	200	15800	6728
1675	15	0	120	15808	25716
1676	0	18	160	15816	53574
1677	0	18	80	15824	17348
1678	19	8	120	15832	7047
1679	5	13	80	15840	4933
1680	6	19	120	15848	19481
1681	19	8	160	15856	11811
1682	5	13	160	15864	3970
1683	19	8	120	15872	45210
1684	3	16	80	15880	10509
1685	6	19	160	15888	61476
1686	19	8	200	15896	3559
1687	4	7	160	15904	5351
1688	1	11	120	15912	17951
1689	3	16	200	15920	965
1690	19	8	160	15928	20092
1691	0	18	160	15936	3435
1692	5	13	120	15944	16154
1693	6	19	200	15952	16095
1694	19	8	120	16000	2191
1695	19	8	120	16010	17112
1696	6	19	200	16020	1252
1697	5	13	120	16030	376
1698	0	18	120	16040	21210
1699	4	7	80	16050	642
1700	1	11	160	16060	11807
1701	15	0	200	16070	9767
1702	19	8	200	16080	684
1703	3	16	80	16090	5423
1704	19	8	200	16100	1640
1705	19	8	80	16110	4412
1706	3	16	120	16120	18037
1707	5	13	80	16130	15927
1708	19	8	200	16140	4579
1709	19	8	200	16150	7961
1710	6	19	80	16160	26221
1711	4	7	200	16170	19222
1712	5	13	80	16180	2437
1713	5	13	80	16190	9740
1714	5	13	200	16200	42374
1715	15	0	200	16210	1040
1716	19	8	80	16220	5079
1717	3	16	200	16230	17882
1718	5	13	120	16240	31598
1719	1	11	160	16250	9415
1720	15	0	160	16260	15025
1721	4	7	200	16270	24188
1722	15	0	80	16280	7060
1723	5	13	120	16290	9588
1724	6	19	80	16300	9388
1725	19	8	200	16310	937
1726	4	7	80	16320	44075
1727	19	8	80	16330	360
1728	4	7	80	16340	8172
1729	15	0	160	16350	13283
1730	4	7	120	16360	18364
1731	15	0	120	16370	37920
1732	0	18	200	16380	32832
1733	15	0	80	16400	5971
1734	4	7	120	16408	14892
1735	19	8	160	16416	3386
1736	0	18	200	16424	10151
1737	4	7	120	16432	30017
1738	19	8	120	16440	22692
1739	4	7	200	16448	3872
1740	5	13	80	16456	2927
1741	6	19	160	16464	8855
1742	5	13	200	16472	522
1743	3	16	160	16480	4127
1744	6	19	160	16488	2525
1745	6	19	200	16496	170
1746	15	0	160	16504	808
1747	1	11	80	16512	2437
1748	3	16	80	16520	17520
1749	3	16	160	16528	1051
1750	19	8	80	16536	6426
1751	5	13	80	16544	4707
1752	19	8	80	16552	1301
1753	19	8	160	16560	4034
1754	6	19	120	16568	4950
1755	15	0	200	16576	17095
1756	19	8	160	16584	1427
1757	6	19	120	16592	8442
1758	15	0	80	16600	20640
1759	1	11	80	16608	649
1760	15	0	200	16616	4860
1761	3	16	120	16624	16538
1762	0	18	200	16632	3307
1763	3	16	120	16640	12522
1764	15	0	120	16648	14502
1765	19	8	200	16656	31904
1766	4	7	80	16664	23880
1767	15	0	200	16672	18830
1768	1	11	200	16680	22371
1769	5	13	120	16688	15485
1770	6	19	200	16696	8614
1771	15	0	200	16704	6683
1772	4	7	160	16712	31177
1773	3	16	120	16720	12678
1774	15	0	160	16728	4756
1775	0	18	80	16736	2561
1776	19	8	80	16744	20861
1777	6	19	160	16752	2002
1778	19	8	200	16760	5363
1779	19	8	120	16800	9024
1780	4	7	120	16812	120
1781	3	16	80	16824	18770
1782	15	0	80	16836	3642
1783	3	16	160	16848	6332
1784	19	8	120	16860	3529
1785	19	8	80	16872	7373
1786	15	0	80	16884	23156
1787	1	11	80	16896	12585
1788	1	11	160	16908	665
1789	5	13	120	16920	36320
1790	1	11	200	16932	1723
1791	6	19	160	16944	815
1792	6	19	120	16956	1225
1793	19	8	120	16968	19101
1794	15	0	80	16980	34322
1795	3	16	200	16992	7584
1796	6	19	160	17004	3958
1797	3	16	120	17016	6026
1798	6	19	80	17028	10690
1799	6	19	160	17040	3610
1800	5	13	200	17052	1961
1801	19	8	160	17064	3831
1802	19	8	120	17076	4965
1803	15	0	200	17088	526
1804	6	19	160	17100	10174
1805	3	16	120	17112	52668
1806	3	16	160	17124	6107
1807	19	8	200	17136	7183
1808	4	7	80	17148	38125
1809	6	19	120	17160	1891
1810	19	8	160	17172	32835
1811	5	13	80	17184	38156
1812	15	0	160	17200	1876
1813	15	0	160	17211	4149
1814	19	8	160	17222	523
1815	6	19	200	17233	9379
1816	6	19	80	17244	7990
1817	19	8	120	17255	21322
1818	5	13	80	17266	5990
1819	19	8	80	17277	3329
1820	4	7	160	17288	937
1821	4	7	200	17299	2884
1822	15	0	80	17310	16063
1823	15	0	120	17321	26871
1824	5	13	120	17332	10731
1825	1	11	120	17343	7098
1826	4	7	120	17354	4805
1827	5	13	80	17365	1659
1828	6	19	120	17376	14837
1829	6	19	200	17387	23484
1830	6	19	120	17398	29054
1831	19	8	160	17409	6733
1832	1	11	120	17420	9962
1833	4	7	80	17431	1272
1834	6	19	160	17442	5694
1835	5	13	160	17453	16011
1836	4	7	160	17464	7215
1837	19	8	120	17475	2964
1838	6	19	200	17486	21870
1839	15	0	200	17497	3730
1840	15	0	160	17508	744
1841	19	8	120	17519	6217
1842	19	8	200	17530	14106
1843	6	19	120	17541	28650
1844	15	0	200	17552	197
1845	15	0	200	17563	2313
1846	15	0	80	17574	30448
1847	15	0	160	17585	19601
1848	19	8	160	17600	16818
1849	3	16	80	17610	6138
1850	15	0	160	17620	48443
1851	15	0	120	17630	7178
1852	15	0	120	17640	21
1853	15	0	200	17650	5121
1854	5	13	80	17660	2450
1855	3	16	200	17670	33199
1856	3	16	160	17680	9202
1857	5	13	200	17690	7073
1858	5	13	120	17700	7214
1859	6	19	120	17710	1604
1860	19	8	200	17720	12861
1861	15	0	120	17730	3772
1862	4	7	120	17740	16203
1863	15	0	120	17750	1258
1864	3	16	80	17760	3209
1865	19	8	200	17770	8456
1866	5	13	200	17780	6017
1867	5	13	120	17790	542
1868	3	16	80	17800	29515
1869	5	13	200	17810	4383
1870	4	7	80	17820	1137
1871	6	19	200	17830	3731
1872	5	13	160	17840	58621
1873	15	0	80	17850	1613
1874	4	7	160	17860	2412
1875	5	13	80	17870	13331
1876	5	13	200	17880	8865
1877	3	16	200	17890	21239
1878	0	18	160	17900	25159
1879	15	0	160	17910	6448
1880	5	13	120	17920	8947
1881	6	19	200	17930	8939
1882	5	13	160	17940	5647
1883	5	13	80	17950	4438
1884	19	8	80	17960	25085
1885	19	8	80	17970	7416
1886	1	11	120	17980	6695
1887	6	19	120	18000	2929
1888	19	8	80	18010	29707
1889	6	19	160	18020	6972
1890	4	7	80	18030	2694
1891	19	8	160	18040	78
1892	6	19	200	18050	17483
1893	0	18	120	18060	14988
1894	15	0	200	18070	11286
1895	19	8	80	18080	18754
1896	15	0	200	18090	13071
1897	3	16	160	18100	10751
1898	5	13	80	18110	13431
1899	15	0	200	18120	8574
1900	5	13	80	18130	18223
1901	5	13	160	18140	25122
1902	6	19	120	18150	26509
1903	6	19	160	18160	7126
1904	19	8	80	18170	4452
1905	3	16	200	18180	15066
1906	4	7	160	18190	7344
1907	3	16	120	18200	25051
1908	5	13	120	18210	2168
1909	0	18	200	18220	8656
1910	15	0	80	18230	6429
1911	19	8	200	18240	14685
1912	4	7	120	18250	10078
1913	15	0	200	18260	441
1914	3	16	80	18270	10982
1915	5	13	80	18280	1704
1916	5	13	200	18290	26971
1917	19	8	120	18300	6780
1918	19	8	80	18310	3030
1919	4	7	80	18320	17827
1920	19	8	160	18330	976
1921	19	8	120	18340	2348
1922	6	19	120	18350	1647
1923	15	0	160	18360	7705
1924	3	16	200	18370	1329
1925	5	13	120	18380	1051
1926	19	8	200	18390	8322
1927	5	13	80	18400	3928
1928	19	8	80	18413	8712
1929	5	13	120	18426	5963
1930	15	0	80	18439	87
1931	4	7	80	18452	32002
1932	19	8	160	18465	2037
1933	5	13	160	18478	5479
1934	5	13	160	18491	12085
1935	19	8	160	18504	12557
1936	19	8	120	18517	12095
1937	19	8	200	18530	31503
1938	6	19	80	18543	85338
1939	15	0	120	18556	2110
1940	15	0	120	18569	39
1941	19	8	80	18582	9625
1942	1	11	80	18595	632
1943	19	8	80	18608	6169
1944	15	0	120	18621	314
1945	5	13	120	18634	8203
1946	15	0	120	18647	6920
1947	15	0	80	18660	15754
1948	19	8	120	18673	1447
1949	5	13	200	18686	7783
1950	5	13	120	18699	27173
1951	15	0	160	18712	3165
1952	4	7	120	18725	5517
1953	3	16	80	18738	27612
1954	15	0	80	18751	6796
1955	6	19	160	18764	11093
1956	19	8	80	18800	16562
1957	19	8	200	18812	6461
1958	5	13	200	18824	5039
1959	6	19	160	18836	3075
1960	3	16	200	18848	2902
1961	19	8	120	18860	2359
1962	4	7	80	18872	5352
1963	19	8	200	18884	17828
1964	5	13	160	18896	8479
1965	6	19	200	18908	7946
1966	3	16	80	18920	9574
1967	19	8	160	18932	2703
1968	5	13	80	18944	6157
1969	4	7	120	18956	36130
1970	6	19	160	18968	8254
1971	6	19	200	18980	40852
1972	5	13	120	18992	6797
1973	3	16	200	19004	766
1974	15	0	200	19016	17656
1975	19	8	160	19028	8971
1976	15	0	120	19040	1621
1977	6	19	80	19052	15549
1978	19	8	80	19064	7130
1979	19	8	160	19076	11287
1980	15	0	80	19088	12450
1981	4	7	160	19100	17597
1982	6	19	200	19112	2172
1983	6	19	120	19124	476
1984	19	8	200	19136	8210
1985	19	8	160	19148	17918
1986	19	8	200	19160	9904
1987	15	0	160	19200	3553
1988	15	0	160	19230	32641
1989	15	0	200	19260	384
1990	3	16	120	19290	27674
1991	1	11	160	19320	2961
1992	5	13	80	19350	10543
1993	0	18	160	19380	17800
1994	6	19	120	19410	35123
1995	19	8	200	19440	20897
1996	15	0	200	19470	2554
1997	3	16	80	19500	3903
1998	15	0	120	19530	27076
1999	5	13	160	19560	9359
