0	4	7	160	0	14218
1	5	13	100	10	282
2	3	16	200	20	10196
3	15	0	130	30	4610
4	6	19	130	40	1122
5	6	19	160	50	15087
6	1	11	160	60	1466
7	4	7	100	70	2867
8	4	7	130	80	26982
9	0	18	130	90	2668
10	5	13	160	100	14
11	19	8	200	110	1638
12	5	13	130	120	6215
13	5	13	200	130	15931
14	15	0	100	140	2815
15	19	8	100	150	10148
16	3	16	130	160	1444
17	5	13	130	170	3651
18	4	7	130	180	2434
19	1	11	160	190	7184
20	19	8	100	200	3313
21	4	7	130	210	1701
22	0	18	100	220	11473
23	3	16	200	230	11574
24	5	13	200	240	13654
25	4	7	200	250	9239
26	15	0	200	260	5667
27	19	8	160	270	964
28	15	0	130	280	350
29	19	8	100	290	19872
30	0	18	100	300	10725
31	5	13	200	310	11981
32	19	8	160	320	6381
33	3	16	160	330	1389
34	0	18	160	340	29243
35	4	7	200	350	18862
36	0	18	130	360	5334
37	0	18	130	370	13441
38	4	7	130	380	16498
39	3	16	200	400	7470
40	0	18	160	410	24285
41	19	8	130	420	8050
42	6	19	160	430	1029
43	15	0	200	440	4115
44	19	8	100	450	2638
45	5	13	100	460	4236
46	5	13	160	470	928
47	3	16	160	480	6345
48	1	11	200	490	5385
49	3	16	100	500	18220
50	5	13	200	510	8106
51	5	13	130	520	5451
52	1	11	200	530	15903
53	4	7	130	540	20801
54	1	11	160	550	8263
55	0	18	130	560	8158
56	5	13	200	570	2550
57	19	8	200	580	24948
58	3	16	130	590	7729
59	3	16	130	600	4723
60	19	8	160	610	3332
61	1	11	200	620	443
62	6	19	160	630	2391
63	4	7	130	640	402
64	19	8	130	650	6305
65	19	8	200	660	2043
66	0	18	130	670	8075
67	3	16	200	680	3834
68	5	13	130	690	17610
69	3	16	130	700	3970
70	15	0	200	710	2112
71	3	16	200	720	3465
72	0	18	200	730	5443
73	0	18	160	740	8523
74	0	18	100	750	8188
75	0	18	200	760	9758
76	6	19	160	770	587
77	1	11	130	780	3564
78	4	7	200	800	5288
79	19	8	160	809	4186
80	15	0	130	818	6850
81	5	13	130	827	25755
82	15	0	200	836	7818
83	5	13	130	845	1256
84	4	7	100	854	2623
85	5	13	200	863	2240
86	3	16	200	872	19566
87	4	7	100	881	7823
88	0	18	200	890	5795
89	0	18	130	899	3261
90	15	0	200	908	8004
91	0	18	160	917	6055
92	6	19	200	926	1727
93	1	11	200	935	4453
94	4	7	100	944	2476
95	15	0	160	953	18263
96	3	16	160	962	3773
97	1	11	130	971	594
98	19	8	160	980	15549
99	19	8	100	989	457
100	4	7	200	998	11953
101	3	16	160	1007	10441
102	6	19	130	1016	8589
103	15	0	130	1025	830
104	4	7	130	1034	8758
105	1	11	200	1043	2688
106	4	7	130	1052	3
107	1	11	130	1061	1861
108	3	16	130	1070	2684
109	1	11	200	1079	22416
110	3	16	160	1088	6723
111	4	7	130	1097	19578
112	5	13	200	1106	5110
113	3	16	200	1115	1906
114	4	7	100	1124	16361
115	3	16	130	1133	3832
116	4	7	200	1142	4500
117	0	18	130	1151	959
118	0	18	100	1160	11740
119	3	16	160	1169	2865
120	6	19	100	1200	2992
121	6	19	100	1214	93
122	1	11	200	1228	16041
123	5	13	200	1242	6468
124	5	13	160	1256	11380
125	6	19	100	1270	9663
126	5	13	200	1284	1369
127	19	8	100	1298	552
128	6	19	130	1312	3943
129	3	16	160	1326	10859
130	15	0	100	1340	3188
131	4	7	130	1354	56760
132	1	11	200	1368	5588
133	4	7	160	1382	4470
134	5	13	200	1396	7994
135	5	13	160	1410	14988
136	15	0	100	1424	2873
137	0	18	130	1438	5955
138	1	11	100	1452	5230
139	1	11	130	1466	41155
140	1	11	130	1480	2235
141	0	18	160	1494	9785
142	1	11	200	1508	3310
143	19	8	100	1522	6865
144	6	19	160	1536	11630
145	4	7	130	1550	10151
146	5	13	160	1564	484
147	3	16	100	1600	32212
148	6	19	160	1609	6500
149	0	18	200	1618	17342
150	3	16	160	1627	5045
151	3	16	100	1636	2441
152	1	11	100	1645	2877
153	5	13	100	1654	6490
154	3	16	100	1663	10885
155	15	0	200	1672	11547
156	0	18	160	1681	15931
157	1	11	130	1690	876
158	3	16	160	1699	3320
159	6	19	100	1708	26640
160	6	19	100	1717	1096
161	4	7	130	1726	21715
162	5	13	100	1735	13649
163	19	8	160	1744	6253
164	4	7	160	1753	7545
165	15	0	100	1762	6739
166	1	11	160	1771	4231
167	1	11	100	1780	359
168	15	0	200	1789	6943
169	15	0	130	1798	196
170	4	7	130	1807	657
171	4	7	130	1816	18853
172	19	8	130	1825	8021
173	19	8	200	1834	11945
174	1	11	100	1843	472
175	5	13	160	1852	7458
176	4	7	130	1861	8937
177	1	11	200	1870	2732
178	15	0	100	1879	12416
179	0	18	130	1888	327
180	1	11	160	1897	8225
181	1	11	160	1906	1541
182	1	11	130	1915	5714
183	5	13	160	1924	5603
184	19	8	200	1933	2571
185	5	13	200	1942	543
186	3	16	100	1951	9553
187	5	13	200	1960	23496
188	0	18	160	2000	9231
189	6	19	200	2008	16198
190	4	7	200	2016	32568
191	6	19	160	2024	1765
192	6	19	200	2032	1639
193	4	7	200	2040	5801
194	5	13	100	2048	16086
195	6	19	200	2056	2968
196	5	13	160	2064	17463
197	1	11	100	2072	12736
198	5	13	130	2080	26923
199	15	0	160	2088	1755
200	1	11	160	2096	2946
201	4	7	130	2104	119
202	5	13	100	2112	4113
203	19	8	100	2120	6075
204	6	19	130	2128	13146
205	19	8	100	2136	6613
206	3	16	200	2144	7951
207	3	16	130	2152	5985
208	4	7	200	2160	5519
209	6	19	160	2168	1180
210	3	16	130	2176	763
211	19	8	200	2184	6830
212	3	16	100	2192	3033
213	1	11	130	2200	2849
214	5	13	130	2208	3107
215	4	7	130	2216	24431
216	3	16	100	2224	4403
217	0	18	130	2232	3024
218	0	18	200	2240	2489
219	19	8	200	2248	6297
220	5	13	200	2256	16463
221	5	13	160	2264	4985
222	0	18	160	2272	3561
223	0	18	200	2280	9963
224	3	16	160	2288	337
225	15	0	160	2296	17019
226	6	19	160	2304	10183
227	4	7	130	2312	998
228	3	16	160	2320	19195
229	4	7	130	2328	11006
230	0	18	100	2336	10156
231	3	16	130	2344	16721
232	6	19	130	2352	3130
233	0	18	160	2360	7155
234	19	8	160	2400	10532
235	15	0	100	2410	7899
236	6	19	130	2420	11870
237	3	16	100	2430	30685
238	15	0	100	2440	9550
239	19	8	160	2450	9970
240	1	11	100	2460	4579
241	0	18	200	2470	1493
242	1	11	100	2480	4762
243	4	7	200	2490	6342
244	4	7	160	2500	12001
245	5	13	100	2510	4204
246	4	7	160	2520	17129
247	5	13	130	2530	17343
248	15	0	160	2540	1724
249	1	11	200	2550	19561
250	4	7	160	2560	17421
251	5	13	100	2570	6797
252	1	11	100	2580	6023
253	6	19	160	2590	4365
254	3	16	160	2600	3141
255	5	13	100	2610	14879
256	3	16	160	2620	8526
257	5	13	130	2630	9364
258	5	13	160	2640	5399
259	19	8	200	2650	20808
260	3	16	130	2660	14786
261	19	8	130	2670	5748
262	19	8	200	2680	7689
263	0	18	130	2690	11123
264	6	19	160	2700	4331
265	0	18	100	2710	1933
266	1	11	130	2720	2305
267	3	16	130	2730	10310
268	3	16	200	2740	6709
269	15	0	130	2750	9483
270	6	19	100	2760	1583
271	0	18	100	2770	4708
272	1	11	130	2780	7696
273	0	18	100	2790	6477
274	6	19	200	2800	923
275	5	13	100	2810	9686
276	4	7	160	2820	122
277	6	19	200	2830	13364
278	6	19	130	2840	21899
279	15	0	130	2850	8008
280	3	16	100	2860	51422
281	0	18	130	2870	14385
282	6	19	200	2880	20555
283	1	11	200	2890	44041
284	0	18	160	2900	15766
285	5	13	200	2910	1268
286	1	11	100	2920	3413
287	19	8	200	2930	18688
288	6	19	100	2940	2478
289	3	16	130	2950	17487
290	4	7	130	2960	28582
291	1	11	100	2970	696
292	6	19	130	2980	5349
293	19	8	100	2990	11797
294	6	19	100	3000	16318
295	1	11	160	3010	20540
296	0	18	100	3020	6436
297	0	18	160	3030	9566
298	6	19	100	3040	1108
299	3	16	130	3050	6607
300	3	16	160	3060	1379
301	1	11	100	3070	1376
302	3	16	160	3080	3060
303	0	18	100	3090	5537
304	4	7	200	3100	10584
305	4	7	160	3110	4664
306	3	16	200	3120	24729
307	0	18	100	3130	29212
308	19	8	200	3140	2985
309	15	0	160	3150	7797
310	1	11	160	3160	14135
311	5	13	200	3170	14847
312	19	8	200	3180	11237
313	15	0	100	3190	15630
314	5	13	200	3200	20984
315	1	11	100	3212	65
316	3	16	160	3224	7116
317	15	0	200	3236	7774
318	19	8	160	3248	17686
319	1	11	160	3260	2534
320	15	0	100	3272	16165
321	1	11	130	3284	3410
322	5	13	130	3296	4899
323	19	8	130	3308	9118
324	3	16	200	3320	10254
325	5	13	200	3332	809
326	3	16	160	3344	25218
327	1	11	100	3356	15005
328	4	7	100	3368	9242
329	4	7	100	3380	1644
330	4	7	100	3392	1293
331	3	16	200	3404	3057
332	19	8	160	3416	9178
333	3	16	200	3428	3735
334	4	7	200	3440	5141
335	1	11	200	3452	14675
336	15	0	200	3464	5814
337	5	13	160	3476	4411
338	6	19	100	3488	2433
339	6	19	100	3500	4341
340	1	11	100	3512	1706
341	1	11	100	3524	3737
342	0	18	100	3536	7168
343	19	8	160	3548	8256
344	1	11	200	3560	482
345	19	8	130	3572	1097
346	1	11	130	3600	3189
347	19	8	100	3609	7940
348	4	7	130	3618	14848
349	4	7	100	3627	15835
350	19	8	100	3636	3253
351	3	16	100	3645	21397
352	1	11	100	3654	13167
353	5	13	160	3663	15605
354	4	7	130	3672	9492
355	1	11	130	3681	13342
356	5	13	160	3690	9635
357	3	16	100	3699	8123
358	6	19	130	3708	12007
359	15	0	200	3717	8117
360	0	18	200	3726	5302
361	0	18	160	3735	912
362	6	19	100	3744	2728
363	4	7	160	3753	1074
364	3	16	130	3762	5129
365	15	0	200	3771	5731
366	5	13	130	3780	1405
367	6	19	200	3789	3843
368	4	7	130	3798	3877
369	3	16	200	3807	729
370	4	7	100	3816	5411
371	6	19	200	3825	1444
372	0	18	200	3834	3562
373	3	16	130	3843	5102
374	0	18	160	3852	662
375	6	19	100	3861	5452
376	1	11	100	3870	11260
377	6	19	200	3879	13464
378	15	0	130	3888	7775
379	4	7	130	3897	7215
380	3	16	160	3906	11666
381	3	16	160	3915	3178
382	15	0	200	3924	24
383	0	18	200	3933	13861
384	4	7	200	3942	15265
385	1	11	200	3951	1970
386	1	11	200	3960	5714
387	4	7	100	3969	13930
388	15	0	160	3978	9073
389	3	16	160	4000	8696
390	6	19	130	4008	1207
391	4	7	160	4016	16882
392	19	8	130	4024	8326
393	19	8	100	4032	7842
394	5	13	130	4040	21775
395	0	18	130	4048	704
396	4	7	100	4056	703
397	5	13	160	4064	5020
398	6	19	100	4072	1494
399	3	16	100	4080	6334
400	3	16	100	4088	27307
401	5	13	130	4096	23554
402	5	13	200	4104	2250
403	0	18	130	4112	11304
404	19	8	200	4120	3699
405	3	16	130	4128	1479
406	1	11	100	4136	6783
407	15	0	160	4144	3271
408	4	7	200	4152	12053
409	15	0	130	4160	1790
410	19	8	100	4168	461
411	19	8	160	4176	17368
412	5	13	160	4184	129
413	3	16	200	4192	1615
414	4	7	130	4200	16326
415	6	19	100	4208	1363
416	3	16	200	4216	885
417	5	13	100	4224	5016
418	19	8	200	4232	2562
419	0	18	130	4240	2355
420	5	13	200	4248	8
421	0	18	130	4256	3281
422	19	8	100	4264	9716
423	1	11	200	4272	10222
424	6	19	160	4280	23495
425	0	18	160	4288	7589
426	15	0	130	4296	5845
427	0	18	200	4304	10611
428	6	19	100	4312	6165
429	19	8	130	4320	42725
430	3	16	100	4328	4220
431	5	13	160	4336	2730
432	0	18	200	4344	8258
433	4	7	130	4352	620
434	1	11	130	4360	7892
435	15	0	100	4368	13719
436	15	0	200	4376	690
437	6	19	130	4400	2263
438	0	18	200	4409	4825
439	1	11	160	4418	9184
440	19	8	200	4427	8320
441	4	7	100	4436	1537
442	19	8	100	4445	379
443	0	18	130	4454	5197
444	3	16	130	4463	7465
445	6	19	160	4472	2346
446	15	0	200	4481	15883
447	5	13	160	4490	4988
448	4	7	160	4499	11242
449	15	0	100	4508	12024
450	15	0	130	4517	31099
451	19	8	200	4526	7707
452	6	19	160	4535	1705
453	5	13	160	4544	19752
454	6	19	100	4553	6316
455	1	11	200	4562	7967
456	6	19	100	4571	2240
457	4	7	200	4580	5936
458	4	7	160	4589	13269
459	15	0	130	4598	11334
460	5	13	200	4607	8409
461	0	18	130	4616	14518
462	0	18	130	4625	12808
463	5	13	160	4634	12228
464	5	13	130	4643	12507
465	4	7	130	4652	11651
466	19	8	200	4661	2218
467	0	18	130	4670	22705
468	1	11	130	4679	6489
469	6	19	130	4688	410
470	19	8	130	4697	615
471	5	13	160	4706	15632
472	5	13	100	4715	103
473	15	0	100	4724	7158
474	0	18	160	4733	7502
475	1	11	200	4742	13998
476	1	11	100	4751	2741
477	15	0	200	4760	2042
478	15	0	130	4769	974
479	19	8	100	4778	9441
480	1	11	160	4800	11093
481	1	11	200	4809	447
482	6	19	100	4818	31242
483	19	8	200	4827	11408
484	1	11	200	4836	126
485	3	16	100	4845	12544
486	19	8	200	4854	817
487	4	7	130	4863	10429
488	15	0	130	4872	6018
489	19	8	130	4881	45338
490	0	18	200	4890	6860
491	4	7	200	4899	6546
492	3	16	160	4908	4593
493	1	11	160	4917	9510
494	6	19	160	4926	262
495	15	0	130	4935	13262
496	3	16	200	4944	3779
497	4	7	160	4953	2443
498	5	13	100	4962	9297
499	19	8	100	4971	14647
500	15	0	200	4980	97
501	6	19	160	4989	20328
502	4	7	100	4998	19113
503	15	0	130	5007	9756
504	19	8	200	5016	9726
505	1	11	200	5025	1033
506	3	16	200	5034	7441
507	19	8	160	5043	7345
508	4	7	100	5052	2931
509	5	13	130	5061	10176
510	0	18	200	5070	3330
511	15	0	130	5079	152
512	5	13	130	5088	4209
513	4	7	160	5097	994
514	6	19	200	5106	59
515	4	7	100	5115	7251
516	4	7	130	5124	15574
517	1	11	160	5133	314
518	3	16	200	5142	11669
519	1	11	100	5151	55584
520	4	7	130	5160	8864
521	4	7	160	5200	5767
522	3	16	100	5208	4258
523	1	11	200	5216	6552
524	6	19	160	5224	5143
525	4	7	130	5232	5792
526	1	11	200	5240	4378
527	3	16	130	5248	3056
528	1	11	130	5256	6549
529	1	11	100	5264	12837
530	19	8	200	5272	4777
531	6	19	130	5280	218
532	3	16	200	5288	6180
533	19	8	100	5296	2572
534	1	11	100	5304	9132
535	4	7	200	5312	14122
536	6	19	160	5320	1263
537	15	0	200	5328	2575
538	19	8	100	5336	463
539	19	8	200	5344	17993
540	0	18	130	5352	1646
541	0	18	130	5360	5487
542	0	18	100	5368	4380
543	3	16	200	5376	13242
544	19	8	160	5384	8538
545	1	11	160	5392	6512
546	15	0	130	5400	1296
547	19	8	100	5408	3084
548	5	13	200	5416	9317
549	1	11	160	5424	4584
550	4	7	100	5432	24321
551	1	11	130	5440	3299
552	0	18	200	5448	5477
553	4	7	200	5456	9322
554	4	7	200	5464	1489
555	3	16	130	5472	5519
556	4	7	160	5480	5681
557	1	11	100	5488	3435
558	1	11	200	5496	2094
559	4	7	130	5504	1668
560	19	8	200	5512	9623
561	0	18	130	5520	2717
562	6	19	100	5528	341
563	1	11	200	5536	5670
564	6	19	130	5544	2518
565	3	16	130	5552	3009
566	5	13	130	5560	5242
567	6	19	130	5568	1152
568	3	16	130	5600	4583
569	1	11	200	5607	1573
570	6	19	130	5614	4781
571	6	19	160	5621	6979
572	3	16	130	5628	32283
573	3	16	200	5635	16504
574	0	18	200	5642	13413
575	4	7	200	5649	1523
576	4	7	130	5656	772
577	0	18	100	5663	7406
578	3	16	130	5670	18671
579	4	7	200	5677	19943
580	6	19	100	5684	3640
581	3	16	200	5691	856
582	15	0	160	5698	7943
583	19	8	200	5705	1047
584	15	0	100	5712	15012
585	15	0	160	5719	947
586	6	19	160	5726	6060
587	19	8	200	5733	15176
588	4	7	130	5740	887
589	15	0	200	5747	1610
590	0	18	130	5754	3090
591	4	7	130	5761	12755
592	6	19	200	5768	367
593	4	7	200	5775	16196
594	0	18	200	5782	1733
595	0	18	100	5789	18264
596	3	16	130	5796	4850
597	15	0	130	5803	19613
598	6	19	160	5810	6193
599	5	13	130	5817	3354
600	6	19	100	5824	634
601	0	18	100	5831	124
602	6	19	160	5838	17220
603	4	7	200	5845	5697
604	5	13	100	5852	34331
605	15	0	160	5859	3697
606	15	0	200	5866	3516
607	6	19	200	5873	7799
608	3	16	100	5880	16645
609	0	18	200	5887	45180
610	19	8	200	5894	4171
611	4	7	130	5901	18803
612	19	8	200	5908	4725
613	6	19	200	5915	3003
614	15	0	130	5922	13839
615	6	19	100	5929	7294
616	3	16	160	5936	8594
617	15	0	100	5943	20102
618	3	16	200	5950	8651
619	15	0	160	5957	1379
620	6	19	160	5964	12199
621	5	13	130	5971	7969
622	3	16	200	6000	236
623	4	7	130	6010	2342
624	0	18	160	6020	15624
625	1	11	100	6030	8466
626	19	8	160	6040	6163
627	15	0	130	6050	971
628	3	16	200	6060	9068
629	0	18	160	6070	19718
630	0	18	160	6080	10149
631	6	19	200	6090	1569
632	4	7	160	6100	536
633	15	0	100	6110	6578
634	15	0	200	6120	14716
635	5	13	200	6130	3447
636	6	19	130	6140	1964
637	3	16	200	6150	1023
638	3	16	160	6160	1173
639	0	18	130	6170	5181
640	19	8	200	6180	11286
641	19	8	160	6190	19121
642	6	19	200	6200	29454
643	3	16	130	6210	919
644	19	8	200	6220	11967
645	6	19	200	6230	4299
646	5	13	160	6240	3457
647	0	18	100	6250	10528
648	6	19	160	6260	370
649	4	7	200	6270	7263
650	6	19	130	6280	2190
651	4	7	100	6290	6137
652	4	7	160	6300	2333
653	15	0	200	6310	3831
654	15	0	160	6320	6570
655	1	11	160	6330	4717
656	15	0	100	6340	34306
657	1	11	100	6350	7952
658	3	16	130	6360	8427
659	3	16	100	6400	3244
660	15	0	100	6408	14315
661	0	18	130	6416	2208
662	4	7	100	6424	23156
663	1	11	130	6432	25787
664	0	18	130	6440	2602
665	3	16	100	6448	2071
666	19	8	200	6456	14650
667	1	11	200	6464	17335
668	15	0	200	6472	5108
669	1	11	130	6480	5117
670	19	8	200	6488	3830
671	19	8	200	6496	6183
672	4	7	130	6504	12204
673	3	16	130	6512	1628
674	19	8	200	6520	4117
675	15	0	200	6528	16569
676	15	0	160	6536	8534
677	0	18	160	6544	20267
678	5	13	130	6552	5198
679	4	7	160	6560	4673
680	6	19	130	6568	2876
681	19	8	130	6576	13094
682	1	11	200	6584	572
683	19	8	100	6592	680
684	3	16	130	6600	9001
685	5	13	130	6608	1618
686	1	11	130	6616	20746
687	5	13	160	6624	9224
688	19	8	130	6632	3
689	6	19	100	6640	4028
690	15	0	160	6648	3618
691	4	7	100	6656	7089
692	19	8	130	6664	5062
693	0	18	160	6672	13000
694	1	11	130	6680	8258
695	19	8	130	6688	5785
696	5	13	160	6696	26530
697	5	13	130	6704	118
698	3	16	200	6712	14217
699	6	19	200	6720	6349
700	6	19	100	6728	6862
701	4	7	200	6736	5010
702	1	11	100	6744	2407
703	4	7	100	6752	6801
704	4	7	200	6760	1948
705	15	0	160	6768	9664
706	0	18	160	6800	11192
707	1	11	100	6810	570
708	15	0	100	6820	30626
709	19	8	160	6830	9271
710	3	16	100	6840	12468
711	15	0	160	6850	543
712	6	19	160	6860	1319
713	19	8	200	6870	1873
714	6	19	160	6880	254
715	19	8	160	6890	223
716	19	8	160	6900	1511
717	4	7	100	6910	15912
718	15	0	100	6920	2681
719	4	7	100	6930	794
720	0	18	160	6940	2886
721	4	7	100	6950	1351
722	1	11	130	6960	17303
723	1	11	200	6970	634
724	4	7	200	6980	920
725	4	7	160	6990	12589
726	19	8	130	7000	575
727	4	7	200	7010	31063
728	0	18	100	7020	6217
729	0	18	160	7030	17479
730	3	16	130	7040	19285
731	3	16	100	7050	8201
732	15	0	160	7060	752
733	19	8	160	7070	21281
734	6	19	130	7080	16109
735	3	16	160	7090	14492
736	6	19	100	7100	6309
737	6	19	160	7110	5488
738	4	7	100	7120	16041
739	5	13	160	7130	29258
740	5	13	160	7140	4496
741	0	18	130	7150	15525
742	15	0	160	7160	9795
743	19	8	200	7170	3018
744	4	7	200	7200	7452
745	0	18	200	7209	2832
746	15	0	160	7218	4577
747	0	18	160	7227	2409
748	4	7	200	7236	11819
749	3	16	160	7245	7662
750	0	18	160	7254	3355
751	0	18	130	7263	847
752	6	19	130	7272	10471
753	15	0	200	7281	10664
754	5	13	130	7290	2247
755	3	16	100	7299	4364
756	1	11	130	7308	6948
757	19	8	130	7317	1622
758	0	18	130	7326	4988
759	19	8	100	7335	4405
760	15	0	100	7344	7992
761	5	13	200	7353	11889
762	0	18	200	7362	6014
763	15	0	130	7371	760
764	6	19	100	7380	11966
765	19	8	100	7389	1284
766	19	8	100	7398	29815
767	6	19	100	7407	2008
768	1	11	130	7416	3352
769	3	16	200	7425	1732
770	3	16	130	7434	5262
771	1	11	100	7443	9009
772	19	8	100	7452	48985
773	3	16	130	7461	2975
774	19	8	160	7470	8739
775	19	8	130	7479	4732
776	5	13	130	7488	4773
777	1	11	160	7497	6765
778	15	0	200	7506	5082
779	3	16	200	7515	13306
780	5	13	100	7524	3533
781	19	8	200	7533	13259
782	0	18	200	7542	1861
783	15	0	130	7551	20621
784	19	8	200	7560	6297
785	1	11	100	7569	13273
786	6	19	200	7578	19387
787	19	8	160	7587	3487
788	3	16	100	7600	9245
789	4	7	130	7610	4725
790	1	11	100	7620	2367
791	6	19	200	7630	3594
792	5	13	100	7640	263
793	5	13	200	7650	4666
794	6	19	160	7660	3353
795	0	18	160	7670	8541
796	19	8	130	7680	3178
797	19	8	100	7690	7643
798	1	11	160	7700	6183
799	4	7	200	7710	4896
800	0	18	160	7720	3112
801	1	11	130	7730	1923
802	15	0	100	7740	19986
803	0	18	200	7750	6884
804	0	18	130	7760	1153
805	15	0	160	7770	8794
806	1	11	100	7780	867
807	4	7	200	7790	4348
808	19	8	130	7800	595
809	6	19	100	7810	12810
810	6	19	160	7820	28338
811	19	8	200	7830	77
812	1	11	130	7840	9995
813	6	19	130	7850	8478
814	3	16	100	7860	549
815	15	0	100	7870	13824
816	4	7	200	7880	6680
817	3	16	160	7890	7419
818	15	0	160	7900	6314
819	5	13	100	7910	27101
820	3	16	130	7920	2163
821	0	18	160	7930	7794
822	4	7	200	7940	6157
823	15	0	100	7950	18126
824	1	11	200	7960	22313
825	5	13	160	7970	1023
826	6	19	200	7980	8246
827	4	7	130	7990	6493
828	5	13	200	8000	27567
829	15	0	200	8009	67
830	19	8	200	8018	1010
831	6	19	130	8027	14369
832	19	8	100	8036	263
833	4	7	100	8045	100
834	3	16	130	8054	5358
835	4	7	160	8063	1237
836	1	11	200	8072	17776
837	0	18	200	8081	7966
838	6	19	100	8090	12476
839	1	11	130	8099	16829
840	0	18	200	8108	9819
841	1	11	200	8117	5419
842	0	18	130	8126	2646
843	6	19	100	8135	17427
844	6	19	160	8144	5154
845	1	11	130	8153	2264
846	5	13	160	8162	8367
847	15	0	200	8171	3810
848	1	11	200	8180	3766
849	19	8	130	8189	5872
850	6	19	200	8198	754
851	6	19	200	8207	10282
852	0	18	160	8216	576
853	6	19	130	8225	6791
854	0	18	130	8234	1996
855	0	18	100	8243	9624
856	15	0	130	8252	9037
857	0	18	200	8261	174
858	19	8	100	8270	8140
859	5	13	160	8279	114
860	1	11	160	8288	191
861	6	19	200	8297	6332
862	15	0	200	8306	4800
863	0	18	160	8315	523
864	6	19	100	8324	9109
865	0	18	100	8333	1178
866	0	18	200	8342	30294
867	15	0	100	8351	9653
868	4	7	100	8360	1445
869	19	8	130	8400	20517
870	6	19	100	8409	21362
871	4	7	200	8418	21937
872	5	13	130	8427	13485
873	6	19	100	8436	8817
874	5	13	130	8445	2400
875	1	11	130	8454	10927
876	19	8	130	8463	3335
877	6	19	200	8472	8399
878	0	18	160	8481	4375
879	19	8	130	8490	9422
880	19	8	200	8499	5100
881	15	0	100	8508	2455
882	3	16	160	8517	1590
883	5	13	130	8526	4754
884	1	11	200	8535	20043
885	3	16	100	8544	4022
886	5	13	200	8553	11571
887	3	16	160	8562	4932
888	3	16	160	8571	12548
889	3	16	100	8580	12428
890	6	19	130	8589	5026
891	1	11	100	8598	16327
892	0	18	160	8607	38650
893	1	11	130	8616	11952
894	0	18	160	8625	15413
895	3	16	200	8634	1395
896	3	16	100	8643	333
897	0	18	160	8652	1970
898	19	8	200	8661	1855
899	6	19	130	8670	3300
900	0	18	130	8679	2508
901	6	19	130	8688	23625
902	4	7	160	8697	1923
903	3	16	130	8706	4818
904	3	16	130	8715	7118
905	3	16	200	8724	1342
906	0	18	130	8733	19154
907	4	7	130	8742	4108
908	0	18	100	8751	3002
909	19	8	100	8760	5169
910	0	18	200	8769	3555
911	0	18	160	8800	217
912	19	8	130	8810	7335
913	19	8	200	8820	23424
914	5	13	200	8830	6261
915	3	16	160	8840	11394
916	4	7	130	8850	3652
917	3	16	160	8860	25
918	15	0	160	8870	1252
919	3	16	100	8880	2678
920	5	13	130	8890	3726
921	6	19	130	8900	5823
922	5	13	130	8910	19188
923	0	18	200	8920	3782
924	3	16	100	8930	4878
925	5	13	100	8940	500
926	3	16	130	8950	22994
927	3	16	200	8960	319
928	6	19	160	8970	13434
929	3	16	130	8980	835
930	15	0	130	8990	9738
931	19	8	160	9000	1046
932	6	19	100	9010	4681
933	4	7	100	9020	695
934	19	8	100	9030	4397
935	3	16	160	9040	5931
936	4	7	130	9050	415
937	0	18	100	9060	10411
938	3	16	100	9070	15659
939	19	8	100	9080	11547
940	1	11	160	9090	5330
941	0	18	130	9100	3607
942	1	11	130	9110	1274
943	3	16	160	9120	3034
944	1	11	130	9130	4492
945	5	13	200	9140	4633
946	1	11	200	9150	2515
947	1	11	200	9160	372
948	6	19	160	9170	2119
949	6	19	200	9180	798
950	15	0	160	9200	12622
951	0	18	130	9209	307
952	1	11	100	9218	609
953	5	13	200	9227	20459
954	0	18	200	9236	26959
955	3	16	100	9245	11155
956	1	11	200	9254	315
957	3	16	160	9263	14509
958	19	8	130	9272	43986
959	6	19	100	9281	6016
960	19	8	160	9290	1895
961	6	19	160	9299	16299
962	6	19	200	9308	7096
963	15	0	200	9317	1924
964	1	11	160	9326	11827
965	1	11	100	9335	2155
966	3	16	130	9344	7012
967	5	13	130	9353	5822
968	0	18	160	9362	5932
969	3	16	100	9371	155
970	19	8	100	9380	9868
971	4	7	130	9389	8144
972	19	8	130	9398	1247
973	19	8	160	9407	3838
974	1	11	130	9416	12800
975	4	7	100	9425	76
976	5	13	200	9434	3693
977	1	11	200	9443	7200
978	15	0	130	9452	23506
979	6	19	130	9461	136
980	4	7	130	9470	12518
981	0	18	130	9479	18264
982	5	13	100	9488	13135
983	19	8	160	9497	10139
984	4	7	200	9506	2917
985	6	19	200	9515	8778
986	6	19	160	9524	404
987	0	18	130	9533	5880
988	3	16	100	9542	1001
989	5	13	200	9551	8889
990	0	18	160	9560	5306
991	0	18	160	9569	1922
992	0	18	160	9600	10532
993	5	13	200	9617	3205
994	19	8	160	9634	6440
995	4	7	100	9651	7673
996	3	16	130	9668	11926
997	3	16	160	9685	21687
998	1	11	200	9702	6276
999	0	18	100	9719	1720
1000	1	11	130	9736	15496
1001	5	13	160	9753	11179
1002	0	18	100	9770	5903
1003	4	7	160	9787	1920
1004	15	0	200	9804	3906
1005	4	7	130	9821	1346
1006	1	11	100	9838	17910
1007	3	16	130	9855	9427
1008	4	7	130	9872	1062
1009	6	19	200	9889	25016
1010	15	0	100	9906	3852
1011	0	18	100	9923	4713
1012	4	7	100	9940	17650
1013	3	16	100	9957	30909
1014	3	16	200	9974	10707
1015	19	8	100	10000	3002
1016	1	11	130	10008	522
1017	15	0	130	10016	16302
1018	4	7	100	10024	19105
1019	4	7	200	10032	894
1020	4	7	160	10040	1654
1021	1	11	100	10048	523
1022	3	16	100	10056	4078
1023	5	13	200	10064	15326
1024	1	11	130	10072	6115
1025	15	0	130	10080	5466
1026	4	7	160	10088	18979
1027	3	16	130	10096	13463
1028	19	8	200	10104	14088
1029	6	19	130	10112	1600
1030	0	18	200	10120	2139
1031	1	11	130	10128	4585
1032	19	8	200	10136	408
1033	15	0	130	10144	11202
1034	5	13	200	10152	1404
1035	15	0	200	10160	310
1036	0	18	100	10168	3774
1037	1	11	160	10176	7190
1038	1	11	160	10184	3229
1039	19	8	130	10192	1306
1040	4	7	200	10200	11855
1041	4	7	100	10208	3533
1042	6	19	100	10216	4035
1043	5	13	130	10224	1408
1044	6	19	160	10232	2724
1045	19	8	160	10240	323
1046	5	13	160	10248	3129
1047	6	19	160	10256	11184
1048	1	11	100	10264	7180
1049	0	18	130	10272	2195
1050	3	16	160	10280	6451
1051	5	13	200	10288	18840
1052	19	8	130	10296	205
1053	6	19	100	10304	4608
1054	6	19	160	10312	53
1055	19	8	100	10320	12584
1056	1	11	130	10328	3487
1057	5	13	130	10336	8848
1058	1	11	100	10344	9091
1059	19	8	130	10352	17747
1060	0	18	160	10400	2281
1061	15	0	160	10411	660
1062	3	16	130	10422	15966
1063	15	0	200	10433	22921
1064	6	19	200	10444	10226
1065	5	13	200	10455	23339
1066	1	11	100	10466	4025
1067	6	19	200	10477	1173
1068	15	0	100	10488	13629
1069	4	7	100	10499	9622
1070	15	0	100	10510	22089
1071	19	8	160	10521	5083
1072	6	19	160	10532	6169
1073	4	7	160	10543	11334
1074	19	8	100	10554	3239
1075	0	18	160	10565	14164
1076	6	19	100	10576	8800
1077	6	19	200	10587	2173
1078	15	0	100	10598	6643
1079	3	16	160	10609	5460
1080	3	16	200	10620	1503
1081	6	19	200	10631	1336
1082	0	18	130	10642	2005
1083	19	8	160	10653	7095
1084	3	16	160	10664	7906
1085	4	7	200	10675	3198
1086	3	16	200	10686	4234
1087	1	11	200	10697	7571
1088	1	11	200	10708	10988
1089	5	13	160	10719	3676
1090	6	19	130	10730	9234
1091	4	7	160	10741	9820
1092	19	8	160	10752	19619
1093	1	11	130	10763	4651
1094	19	8	160	10800	18628
1095	6	19	100	10808	9462
1096	0	18	160	10816	5433
1097	15	0	100	10824	4828
1098	19	8	130	10832	4638
1099	1	11	200	10840	3356
1100	15	0	160	10848	8268
1101	19	8	160	10856	1659
1102	19	8	160	10864	21859
1103	15	0	100	10872	17863
1104	1	11	100	10880	2890
1105	3	16	100	10888	695
1106	19	8	100	10896	3665
1107	4	7	200	10904	2493
1108	15	0	100	10912	887
1109	5	13	200	10920	1557
1110	3	16	100	10928	1072
1111	4	7	130	10936	981
1112	15	0	100	10944	887
1113	19	8	130	10952	1630
1114	6	19	130	10960	10180
1115	3	16	200	10968	792
1116	15	0	130	10976	15588
1117	4	7	200	10984	2583
1118	5	13	100	10992	3029
1119	1	11	100	11000	3980
1120	1	11	100	11008	6124
1121	19	8	100	11016	12243
1122	5	13	100	11024	3949
1123	1	11	130	11032	4776
1124	15	0	160	11040	120
1125	4	7	130	11048	2088
1126	0	18	200	11056	6501
1127	4	7	130	11064	812
1128	5	13	200	11072	15445
1129	3	16	200	11080	8159
1130	19	8	100	11088	3285
1131	15	0	100	11096	1926
1132	6	19	160	11104	12794
1133	6	19	130	11112	2002
1134	4	7	100	11120	15200
1135	4	7	130	11128	33071
1136	6	19	130	11136	1976
1137	3	16	100	11144	3191
1138	6	19	160	11152	2681
1139	19	8	160	11160	6291
1140	5	13	160	11200	26152
1141	19	8	100	11209	1236
1142	4	7	200	11218	5656
1143	5	13	200	11227	6749
1144	3	16	160	11236	2227
1145	1	11	100	11245	6739
1146	6	19	130	11254	7370
1147	19	8	100	11263	10461
1148	5	13	100	11272	10213
1149	6	19	200	11281	13212
1150	15	0	200	11290	14465
1151	6	19	200	11299	1956
1152	1	11	200	11308	1186
1153	15	0	100	11317	393
1154	19	8	160	11326	13191
1155	15	0	160	11335	15769
1156	3	16	130	11344	12785
1157	15	0	100	11353	5314
1158	19	8	160	11362	16821
1159	15	0	160	11371	610
1160	3	16	100	11380	5988
1161	5	13	200	11389	2528
1162	15	0	200	11398	4259
1163	4	7	100	11407	5012
1164	6	19	200	11416	14668
1165	4	7	100	11425	19388
1166	15	0	160	11434	3055
1167	0	18	200	11443	17200
1168	4	7	130	11452	3250
1169	1	11	200	11461	10651
1170	6	19	130	11470	16662
1171	4	7	100	11479	6015
1172	6	19	100	11488	37845
1173	6	19	160	11497	11782
1174	5	13	130	11506	4496
1175	3	16	200	11515	3977
1176	5	13	100	11524	2590
1177	19	8	100	11533	13707
1178	19	8	200	11542	1851
1179	6	19	130	11551	4718
1180	15	0	200	11560	7905
1181	0	18	160	11569	14025
1182	15	0	100	11578	3767
1183	19	8	200	11600	382
1184	4	7	200	11609	13010
1185	1	11	130	11618	1020
1186	6	19	100	11627	633
1187	19	8	160	11636	11088
1188	6	19	160	11645	4271
1189	5	13	130	11654	36634
1190	0	18	200	11663	1648
1191	19	8	130	11672	10578
1192	3	16	160	11681	4798
1193	19	8	200	11690	1899
1194	5	13	130	11699	141
1195	0	18	160	11708	9394
1196	0	18	100	11717	10484
1197	19	8	160	11726	337
1198	19	8	100	11735	10465
1199	15	0	160	11744	3222
1200	4	7	130	11753	2321
1201	5	13	160	11762	10141
1202	5	13	200	11771	4028
1203	4	7	100	11780	33667
1204	19	8	130	11789	21605
1205	3	16	160	11798	2939
1206	0	18	160	11807	2047
1207	5	13	100	11816	3660
1208	3	16	160	11825	7699
1209	6	19	200	11834	4302
1210	3	16	130	11843	7017
1211	4	7	100	11852	30520
1212	19	8	130	11861	2614
1213	3	16	100	11870	4529
1214	19	8	200	11879	4720
1215	3	16	160	11888	9635
1216	6	19	200	11897	18063
1217	19	8	200	11906	3647
1218	19	8	100	11915	8683
1219	4	7	160	11924	10193
1220	15	0	200	11933	14425
1221	19	8	100	11942	6705
1222	3	16	100	11951	5076
1223	15	0	100	11960	3374
1224	1	11	100	11969	6382
1225	6	19	100	12000	1224
1226	1	11	160	12010	645
1227	6	19	130	12020	12106
1228	0	18	130	12030	11191
1229	5	13	200	12040	10746
1230	1	11	200	12050	8664
1231	5	13	130	12060	2146
1232	0	18	100	12070	755
1233	1	11	100	12080	16633
1234	3	16	100	12090	1722
1235	1	11	100	12100	19198
1236	5	13	200	12110	4512
1237	4	7	100	12120	3959
1238	19	8	130	12130	966
1239	1	11	130	12140	5479
1240	1	11	160	12150	17955
1241	0	18	100	12160	9876
1242	5	13	200	12170	1131
1243	0	18	200	12180	48797
1244	3	16	200	12190	4162
1245	6	19	160	12200	1868
1246	0	18	200	12210	4850
1247	0	18	130	12220	151
1248	19	8	100	12230	11607
1249	3	16	200	12240	3055
1250	4	7	200	12250	12698
1251	1	11	100	12260	3622
1252	0	18	160	12270	3812
1253	4	7	130	12280	75
1254	19	8	160	12290	5487
1255	5	13	100	12300	9225
1256	1	11	160	12310	2287
1257	6	19	200	12320	422
1258	3	16	100	12330	4574
1259	3	16	130	12340	12520
1260	1	11	100	12350	2090
1261	3	16	100	12360	4724
1262	5	13	160	12370	7615
1263	15	0	200	12400	16895
1264	4	7	100	12408	11236
1265	15	0	100	12416	3430
1266	3	16	100	12424	17506
1267	6	19	100	12432	4138
1268	0	18	100	12440	2180
1269	15	0	160	12448	6150
1270	6	19	160	12456	2506
1271	1	11	160	12464	5625
1272	0	18	130	12472	2326
1273	15	0	200	12480	1455
1274	1	11	200	12488	14004
1275	6	19	200	12496	1079
1276	3	16	130	12504	4575
1277	1	11	100	12512	5109
1278	5	13	100	12520	22308
1279	4	7	130	12528	3340
1280	6	19	100	12536	9298
1281	0	18	130	12544	484
1282	6	19	130	12552	114
1283	6	19	160	12560	4577
1284	0	18	200	12568	22988
1285	0	18	160	12576	2822
1286	4	7	200	12584	15514
1287	6	19	160	12592	673
1288	1	11	160	12600	3806
1289	6	19	200	12608	5696
1290	19	8	160	12616	8643
1291	15	0	100	12624	3819
1292	1	11	100	12632	24799
1293	6	19	100	12640	3119
1294	19	8	100	12648	2472
1295	19	8	160	12656	4754
1296	5	13	130	12664	798
1297	15	0	200	12672	2332
1298	6	19	200	12680	2229
1299	5	13	200	12688	468
1300	3	16	160	12696	3089
1301	3	16	200	12704	417
1302	0	18	100	12712	12121
1303	1	11	160	12720	2082
1304	5	13	100	12728	397
1305	1	11	100	12736	2745
1306	0	18	200	12744	949
1307	3	16	160	12752	1913
1308	1	11	160	12800	1617
1309	1	11	160	12809	3698
1310	1	11	200	12818	2288
1311	19	8	130	12827	11992
1312	0	18	200	12836	959
1313	15	0	160	12845	790
1314	5	13	100	12854	875
1315	1	11	200	12863	1503
1316	5	13	200	12872	4522
1317	15	0	100	12881	1570
1318	6	19	200	12890	21927
1319	4	7	160	12899	4888
1320	3	16	100	12908	5427
1321	6	19	130	12917	13168
1322	5	13	160	12926	204
1323	3	16	130	12935	10451
1324	15	0	200	12944	16691
1325	19	8	160	12953	17612
1326	0	18	160	12962	6389
1327	4	7	130	12971	21201
1328	15	0	160	12980	18462
1329	3	16	130	12989	3802
1330	1	11	160	12998	253
1331	4	7	160	13007	1613
1332	5	13	130	13016	2078
1333	0	18	100	13025	17067
1334	1	11	200	13034	169
1335	4	7	130	13043	8094
1336	0	18	100	13052	2611
1337	5	13	160	13061	12295
1338	0	18	130	13070	3918
1339	19	8	200	13079	8467
1340	19	8	160	13088	1640
1341	1	11	130	13097	8250
1342	4	7	100	13106	18236
1343	19	8	200	13115	67
1344	4	7	100	13124	2415
1345	19	8	130	13133	17226
1346	15	0	130	13142	2480
1347	3	16	130	13151	15777
1348	1	11	200	13160	1980
1349	15	0	130	13169	794
1350	3	16	160	13200	130
1351	6	19	130	13210	19887
1352	1	11	200	13220	3055
1353	3	16	130	13230	12334
1354	3	16	160	13240	6647
1355	5	13	100	13250	5759
1356	6	19	130	13260	206
1357	15	0	200	13270	418
1358	3	16	160	13280	3487
1359	6	19	160	13290	1385
1360	0	18	130	13300	10790
1361	6	19	130	13310	1612
1362	4	7	200	13320	2994
1363	15	0	130	13330	13068
1364	0	18	100	13340	3312
1365	15	0	100	13350	547
1366	4	7	100	13360	6350
1367	0	18	160	13370	2105
1368	5	13	160	13380	607
1369	0	18	200	13390	5037
1370	1	11	160	13400	17864
1371	0	18	100	13410	8326
1372	15	0	160	13420	12523
1373	6	19	100	13430	2655
1374	4	7	200	13440	2537
1375	0	18	200	13450	15128
1376	1	11	130	13460	19221
1377	5	13	160	13470	136
1378	15	0	130	13480	5058
1379	19	8	160	13490	38597
1380	0	18	100	13500	7798
1381	6	19	100	13510	9349
1382	1	11	130	13520	9905
1383	0	18	100	13530	13116
1384	0	18	160	13540	3595
1385	4	7	130	13550	972
1386	3	16	160	13560	16033
1387	3	16	100	13570	4678
1388	15	0	130	13580	3052
1389	5	13	160	13590	5670
1390	6	19	100	13600	7551
1391	1	11	130	13610	2064
1392	1	11	200	13620	4519
1393	3	16	200	13630	2072
1394	19	8	130	13640	19491
1395	3	16	100	13650	23
1396	15	0	160	13660	3218
1397	6	19	200	13670	780
1398	15	0	200	13680	8854
1399	6	19	200	13690	1729
1400	5	13	100	13700	3276
1401	6	19	160	13710	286
1402	6	19	200	13720	12399
1403	0	18	100	13730	11156
1404	5	13	200	13740	1802
1405	3	16	160	13750	3688
1406	19	8	160	13760	1074
1407	4	7	160	13770	284
1408	15	0	160	13780	5775
1409	1	11	200	13790	10049
1410	4	7	200	13800	7403
1411	1	11	160	13810	69
1412	19	8	160	13820	6985
1413	4	7	100	13830	3587
1414	6	19	130	13840	6148
1415	3	16	130	13850	420
1416	4	7	100	13860	5115
1417	3	16	160	13870	5646
1418	15	0	160	13880	4677
1419	6	19	160	13890	2035
1420	4	7	160	13900	1794
1421	0	18	200	13910	888
1422	3	16	100	13920	19648
1423	19	8	100	13930	6665
1424	4	7	160	13940	15522
1425	19	8	130	13950	8757
1426	15	0	100	13960	1938
1427	4	7	160	13970	6618
1428	15	0	200	13980	3696
1429	1	11	160	14000	2506
1430	1	11	130	14014	5835
1431	5	13	130	14028	13569
1432	6	19	160	14042	3415
1433	0	18	130	14056	2563
1434	3	16	130	14070	8535
1435	4	7	160	14084	7084
1436	19	8	130	14098	18539
1437	1	11	130	14112	25369
1438	4	7	130	14126	7413
1439	6	19	100	14140	39305
1440	4	7	160	14154	35847
1441	19	8	100	14168	14189
1442	5	13	160	14182	21117
1443	5	13	160	14196	7369
1444	1	11	160	14210	18757
1445	5	13	130	14224	7374
1446	3	16	200	14238	8286
1447	15	0	200	14252	582
1448	6	19	130	14266	9418
1449	5	13	200	14280	15802
1450	15	0	100	14294	6048
1451	5	13	200	14308	13943
1452	15	0	130	14322	8402
1453	1	11	100	14336	4707
1454	1	11	130	14350	40378
1455	5	13	130	14364	2101
1456	4	7	160	14378	1031
1457	15	0	160	14400	2012
1458	6	19	130	14410	18084
1459	6	19	130	14420	6150
1460	4	7	130	14430	1339
1461	5	13	200	14440	6621
1462	6	19	200	14450	8747
1463	6	19	200	14460	2250
1464	19	8	160	14470	1759
1465	15	0	160	14480	12373
1466	4	7	100	14490	8659
1467	19	8	100	14500	2947
1468	0	18	160	14510	9778
1469	1	11	200	14520	23777
1470	3	16	200	14530	1297
1471	3	16	200	14540	5778
1472	15	0	100	14550	18591
1473	0	18	130	14560	4783
1474	3	16	100	14570	2152
1475	5	13	160	14580	3703
1476	5	13	130	14590	1553
1477	15	0	160	14600	2995
1478	15	0	130	14610	8658
1479	15	0	130	14620	2345
1480	6	19	160	14630	163
1481	0	18	130	14640	1253
1482	6	19	130	14650	16378
1483	3	16	200	14660	5685
1484	4	7	130	14670	10729
1485	6	19	130	14680	9443
1486	6	19	100	14690	1456
1487	5	13	130	14700	18636
1488	15	0	100	14710	2634
1489	15	0	100	14720	4426
1490	0	18	100	14730	5026
1491	1	11	160	14740	9092
1492	5	13	200	14750	514
1493	15	0	200	14760	560
1494	3	16	200	14770	14585
1495	15	0	160	14780	4437
1496	3	16	100	14800	1446
1497	15	0	160	14813	9200
1498	5	13	200	14826	4146
1499	4	7	100	14839	996
1500	1	11	130	14852	22641
1501	3	16	160	14865	3286
1502	6	19	100	14878	3630
1503	5	13	160	14891	10871
1504	1	11	100	14904	9945
1505	5	13	130	14917	129
1506	6	19	160	14930	20498
1507	15	0	200	14943	1786
1508	15	0	100	14956	1874
1509	6	19	200	14969	7803
1510	19	8	200	14982	448
1511	6	19	200	14995	13231
1512	19	8	130	15008	6589
1513	15	0	100	15021	8208
1514	0	18	200	15034	5808
1515	3	16	100	15047	73
1516	19	8	160	15060	9421
1517	3	16	200	15073	1359
1518	3	16	130	15086	5654
1519	1	11	130	15099	5618
1520	1	11	130	15112	7753
1521	15	0	160	15125	11368
1522	0	18	200	15138	224
1523	1	11	160	15151	2633
1524	1	11	200	15164	5266
1525	1	11	100	15177	5089
1526	6	19	200	15200	4812
1527	0	18	130	15211	14385
1528	6	19	160	15222	7565
1529	4	7	130	15233	13293
1530	3	16	130	15244	1837
1531	6	19	200	15255	5434
1532	1	11	200	15266	19069
1533	3	16	100	15277	6283
1534	6	19	100	15288	3004
1535	3	16	200	15299	9201
1536	3	16	100	15310	12119
1537	1	11	160	15321	1094
1538	0	18	200	15332	12762
1539	15	0	100	15343	10251
1540	19	8	160	15354	11756
1541	19	8	130	15365	27124
1542	6	19	130	15376	9467
1543	1	11	130	15387	8574
1544	19	8	130	15398	3701
1545	4	7	100	15409	8579
1546	1	11	130	15420	1003
1547	15	0	200	15431	4368
1548	6	19	200	15442	6415
1549	0	18	160	15453	14144
1550	19	8	100	15464	10585
1551	19	8	130	15475	73
1552	5	13	100	15486	1554
1553	3	16	160	15497	18414
1554	1	11	200	15508	5489
1555	3	16	160	15519	1611
1556	3	16	200	15530	2959
1557	5	13	130	15541	704
1558	3	16	200	15552	2417
1559	0	18	200	15563	2204
1560	15	0	130	15600	6642
1561	6	19	130	15611	741
1562	0	18	100	15622	7104
1563	4	7	200	15633	4069
1564	3	16	130	15644	4327
1565	3	16	100	15655	6594
1566	4	7	100	15666	18493
1567	6	19	100	15677	137
1568	0	18	200	15688	3185
1569	15	0	100	15699	14307
1570	19	8	200	15710	2080
1571	6	19	100	15721	6644
1572	3	16	100	15732	3558
1573	4	7	130	15743	12274
1574	3	16	160	15754	10612
1575	3	16	100	15765	8497
1576	1	11	130	15776	535
1577	19	8	160	15787	3696
1578	3	16	130	15798	19269
1579	15	0	160	15809	13917
1580	19	8	200	15820	3481
1581	19	8	200	15831	254
1582	3	16	130	15842	2659
1583	6	19	200	15853	12194
1584	5	13	100	15864	636
1585	4	7	200	15875	1746
1586	0	18	160	15886	3043
1587	15	0	130	15897	63
1588	1	11	130	15908	390
1589	4	7	130	15919	1120
1590	19	8	100	15930	3749
1591	15	0	160	15941	9522
1592	15	0	200	15952	16141
1593	0	18	100	15963	6501
1594	0	18	160	16000	1378
1595	3	16	130	16010	9153
1596	15	0	100	16020	3795
1597	3	16	130	16030	2797
1598	15	0	200	16040	2193
1599	5	13	100	16050	13242
1600	19	8	100	16060	11315
1601	5	13	130	16070	849
1602	6	19	100	16080	774
1603	19	8	200	16090	10148
1604	0	18	200	16100	7337
1605	1	11	200	16110	1486
1606	6	19	130	16120	8398
1607	1	11	200	16130	3983
1608	0	18	200	16140	1445
1609	19	8	160	16150	14771
1610	1	11	100	16160	1001
1611	3	16	130	16170	22404
1612	1	11	100	16180	1531
1613	5	13	100	16190	4586
1614	1	11	100	16200	17514
1615	19	8	130	16210	6087
1616	4	7	200	16220	13103
1617	3	16	130	16230	13132
1618	15	0	160	16240	3111
1619	19	8	160	16250	2004
1620	1	11	130	16260	2248
1621	5	13	200	16270	17883
1622	4	7	160	16280	27915
1623	5	13	130	16290	1763
1624	15	0	100	16300	4908
1625	0	18	130	16310	6092
1626	19	8	130	16320	9555
1627	1	11	100	16330	12986
1628	4	7	160	16340	7870
1629	19	8	130	16350	436
1630	4	7	200	16360	2589
1631	15	0	100	16400	11745
1632	0	18	160	16407	1115
1633	15	0	100	16414	852
1634	15	0	160	16421	559
1635	3	16	130	16428	2323
1636	1	11	200	16435	22377
1637	4	7	130	16442	6642
1638	6	19	100	16449	1605
1639	3	16	100	16456	18995
1640	15	0	160	16463	6319
1641	19	8	160	16470	20638
1642	15	0	130	16477	14788
1643	1	11	160	16484	1839
1644	3	16	100	16491	104
1645	5	13	200	16498	4566
1646	6	19	160	16505	5899
1647	1	11	160	16512	4506
1648	19	8	200	16519	8828
1649	1	11	100	16526	7857
1650	15	0	130	16533	16691
1651	5	13	200	16540	6778
1652	4	7	160	16547	28859
1653	15	0	130	16554	146
1654	3	16	200	16561	6639
1655	4	7	130	16568	15953
1656	1	11	160	16575	1125
1657	1	11	160	16582	17989
1658	0	18	200	16589	2410
1659	19	8	160	16596	557
1660	3	16	160	16603	5115
1661	4	7	130	16610	15031
1662	15	0	130	16617	11623
1663	0	18	130	16624	952
1664	5	13	200	16631	6671
1665	4	7	100	16638	3422
1666	3	16	160	16645	13245
1667	4	7	200	16652	607
1668	15	0	130	16659	3681
1669	19	8	160	16666	8083
1670	6	19	160	16673	7206
1671	19	8	160	16680	2211
1672	6	19	100	16687	7835
1673	4	7	130	16694	4293
1674	1	11	200	16701	9004
1675	3	16	200	16708	3094
1676	15	0	130	16715	414
1677	3	16	100	16722	11553
1678	3	16	100	16729	1634
1679	1	11	100	16736	191
1680	4	7	160	16743	92
1681	6	19	160	16750	2479
1682	3	16	100	16757	1155
1683	3	16	130	16764	5
1684	1	11	100	16800	1560
1685	19	8	100	16809	9768
1686	3	16	130	16818	12747
1687	1	11	130	16827	950
1688	4	7	130	16836	6163
1689	4	7	130	16845	1821
1690	1	11	200	16854	1029
1691	0	18	130	16863	364
1692	4	7	160	16872	2898
1693	15	0	160	16881	973
1694	0	18	130	16890	4560
1695	3	16	130	16899	9601
1696	1	11	130	16908	1376
1697	6	19	200	16917	10483
1698	5	13	200	16926	8167
1699	19	8	100	16935	8747
1700	3	16	100	16944	7865
1701	3	16	160	16953	4760
1702	4	7	130	16962	510
1703	19	8	130	16971	263
1704	4	7	160	16980	257
1705	15	0	200	16989	8048
1706	19	8	160	16998	23497
1707	0	18	100	17007	6523
1708	6	19	160	17016	3356
1709	0	18	100	17025	2228
1710	5	13	200	17034	13428
1711	15	0	160	17043	3661
1712	15	0	130	17052	9892
1713	15	0	160	17061	2158
1714	4	7	200	17070	459
1715	6	19	100	17079	1844
1716	0	18	100	17088	9980
1717	5	13	200	17097	11601
1718	19	8	130	17106	21869
1719	6	19	160	17115	15761
1720	0	18	200	17124	6410
1721	0	18	100	17133	9554
1722	19	8	160	17142	6142
1723	4	7	100	17151	1444
1724	6	19	200	17160	5791
1725	6	19	100	17169	6374
1726	5	13	200	17178	22197
1727	15	0	160	17187	5704
1728	4	7	200	17200	31608
1729	15	0	130	17216	30075
1730	1	11	130	17232	1420
1731	1	11	130	17248	3088
1732	15	0	100	17264	1061
1733	4	7	100	17280	5870
1734	19	8	100	17296	4056
1735	1	11	100	17312	6621
1736	1	11	130	17328	1831
1737	4	7	160	17344	861
1738	15	0	200	17360	27767
1739	3	16	100	17376	6262
1740	19	8	130	17392	11354
1741	3	16	100	17408	2187
1742	5	13	200	17424	11734
1743	3	16	130	17440	2785
1744	15	0	130	17456	3957
1745	3	16	100	17472	11205
1746	3	16	100	17488	3263
1747	5	13	200	17504	558
1748	3	16	160	17520	484
1749	4	7	130	17536	2076
1750	3	16	100	17552	34176
1751	6	19	130	17568	3988
1752	6	19	160	17584	12688
1753	15	0	100	17600	12083
1754	15	0	100	17612	965
1755	3	16	100	17624	21141
1756	3	16	100	17636	19492
1757	0	18	100	17648	18150
1758	1	11	130	17660	5825
1759	6	19	160	17672	5269
1760	3	16	200	17684	9544
1761	0	18	200	17696	4597
1762	6	19	100	17708	6879
1763	15	0	100	17720	3644
1764	19	8	160	17732	670
1765	4	7	160	17744	5435
1766	0	18	130	17756	2226
1767	3	16	100	17768	1682
1768	19	8	160	17780	14598
1769	3	16	160	17792	5432
1770	4	7	200	17804	10
1771	6	19	130	17816	7547
1772	6	19	100	17828	12739
1773	6	19	100	17840	3982
1774	6	19	100	17852	864
1775	15	0	160	17864	2992
1776	4	7	130	17876	21019
1777	6	19	100	17888	2215
1778	5	13	160	17900	11932
1779	4	7	200	17912	11470
1780	4	7	100	17924	1929
1781	19	8	100	17936	16335
1782	5	13	100	17948	4799
1783	19	8	160	17960	11159
1784	5	13	100	17972	37383
1785	4	7	100	17984	11761
1786	4	7	160	18000	5954
1787	19	8	200	18009	3386
1788	6	19	200	18018	4170
1789	5	13	200	18027	5062
1790	15	0	100	18036	8407
1791	1	11	100	18045	2946
1792	1	11	130	18054	7033
1793	0	18	130	18063	5330
1794	19	8	130	18072	14975
1795	19	8	160	18081	3097
1796	6	19	200	18090	8686
1797	6	19	160	18099	4132
1798	3	16	200	18108	1922
1799	4	7	200	18117	18194
1800	3	16	160	18126	5717
1801	0	18	200	18135	1255
1802	6	19	130	18144	2077
1803	19	8	200	18153	6674
1804	0	18	130	18162	2063
1805	5	13	160	18171	3764
1806	19	8	130	18180	7251
1807	0	18	130	18189	4128
1808	1	11	200	18198	9033
1809	0	18	160	18207	12939
1810	19	8	160	18216	8
1811	6	19	200	18225	8884
1812	4	7	160	18234	1037
1813	15	0	160	18243	11272
1814	3	16	130	18252	2498
1815	3	16	200	18261	14011
1816	4	7	200	18270	34146
1817	6	19	160	18279	13928
1818	3	16	200	18288	3763
1819	4	7	130	18297	2971
1820	19	8	200	18306	27577
1821	0	18	130	18315	18244
1822	5	13	130	18324	12240
1823	3	16	160	18333	3693
1824	5	13	160	18342	14786
1825	1	11	200	18351	9452
1826	5	13	100	18360	209
1827	5	13	200	18369	2970
1828	6	19	200	18378	6316
1829	15	0	160	18387	12166
1830	1	11	160	18400	8391
1831	15	0	200	18409	5944
1832	3	16	130	18418	229
1833	0	18	200	18427	16819
1834	0	18	100	18436	2311
1835	4	7	130	18445	572
1836	3	16	160	18454	8207
1837	6	19	100	18463	17321
1838	19	8	130	18472	5952
1839	19	8	130	18481	7642
1840	5	13	160	18490	1529
1841	4	7	130	18499	1039
1842	15	0	100	18508	8831
1843	6	19	130	18517	7423
1844	6	19	130	18526	5046
1845	1	11	130	18535	31210
1846	6	19	130	18544	1651
1847	3	16	160	18553	14140
1848	15	0	200	18562	1969
1849	6	19	130	18571	159
1850	4	7	160	18580	3263
1851	19	8	130	18589	14547
1852	4	7	160	18598	228
1853	19	8	130	18607	18694
1854	4	7	200	18616	21157
1855	3	16	100	18625	7592
1856	4	7	130	18634	3592
1857	3	16	160	18643	15663
1858	4	7	130	18652	10280
1859	15	0	160	18661	6111
1860	0	18	160	18670	3439
1861	4	7	130	18679	2693
1862	3	16	130	18688	15568
1863	3	16	100	18697	18048
1864	15	0	200	18706	1318
1865	0	18	200	18715	5181
1866	3	16	130	18724	8225
1867	4	7	200	18733	2235
1868	15	0	160	18742	5620
1869	19	8	200	18751	1776
1870	0	18	100	18760	1635
1871	15	0	200	18769	849
1872	15	0	100	18800	2851
1873	3	16	130	18810	11415
1874	19	8	160	18820	1171
1875	5	13	160	18830	14983
1876	3	16	130	18840	2084
1877	19	8	200	18850	1576
1878	6	19	130	18860	18580
1879	3	16	130	18870	15885
1880	4	7	130	18880	5652
1881	3	16	160	18890	1751
1882	15	0	200	18900	771
1883	0	18	160	18910	5977
1884	4	7	100	18920	4731
1885	1	11	130	18930	13368
1886	4	7	100	18940	5484
1887	4	7	100	18950	1067
1888	5	13	100	18960	23787
1889	15	0	200	18970	8129
1890	19	8	200	18980	9828
1891	19	8	100	18990	12212
1892	1	11	200	19000	1413
1893	0	18	160	19010	37397
1894	19	8	200	19020	2472
1895	1	11	130	19030	17526
1896	1	11	200	19040	2459
1897	4	7	200	19050	11868
1898	15	0	160	19060	4822
1899	5	13	130	19070	37755
1900	19	8	200	19080	3293
1901	3	16	160	19090	22881
1902	4	7	100	19100	3139
1903	15	0	200	19110	153
1904	6	19	100	19120	14402
1905	5	13	200	19130	2135
1906	1	11	100	19140	6175
1907	0	18	100	19150	2497
1908	19	8	160	19160	11658
1909	19	8	130	19170	690
1910	19	8	160	19180	3869
1911	4	7	160	19200	1616
1912	6	19	100	19210	25149
1913	0	18	200	19220	15765
1914	4	7	100	19230	222
1915	15	0	100	19240	1327
1916	5	13	130	19250	1724
1917	3	16	200	19260	3214
1918	19	8	100	19270	4764
1919	5	13	160	19280	3323
1920	6	19	160	19290	31513
1921	19	8	130	19300	5829
1922	15	0	200	19310	2795
1923	0	18	160	19320	16117
1924	19	8	100	19330	5416
1925	0	18	100	19340	4116
1926	5	13	200	19350	22350
1927	6	19	160	19360	2958
1928	4	7	160	19370	5451
1929	15	0	130	19380	2280
1930	4	7	160	19390	6971
1931	15	0	160	19400	4873
1932	0	18	100	19410	10360
1933	0	18	200	19420	19343
1934	4	7	130	19430	5960
1935	0	18	160	19440	6639
1936	15	0	130	19450	16447
1937	19	8	100	19460	605
1938	3	16	130	19470	9408
1939	15	0	100	19480	1908
1940	0	18	100	19490	2562
1941	3	16	200	19500	2070
1942	4	7	130	19510	3542
1943	6	19	160	19520	16093
1944	15	0	100	19530	2349
1945	4	7	130	19540	5944
1946	1	11	200	19550	13981
1947	1	11	200	19560	2867
1948	6	19	130	19570	26420
1949	1	11	200	19600	958
1950	5	13	200	19613	9480
1951	19	8	200	19626	21720
1952	5	13	160	19639	3137
1953	1	11	100	19652	957
1954	15	0	160	19665	84
1955	0	18	160	19678	13716
1956	5	13	200	19691	8349
1957	3	16	160	19704	4898
1958	15	0	200	19717	5991
1959	5	13	100	19730	4532
1960	19	8	200	19743	2801
1961	4	7	160	19756	2077
1962	6	19	160	19769	11899
1963	1	11	100	19782	5856
1964	5	13	160	19795	5560
1965	1	11	100	19808	20977
1966	4	7	130	19821	4882
1967	5	13	130	19834	376
1968	6	19	160	19847	3268
1969	3	16	160	19860	4981
1970	19	8	160	19873	2637
1971	6	19	130	19886	1031
1972	19	8	160	19899	8159
1973	1	11	200	19912	2159
1974	5	13	130	19925	545
1975	4	7	200	19938	11169
1976	4	7	200	19951	1392
1977	1	11	100	19964	4477
1978	3	16	130	19977	7576
1979	5	13	200	20000	27428
1980	15	0	100	20019	6871
1981	4	7	100	20038	8118
1982	0	18	100	20057	3396
1983	1	11	160	20076	3839
1984	1	11	160	20095	6455
1985	5	13	160	20114	8349
1986	3	16	200	20133	1130
1987	15	0	100	20152	7601
1988	1	11	100	20171	18448
1989	3	16	200	20190	9774
1990	5	13	160	20209	19823
1991	4	7	200	20228	4276
1992	1	11	130	20247	6314
1993	6	19	100	20266	2397
1994	15	0	130	20285	19886
1995	5	13	130	20304	371
1996	6	19	130	20323	4841
1997	1	11	130	20342	14592
1998	0	18	100	20361	3636
1999	6	19	100	20380	3169
