0	15	0	200	0	3493
1	0	18	80	11	1055
2	15	0	120	22	1120
3	6	19	120	33	14539
4	6	19	80	44	482
5	19	8	120	55	4864
6	5	13	80	66	1807
7	3	16	160	77	2497
8	4	7	120	88	3267
9	5	13	160	99	4765
10	6	19	200	110	577
11	5	13	160	121	1860
12	4	7	80	132	3576
13	15	0	80	143	3419
14	5	13	160	154	6049
15	5	13	80	165	131
16	5	13	120	176	4342
17	0	18	80	187	1395
18	4	7	160	198	5348
19	6	19	160	209	1394
20	15	0	80	220	6175
21	0	18	80	231	5926
22	6	19	80	242	4440
23	0	18	160	253	8650
24	5	13	200	264	1259
25	0	18	200	275	1392
26	19	8	200	286	603
27	5	13	120	297	7956
28	19	8	80	308	2437
29	19	8	80	319	368
30	0	18	80	330	11173
31	15	0	80	341	7405
32	5	13	120	352	7569
33	0	18	80	363	242
34	4	7	160	374	5015
35	19	8	160	385	217
36	15	0	80	400	3548
37	15	0	160	410	4048
38	4	7	160	420	938
39	6	19	160	430	2031
40	5	13	120	440	4849
41	5	13	80	450	245
42	4	7	120	460	2564
43	19	8	160	470	4305
44	19	8	200	480	779
45	19	8	200	490	10538
46	15	0	200	500	15653
47	19	8	160	510	1070
48	4	7	80	520	23442
49	19	8	160	530	58
50	19	8	160	540	6120
51	6	19	160	550	2979
52	15	0	120	560	3761
53	19	8	120	570	652
54	6	19	200	580	817
55	6	19	160	590	6635
56	6	19	80	600	3297
57	6	19	200	610	1781
58	3	16	120	620	4863
59	6	19	80	630	6853
60	19	8	160	640	3316
61	19	8	200	650	2776
62	4	7	120	660	32
63	5	13	120	670	2540
64	5	13	120	680	5665
65	19	8	160	690	1378
66	19	8	120	700	2958
67	4	7	80	710	3040
68	6	19	120	720	7864
69	5	13	200	730	5189
70	15	0	200	740	2350
71	19	8	200	750	104
72	19	8	120	760	356
73	19	8	80	770	1656
74	1	11	120	780	3584
75	4	7	80	800	5191
76	19	8	200	813	1423
77	6	19	120	826	45
78	4	7	160	839	4923
79	6	19	200	852	1672
80	5	13	200	865	1506
81	0	18	80	878	9427
82	3	16	120	891	8040
83	3	16	160	904	2332
84	19	8	120	917	1452
85	6	19	160	930	2135
86	0	18	200	943	1063
87	6	19	80	956	4798
88	6	19	120	969	8282
89	15	0	200	982	9413
90	5	13	120	995	2704
91	1	11	120	1008	1039
92	6	19	80	1021	10809
93	15	0	160	1034	1973
94	19	8	200	1047	7200
95	6	19	160	1060	902
96	3	16	160	1073	211
97	19	8	200	1086	12
98	15	0	120	1099	9279
99	19	8	120	1112	8670
100	19	8	160	1125	2080
101	5	13	200	1138	2374
102	6	19	80	1151	1878
103	19	8	80	1164	1261
104	3	16	160	1177	3377
105	3	16	200	1200	5671
106	19	8	80	1212	2318
107	19	8	80	1224	1260
108	19	8	200	1236	3272
109	4	7	160	1248	2449
110	19	8	200	1260	2855
111	0	18	160	1272	3195
112	5	13	120	1284	4216
113	6	19	160	1296	1796
114	4	7	80	1308	2819
115	15	0	120	1320	4294
116	19	8	120	1332	4025
117	3	16	200	1344	3341
118	6	19	80	1356	724
119	19	8	160	1368	1685
120	19	8	200	1380	239
121	5	13	120	1392	6950
122	15	0	200	1404	4297
123	19	8	160	1416	12410
124	19	8	120	1428	1072
125	6	19	160	1440	970
126	3	16	160	1452	389
127	1	11	200	1464	4761
128	19	8	80	1476	2808
129	6	19	200	1488	1976
130	1	11	160	1500	4500
131	0	18	200	1512	1405
132	19	8	80	1524	464
133	5	13	120	1536	6912
134	15	0	120	1548	11011
135	19	8	80	1560	8045
136	6	19	200	1600	3024
137	5	13	80	1609	3621
138	19	8	80	1618	8214
139	19	8	120	1627	3165
140	19	8	120	1636	14563
141	1	11	160	1645	13203
142	15	0	80	1654	603
143	5	13	160	1663	2150
144	19	8	200	1672	2008
145	5	13	200	1681	11343
146	19	8	80	1690	3444
147	19	8	160	1699	3386
148	6	19	120	1708	8601
149	1	11	120	1717	776
150	19	8	80	1726	3353
151	1	11	160	1735	2656
152	5	13	200	1744	7270
153	19	8	200	1753	3264
154	3	16	120	1762	7030
155	6	19	120	1771	3484
156	19	8	200	1780	6227
157	15	0	160	1789	2176
158	19	8	160	1798	143
159	15	0	200	1807	1751
160	19	8	120	1816	4374
161	15	0	120	1825	5449
162	19	8	80	1834	5807
163	4	7	80	1843	740
164	3	16	80	1852	6104
165	19	8	80	1861	963
166	1	11	160	1870	2322
167	0	18	80	1879	7066
168	19	8	80	1888	2217
169	5	13	80	1897	4082
170	3	16	120	1906	546
171	5	13	120	1915	158
172	3	16	200	1924	4743
173	15	0	160	1933	3858
174	19	8	80	1942	1848
175	19	8	80	1951	398
176	19	8	80	1960	4609
177	5	13	120	1969	1111
178	19	8	160	1978	3287
179	6	19	160	2000	1392
180	19	8	160	2009	4066
181	4	7	200	2018	2949
182	15	0	160	2027	6693
183	19	8	160	2036	1590
184	19	8	160	2045	6908
185	19	8	200	2054	843
186	19	8	200	2063	2454
187	3	16	80	2072	3209
188	3	16	200	2081	21059
189	4	7	200	2090	1752
190	3	16	120	2099	320
191	19	8	80	2108	470
192	5	13	120	2117	3287
193	5	13	80	2126	2911
194	19	8	80	2135	8541
195	4	7	80	2144	1044
196	3	16	160	2153	878
197	5	13	200	2162	14167
198	3	16	120	2171	4012
199	1	11	160	2180	797
200	5	13	80	2189	2779
201	19	8	80	2198	5517
202	3	16	120	2207	629
203	1	11	80	2216	1118
204	19	8	80	2225	199
205	5	13	160	2234	3010
206	19	8	200	2243	6256
207	15	0	80	2252	987
208	19	8	160	2261	832
209	5	13	80	2270	5277
210	19	8	80	2279	9107
211	5	13	120	2288	3164
212	15	0	80	2297	7844
213	5	13	80	2306	5407
214	19	8	120	2315	5041
215	19	8	120	2324	618
216	19	8	200	2333	10726
217	3	16	120	2342	2304
218	6	19	160	2351	1702
219	4	7	120	2360	3590
220	0	18	120	2369	5632
221	19	8	120	2378	8783
222	19	8	80	2387	7189
223	15	0	120	2400	293
224	4	7	200	2409	3308
225	4	7	120	2418	67
226	19	8	200	2427	2603
227	19	8	200	2436	781
228	19	8	160	2445	5343
229	19	8	80	2454	604
230	15	0	160	2463	9114
231	5	13	120	2472	4993
232	4	7	80	2481	3759
233	19	8	200	2490	1909
234	3	16	120	2499	6301
235	1	11	160	2508	8827
236	3	16	160	2517	1886
237	6	19	120	2526	3361
238	19	8	160	2535	1310
239	5	13	200	2544	1388
240	0	18	200	2553	2039
241	1	11	160	2562	1097
242	5	13	160	2571	1809
243	19	8	160	2580	1215
244	6	19	200	2589	2445
245	19	8	200	2598	3022
246	3	16	80	2607	1159
247	0	18	120	2616	6842
248	6	19	160	2625	6449
249	3	16	200	2634	5364
250	4	7	120	2643	1416
251	19	8	80	2652	5698
252	19	8	120	2661	3916
253	19	8	200	2670	166
254	1	11	120	2679	2215
255	5	13	200	2688	3788
256	19	8	200	2697	9813
257	6	19	80	2706	311
258	19	8	120	2715	4573
259	15	0	160	2724	129
260	6	19	200	2733	207
261	1	11	80	2742	3800
262	19	8	160	2751	2628
263	0	18	120	2760	195
264	19	8	160	2769	7210
265	5	13	200	2800	814
266	3	16	120	2812	11077
267	19	8	80	2824	2613
268	4	7	160	2836	11836
269	19	8	200	2848	7006
270	15	0	160	2860	5832
271	6	19	120	2872	1804
272	4	7	160	2884	690
273	3	16	160	2896	219
274	3	16	120	2908	858
275	19	8	160	2920	2898
276	15	0	200	2932	2976
277	3	16	160	2944	3395
278	3	16	160	2956	3801
279	6	19	80	2968	131
280	1	11	80	2980	5796
281	19	8	160	2992	4305
282	4	7	80	3004	1891
283	19	8	160	3016	26287
284	6	19	200	3028	7378
285	15	0	120	3040	594
286	5	13	80	3052	371
287	5	13	80	3064	3363
288	19	8	120	3076	12348
289	19	8	160	3088	798
290	3	16	160	3100	14913
291	15	0	120	3112	1433
292	15	0	80	3124	8727
293	4	7	200	3136	1136
294	19	8	80	3148	1113
295	19	8	200	3160	6169
296	4	7	200	3172	5678
297	4	7	80	3200	1520
298	19	8	80	3211	2227
299	0	18	200	3222	1275
300	6	19	120	3233	3596
301	5	13	200	3244	5912
302	19	8	160	3255	8194
303	19	8	200	3266	14613
304	6	19	80	3277	14182
305	19	8	200	3288	10944
306	19	8	160	3299	3673
307	15	0	160	3310	3385
308	19	8	160	3321	7525
309	1	11	200	3332	9622
310	19	8	80	3343	365
311	19	8	120	3354	1673
312	4	7	160	3365	2475
313	4	7	120	3376	4187
314	15	0	160	3387	1240
315	6	19	120	3398	1985
316	19	8	200	3409	1078
317	1	11	80	3420	2639
318	6	19	160	3431	921
319	3	16	80	3442	4774
320	0	18	160	3453	401
321	19	8	120	3464	1839
322	19	8	200	3475	2980
323	5	13	80	3486	5830
324	6	19	80	3497	7602
325	19	8	80	3508	2510
326	19	8	120	3519	2584
327	0	18	160	3530	9684
328	5	13	160	3541	6651
329	4	7	120	3552	2090
330	15	0	160	3563	5663
331	5	13	160	3600	935
332	4	7	120	3609	627
333	3	16	160	3618	1664
334	0	18	160	3627	2314
335	15	0	80	3636	20032
336	1	11	200	3645	6205
337	6	19	80	3654	2061
338	4	7	120	3663	111
339	19	8	80	3672	9488
340	19	8	200	3681	3083
341	19	8	120	3690	2917
342	6	19	120	3699	5106
343	19	8	160	3708	182
344	0	18	160	3717	393
345	5	13	120	3726	4021
346	5	13	200	3735	7322
347	5	13	160	3744	1088
348	6	19	120	3753	15801
349	5	13	160	3762	7632
350	3	16	200	3771	3191
351	3	16	200	3780	1287
352	19	8	160	3789	468
353	19	8	200	3798	5238
354	19	8	120	3807	781
355	15	0	200	3816	1016
356	5	13	80	3825	1132
357	5	13	160	3834	438
358	4	7	200	3843	527
359	6	19	200	3852	2812
360	0	18	120	3861	2459
361	15	0	200	3870	4679
362	5	13	80	3879	5717
363	6	19	80	3888	2323
364	5	13	80	3897	661
365	5	13	120	3906	8438
366	6	19	200	3915	876
367	3	16	200	3924	516
368	4	7	160	3933	941
369	19	8	160	3942	1277
370	6	19	160	3951	3697
371	4	7	200	3960	7174
372	19	8	160	4000	2432
373	19	8	160	4016	1421
374	4	7	80	4032	695
375	5	13	120	4048	3449
376	5	13	80	4064	4172
377	4	7	80	4080	2621
378	5	13	120	4096	4477
379	3	16	160	4112	975
380	15	0	120	4128	3938
381	5	13	160	4144	1085
382	5	13	120	4160	10661
383	0	18	200	4176	12756
384	1	11	120	4192	7786
385	6	19	200	4208	2632
386	6	19	80	4224	412
387	6	19	120	4240	2144
388	3	16	120	4256	711
389	5	13	200	4272	967
390	4	7	200	4288	5492
391	15	0	80	4304	4609
392	4	7	80	4320	1309
393	19	8	160	4336	2956
394	19	8	160	4352	2373
395	4	7	80	4368	7529
396	5	13	80	4384	5661
397	1	11	120	4400	1316
398	5	13	120	4410	8906
399	6	19	80	4420	967
400	19	8	120	4430	2300
401	4	7	200	4440	5071
402	3	16	80	4450	115
403	15	0	160	4460	4916
404	19	8	80	4470	1142
405	19	8	80	4480	5036
406	5	13	80	4490	6848
407	1	11	200	4500	6674
408	5	13	200	4510	3381
409	15	0	200	4520	3661
410	5	13	200	4530	3438
411	4	7	200	4540	5808
412	19	8	80	4550	2251
413	3	16	120	4560	9505
414	19	8	160	4570	8432
415	15	0	160	4580	1001
416	4	7	120	4590	5695
417	5	13	120	4600	6473
418	5	13	160	4610	3502
419	19	8	120	4620	4438
420	19	8	120	4630	6068
421	0	18	120	4640	6088
422	0	18	160	4650	12703
423	19	8	160	4660	20987
424	15	0	160	4670	2991
425	19	8	120	4680	10057
426	0	18	160	4690	3233
427	3	16	80	4700	10822
428	19	8	200	4710	7629
429	0	18	80	4720	1494
430	19	8	120	4730	6873
431	4	7	160	4740	1831
432	19	8	200	4750	3552
433	19	8	120	4760	2454
434	4	7	80	4770	6040
435	5	13	120	4780	9538
436	4	7	160	4800	938
437	19	8	160	4809	1009
438	4	7	160	4818	4957
439	4	7	120	4827	608
440	3	16	160	4836	4346
441	5	13	80	4845	1350
442	1	11	160	4854	7442
443	6	19	120	4863	3313
444	19	8	80	4872	4067
445	0	18	200	4881	15799
446	19	8	80	4890	1170
447	3	16	200	4899	1861
448	19	8	200	4908	4130
449	1	11	200	4917	1024
450	0	18	200	4926	370
451	0	18	160	4935	12441
452	15	0	160	4944	4775
453	5	13	80	4953	1003
454	15	0	200	4962	2278
455	19	8	200	4971	4263
456	3	16	80	4980	5714
457	3	16	120	4989	137
458	19	8	80	4998	797
459	0	18	200	5007	1597
460	19	8	160	5016	705
461	4	7	80	5025	8698
462	1	11	80	5034	12871
463	5	13	160	5043	1198
464	19	8	160	5052	6038
465	3	16	80	5061	939
466	5	13	80	5070	780
467	1	11	200	5079	14270
468	19	8	80	5088	547
469	6	19	80	5097	14114
470	5	13	80	5106	49
471	6	19	160	5115	3073
472	3	16	200	5124	383
473	3	16	120	5133	2335
474	19	8	160	5142	30
475	6	19	120	5151	2725
476	19	8	200	5160	11077
477	6	19	80	5169	2010
478	19	8	160	5178	1763
479	15	0	160	5200	3157
480	0	18	80	5209	4378
481	19	8	160	5218	805
482	4	7	80	5227	1365
483	19	8	80	5236	3928
484	0	18	120	5245	1010
485	19	8	160	5254	8016
486	6	19	80	5263	4439
487	5	13	160	5272	1827
488	3	16	160	5281	98
489	5	13	80	5290	527
490	4	7	80	5299	638
491	1	11	120	5308	771
492	19	8	160	5317	172
493	3	16	160	5326	1919
494	5	13	200	5335	15564
495	19	8	120	5344	5990
496	5	13	80	5353	1581
497	15	0	200	5362	3523
498	19	8	200	5371	6134
499	19	8	200	5380	2240
500	15	0	200	5389	6506
501	15	0	120	5398	1325
502	4	7	200	5407	1119
503	5	13	160	5416	4474
504	15	0	200	5425	961
505	6	19	80	5434	3215
506	19	8	200	5443	7981
507	6	19	120	5452	1175
508	15	0	120	5461	964
509	4	7	120	5470	11263
510	19	8	80	5479	5067
511	15	0	80	5488	1818
512	4	7	160	5497	4524
513	5	13	120	5506	4029
514	19	8	200	5515	4362
515	19	8	200	5524	15496
516	19	8	200	5533	3636
517	3	16	200	5542	1628
518	5	13	120	5551	145
519	19	8	80	5560	9802
520	6	19	80	5569	3097
521	19	8	120	5578	6653
522	19	8	120	5587	11782
523	6	19	200	5600	18
524	4	7	200	5607	6929
525	5	13	200	5614	7251
526	15	0	200	5621	2724
527	19	8	80	5628	4955
528	19	8	120	5635	2484
529	19	8	80	5642	1052
530	1	11	120	5649	733
531	4	7	200	5656	1733
532	19	8	120	5663	3774
533	3	16	200	5670	10501
534	0	18	200	5677	5426
535	5	13	200	5684	1933
536	15	0	200	5691	11142
537	19	8	120	5698	3828
538	5	13	80	5705	2122
539	6	19	80	5712	4444
540	0	18	200	5719	4
541	0	18	160	5726	2148
542	19	8	120	5733	662
543	19	8	80	5740	351
544	5	13	80	5747	2078
545	6	19	80	5754	6096
546	19	8	160	5761	2757
547	6	19	120	5768	2093
548	3	16	200	5775	5051
549	6	19	200	5782	1
550	19	8	160	5789	790
551	4	7	80	5796	19402
552	4	7	160	5803	3194
553	19	8	200	5810	8175
554	4	7	200	5817	8824
555	19	8	120	5824	19802
556	19	8	80	5831	1629
557	19	8	200	5838	1095
558	3	16	200	5845	7592
559	4	7	80	5852	1892
560	19	8	80	5859	240
561	0	18	160	5866	667
562	19	8	200	5873	6282
563	19	8	80	5880	16277
564	3	16	80	5887	5924
565	15	0	120	5894	1826
566	19	8	160	5901	5619
567	1	11	200	5908	5540
568	5	13	120	5915	8915
569	15	0	80	5922	1317
570	5	13	80	5929	167
571	1	11	120	5936	15882
572	19	8	200	5943	10238
573	19	8	80	5950	1815
574	19	8	120	5957	9747
575	6	19	120	5964	526
576	3	16	80	6000	4290
577	19	8	80	6011	7957
578	3	16	200	6022	3658
579	15	0	160	6033	167
580	6	19	80	6044	1654
581	3	16	160	6055	361
582	19	8	120	6066	19927
583	4	7	160	6077	2481
584	19	8	160	6088	213
585	19	8	80	6099	771
586	19	8	80	6110	6471
587	19	8	160	6121	5392
588	19	8	200	6132	153
589	4	7	160	6143	5538
590	6	19	160	6154	199
591	19	8	200	6165	4799
592	19	8	160	6176	5806
593	1	11	80	6187	141
594	6	19	200	6198	3790
595	19	8	80	6209	7520
596	4	7	200	6220	3908
597	0	18	120	6231	743
598	19	8	200	6242	1493
599	15	0	160	6253	157
600	19	8	160	6264	112
601	19	8	160	6275	5519
602	3	16	200	6286	2894
603	6	19	200	6297	2294
604	3	16	160	6308	12818
605	19	8	80	6319	883
606	5	13	80	6330	288
607	5	13	120	6341	819
608	4	7	160	6352	12671
609	15	0	120	6363	5818
610	15	0	120	6374	1632
611	19	8	200	6385	2549
612	6	19	200	6400	4089
613	6	19	80	6409	6627
614	15	0	200	6418	156
615	15	0	160	6427	14292
616	4	7	80	6436	700
617	6	19	80	6445	1600
618	19	8	120	6454	10688
619	4	7	80	6463	3638
620	19	8	80	6472	3329
621	19	8	80	6481	57
622	4	7	200	6490	4979
623	1	11	200	6499	616
624	3	16	120	6508	1055
625	5	13	120	6517	1675
626	5	13	160	6526	969
627	19	8	200	6535	8752
628	4	7	120	6544	5584
629	19	8	80	6553	269
630	5	13	160	6562	2770
631	1	11	160	6571	2679
632	0	18	120	6580	3208
633	6	19	120	6589	3290
634	19	8	80	6598	53
635	19	8	120	6607	3569
636	1	11	200	6616	3389
637	3	16	160	6625	3253
638	3	16	200	6634	2795
639	3	16	120	6643	7694
640	6	19	80	6652	447
641	6	19	160	6661	3833
642	15	0	80	6670	6099
643	3	16	120	6679	1265
644	15	0	120	6688	2141
645	15	0	200	6697	3445
646	5	13	200	6706	241
647	5	13	160	6715	12545
648	5	13	80	6724	22672
649	19	8	120	6733	4091
650	19	8	200	6742	4643
651	19	8	160	6751	1391
652	4	7	200	6760	1091
653	15	0	200	6769	5010
654	19	8	160	6778	2566
655	19	8	120	6800	53
656	6	19	200	6811	148
657	1	11	200	6822	1862
658	5	13	120	6833	915
659	19	8	120	6844	3841
660	6	19	160	6855	16245
661	15	0	120	6866	801
662	3	16	80	6877	2267
663	6	19	120	6888	8930
664	5	13	200	6899	1240
665	6	19	160	6910	7506
666	19	8	120	6921	10086
667	19	8	160	6932	331
668	6	19	200	6943	6357
669	19	8	160	6954	2376
670	15	0	160	6965	2046
671	3	16	160	6976	3705
672	5	13	120	6987	7015
673	15	0	80	6998	320
674	19	8	80	7009	2705
675	3	16	120	7020	11862
676	5	13	80	7031	1055
677	0	18	160	7042	2325
678	5	13	160	7053	5211
679	6	19	120	7064	4250
680	0	18	120	7075	1334
681	19	8	80	7086	1197
682	5	13	160	7097	8877
683	5	13	200	7108	475
684	1	11	80	7119	1901
685	6	19	200	7130	922
686	19	8	200	7141	1147
687	5	13	160	7152	7266
688	6	19	160	7163	364
689	1	11	160	7174	0
690	5	13	160	7185	3228
691	19	8	80	7200	888
692	19	8	80	7211	1735
693	5	13	160	7222	8673
694	15	0	200	7233	8196
695	19	8	160	7244	10317
696	6	19	160	7255	812
697	3	16	160	7266	8814
698	19	8	120	7277	17
699	3	16	160	7288	3354
700	19	8	120	7299	4288
701	5	13	120	7310	15461
702	19	8	160	7321	700
703	6	19	160	7332	3181
704	4	7	160	7343	1097
705	6	19	120	7354	345
706	5	13	120	7365	2516
707	6	19	160	7376	706
708	19	8	160	7387	1008
709	19	8	80	7398	2979
710	5	13	120	7409	6081
711	6	19	80	7420	3621
712	15	0	120	7431	4131
713	19	8	80	7442	3195
714	15	0	80	7453	1623
715	6	19	120	7464	5149
716	3	16	160	7475	1371
717	19	8	80	7486	1546
718	5	13	80	7497	2889
719	19	8	200	7508	250
720	15	0	160	7519	3640
721	6	19	160	7530	343
722	5	13	200	7541	19495
723	6	19	120	7552	6357
724	6	19	200	7563	8981
725	15	0	160	7600	898
726	5	13	160	7611	1161
727	19	8	160	7622	11338
728	1	11	80	7633	921
729	19	8	120	7644	3350
730	15	0	200	7655	5787
731	4	7	160	7666	1676
732	3	16	80	7677	2293
733	5	13	200	7688	700
734	15	0	80	7699	22877
735	15	0	80	7710	1453
736	4	7	120	7721	413
737	19	8	80	7732	1678
738	3	16	80	7743	8225
739	6	19	200	7754	1401
740	4	7	160	7765	5373
741	5	13	80	7776	366
742	6	19	200	7787	3814
743	19	8	160	7798	3301
744	19	8	120	7809	986
745	19	8	120	7820	12707
746	5	13	160	7831	3240
747	19	8	80	7842	6475
748	19	8	160	7853	3211
749	3	16	160	7864	636
750	19	8	200	7875	4018
751	19	8	120	7886	7953
752	19	8	120	7897	1881
753	0	18	160	7908	11508
754	6	19	80	7919	14040
755	5	13	200	7930	3427
756	19	8	120	7941	17275
757	4	7	120	7952	1814
758	19	8	160	7963	4250
759	6	19	80	8000	157
760	4	7	160	8012	7108
761	5	13	160	8024	2983
762	6	19	160	8036	12497
763	1	11	120	8048	4262
764	3	16	80	8060	5716
765	3	16	200	8072	2312
766	5	13	80	8084	693
767	5	13	120	8096	2641
768	5	13	80	8108	3224
769	1	11	80	8120	117
770	4	7	200	8132	3932
771	4	7	120	8144	11794
772	6	19	80	8156	2380
773	19	8	120	8168	988
774	6	19	120	8180	1552
775	4	7	120	8192	2853
776	19	8	160	8204	2521
777	19	8	120	8216	2251
778	19	8	200	8228	3444
779	19	8	120	8240	10984
780	5	13	200	8252	4154
781	15	0	160	8264	2391
782	4	7	80	8276	1972
783	19	8	160	8288	241
784	3	16	120	8300	10840
785	19	8	160	8312	9274
786	6	19	80	8324	13666
787	3	16	160	8336	2714
788	19	8	200	8348	845
789	5	13	120	8360	2187
790	15	0	160	8372	1530
791	19	8	80	8384	5289
792	0	18	120	8400	4662
793	6	19	80	8407	7168
794	4	7	120	8414	2499
795	19	8	80	8421	960
796	19	8	160	8428	563
797	5	13	160	8435	12794
798	6	19	120	8442	6468
799	6	19	120	8449	6050
800	6	19	120	8456	6418
801	19	8	120	8463	298
802	5	13	80	8470	1142
803	15	0	160	8477	2960
804	19	8	160	8484	2946
805	5	13	160	8491	4636
806	3	16	120	8498	2141
807	19	8	80	8505	679
808	6	19	80	8512	3891
809	3	16	160	8519	2465
810	5	13	80	8526	456
811	4	7	80	8533	3250
812	6	19	120	8540	6193
813	3	16	120	8547	5072
814	3	16	80	8554	1994
815	15	0	80	8561	1917
816	1	11	120	8568	586
817	6	19	200	8575	9105
818	19	8	200	8582	5120
819	4	7	160	8589	7831
820	15	0	200	8596	2553
821	3	16	160	8603	4393
822	6	19	160	8610	1386
823	19	8	200	8617	567
824	5	13	120	8624	4966
825	4	7	200	8631	8916
826	4	7	200	8638	1200
827	0	18	80	8645	3819
828	19	8	80	8652	5613
829	15	0	80	8659	458
830	5	13	160	8666	1903
831	6	19	80	8673	2840
832	4	7	200	8680	3964
833	4	7	160	8687	6390
834	4	7	80	8694	588
835	5	13	160	8701	3415
836	3	16	160	8708	900
837	15	0	160	8715	8047
838	1	11	80	8722	3083
839	15	0	200	8729	1135
840	19	8	120	8736	2670
841	19	8	80	8743	6661
842	15	0	120	8750	8180
843	15	0	80	8757	5244
844	19	8	120	8800	1503
845	5	13	160	8807	5735
846	6	19	160	8814	11681
847	19	8	80	8821	13981
848	5	13	200	8828	2324
849	15	0	80	8835	350
850	19	8	160	8842	320
851	5	13	200	8849	1066
852	5	13	200	8856	1082
853	4	7	160	8863	11435
854	19	8	160	8870	1471
855	5	13	160	8877	568
856	6	19	160	8884	6038
857	6	19	120	8891	494
858	4	7	80	8898	6683
859	6	19	200	8905	3965
860	3	16	160	8912	2227
861	3	16	120	8919	6424
862	1	11	80	8926	2056
863	19	8	80	8933	2883
864	19	8	80	8940	339
865	19	8	200	8947	3659
866	0	18	80	8954	10492
867	4	7	200	8961	18329
868	19	8	80	8968	3487
869	19	8	160	8975	6825
870	5	13	160	8982	789
871	5	13	200	8989	1259
872	5	13	200	8996	1784
873	4	7	200	9003	2575
874	5	13	120	9010	1859
875	19	8	160	9017	4326
876	6	19	120	9024	6357
877	19	8	160	9031	3305
878	19	8	160	9038	6832
879	19	8	200	9045	11941
880	19	8	80	9052	11696
881	5	13	200	9059	1367
882	15	0	80	9066	766
883	1	11	200	9073	4439
884	19	8	160	9080	127
885	19	8	200	9087	624
886	3	16	120	9094	1265
887	19	8	80	9101	4635
888	4	7	200	9108	2691
889	19	8	160	9115	17
890	19	8	200	9122	6342
891	15	0	120	9129	356
892	5	13	120	9136	223
893	6	19	80	9143	9564
894	6	19	120	9150	6864
895	15	0	200	9200	4655
896	15	0	200	9208	2102
897	19	8	120	9216	1766
898	19	8	80	9224	4188
899	4	7	120	9232	5006
900	5	13	120	9240	7187
901	4	7	200	9248	12522
902	19	8	200	9256	1962
903	15	0	120	9264	3894
904	3	16	160	9272	9399
905	5	13	200	9280	6575
906	19	8	80	9288	8290
907	3	16	200	9296	5748
908	19	8	80	9304	3384
909	1	11	200	9312	4164
910	19	8	80	9320	1640
911	15	0	80	9328	976
912	6	19	200	9336	1412
913	4	7	120	9344	7934
914	19	8	160	9352	4590
915	19	8	160	9360	590
916	6	19	80	9368	3922
917	0	18	80	9376	5261
918	19	8	120	9384	2633
919	19	8	80	9392	11052
920	15	0	160	9400	1590
921	3	16	200	9408	1104
922	0	18	200	9416	2772
923	0	18	160	9424	3446
924	19	8	160	9432	94
925	19	8	120	9440	394
926	1	11	120	9448	972
927	19	8	160	9456	2402
928	19	8	160	9464	4251
929	19	8	120	9472	4608
930	4	7	160	9480	1161
931	15	0	80	9488	2311
932	19	8	160	9496	9781
933	19	8	80	9504	443
934	15	0	120	9512	490
935	6	19	120	9520	18413
936	5	13	200	9528	9283
937	0	18	200	9536	3213
938	19	8	120	9544	5806
939	6	19	160	9552	1017
940	1	11	200	9560	1260
941	19	8	160	9568	2844
942	1	11	80	9576	490
943	3	16	200	9584	7402
944	0	18	120	9592	4408
945	4	7	200	9600	3456
946	3	16	160	9608	6202
947	1	11	80	9616	852
948	19	8	160	9624	1023
949	19	8	160	9632	4594
950	3	16	200	9640	259
951	15	0	200	9648	4523
952	19	8	200	9656	8306
953	1	11	200	9664	4981
954	6	19	200	9672	1949
955	4	7	120	9680	3595
956	4	7	200	9688	2437
957	19	8	120	9696	6649
958	19	8	160	9704	3655
959	5	13	120	9712	6658
960	4	7	160	9720	3575
961	0	18	160	9728	2197
962	5	13	120	9736	456
963	1	11	200	9744	8715
964	19	8	80	9752	2009
965	4	7	80	9760	9112
966	19	8	120	9768	1445
967	19	8	160	9776	855
968	15	0	200	9784	5499
969	5	13	120	9792	4719
970	5	13	200	9800	1074
971	6	19	80	9808	302
972	3	16	200	9816	13500
973	5	13	200	9824	1192
974	19	8	120	9832	4392
975	15	0	80	9840	6844
976	1	11	200	9848	538
977	19	8	200	9856	4281
978	19	8	80	9864	9616
979	6	19	160	9872	2353
980	6	19	160	9880	1460
981	19	8	80	9888	96
982	4	7	80	9896	1022
983	0	18	200	9904	14249
984	15	0	160	9912	3883
985	6	19	200	9920	3420
986	15	0	120	9928	3323
987	19	8	200	9936	898
988	4	7	120	9944	5078
989	5	13	80	9952	2955
990	4	7	120	9960	3051
991	6	19	160	10000	383
992	4	7	80	10009	12244
993	6	19	200	10018	12408
994	4	7	80	10027	4016
995	0	18	80	10036	7528
996	15	0	120	10045	2049
997	19	8	120	10054	1037
998	5	13	200	10063	2376
999	19	8	120	10072	5884
1000	6	19	160	10081	1287
1001	6	19	200	10090	3618
1002	5	13	80	10099	2353
1003	5	13	80	10108	3047
1004	5	13	200	10117	2372
1005	15	0	160	10126	18424
1006	6	19	200	10135	4972
1007	15	0	200	10144	3838
1008	5	13	120	10153	186
1009	19	8	160	10162	3343
1010	3	16	120	10171	2517
1011	5	13	200	10180	6421
1012	19	8	80	10189	9237
1013	4	7	200	10198	669
1014	19	8	160	10207	2811
1015	4	7	120	10216	3348
1016	19	8	160	10225	877
1017	5	13	120	10234	585
1018	6	19	80	10243	1234
1019	4	7	120	10252	6860
1020	15	0	200	10261	1621
1021	19	8	160	10270	431
1022	6	19	80	10279	2566
1023	4	7	160	10288	1018
1024	1	11	80	10297	692
1025	19	8	120	10306	622
1026	4	7	200	10315	509
1027	15	0	200	10324	43
1028	1	11	200	10333	3914
1029	19	8	80	10342	6832
1030	0	18	200	10351	2167
1031	1	11	160	10360	9110
1032	6	19	80	10369	938
1033	4	7	200	10378	600
1034	19	8	80	10387	743
1035	3	16	200	10400	4960
1036	6	19	80	10409	3461
1037	19	8	200	10418	4716
1038	15	0	200	10427	2971
1039	19	8	200	10436	3990
1040	1	11	80	10445	7959
1041	19	8	120	10454	11779
1042	6	19	120	10463	676
1043	5	13	160	10472	662
1044	4	7	200	10481	227
1045	19	8	120	10490	5303
1046	6	19	120	10499	846
1047	19	8	80	10508	6416
1048	15	0	120	10517	2393
1049	19	8	160	10526	275
1050	3	16	160	10535	4207
1051	5	13	200	10544	1230
1052	6	19	80	10553	13173
1053	0	18	160	10562	3954
1054	3	16	160	10571	2298
1055	15	0	200	10580	759
1056	19	8	160	10589	519
1057	3	16	120	10598	994
1058	5	13	80	10607	1874
1059	6	19	160	10616	1445
1060	5	13	160	10625	8172
1061	19	8	200	10634	4826
1062	6	19	80	10643	19720
1063	6	19	80	10652	1029
1064	19	8	200	10661	641
1065	1	11	160	10670	3371
1066	19	8	200	10679	3567
1067	19	8	80	10688	5730
1068	4	7	200	10697	16705
1069	19	8	200	10706	6322
1070	15	0	120	10715	17701
1071	0	18	160	10724	2809
1072	15	0	120	10733	3786
1073	6	19	120	10742	4024
1074	4	7	80	10751	12566
1075	15	0	120	10760	1950
1076	5	13	120	10769	11724
1077	3	16	160	10778	1548
1078	1	11	200	10800	742
1079	4	7	160	10809	2210
1080	4	7	200	10818	12247
1081	4	7	200	10827	1546
1082	0	18	160	10836	3288
1083	1	11	80	10845	3262
1084	6	19	160	10854	736
1085	19	8	200	10863	666
1086	6	19	160	10872	10908
1087	6	19	160	10881	3481
1088	1	11	120	10890	4846
1089	4	7	120	10899	22709
1090	3	16	80	10908	3555
1091	5	13	160	10917	1778
1092	6	19	200	10926	1532
1093	0	18	120	10935	998
1094	6	19	80	10944	5722
1095	3	16	80	10953	709
1096	5	13	120	10962	12370
1097	19	8	80	10971	10561
1098	6	19	160	10980	17
1099	3	16	80	10989	2660
1100	19	8	160	10998	623
1101	19	8	80	11007	2245
1102	19	8	120	11016	6734
1103	19	8	120	11025	4269
1104	4	7	120	11034	326
1105	3	16	80	11043	631
1106	15	0	120	11052	4231
1107	0	18	200	11061	1593
1108	19	8	120	11070	4448
1109	6	19	80	11079	210
1110	5	13	160	11088	1026
1111	19	8	80	11097	6452
1112	0	18	160	11106	207
1113	3	16	120	11115	11957
1114	5	13	160	11124	1724
1115	3	16	200	11133	3191
1116	19	8	80	11142	604
1117	6	19	200	11151	2284
1118	0	18	160	11160	242
1119	3	16	80	11169	20869
1120	6	19	80	11200	4031
1121	5	13	80	11211	35
1122	15	0	200	11222	243
1123	19	8	160	11233	17714
1124	6	19	200	11244	918
1125	4	7	200	11255	3966
1126	6	19	200	11266	824
1127	15	0	80	11277	1984
1128	19	8	80	11288	8269
1129	0	18	80	11299	6324
1130	4	7	80	11310	2257
1131	5	13	80	11321	72
1132	15	0	200	11332	1522
1133	19	8	200	11343	4603
1134	4	7	80	11354	1315
1135	5	13	160	11365	2966
1136	6	19	120	11376	2824
1137	3	16	80	11387	9388
1138	19	8	200	11398	2609
1139	5	13	120	11409	88
1140	1	11	160	11420	2779
1141	6	19	200	11431	3726
1142	15	0	120	11442	9633
1143	6	19	120	11453	4210
1144	19	8	160	11464	5882
1145	5	13	200	11475	6207
1146	5	13	80	11486	1474
1147	5	13	120	11497	1838
1148	19	8	160	11508	8182
1149	5	13	120	11519	948
1150	5	13	200	11530	89
1151	19	8	120	11541	2931
1152	19	8	160	11552	8157
1153	5	13	160	11563	39
1154	6	19	80	11600	7610
1155	6	19	120	11610	582
1156	3	16	120	11620	1850
1157	19	8	200	11630	7000
1158	5	13	160	11640	2397
1159	0	18	120	11650	2387
1160	15	0	80	11660	12853
1161	0	18	120	11670	1213
1162	1	11	160	11680	2428
1163	19	8	120	11690	8378
1164	4	7	80	11700	3870
1165	19	8	160	11710	934
1166	3	16	120	11720	2647
1167	1	11	160	11730	1829
1168	19	8	120	11740	4428
1169	19	8	200	11750	7005
1170	15	0	160	11760	177
1171	15	0	80	11770	1076
1172	15	0	200	11780	12493
1173	15	0	80	11790	150
1174	1	11	160	11800	2723
1175	0	18	80	11810	117
1176	19	8	200	11820	416
1177	1	11	160	11830	2097
1178	1	11	200	11840	982
1179	4	7	200	11850	2158
1180	19	8	200	11860	1546
1181	4	7	160	11870	6810
1182	19	8	120	11880	2939
1183	6	19	200	11890	4342
1184	15	0	80	11900	5913
1185	4	7	160	11910	9710
1186	6	19	120	11920	641
1187	5	13	120	11930	1465
1188	5	13	160	11940	7155
1189	19	8	200	11950	625
1190	4	7	120	11960	665
1191	19	8	160	11970	4559
1192	19	8	120	12000	2416
1193	19	8	120	12011	120
1194	19	8	80	12022	256
1195	1	11	120	12033	1093
1196	6	19	80	12044	654
1197	19	8	200	12055	134
1198	4	7	120	12066	125
1199	19	8	80	12077	3301
1200	4	7	160	12088	1449
1201	5	13	120	12099	11345
1202	6	19	80	12110	4803
1203	19	8	200	12121	180
1204	19	8	160	12132	734
1205	15	0	200	12143	6173
1206	4	7	120	12154	3315
1207	5	13	120	12165	7160
1208	4	7	80	12176	2903
1209	6	19	200	12187	6901
1210	19	8	120	12198	149
1211	3	16	200	12209	13123
1212	15	0	80	12220	3750
1213	3	16	160	12231	137
1214	4	7	160	12242	551
1215	5	13	160	12253	612
1216	1	11	200	12264	5407
1217	6	19	200	12275	6295
1218	3	16	80	12286	443
1219	0	18	120	12297	4927
1220	6	19	80	12308	248
1221	19	8	80	12319	781
1222	15	0	200	12330	3055
1223	3	16	160	12341	2975
1224	15	0	160	12352	4474
1225	19	8	80	12363	1804
1226	19	8	160	12374	6101
1227	19	8	120	12385	10430
1228	19	8	80	12400	14707
1229	0	18	80	12409	1175
1230	6	19	80	12418	8412
1231	19	8	200	12427	271
1232	19	8	120	12436	1893
1233	3	16	160	12445	4267
1234	19	8	120	12454	479
1235	6	19	120	12463	1907
1236	19	8	160	12472	505
1237	3	16	160	12481	2586
1238	19	8	80	12490	2728
1239	0	18	80	12499	16988
1240	0	18	80	12508	1712
1241	3	16	80	12517	1513
1242	1	11	80	12526	6255
1243	19	8	200	12535	44
1244	19	8	120	12544	457
1245	3	16	120	12553	847
1246	1	11	120	12562	297
1247	15	0	200	12571	2176
1248	6	19	200	12580	9248
1249	5	13	160	12589	10111
1250	19	8	120	12598	2755
1251	19	8	80	12607	1774
1252	19	8	200	12616	10542
1253	4	7	200	12625	1558
1254	5	13	80	12634	2786
1255	6	19	160	12643	541
1256	19	8	120	12652	2091
1257	5	13	160	12661	765
1258	3	16	80	12670	1854
1259	19	8	160	12679	6532
1260	19	8	120	12688	15
1261	5	13	200	12697	4055
1262	6	19	120	12706	7817
1263	4	7	200	12715	1212
1264	0	18	200	12724	11527
1265	19	8	120	12733	14145
1266	5	13	160	12742	3521
1267	6	19	160	12751	12187
1268	3	16	120	12760	10144
1269	19	8	80	12769	5535
1270	15	0	80	12800	93
1271	19	8	120	12812	1232
1272	19	8	200	12824	1416
1273	1	11	80	12836	507
1274	0	18	80	12848	1784
1275	5	13	80	12860	5468
1276	19	8	200	12872	1955
1277	19	8	80	12884	2962
1278	4	7	80	12896	2155
1279	6	19	120	12908	2634
1280	19	8	160	12920	1377
1281	3	16	200	12932	1803
1282	5	13	160	12944	102
1283	5	13	120	12956	224
1284	0	18	200	12968	5654
1285	15	0	200	12980	2933
1286	1	11	80	12992	591
1287	6	19	120	13004	223
1288	19	8	120	13016	670
1289	6	19	200	13028	17201
1290	19	8	200	13040	14317
1291	5	13	200	13052	11565
1292	19	8	120	13064	444
1293	19	8	120	13076	4682
1294	4	7	200	13088	16032
1295	15	0	80	13100	4966
1296	15	0	160	13112	2440
1297	19	8	120	13124	3013
1298	19	8	200	13136	277
1299	19	8	200	13148	590
1300	19	8	200	13160	3720
1301	6	19	200	13172	508
1302	6	19	160	13200	2762
1303	19	8	160	13211	657
1304	19	8	120	13222	9091
1305	0	18	80	13233	1059
1306	3	16	80	13244	247
1307	15	0	200	13255	6625
1308	4	7	200	13266	13164
1309	0	18	80	13277	5650
1310	19	8	160	13288	5386
1311	19	8	120	13299	8617
1312	3	16	120	13310	5669
1313	6	19	200	13321	8778
1314	4	7	80	13332	2880
1315	6	19	160	13343	4097
1316	19	8	120	13354	3785
1317	1	11	200	13365	6514
1318	4	7	80	13376	2810
1319	5	13	200	13387	2208
1320	19	8	120	13398	7171
1321	19	8	120	13409	3029
1322	19	8	80	13420	6402
1323	15	0	120	13431	10895
1324	19	8	120	13442	6007
1325	4	7	80	13453	327
1326	0	18	200	13464	697
1327	0	18	120	13475	3750
1328	19	8	80	13486	590
1329	5	13	200	13497	4186
1330	19	8	120	13508	1361
1331	19	8	160	13519	7792
1332	0	18	80	13530	2436
1333	4	7	80	13541	1310
1334	19	8	160	13552	8379
1335	4	7	160	13563	755
1336	15	0	80	13574	7983
1337	15	0	80	13585	8279
1338	19	8	80	13600	685
1339	0	18	200	13606	2968
1340	6	19	160	13612	2462
1341	5	13	120	13618	1591
1342	4	7	160	13624	383
1343	19	8	120	13630	2028
1344	19	8	80	13636	1132
1345	19	8	160	13642	368
1346	4	7	160	13648	827
1347	5	13	160	13654	976
1348	6	19	120	13660	776
1349	15	0	120	13666	1667
1350	19	8	200	13672	418
1351	15	0	200	13678	4232
1352	6	19	120	13684	99
1353	5	13	80	13690	4116
1354	3	16	160	13696	1448
1355	19	8	120	13702	309
1356	19	8	200	13708	1548
1357	19	8	80	13714	3323
1358	19	8	120	13720	1875
1359	5	13	80	13726	6821
1360	0	18	80	13732	302
1361	1	11	200	13738	2402
1362	19	8	160	13744	4457
1363	19	8	200	13750	1507
1364	5	13	200	13756	2524
1365	19	8	80	13762	8562
1366	19	8	80	13768	2233
1367	19	8	120	13774	2602
1368	19	8	120	13780	47
1369	19	8	120	13786	1669
1370	19	8	120	13792	6000
1371	4	7	80	13798	5358
1372	5	13	160	13804	4156
1373	4	7	80	13810	15808
1374	19	8	80	13816	13368
1375	6	19	200	13822	2815
1376	6	19	200	13828	2316
1377	0	18	200	13834	2046
1378	19	8	80	13840	4656
1379	3	16	160	13846	4674
1380	0	18	160	13852	8896
1381	15	0	120	13858	11485
1382	6	19	80	13864	2261
1383	3	16	160	13870	6367
1384	6	19	200	13876	3190
1385	1	11	160	13882	4037
1386	5	13	120	13888	7157
1387	15	0	80	13894	6718
1388	1	11	120	13900	14850
1389	19	8	80	13906	6488
1390	6	19	200	13912	7618
1391	19	8	80	13918	1425
1392	19	8	200	13924	2769
1393	4	7	80	13930	1657
1394	19	8	160	13936	2399
1395	5	13	200	13942	32
1396	6	19	160	14000	4272
1397	5	13	160	14011	6012
1398	5	13	160	14022	10617
1399	0	18	80	14033	1810
1400	19	8	120	14044	4318
1401	5	13	80	14055	4931
1402	15	0	120	14066	916
1403	6	19	80	14077	7216
1404	19	8	80	14088	3320
1405	6	19	160	14099	1792
1406	4	7	80	14110	26
1407	5	13	80	14121	178
1408	6	19	200	14132	4533
1409	15	0	160	14143	6406
1410	5	13	160	14154	4028
1411	19	8	80	14165	10127
1412	19	8	200	14176	8367
1413	15	0	160	14187	4620
1414	5	13	120	14198	10438
1415	5	13	200	14209	554
1416	6	19	200	14220	79
1417	15	0	80	14231	8329
1418	5	13	80	14242	5780
1419	4	7	120	14253	7147
1420	5	13	200	14264	203
1421	4	7	80	14275	3810
1422	19	8	200	14286	2794
1423	19	8	120	14297	938
1424	6	19	120	14308	2693
1425	3	16	80	14319	2593
1426	5	13	120	14330	1089
1427	1	11	160	14341	1467
1428	4	7	120	14352	3017
1429	6	19	120	14363	12545
1430	19	8	120	14374	7560
1431	4	7	120	14400	4339
1432	6	19	120	14411	2546
1433	19	8	80	14422	1564
1434	3	16	120	14433	117
1435	15	0	120	14444	810
1436	19	8	80	14455	5365
1437	19	8	200	14466	3630
1438	6	19	160	14477	1058
1439	19	8	80	14488	835
1440	19	8	120	14499	3965
1441	1	11	80	14510	6227
1442	3	16	120	14521	582
1443	5	13	160	14532	779
1444	6	19	120	14543	734
1445	19	8	200	14554	10672
1446	19	8	80	14565	2200
1447	3	16	80	14576	6740
1448	19	8	160	14587	2129
1449	15	0	200	14598	1552
1450	19	8	80	14609	17821
1451	19	8	160	14620	6074
1452	19	8	120	14631	53
1453	4	7	80	14642	408
1454	15	0	80	14653	1511
1455	15	0	120	14664	188
1456	6	19	120	14675	921
1457	19	8	200	14686	21814
1458	0	18	160	14697	1694
1459	6	19	200	14708	363
1460	3	16	80	14719	523
1461	4	7	120	14730	4810
1462	1	11	160	14741	2886
1463	19	8	160	14752	5112
1464	19	8	120	14763	11941
1465	3	16	120	14774	14406
1466	3	16	200	14800	2388
1467	3	16	200	14810	3219
1468	6	19	120	14820	4268
1469	19	8	80	14830	5436
1470	5	13	200	14840	1983
1471	15	0	200	14850	2200
1472	3	16	120	14860	4118
1473	6	19	200	14870	3431
1474	5	13	200	14880	910
1475	4	7	160	14890	1206
1476	3	16	200	14900	2606
1477	5	13	80	14910	1575
1478	5	13	200	14920	169
1479	19	8	160	14930	3278
1480	5	13	80	14940	221
1481	4	7	120	14950	2205
1482	3	16	80	14960	8984
1483	15	0	160	14970	933
1484	15	0	80	14980	13790
1485	1	11	160	14990	281
1486	5	13	200	15000	4185
1487	5	13	80	15010	1871
1488	3	16	200	15020	36
1489	6	19	80	15030	16294
1490	1	11	80	15040	15178
1491	4	7	80	15050	5431
1492	19	8	80	15060	1156
1493	19	8	160	15070	629
1494	19	8	80	15080	271
1495	15	0	200	15090	10598
1496	19	8	120	15100	1287
1497	3	16	160	15110	2138
1498	15	0	80	15120	1033
1499	4	7	80	15130	867
1500	6	19	80	15140	2623
1501	15	0	80	15150	8172
1502	15	0	200	15160	690
1503	1	11	160	15170	4430
1504	3	16	80	15180	10675
1505	3	16	120	15190	3331
1506	15	0	80	15200	594
1507	5	13	160	15207	2300
1508	19	8	120	15214	8959
1509	5	13	160	15221	223
1510	6	19	120	15228	3350
1511	3	16	80	15235	8488
1512	5	13	80	15242	12346
1513	4	7	80	15249	6165
1514	4	7	200	15256	133
1515	19	8	200	15263	4800
1516	0	18	120	15270	6547
1517	6	19	80	15277	1460
1518	4	7	120	15284	5598
1519	15	0	200	15291	8532
1520	19	8	160	15298	1565
1521	19	8	160	15305	315
1522	19	8	80	15312	3138
1523	19	8	120	15319	4471
1524	15	0	200	15326	5803
1525	3	16	200	15333	4178
1526	19	8	160	15340	755
1527	5	13	200	15347	2749
1528	19	8	200	15354	2854
1529	19	8	200	15361	1282
1530	5	13	120	15368	16843
1531	19	8	80	15375	267
1532	19	8	80	15382	412
1533	3	16	200	15389	7491
1534	4	7	160	15396	326
1535	15	0	200	15403	811
1536	15	0	160	15410	1233
1537	3	16	160	15417	1017
1538	5	13	120	15424	1299
1539	6	19	200	15431	2063
1540	5	13	120	15438	10626
1541	19	8	80	15445	950
1542	6	19	200	15452	2617
1543	19	8	120	15459	12386
1544	0	18	160	15466	2149
1545	19	8	80	15473	409
1546	19	8	200	15480	6213
1547	15	0	80	15487	2503
1548	6	19	200	15494	478
1549	19	8	80	15501	1828
1550	6	19	160	15508	529
1551	6	19	80	15515	13919
1552	19	8	120	15522	4324
1553	0	18	120	15529	1699
1554	5	13	160	15536	8196
1555	19	8	120	15543	2077
1556	19	8	80	15550	1582
1557	15	0	160	15600	2658
1558	5	13	160	15609	9376
1559	0	18	120	15618	1328
1560	5	13	160	15627	1998
1561	5	13	120	15636	4097
1562	15	0	200	15645	10478
1563	1	11	120	15654	3862
1564	0	18	80	15663	286
1565	6	19	120	15672	2792
1566	5	13	80	15681	6099
1567	3	16	120	15690	457
1568	0	18	120	15699	4916
1569	15	0	200	15708	7568
1570	4	7	120	15717	2273
1571	19	8	200	15726	3478
1572	0	18	160	15735	115
1573	19	8	160	15744	1725
1574	4	7	120	15753	12121
1575	19	8	120	15762	477
1576	5	13	200	15771	3622
1577	3	16	160	15780	3555
1578	19	8	160	15789	1189
1579	19	8	160	15798	4414
1580	4	7	200	15807	7855
1581	3	16	160	15816	4907
1582	19	8	80	15825	1940
1583	19	8	160	15834	618
1584	4	7	120	15843	651
1585	19	8	80	15852	64
1586	1	11	200	15861	2069
1587	19	8	160	15870	5573
1588	19	8	120	15879	14783
1589	5	13	120	15888	4475
1590	19	8	200	15897	7777
1591	0	18	80	15906	6052
1592	19	8	200	15915	1545
1593	5	13	80	15924	21096
1594	1	11	80	15933	39
1595	0	18	80	15942	1363
1596	5	13	120	15951	1337
1597	5	13	120	15960	7892
1598	19	8	80	15969	8674
1599	6	19	120	15978	9778
1600	6	19	80	15987	1513
1601	19	8	160	16000	4563
1602	15	0	160	16011	5672
1603	19	8	200	16022	1223
1604	19	8	200	16033	10834
1605	15	0	200	16044	3132
1606	6	19	120	16055	11295
1607	3	16	160	16066	1486
1608	19	8	200	16077	2006
1609	6	19	80	16088	5686
1610	6	19	120	16099	6630
1611	15	0	120	16110	5353
1612	15	0	200	16121	1036
1613	15	0	80	16132	1075
1614	19	8	120	16143	2198
1615	5	13	80	16154	4638
1616	15	0	120	16165	1186
1617	19	8	80	16176	6127
1618	19	8	80	16187	2531
1619	4	7	80	16198	218
1620	6	19	120	16209	414
1621	15	0	120	16220	124
1622	5	13	80	16231	570
1623	15	0	80	16242	138
1624	19	8	80	16253	19483
1625	3	16	80	16264	4242
1626	3	16	200	16275	1206
1627	6	19	160	16286	137
1628	15	0	120	16297	1665
1629	4	7	120	16308	4348
1630	15	0	200	16319	7045
1631	19	8	160	16330	5307
1632	5	13	160	16341	4859
1633	6	19	120	16352	1686
1634	3	16	160	16363	1744
1635	5	13	120	16374	790
1636	6	19	200	16385	11899
1637	19	8	80	16400	514
1638	3	16	160	16416	942
1639	6	19	120	16432	3739
1640	5	13	160	16448	313
1641	19	8	80	16464	392
1642	19	8	200	16480	1768
1643	4	7	80	16496	975
1644	19	8	200	16512	7978
1645	3	16	120	16528	507
1646	5	13	80	16544	3207
1647	1	11	200	16560	353
1648	15	0	200	16576	3394
1649	19	8	80	16592	1562
1650	5	13	160	16608	130
1651	6	19	120	16624	2775
1652	6	19	120	16640	1990
1653	6	19	80	16656	7147
1654	19	8	200	16672	6743
1655	19	8	200	16688	1338
1656	5	13	160	16704	3172
1657	0	18	160	16720	5145
1658	3	16	200	16736	1265
1659	6	19	160	16752	1311
1660	6	19	80	16768	1328
1661	19	8	200	16784	9498
1662	5	13	120	16800	14019
1663	6	19	120	16810	5260
1664	19	8	120	16820	10666
1665	15	0	200	16830	310
1666	5	13	200	16840	140
1667	3	16	120	16850	8625
1668	6	19	160	16860	8559
1669	5	13	80	16870	1116
1670	19	8	80	16880	5349
1671	19	8	80	16890	584
1672	19	8	120	16900	3412
1673	5	13	200	16910	7908
1674	19	8	120	16920	15231
1675	6	19	120	16930	20
1676	19	8	160	16940	4474
1677	3	16	200	16950	9924
1678	15	0	80	16960	746
1679	6	19	160	16970	8258
1680	19	8	200	16980	431
1681	1	11	80	16990	773
1682	19	8	200	17000	2476
1683	19	8	120	17010	68
1684	19	8	160	17020	3983
1685	3	16	160	17030	1588
1686	5	13	120	17040	1677
1687	19	8	160	17050	8183
1688	6	19	120	17060	3014
1689	4	7	200	17070	286
1690	0	18	200	17080	3995
1691	6	19	120	17090	1020
1692	15	0	80	17100	7576
1693	15	0	80	17110	10654
1694	0	18	120	17120	1570
1695	6	19	160	17130	737
1696	6	19	200	17140	527
1697	6	19	120	17150	3931
1698	5	13	160	17160	1347
1699	5	13	80	17170	6227
1700	19	8	160	17180	353
1701	4	7	200	17200	4401
1702	6	19	120	17210	904
1703	5	13	160	17220	1592
1704	19	8	200	17230	3526
1705	6	19	160	17240	9066
1706	19	8	200	17250	10439
1707	4	7	120	17260	3024
1708	15	0	160	17270	7715
1709	5	13	160	17280	6636
1710	3	16	80	17290	3778
1711	5	13	160	17300	3990
1712	5	13	120	17310	3225
1713	6	19	80	17320	2030
1714	15	0	160	17330	780
1715	5	13	200	17340	451
1716	19	8	80	17350	2357
1717	6	19	200	17360	12217
1718	6	19	200	17370	425
1719	19	8	200	17380	3692
1720	4	7	120	17390	5268
1721	15	0	120	17400	715
1722	6	19	80	17410	1753
1723	4	7	200	17420	6713
1724	5	13	80	17430	3785
1725	5	13	200	17440	2871
1726	4	7	200	17450	1349
1727	3	16	120	17460	4127
1728	5	13	120	17470	3078
1729	5	13	200	17480	6630
1730	1	11	120	17490	8529
1731	3	16	120	17500	194
1732	19	8	80	17510	3981
1733	5	13	200	17520	1918
1734	19	8	80	17530	6213
1735	6	19	80	17540	2284
1736	6	19	200	17550	14509
1737	15	0	80	17560	571
1738	19	8	160	17570	2256
1739	5	13	80	17580	5301
1740	5	13	160	17590	2052
1741	1	11	200	17600	6686
1742	0	18	200	17610	64
1743	3	16	200	17620	5087
1744	1	11	160	17630	2449
1745	19	8	120	17640	1
1746	1	11	200	17650	4455
1747	1	11	80	17660	2401
1748	19	8	120	17670	5593
1749	15	0	120	17680	983
1750	6	19	160	17690	5136
1751	19	8	80	17700	748
1752	19	8	160	17710	2975
1753	15	0	200	17720	4598
1754	1	11	160	17730	235
1755	4	7	80	17740	10150
1756	19	8	160	17750	1497
1757	4	7	160	17760	1970
1758	0	18	160	17770	5043
1759	6	19	200	17780	306
1760	5	13	160	17790	3766
1761	15	0	120	17800	1329
1762	19	8	80	17810	20324
1763	4	7	200	17820	185
1764	5	13	120	17830	10536
1765	19	8	200	17840	3317
1766	6	19	120	17850	3
1767	0	18	120	17860	757
1768	19	8	200	17870	3762
1769	3	16	160	17880	5423
1770	19	8	80	17890	572
1771	5	13	80	17900	1496
1772	6	19	120	17910	2950
1773	4	7	160	17920	1826
1774	5	13	120	17930	899
1775	4	7	160	17940	10103
1776	6	19	120	17950	639
1777	5	13	80	17960	4034
1778	3	16	80	17970	1756
1779	15	0	200	17980	3781
1780	4	7	200	18000	7343
1781	3	16	200	18016	7203
1782	3	16	80	18032	8853
1783	19	8	80	18048	1535
1784	19	8	80	18064	361
1785	1	11	120	18080	4961
1786	4	7	200	18096	2958
1787	1	11	120	18112	11762
1788	4	7	80	18128	1564
1789	6	19	80	18144	8084
1790	19	8	120	18160	523
1791	4	7	120	18176	3512
1792	15	0	160	18192	2155
1793	5	13	160	18208	1769
1794	0	18	160	18224	530
1795	19	8	80	18240	504
1796	3	16	200	18256	6821
1797	19	8	80	18272	14127
1798	19	8	160	18288	6270
1799	3	16	160	18304	8986
1800	3	16	200	18320	31586
1801	1	11	120	18336	2765
1802	4	7	80	18352	7376
1803	19	8	200	18368	43
1804	19	8	120	18400	353
1805	4	7	160	18408	2116
1806	5	13	160	18416	4188
1807	19	8	200	18424	688
1808	4	7	160	18432	2629
1809	19	8	80	18440	589
1810	15	0	200	18448	5935
1811	4	7	160	18456	4521
1812	1	11	120	18464	136
1813	5	13	160	18472	444
1814	4	7	200	18480	1062
1815	3	16	160	18488	5969
1816	6	19	120	18496	1991
1817	4	7	200	18504	4495
1818	5	13	160	18512	12776
1819	4	7	200	18520	981
1820	19	8	80	18528	167
1821	6	19	200	18536	220
1822	19	8	120	18544	7557
1823	4	7	200	18552	5421
1824	4	7	80	18560	3865
1825	6	19	200	18568	3185
1826	15	0	120	18576	9037
1827	3	16	160	18584	717
1828	4	7	80	18592	1110
1829	15	0	80	18600	346
1830	1	11	200	18608	429
1831	19	8	80	18616	778
1832	15	0	160	18624	7426
1833	1	11	120	18632	2473
1834	6	19	80	18640	3784
1835	4	7	160	18648	1670
1836	19	8	200	18656	19868
1837	5	13	120	18664	8479
1838	19	8	160	18672	1067
1839	19	8	120	18680	4500
1840	15	0	160	18688	254
1841	6	19	200	18696	1813
1842	19	8	200	18704	2504
1843	5	13	80	18712	826
1844	19	8	120	18720	396
1845	6	19	200	18728	2360
1846	3	16	200	18736	3201
1847	4	7	200	18744	1492
1848	3	16	160	18752	530
1849	19	8	200	18800	1717
1850	4	7	160	18808	5183
1851	19	8	200	18816	618
1852	5	13	120	18824	47
1853	6	19	160	18832	3412
1854	5	13	160	18840	7678
1855	15	0	200	18848	11671
1856	5	13	80	18856	4202
1857	19	8	80	18864	420
1858	6	19	200	18872	1984
1859	3	16	160	18880	3067
1860	6	19	80	18888	2897
1861	5	13	200	18896	2652
1862	6	19	160	18904	9896
1863	15	0	120	18912	2035
1864	19	8	120	18920	144
1865	19	8	160	18928	3628
1866	6	19	200	18936	7164
1867	0	18	200	18944	3398
1868	19	8	160	18952	2719
1869	0	18	120	18960	8893
1870	4	7	200	18968	6095
1871	3	16	80	18976	2871
1872	4	7	120	18984	2324
1873	15	0	80	18992	1334
1874	6	19	120	19000	677
1875	4	7	80	19008	4511
1876	15	0	80	19016	3549
1877	5	13	80	19024	4340
1878	5	13	160	19032	4174
1879	15	0	80	19040	763
1880	5	13	200	19048	25264
1881	6	19	160	19056	3510
1882	19	8	80	19064	163
1883	5	13	80	19072	8949
1884	5	13	120	19080	1764
1885	3	16	200	19088	12723
1886	5	13	200	19096	722
1887	4	7	80	19104	1258
1888	15	0	200	19112	3744
1889	19	8	80	19120	4384
1890	19	8	120	19128	4699
1891	19	8	160	19136	8952
1892	19	8	160	19144	2683
1893	19	8	80	19152	4798
1894	3	16	120	19160	697
1895	5	13	160	19168	3440
1896	19	8	80	19176	2382
1897	4	7	120	19184	275
1898	15	0	200	19200	656
1899	0	18	200	19208	2756
1900	0	18	80	19216	3791
1901	3	16	80	19224	15344
1902	4	7	120	19232	6815
1903	3	16	120	19240	1058
1904	6	19	200	19248	3347
1905	3	16	160	19256	963
1906	15	0	160	19264	4850
1907	19	8	120	19272	5209
1908	19	8	120	19280	2166
1909	3	16	120	19288	779
1910	19	8	200	19296	1770
1911	19	8	200	19304	17725
1912	6	19	120	19312	2404
1913	19	8	200	19320	980
1914	19	8	200	19328	3083
1915	1	11	160	19336	10704
1916	5	13	200	19344	2353
1917	3	16	160	19352	91
1918	3	16	200	19360	172
1919	6	19	120	19368	320
1920	6	19	160	19376	2256
1921	5	13	200	19384	3314
1922	5	13	80	19392	13358
1923	1	11	160	19400	7030
1924	3	16	200	19408	895
1925	5	13	120	19416	8785
1926	4	7	160	19424	94
1927	6	19	80	19432	5420
1928	6	19	200	19440	528
1929	4	7	160	19448	3459
1930	4	7	200	19456	1032
1931	5	13	160	19464	2950
1932	15	0	120	19472	2860
1933	5	13	200	19480	649
1934	15	0	200	19488	3296
1935	3	16	200	19496	79
1936	3	16	120	19504	5812
1937	19	8	160	19512	6591
1938	19	8	80	19520	1579
1939	4	7	200	19528	614
1940	6	19	120	19536	1182
1941	6	19	120	19544	2298
1942	5	13	160	19552	7635
1943	6	19	120	19560	2254
1944	19	8	80	19600	1473
1945	19	8	160	19609	4856
1946	5	13	80	19618	2329
1947	19	8	200	19627	1266
1948	0	18	120	19636	703
1949	3	16	200	19645	1039
1950	19	8	160	19654	567
1951	19	8	160	19663	2222
1952	0	18	160	19672	98
1953	1	11	120	19681	308
1954	6	19	80	19690	276
1955	15	0	120	19699	201
1956	19	8	200	19708	55
1957	4	7	160	19717	18608
1958	0	18	120	19726	129
1959	4	7	160	19735	4535
1960	19	8	80	19744	846
1961	3	16	120	19753	12922
1962	5	13	120	19762	3709
1963	15	0	200	19771	7311
1964	19	8	160	19780	11947
1965	6	19	120	19789	7230
1966	5	13	120	19798	2594
1967	4	7	120	19807	1437
1968	3	16	200	19816	4267
1969	6	19	80	19825	2915
1970	19	8	80	19834	721
1971	6	19	80	19843	4055
1972	5	13	120	19852	4765
1973	19	8	80	19861	9199
1974	1	11	200	19870	6882
1975	19	8	120	19879	20477
1976	0	18	80	19888	4974
1977	19	8	200	19897	3052
1978	4	7	120	19906	2930
1979	4	7	120	19915	2752
1980	1	11	80	19924	2371
1981	5	13	200	19933	5576
1982	5	13	200	19942	3477
1983	5	13	80	19951	9008
1984	4	7	200	19960	2367
1985	5	13	120	19969	6461
1986	5	13	80	20000	2751
1987	6	19	200	20028	2294
1988	19	8	200	20056	346
1989	19	8	160	20084	2872
1990	5	13	200	20112	23
1991	19	8	160	20140	5979
1992	19	8	120	20168	5978
1993	6	19	160	20196	4177
1994	6	19	160	20224	12123
1995	5	13	80	20252	1400
1996	4	7	80	20280	7150
1997	15	0	200	20308	50
1998	6	19	200	20336	2625
1999	5	13	200	20364	2556
