0	15	0	160	0	1777
1	3	16	120	10	10097
2	15	0	200	20	88
3	5	13	160	30	155
4	5	13	120	40	2362
5	19	8	80	50	114
6	15	0	200	60	6678
7	5	13	160	70	3038
8	5	13	160	80	5313
9	4	7	80	90	2723
10	15	0	200	100	6442
11	1	11	80	110	1479
12	3	16	160	120	3238
13	15	0	160	130	706
14	15	0	120	140	12350
15	6	19	200	150	52
16	5	13	200	160	4225
17	6	19	200	170	3130
18	5	13	200	180	2896
19	15	0	160	190	456
20	6	19	200	200	7311
21	6	19	120	210	132
22	19	8	160	220	1828
23	3	16	160	230	3960
24	19	8	200	240	13421
25	3	16	200	250	5044
26	0	18	120	260	404
27	1	11	160	270	1568
28	15	0	200	280	978
29	0	18	80	290	1063
30	15	0	80	300	3304
31	15	0	80	310	4386
32	15	0	80	320	312
33	6	19	160	330	3968
34	6	19	120	340	6400
35	5	13	120	350	607
36	4	7	200	360	1184
37	6	19	160	370	3556
38	19	8	200	380	1905
39	15	0	200	390	1991
40	15	0	160	400	2034
41	19	8	80	407	844
42	5	13	120	414	1867
43	15	0	80	421	51
44	3	16	120	428	1435
45	19	8	120	435	11596
46	6	19	200	442	6114
47	19	8	160	449	778
48	19	8	200	456	12871
49	4	7	120	463	1914
50	3	16	120	470	833
51	15	0	200	477	7418
52	4	7	120	484	113
53	15	0	120	491	2723
54	19	8	160	498	75
55	3	16	80	505	1579
56	4	7	160	512	3221
57	15	0	120	519	1999
58	6	19	200	526	303
59	4	7	120	533	5227
60	19	8	200	540	10748
61	6	19	120	547	2672
62	19	8	200	554	1514
63	5	13	120	561	2786
64	6	19	80	568	10727
65	1	11	160	575	576
66	6	19	80	582	1066
67	6	19	200	589	10403
68	4	7	80	596	1808
69	5	13	200	603	6717
70	4	7	80	610	5655
71	19	8	120	617	261
72	15	0	200	624	715
73	15	0	80	631	525
74	1	11	200	638	4940
75	15	0	200	645	4187
76	3	16	80	652	4311
77	4	7	160	659	1747
78	19	8	120	666	1583
79	0	18	120	673	81
80	15	0	80	680	10844
81	3	16	200	687	10075
82	3	16	160	694	1812
83	5	13	160	701	7246
84	19	8	200	708	185
85	0	18	80	715	5074
86	5	13	160	722	4063
87	19	8	200	729	3482
88	15	0	200	736	3772
89	5	13	120	743	2554
90	4	7	200	750	3545
91	15	0	120	800	7946
92	19	8	160	810	2902
93	15	0	160	820	4195
94	15	0	200	830	2466
95	1	11	120	840	9695
96	1	11	120	850	8319
97	0	18	200	860	8200
98	4	7	200	870	339
99	1	11	160	880	732
100	5	13	120	890	4964
101	19	8	200	900	7789
102	6	19	120	910	6706
103	6	19	80	920	633
104	19	8	120	930	3907
105	3	16	80	940	533
106	0	18	80	950	4554
107	15	0	120	960	9415
108	6	19	160	970	6142
109	4	7	200	980	1845
110	19	8	80	990	4392
111	19	8	200	1000	887
112	15	0	200	1010	275
113	6	19	160	1020	217
114	6	19	120	1030	6353
115	15	0	80	1040	50
116	5	13	160	1050	524
117	6	19	80	1060	2604
118	6	19	160	1070	2438
119	6	19	200	1080	957
120	15	0	200	1090	2742
121	6	19	80	1100	4230
122	19	8	80	1110	1514
123	19	8	200	1120	8895
124	3	16	80	1130	1022
125	6	19	160	1140	8974
126	1	11	160	1150	3171
127	1	11	80	1160	2886
128	19	8	80	1170	4348
129	19	8	120	1180	6393
130	15	0	160	1200	5948
131	3	16	80	1212	6211
132	0	18	160	1224	1273
133	19	8	160	1236	695
134	15	0	200	1248	1479
135	15	0	80	1260	317
136	15	0	120	1272	450
137	6	19	160	1284	983
138	5	13	80	1296	958
139	15	0	160	1308	10124
140	0	18	200	1320	159
141	19	8	120	1332	5281
142	5	13	120	1344	6370
143	5	13	80	1356	1102
144	6	19	80	1368	6548
145	4	7	200	1380	1969
146	0	18	120	1392	6365
147	5	13	200	1404	2487
148	0	18	120	1416	7694
149	3	16	200	1428	2375
150	15	0	200	1440	6215
151	15	0	80	1452	2019
152	6	19	120	1464	2143
153	15	0	200	1476	8116
154	5	13	160	1488	4447
155	19	8	120	1500	239
156	19	8	200	1512	3124
157	15	0	160	1524	10162
158	5	13	80	1536	10144
159	5	13	200	1548	5231
160	3	16	120	1560	3445
161	19	8	80	1572	724
162	15	0	120	1600	1109
163	15	0	80	1609	17354
164	15	0	80	1618	3622
165	15	0	200	1627	8419
166	19	8	120	1636	10437
167	15	0	120	1645	9495
168	19	8	200	1654	5444
169	19	8	120	1663	5085
170	19	8	160	1672	9458
171	19	8	200	1681	9410
172	1	11	80	1690	1234
173	15	0	200	1699	3071
174	6	19	80	1708	763
175	19	8	160	1717	5764
176	1	11	200	1726	7754
177	6	19	80	1735	309
178	6	19	160	1744	361
179	19	8	80	1753	7251
180	6	19	80	1762	410
181	15	0	200	1771	352
182	0	18	200	1780	4317
183	15	0	80	1789	968
184	5	13	160	1798	36
185	19	8	160	1807	1896
186	15	0	160	1816	1871
187	4	7	160	1825	2070
188	5	13	80	1834	2681
189	15	0	160	1843	1156
190	15	0	80	1852	3055
191	0	18	200	1861	819
192	3	16	160	1870	1410
193	19	8	80	1879	2642
194	6	19	80	1888	1680
195	0	18	200	1897	8265
196	1	11	200	1906	2699
197	15	0	120	1915	6635
198	15	0	200	1924	4144
199	15	0	120	1933	10487
200	5	13	160	1942	2482
201	4	7	80	1951	8810
202	5	13	80	1960	5083
203	4	7	80	2000	577
204	3	16	120	2008	3121
205	15	0	200	2016	8606
206	6	19	200	2024	561
207	15	0	160	2032	8438
208	4	7	200	2040	4746
209	15	0	200	2048	9533
210	15	0	120	2056	903
211	5	13	200	2064	2522
212	3	16	200	2072	7203
213	6	19	200	2080	350
214	19	8	200	2088	3999
215	5	13	160	2096	2717
216	19	8	80	2104	2816
217	19	8	80	2112	109
218	4	7	120	2120	15225
219	15	0	120	2128	984
220	1	11	80	2136	2808
221	15	0	160	2144	2955
222	5	13	80	2152	2167
223	3	16	80	2160	2713
224	0	18	80	2168	820
225	19	8	160	2176	5102
226	15	0	120	2184	3743
227	3	16	80	2192	6094
228	4	7	160	2200	857
229	5	13	80	2208	1428
230	15	0	160	2216	1272
231	4	7	120	2224	190
232	19	8	80	2232	2242
233	15	0	80	2240	692
234	15	0	120	2248	1876
235	4	7	200	2256	933
236	4	7	160	2264	1816
237	19	8	200	2272	2984
238	15	0	200	2280	4475
239	6	19	160	2288	536
240	5	13	200	2296	1132
241	19	8	80	2304	2731
242	0	18	200	2312	4941
243	19	8	80	2320	3477
244	19	8	80	2328	200
245	5	13	120	2336	274
246	19	8	80	2344	1725
247	15	0	160	2352	958
248	0	18	120	2360	7625
249	3	16	160	2368	7588
250	3	16	200	2400	1834
251	3	16	200	2411	2492
252	6	19	200	2422	7132
253	1	11	120	2433	2227
254	15	0	80	2444	2198
255	15	0	80	2455	11257
256	19	8	80	2466	2548
257	4	7	200	2477	1028
258	4	7	200	2488	11892
259	3	16	200	2499	6881
260	3	16	160	2510	1291
261	6	19	200	2521	1716
262	6	19	200	2532	4629
263	19	8	200	2543	2006
264	19	8	120	2554	4034
265	6	19	200	2565	676
266	6	19	160	2576	157
267	5	13	160	2587	4505
268	19	8	120	2598	4945
269	15	0	200	2609	2206
270	3	16	200	2620	548
271	1	11	80	2631	15580
272	5	13	120	2642	1746
273	15	0	160	2653	7649
274	4	7	160	2664	14254
275	3	16	80	2675	38
276	15	0	160	2686	6707
277	6	19	80	2697	7271
278	3	16	80	2708	2345
279	15	0	160	2719	507
280	0	18	160	2730	1849
281	19	8	160	2741	2007
282	1	11	160	2752	10676
283	0	18	80	2763	1680
284	5	13	120	2800	10782
285	15	0	200	2809	6617
286	15	0	160	2818	966
287	15	0	160	2827	8
288	3	16	80	2836	5330
289	19	8	120	2845	2279
290	5	13	200	2854	5341
291	19	8	200	2863	594
292	15	0	200	2872	3441
293	5	13	80	2881	7650
294	5	13	80	2890	7576
295	19	8	80	2899	9116
296	5	13	80	2908	6625
297	3	16	80	2917	1512
298	19	8	200	2926	11638
299	6	19	80	2935	8947
300	15	0	160	2944	112
301	6	19	120	2953	4490
302	19	8	80	2962	2801
303	5	13	120	2971	2230
304	0	18	200	2980	5118
305	0	18	160	2989	1965
306	15	0	120	2998	466
307	15	0	80	3007	15568
308	19	8	200	3016	2430
309	5	13	80	3025	2132
310	0	18	120	3034	543
311	4	7	200	3043	4015
312	1	11	160	3052	6113
313	6	19	120	3061	7081
314	3	16	80	3070	2396
315	4	7	80	3079	8526
316	5	13	80	3088	2166
317	6	19	200	3097	1678
318	6	19	120	3106	2478
319	4	7	120	3115	7005
320	15	0	120	3124	11329
321	19	8	200	3133	148
322	4	7	160	3142	11229
323	19	8	80	3151	1287
324	4	7	80	3160	4646
325	3	16	200	3200	18425
326	6	19	120	3212	2061
327	19	8	120	3224	2784
328	5	13	160	3236	11
329	4	7	160	3248	307
330	19	8	200	3260	894
331	6	19	160	3272	2757
332	15	0	120	3284	8906
333	15	0	80	3296	3198
334	19	8	200	3308	383
335	6	19	80	3320	4758
336	0	18	120	3332	8865
337	15	0	120	3344	2799
338	0	18	120	3356	3882
339	5	13	200	3368	3143
340	19	8	120	3380	4800
341	0	18	120	3392	1071
342	19	8	200	3404	3165
343	15	0	200	3416	1560
344	19	8	80	3428	1469
345	3	16	200	3440	436
346	19	8	80	3452	1754
347	1	11	160	3464	5501
348	4	7	200	3476	2053
349	3	16	200	3488	13792
350	6	19	200	3500	2611
351	19	8	120	3512	2513
352	15	0	160	3524	7669
353	15	0	120	3536	507
354	15	0	160	3548	12152
355	19	8	160	3560	18951
356	4	7	200	3572	5311
357	0	18	80	3600	1037
358	3	16	120	3608	5393
359	19	8	200	3616	5265
360	6	19	120	3624	16946
361	19	8	80	3632	3751
362	5	13	160	3640	15062
363	6	19	80	3648	1920
364	6	19	120	3656	956
365	6	19	160	3664	3965
366	15	0	160	3672	5409
367	5	13	160	3680	1058
368	15	0	120	3688	5362
369	15	0	80	3696	5626
370	3	16	200	3704	18556
371	15	0	200	3712	9855
372	6	19	120	3720	5113
373	4	7	160	3728	9984
374	6	19	200	3736	546
375	15	0	80	3744	4899
376	19	8	80	3752	2691
377	15	0	160	3760	3834
378	19	8	200	3768	13742
379	3	16	80	3776	3504
380	4	7	160	3784	4031
381	5	13	160	3792	4261
382	15	0	120	3800	420
383	3	16	160	3808	140
384	15	0	160	3816	3611
385	0	18	120	3824	5296
386	19	8	80	3832	4143
387	19	8	200	3840	5931
388	19	8	120	3848	3649
389	19	8	80	3856	422
390	5	13	120	3864	12946
391	0	18	80	3872	4345
392	6	19	80	3880	5758
393	3	16	120	3888	8802
394	15	0	120	3896	3272
395	19	8	80	3904	378
396	15	0	200	3912	1194
397	5	13	160	3920	723
398	1	11	160	3928	467
399	5	13	160	3936	4538
400	5	13	120	3944	1797
401	6	19	160	3952	522
402	5	13	80	3960	35
403	15	0	200	4000	4159
404	19	8	80	4007	15241
405	19	8	80	4014	3325
406	5	13	200	4021	5465
407	5	13	80	4028	10959
408	4	7	120	4035	19045
409	0	18	160	4042	1128
410	1	11	160	4049	2784
411	15	0	80	4056	503
412	1	11	120	4063	1207
413	0	18	80	4070	681
414	15	0	80	4077	407
415	3	16	160	4084	1602
416	3	16	200	4091	2842
417	3	16	200	4098	11409
418	19	8	120	4105	6180
419	6	19	200	4112	2606
420	15	0	160	4119	16490
421	15	0	160	4126	13813
422	5	13	80	4133	4021
423	19	8	120	4140	4065
424	5	13	160	4147	6326
425	3	16	160	4154	1588
426	3	16	160	4161	659
427	5	13	80	4168	7141
428	5	13	80	4175	1778
429	6	19	160	4182	152
430	1	11	120	4189	2377
431	6	19	120	4196	1567
432	6	19	80	4203	2823
433	6	19	120	4210	1366
434	15	0	160	4217	1002
435	15	0	80	4224	2874
436	1	11	120	4231	4159
437	0	18	160	4238	2415
438	4	7	160	4245	233
439	15	0	160	4252	122
440	15	0	120	4259	18024
441	5	13	80	4266	4947
442	15	0	120	4273	6085
443	19	8	200	4280	1738
444	19	8	160	4287	3651
445	15	0	120	4294	7389
446	19	8	200	4301	2056
447	6	19	200	4308	3728
448	6	19	120	4315	6288
449	15	0	200	4322	1038
450	15	0	120	4329	3485
451	5	13	200	4336	1518
452	5	13	120	4343	1904
453	6	19	160	4350	3993
454	15	0	200	4357	4745
455	15	0	160	4400	2001
456	3	16	160	4412	2679
457	6	19	200	4424	1853
458	5	13	80	4436	7646
459	19	8	120	4448	4200
460	19	8	120	4460	2128
461	0	18	200	4472	9753
462	19	8	200	4484	3437
463	15	0	200	4496	12326
464	19	8	120	4508	6394
465	6	19	80	4520	780
466	1	11	200	4532	3787
467	6	19	200	4544	14206
468	5	13	120	4556	10940
469	19	8	80	4568	3510
470	1	11	80	4580	4603
471	3	16	120	4592	227
472	19	8	120	4604	8672
473	3	16	200	4616	5651
474	19	8	160	4628	2692
475	5	13	120	4640	1281
476	19	8	120	4652	826
477	5	13	120	4664	1322
478	0	18	200	4676	161
479	15	0	120	4688	12147
480	4	7	200	4700	10405
481	6	19	200	4712	3155
482	19	8	200	4724	162
483	19	8	120	4736	558
484	15	0	80	4748	2433
485	15	0	120	4760	567
486	3	16	80	4800	11641
487	1	11	120	4814	8310
488	19	8	120	4828	3612
489	19	8	200	4842	7039
490	6	19	160	4856	98
491	6	19	160	4870	1289
492	15	0	120	4884	3677
493	5	13	80	4898	2087
494	19	8	80	4912	3844
495	15	0	120	4926	317
496	5	13	80	4940	571
497	1	11	160	4954	7028
498	19	8	160	4968	3236
499	5	13	120	4982	2188
500	15	0	120	4996	1046
501	6	19	200	5010	2252
502	4	7	120	5024	4449
503	15	0	80	5038	933
504	6	19	160	5052	3149
505	6	19	80	5066	2988
506	6	19	160	5080	2249
507	4	7	120	5094	3893
508	6	19	80	5108	611
509	4	7	120	5122	2182
510	15	0	120	5136	927
511	15	0	80	5150	926
512	6	19	80	5164	1609
513	15	0	200	5200	9215
514	15	0	160	5212	5153
515	4	7	160	5224	8068
516	3	16	80	5236	8248
517	3	16	160	5248	2364
518	19	8	160	5260	2759
519	5	13	200	5272	4381
520	5	13	80	5284	1054
521	0	18	160	5296	5346
522	6	19	120	5308	1890
523	5	13	120	5320	453
524	5	13	160	5332	3283
525	6	19	160	5344	2097
526	5	13	200	5356	2421
527	15	0	80	5368	2608
528	4	7	200	5380	598
529	4	7	80	5392	2134
530	19	8	120	5404	607
531	19	8	160	5416	1780
532	6	19	200	5428	5191
533	15	0	160	5440	3849
534	19	8	80	5452	5116
535	15	0	80	5464	2734
536	4	7	160	5476	8299
537	3	16	160	5488	7128
538	4	7	160	5500	3520
539	4	7	80	5512	10604
540	3	16	200	5524	4843
541	19	8	160	5536	1562
542	6	19	80	5548	5283
543	15	0	200	5560	765
544	3	16	160	5572	3881
545	19	8	120	5584	6806
546	0	18	120	5600	11551
547	0	18	160	5610	4829
548	15	0	160	5620	4586
549	15	0	160	5630	5553
550	6	19	120	5640	909
551	4	7	160	5650	4644
552	3	16	200	5660	1596
553	6	19	160	5670	8796
554	19	8	80	5680	841
555	15	0	160	5690	2716
556	19	8	120	5700	221
557	19	8	200	5710	3320
558	5	13	120	5720	4178
559	19	8	80	5730	588
560	3	16	120	5740	299
561	19	8	120	5750	12080
562	19	8	160	5760	2639
563	4	7	80	5770	5209
564	5	13	80	5780	1311
565	19	8	160	5790	7525
566	4	7	120	5800	2614
567	19	8	160	5810	4996
568	15	0	200	5820	786
569	19	8	120	5830	1040
570	0	18	80	5840	19596
571	0	18	160	5850	167
572	19	8	80	5860	7892
573	15	0	160	5870	3366
574	4	7	200	5880	13249
575	5	13	120	5890	9557
576	6	19	120	5900	16
577	19	8	160	5910	905
578	3	16	200	5920	2663
579	6	19	120	5930	5424
580	6	19	80	5940	2492
581	5	13	120	5950	5595
582	19	8	160	5960	6371
583	15	0	80	5970	1967
584	19	8	160	6000	943
585	15	0	200	6008	2421
586	15	0	160	6016	122
587	19	8	80	6024	7275
588	15	0	120	6032	2236
589	5	13	120	6040	1038
590	19	8	160	6048	2328
591	5	13	160	6056	1486
592	19	8	80	6064	811
593	4	7	120	6072	2379
594	1	11	200	6080	7787
595	4	7	160	6088	5558
596	19	8	80	6096	7336
597	4	7	80	6104	19
598	4	7	200	6112	8996
599	5	13	200	6120	5938
600	6	19	200	6128	1648
601	3	16	200	6136	1050
602	4	7	200	6144	2957
603	19	8	80	6152	2415
604	15	0	160	6160	5675
605	5	13	200	6168	708
606	5	13	120	6176	6991
607	6	19	120	6184	5710
608	5	13	160	6192	10389
609	6	19	200	6200	1322
610	3	16	120	6208	2683
611	0	18	200	6216	7625
612	15	0	200	6224	324
613	19	8	80	6232	9451
614	5	13	80	6240	4473
615	15	0	200	6248	1537
616	0	18	200	6256	671
617	5	13	120	6264	397
618	5	13	120	6272	2919
619	15	0	120	6280	6982
620	3	16	200	6288	6801
621	5	13	120	6296	4108
622	3	16	80	6304	1341
623	5	13	120	6312	11955
624	19	8	200	6320	6200
625	15	0	120	6328	4584
626	3	16	120	6336	7794
627	15	0	160	6344	2127
628	6	19	200	6352	4974
629	19	8	120	6360	956
630	5	13	80	6400	281
631	3	16	120	6410	28885
632	15	0	160	6420	1472
633	19	8	80	6430	4989
634	19	8	160	6440	2073
635	5	13	120	6450	1059
636	3	16	160	6460	1047
637	19	8	120	6470	1682
638	0	18	160	6480	3982
639	5	13	200	6490	195
640	5	13	120	6500	3958
641	4	7	120	6510	1259
642	6	19	120	6520	9733
643	3	16	160	6530	635
644	3	16	80	6540	5387
645	19	8	200	6550	3565
646	15	0	160	6560	1058
647	19	8	80	6570	1301
648	19	8	120	6580	5970
649	5	13	200	6590	3090
650	4	7	160	6600	3628
651	15	0	160	6610	5475
652	19	8	160	6620	2669
653	6	19	120	6630	286
654	4	7	200	6640	12494
655	4	7	120	6650	4760
656	1	11	160	6660	11679
657	19	8	120	6670	3403
658	19	8	80	6680	4380
659	19	8	80	6690	315
660	4	7	120	6700	1454
661	15	0	200	6710	2133
662	19	8	160	6720	198
663	5	13	80	6730	4990
664	3	16	160	6740	960
665	19	8	200	6750	2689
666	5	13	80	6760	3135
667	19	8	200	6800	1817
668	0	18	160	6809	2783
669	1	11	160	6818	2322
670	6	19	80	6827	371
671	1	11	120	6836	6667
672	5	13	200	6845	2495
673	19	8	160	6854	2541
674	5	13	200	6863	878
675	19	8	160	6872	3170
676	15	0	200	6881	5233
677	19	8	160	6890	594
678	4	7	120	6899	941
679	3	16	80	6908	881
680	19	8	160	6917	2387
681	3	16	120	6926	3468
682	15	0	80	6935	4057
683	3	16	200	6944	761
684	15	0	200	6953	3833
685	15	0	160	6962	1557
686	5	13	200	6971	2872
687	0	18	80	6980	1092
688	6	19	80	6989	5654
689	15	0	80	6998	4933
690	4	7	160	7007	1351
691	5	13	120	7016	4285
692	0	18	120	7025	4530
693	0	18	120	7034	3235
694	1	11	120	7043	5434
695	6	19	160	7052	967
696	4	7	160	7061	1002
697	4	7	80	7070	889
698	19	8	80	7079	10840
699	4	7	80	7088	1153
700	5	13	160	7097	190
701	19	8	200	7106	8085
702	19	8	120	7115	5990
703	15	0	160	7124	1630
704	19	8	160	7133	2388
705	4	7	120	7142	6150
706	5	13	200	7151	1322
707	19	8	80	7160	67
708	3	16	160	7200	8216
709	5	13	80	7211	2101
710	6	19	160	7222	13536
711	1	11	200	7233	6599
712	6	19	80	7244	1805
713	15	0	80	7255	2522
714	1	11	160	7266	3937
715	3	16	80	7277	5163
716	19	8	160	7288	5983
717	15	0	200	7299	8317
718	15	0	120	7310	405
719	5	13	200	7321	8863
720	15	0	80	7332	15121
721	5	13	200	7343	1451
722	4	7	160	7354	3749
723	5	13	120	7365	6294
724	15	0	80	7376	668
725	3	16	200	7387	2256
726	0	18	80	7398	572
727	4	7	120	7409	9610
728	19	8	80	7420	5196
729	15	0	120	7431	16136
730	15	0	80	7442	1575
731	6	19	160	7453	3022
732	19	8	160	7464	915
733	1	11	80	7475	12802
734	15	0	120	7486	656
735	3	16	200	7497	3489
736	3	16	200	7508	6508
737	0	18	120	7519	1441
738	5	13	80	7530	5146
739	6	19	120	7541	7119
740	5	13	160	7552	167
741	5	13	160	7563	2737
742	19	8	160	7574	1830
743	4	7	80	7585	1711
744	3	16	160	7600	5428
745	3	16	160	7609	2605
746	19	8	80	7618	1393
747	4	7	80	7627	943
748	19	8	200	7636	10538
749	19	8	120	7645	72
750	15	0	200	7654	2311
751	6	19	160	7663	1702
752	6	19	200	7672	435
753	6	19	80	7681	173
754	6	19	200	7690	1276
755	1	11	200	7699	5423
756	6	19	80	7708	1200
757	6	19	200	7717	16452
758	19	8	160	7726	798
759	15	0	200	7735	74
760	3	16	120	7744	4220
761	1	11	120	7753	1860
762	19	8	200	7762	1366
763	5	13	120	7771	8811
764	15	0	200	7780	347
765	19	8	200	7789	2289
766	3	16	120	7798	3698
767	6	19	200	7807	2070
768	0	18	160	7816	1521
769	19	8	160	7825	181
770	19	8	80	7834	10179
771	19	8	120	7843	2565
772	5	13	160	7852	655
773	3	16	80	7861	1231
774	0	18	120	7870	7587
775	4	7	120	7879	2627
776	6	19	80	7888	11065
777	1	11	160	7897	1205
778	4	7	200	7906	205
779	6	19	120	7915	4497
780	4	7	200	7924	589
781	15	0	200	7933	10263
782	5	13	160	7942	15907
783	19	8	160	7951	4941
784	3	16	120	7960	3135
785	3	16	160	7969	15432
786	19	8	200	7978	2228
787	5	13	120	7987	707
788	6	19	80	8000	4633
789	15	0	160	8010	2104
790	6	19	200	8020	1559
791	15	0	200	8030	6855
792	0	18	200	8040	519
793	6	19	120	8050	4886
794	4	7	200	8060	791
795	5	13	80	8070	4422
796	5	13	200	8080	923
797	6	19	120	8090	2598
798	6	19	80	8100	1231
799	3	16	160	8110	1465
800	1	11	120	8120	8331
801	5	13	80	8130	8834
802	4	7	120	8140	8968
803	19	8	80	8150	8613
804	0	18	80	8160	405
805	15	0	160	8170	13477
806	1	11	200	8180	870
807	5	13	200	8190	7284
808	6	19	160	8200	855
809	4	7	160	8210	6274
810	15	0	160	8220	6541
811	6	19	120	8230	27367
812	4	7	80	8240	10843
813	5	13	120	8250	2818
814	6	19	200	8260	8533
815	5	13	120	8270	5217
816	15	0	200	8280	1981
817	0	18	80	8290	3471
818	4	7	200	8300	1699
819	6	19	120	8310	440
820	19	8	200	8320	35
821	15	0	200	8330	2327
822	19	8	200	8340	5063
823	5	13	80	8350	9515
824	5	13	200	8360	5113
825	5	13	120	8400	428
826	19	8	160	8409	1733
827	19	8	120	8418	2362
828	19	8	80	8427	357
829	15	0	80	8436	798
830	19	8	160	8445	1288
831	19	8	200	8454	2460
832	6	19	160	8463	21465
833	3	16	80	8472	5440
834	6	19	80	8481	6432
835	19	8	160	8490	1133
836	6	19	160	8499	119
837	5	13	120	8508	409
838	19	8	160	8517	3795
839	6	19	200	8526	3448
840	1	11	160	8535	6118
841	6	19	80	8544	3555
842	15	0	200	8553	13965
843	4	7	160	8562	8989
844	19	8	80	8571	3704
845	3	16	120	8580	1565
846	5	13	200	8589	8697
847	15	0	160	8598	3828
848	3	16	120	8607	6941
849	19	8	160	8616	2397
850	15	0	80	8625	1304
851	5	13	160	8634	3934
852	4	7	160	8643	564
853	0	18	160	8652	700
854	3	16	200	8661	1415
855	5	13	120	8670	2278
856	6	19	120	8679	755
857	19	8	120	8688	17198
858	6	19	80	8697	708
859	15	0	200	8706	21012
860	15	0	80	8715	3807
861	4	7	160	8724	5537
862	6	19	160	8733	5588
863	19	8	160	8742	46
864	6	19	200	8751	2905
865	15	0	200	8760	1696
866	19	8	200	8800	14
867	3	16	200	8810	843
868	19	8	80	8820	4896
869	15	0	120	8830	4028
870	19	8	200	8840	4806
871	5	13	120	8850	1388
872	3	16	160	8860	13681
873	15	0	200	8870	5851
874	6	19	200	8880	1547
875	5	13	200	8890	2177
876	19	8	80	8900	2551
877	15	0	80	8910	6941
878	5	13	80	8920	1446
879	4	7	160	8930	2027
880	0	18	120	8940	970
881	4	7	80	8950	5322
882	15	0	200	8960	3894
883	0	18	160	8970	4027
884	0	18	200	8980	9320
885	5	13	80	8990	4192
886	15	0	120	9000	1589
887	6	19	200	9010	7197
888	19	8	120	9020	2357
889	3	16	160	9030	1819
890	5	13	80	9040	310
891	15	0	120	9050	175
892	15	0	80	9060	10932
893	4	7	160	9070	3850
894	15	0	200	9080	13276
895	15	0	200	9090	137
896	1	11	120	9100	7237
897	19	8	120	9110	12676
898	15	0	200	9120	1899
899	5	13	80	9130	1194
900	3	16	160	9140	1544
901	3	16	200	9150	4765
902	19	8	120	9160	9630
903	6	19	200	9170	837
904	19	8	160	9200	5570
905	4	7	200	9208	16770
906	4	7	200	9216	4300
907	6	19	160	9224	1804
908	6	19	200	9232	7327
909	19	8	200	9240	8421
910	5	13	120	9248	13144
911	15	0	80	9256	1713
912	5	13	80	9264	4595
913	5	13	160	9272	5787
914	15	0	120	9280	6045
915	6	19	80	9288	8423
916	6	19	160	9296	544
917	6	19	80	9304	502
918	19	8	160	9312	461
919	0	18	200	9320	8066
920	19	8	120	9328	71
921	5	13	80	9336	740
922	4	7	160	9344	5462
923	15	0	160	9352	1665
924	4	7	80	9360	3284
925	4	7	160	9368	4272
926	6	19	80	9376	1775
927	19	8	200	9384	1718
928	19	8	80	9392	6530
929	15	0	200	9400	1352
930	5	13	160	9408	3504
931	1	11	200	9416	2883
932	19	8	120	9424	2359
933	1	11	200	9432	185
934	3	16	80	9440	322
935	19	8	120	9448	2929
936	5	13	160	9456	6987
937	4	7	200	9464	2271
938	3	16	200	9472	8584
939	15	0	80	9480	9995
940	3	16	80	9488	18698
941	3	16	160	9496	13384
942	19	8	200	9504	20981
943	3	16	160	9512	3349
944	15	0	120	9520	2062
945	6	19	80	9528	5181
946	5	13	80	9536	1784
947	6	19	160	9544	746
948	15	0	80	9552	7297
949	4	7	200	9600	357
950	4	7	120	9611	9484
951	15	0	80	9622	5066
952	19	8	160	9633	7564
953	15	0	80	9644	2862
954	5	13	160	9655	1099
955	15	0	120	9666	656
956	19	8	120	9677	12095
957	1	11	160	9688	3370
958	4	7	200	9699	3964
959	15	0	80	9710	400
960	15	0	160	9721	3939
961	5	13	200	9732	1481
962	15	0	160	9743	3270
963	19	8	200	9754	3220
964	6	19	120	9765	1395
965	5	13	120	9776	2383
966	19	8	200	9787	9324
967	4	7	120	9798	4061
968	3	16	160	9809	4650
969	15	0	80	9820	1205
970	0	18	120	9831	216
971	5	13	160	9842	4735
972	5	13	120	9853	1071
973	3	16	120	9864	848
974	19	8	160	9875	8357
975	15	0	200	9886	218
976	6	19	80	9897	765
977	3	16	200	9908	782
978	0	18	120	9919	11097
979	15	0	80	9930	7179
980	19	8	160	9941	1405
981	3	16	160	9952	833
982	4	7	200	9963	2857
983	15	0	120	9974	5078
984	5	13	160	10000	1914
985	15	0	120	10008	8021
986	1	11	80	10016	4369
987	3	16	120	10024	10902
988	15	0	80	10032	6536
989	5	13	160	10040	10420
990	0	18	80	10048	3355
991	5	13	80	10056	1184
992	19	8	80	10064	6528
993	6	19	200	10072	6201
994	1	11	160	10080	1377
995	15	0	120	10088	4572
996	6	19	200	10096	2085
997	3	16	80	10104	2332
998	15	0	120	10112	1273
999	5	13	200	10120	12313
1000	15	0	80	10128	6935
1001	1	11	200	10136	5123
1002	4	7	200	10144	2638
1003	19	8	80	10152	3455
1004	4	7	120	10160	134
1005	19	8	160	10168	956
1006	5	13	200	10176	2640
1007	19	8	120	10184	4292
1008	19	8	120	10192	4030
1009	15	0	200	10200	829
1010	4	7	120	10208	15094
1011	15	0	120	10216	5945
1012	1	11	120	10224	3997
1013	6	19	160	10232	6339
1014	15	0	120	10240	6416
1015	6	19	200	10248	2308
1016	3	16	80	10256	6417
1017	19	8	120	10264	7316
1018	5	13	120	10272	757
1019	19	8	200	10280	2242
1020	4	7	120	10288	6136
1021	15	0	120	10296	13808
1022	15	0	80	10304	7155
1023	15	0	80	10312	5728
1024	15	0	200	10320	4716
1025	15	0	120	10328	6365
1026	5	13	120	10336	8808
1027	19	8	120	10344	2370
1028	1	11	160	10352	9199
1029	1	11	120	10360	867
1030	4	7	200	10400	4162
1031	5	13	200	10407	5273
1032	6	19	160	10414	9416
1033	15	0	120	10421	16452
1034	19	8	200	10428	41
1035	19	8	160	10435	3414
1036	19	8	160	10442	4884
1037	5	13	160	10449	10757
1038	6	19	200	10456	4634
1039	6	19	200	10463	733
1040	5	13	160	10470	1926
1041	4	7	200	10477	26
1042	4	7	200	10484	1424
1043	19	8	120	10491	3844
1044	3	16	80	10498	11909
1045	5	13	160	10505	6319
1046	4	7	160	10512	3916
1047	6	19	120	10519	37
1048	15	0	120	10526	17999
1049	6	19	200	10533	7666
1050	6	19	80	10540	8554
1051	6	19	160	10547	3346
1052	15	0	200	10554	1254
1053	15	0	120	10561	7415
1054	1	11	160	10568	743
1055	0	18	160	10575	7726
1056	6	19	160	10582	8807
1057	6	19	200	10589	5117
1058	3	16	80	10596	8687
1059	6	19	80	10603	1079
1060	6	19	80	10610	1561
1061	6	19	120	10617	146
1062	15	0	160	10624	5680
1063	19	8	80	10631	2318
1064	5	13	200	10638	3110
1065	19	8	120	10645	1121
1066	1	11	160	10652	8123
1067	5	13	200	10659	4178
1068	6	19	160	10666	6141
1069	19	8	160	10673	1018
1070	15	0	80	10680	5286
1071	19	8	120	10687	8066
1072	6	19	120	10694	665
1073	19	8	120	10701	19
1074	6	19	120	10708	192
1075	0	18	160	10715	6017
1076	5	13	160	10722	4419
1077	15	0	200	10729	969
1078	15	0	200	10736	6688
1079	5	13	120	10743	9147
1080	5	13	160	10750	754
1081	19	8	200	10757	8481
1082	3	16	80	10800	2452
1083	6	19	200	10811	191
1084	6	19	80	10822	1500
1085	15	0	120	10833	333
1086	15	0	80	10844	2488
1087	19	8	120	10855	254
1088	15	0	200	10866	6728
1089	19	8	120	10877	675
1090	5	13	80	10888	4616
1091	5	13	200	10899	16378
1092	3	16	160	10910	188
1093	19	8	200	10921	2387
1094	0	18	160	10932	7441
1095	19	8	80	10943	1699
1096	6	19	80	10954	1141
1097	5	13	200	10965	7856
1098	6	19	120	10976	320
1099	4	7	160	10987	4876
1100	5	13	200	10998	10372
1101	19	8	200	11009	14947
1102	19	8	200	11020	1018
1103	15	0	160	11031	5776
1104	15	0	160	11042	509
1105	15	0	200	11053	61
1106	1	11	80	11064	2134
1107	19	8	120	11075	1227
1108	4	7	80	11086	6366
1109	1	11	200	11097	1989
1110	6	19	80	11108	824
1111	19	8	200	11119	4485
1112	19	8	80	11130	9615
1113	19	8	200	11141	17567
1114	3	16	120	11152	267
1115	15	0	80	11163	2342
1116	5	13	120	11174	3448
1117	3	16	200	11185	4972
1118	5	13	80	11200	543
1119	15	0	160	11211	2468
1120	4	7	120	11222	6080
1121	4	7	120	11233	6583
1122	15	0	200	11244	7187
1123	6	19	120	11255	3969
1124	6	19	160	11266	3107
1125	5	13	120	11277	5544
1126	15	0	200	11288	6878
1127	6	19	160	11299	4867
1128	19	8	160	11310	700
1129	15	0	80	11321	4827
1130	6	19	160	11332	3016
1131	0	18	200	11343	6622
1132	1	11	120	11354	594
1133	5	13	80	11365	455
1134	0	18	120	11376	14476
1135	6	19	200	11387	871
1136	19	8	80	11398	4258
1137	5	13	120	11409	4739
1138	19	8	80	11420	10483
1139	15	0	80	11431	1412
1140	15	0	80	11442	4392
1141	15	0	200	11453	887
1142	6	19	80	11464	1232
1143	6	19	80	11475	2194
1144	5	13	80	11486	13892
1145	6	19	120	11497	42
1146	6	19	200	11508	306
1147	5	13	160	11519	240
1148	15	0	120	11530	1943
1149	5	13	120	11541	2050
1150	6	19	200	11552	5850
1151	4	7	80	11563	3077
1152	0	18	160	11600	5277
1153	19	8	200	11612	3833
1154	19	8	120	11624	10264
1155	0	18	160	11636	502
1156	3	16	200	11648	612
1157	5	13	120	11660	3620
1158	3	16	80	11672	1014
1159	5	13	120	11684	1845
1160	1	11	80	11696	864
1161	6	19	120	11708	4946
1162	1	11	200	11720	438
1163	15	0	80	11732	401
1164	6	19	120	11744	7926
1165	6	19	120	11756	1894
1166	15	0	120	11768	3070
1167	6	19	200	11780	6477
1168	19	8	160	11792	58
1169	15	0	160	11804	8124
1170	15	0	80	11816	6206
1171	19	8	200	11828	8601
1172	5	13	200	11840	6134
1173	15	0	200	11852	7074
1174	1	11	120	11864	6319
1175	6	19	120	11876	3492
1176	15	0	80	11888	3122
1177	3	16	200	11900	2123
1178	3	16	120	11912	4318
1179	0	18	80	11924	3016
1180	15	0	120	11936	4511
1181	5	13	80	11948	5749
1182	15	0	120	11960	1536
1183	5	13	80	11972	5698
1184	3	16	80	11984	10779
1185	4	7	120	12000	19813
1186	19	8	80	12011	317
1187	3	16	160	12022	2949
1188	5	13	200	12033	815
1189	19	8	160	12044	7727
1190	5	13	200	12055	221
1191	6	19	160	12066	245
1192	3	16	120	12077	2541
1193	5	13	160	12088	3262
1194	15	0	80	12099	435
1195	1	11	160	12110	12577
1196	15	0	200	12121	400
1197	19	8	80	12132	743
1198	1	11	160	12143	3284
1199	19	8	200	12154	3582
1200	15	0	80	12165	2574
1201	1	11	80	12176	1268
1202	6	19	80	12187	179
1203	1	11	200	12198	2903
1204	15	0	120	12209	3797
1205	6	19	200	12220	8645
1206	19	8	120	12231	5584
1207	5	13	160	12242	9344
1208	19	8	120	12253	6915
1209	5	13	200	12264	1666
1210	5	13	120	12275	3433
1211	19	8	80	12286	5237
1212	4	7	80	12297	10948
1213	3	16	200	12308	4741
1214	15	0	200	12319	4728
1215	15	0	200	12330	2262
1216	15	0	80	12341	1981
1217	15	0	160	12352	1688
1218	6	19	200	12363	712
1219	4	7	200	12374	8137
1220	6	19	80	12385	1432
1221	6	19	160	12400	57
1222	1	11	80	12410	3844
1223	19	8	200	12420	694
1224	5	13	160	12430	6749
1225	3	16	120	12440	5214
1226	19	8	160	12450	2132
1227	19	8	80	12460	1027
1228	19	8	200	12470	5182
1229	0	18	200	12480	7258
1230	19	8	160	12490	2671
1231	15	0	80	12500	1862
1232	3	16	80	12510	7640
1233	5	13	160	12520	284
1234	4	7	80	12530	225
1235	15	0	120	12540	2073
1236	19	8	80	12550	5069
1237	15	0	160	12560	6495
1238	15	0	200	12570	633
1239	15	0	80	12580	195
1240	5	13	80	12590	1100
1241	6	19	160	12600	759
1242	5	13	120	12610	4804
1243	19	8	200	12620	7424
1244	15	0	80	12630	1308
1245	5	13	200	12640	1565
1246	5	13	160	12650	531
1247	19	8	120	12660	5982
1248	15	0	200	12670	7988
1249	0	18	120	12680	4448
1250	5	13	160	12690	3340
1251	1	11	120	12700	5559
1252	6	19	80	12710	26
1253	19	8	160	12720	4695
1254	4	7	160	12730	1373
1255	3	16	120	12740	2467
1256	0	18	80	12750	4247
1257	6	19	80	12760	8639
1258	15	0	80	12800	4830
1259	6	19	80	12808	8636
1260	15	0	120	12816	2551
1261	19	8	80	12824	2984
1262	6	19	200	12832	779
1263	19	8	120	12840	16903
1264	15	0	120	12848	7685
1265	15	0	120	12856	912
1266	19	8	200	12864	8417
1267	19	8	160	12872	8057
1268	19	8	160	12880	4080
1269	19	8	120	12888	1363
1270	15	0	160	12896	5000
1271	1	11	160	12904	3545
1272	19	8	200	12912	882
1273	19	8	160	12920	490
1274	19	8	200	12928	3963
1275	0	18	160	12936	547
1276	4	7	80	12944	1513
1277	1	11	80	12952	5945
1278	4	7	160	12960	8492
1279	0	18	160	12968	2702
1280	15	0	200	12976	3706
1281	19	8	80	12984	4057
1282	4	7	80	12992	1799
1283	19	8	160	13000	226
1284	15	0	120	13008	1263
1285	15	0	80	13016	5331
1286	4	7	200	13024	1819
1287	4	7	120	13032	702
1288	1	11	200	13040	6019
1289	0	18	160	13048	3610
1290	15	0	120	13056	5550
1291	5	13	200	13064	7177
1292	19	8	120	13072	429
1293	3	16	200	13080	1214
1294	19	8	200	13088	3432
1295	6	19	200	13096	5016
1296	1	11	200	13104	22087
1297	6	19	200	13112	5004
1298	5	13	120	13120	18467
1299	0	18	200	13128	311
1300	6	19	200	13136	2360
1301	6	19	200	13144	1192
1302	0	18	200	13152	586
1303	15	0	120	13160	3427
1304	4	7	160	13168	12642
1305	4	7	200	13176	15345
1306	3	16	160	13184	3220
1307	15	0	120	13200	8871
1308	19	8	200	13209	256
1309	3	16	200	13218	710
1310	19	8	120	13227	628
1311	19	8	200	13236	8494
1312	5	13	120	13245	17
1313	15	0	120	13254	942
1314	19	8	80	13263	1316
1315	19	8	80	13272	7186
1316	15	0	80	13281	714
1317	6	19	80	13290	519
1318	3	16	80	13299	5014
1319	19	8	120	13308	499
1320	5	13	160	13317	7291
1321	6	19	120	13326	5048
1322	19	8	160	13335	371
1323	19	8	80	13344	184
1324	4	7	200	13353	3092
1325	6	19	200	13362	8472
1326	3	16	80	13371	2662
1327	15	0	80	13380	11002
1328	19	8	200	13389	3101
1329	5	13	200	13398	9817
1330	19	8	200	13407	566
1331	15	0	120	13416	3678
1332	15	0	160	13425	6123
1333	4	7	200	13434	6546
1334	6	19	200	13443	185
1335	4	7	200	13452	1700
1336	19	8	120	13461	2780
1337	6	19	200	13470	6182
1338	15	0	200	13479	410
1339	6	19	120	13488	1383
1340	15	0	160	13497	809
1341	6	19	120	13506	2572
1342	5	13	160	13515	417
1343	19	8	200	13524	3820
1344	1	11	120	13533	2385
1345	15	0	160	13542	8158
1346	19	8	120	13551	7075
1347	5	13	200	13560	8894
1348	4	7	160	13569	15913
1349	1	11	160	13578	5417
1350	19	8	200	13587	3203
1351	6	19	160	13600	8290
1352	5	13	200	13609	28994
1353	6	19	80	13618	8247
1354	15	0	80	13627	1079
1355	19	8	160	13636	5219
1356	15	0	120	13645	741
1357	3	16	200	13654	383
1358	6	19	120	13663	150
1359	15	0	200	13672	324
1360	3	16	200	13681	2711
1361	5	13	160	13690	3837
1362	19	8	160	13699	1733
1363	15	0	200	13708	640
1364	4	7	80	13717	124
1365	4	7	200	13726	3141
1366	4	7	80	13735	406
1367	3	16	160	13744	887
1368	3	16	160	13753	719
1369	15	0	120	13762	10886
1370	0	18	200	13771	1620
1371	3	16	80	13780	1890
1372	19	8	120	13789	98
1373	15	0	160	13798	2193
1374	4	7	160	13807	10876
1375	19	8	80	13816	1810
1376	4	7	200	13825	3848
1377	19	8	160	13834	2564
1378	19	8	160	13843	3623
1379	6	19	120	13852	4417
1380	6	19	120	13861	206
1381	19	8	80	13870	3608
1382	6	19	120	13879	12389
1383	15	0	80	13888	6388
1384	6	19	80	13897	1803
1385	5	13	120	13906	1192
1386	4	7	120	13915	3685
1387	3	16	160	13924	9671
1388	6	19	160	13933	3365
1389	6	19	80	13942	1522
1390	6	19	160	13951	779
1391	15	0	160	13960	2107
1392	0	18	120	14000	5542
1393	19	8	80	14008	79
1394	5	13	160	14016	6439
1395	4	7	200	14024	3342
1396	15	0	160	14032	523
1397	15	0	160	14040	12066
1398	15	0	200	14048	3513
1399	19	8	120	14056	9422
1400	6	19	160	14064	5934
1401	19	8	200	14072	3982
1402	3	16	80	14080	5196
1403	15	0	80	14088	192
1404	1	11	200	14096	2102
1405	15	0	160	14104	766
1406	15	0	80	14112	7583
1407	15	0	80	14120	3443
1408	5	13	120	14128	11169
1409	19	8	80	14136	8237
1410	15	0	160	14144	469
1411	15	0	160	14152	4760
1412	4	7	80	14160	2737
1413	0	18	80	14168	1838
1414	4	7	160	14176	111
1415	5	13	160	14184	9134
1416	19	8	80	14192	4339
1417	0	18	120	14200	3231
1418	1	11	200	14208	6148
1419	19	8	200	14216	5928
1420	19	8	160	14224	11391
1421	1	11	160	14232	822
1422	6	19	200	14240	3978
1423	6	19	120	14248	7532
1424	1	11	200	14256	5660
1425	5	13	120	14264	10282
1426	3	16	160	14272	3943
1427	19	8	80	14280	18
1428	5	13	80	14288	3890
1429	0	18	160	14296	1833
1430	1	11	120	14304	1105
1431	6	19	120	14312	4397
1432	4	7	200	14320	8785
1433	0	18	80	14328	4692
1434	19	8	200	14336	9028
1435	15	0	120	14344	2177
1436	15	0	200	14352	8070
1437	19	8	120	14400	9534
1438	15	0	120	14408	1969
1439	15	0	120	14416	835
1440	15	0	80	14424	2097
1441	6	19	120	14432	100
1442	19	8	80	14440	14327
1443	15	0	160	14448	4767
1444	19	8	160	14456	921
1445	15	0	200	14464	2626
1446	6	19	120	14472	9812
1447	19	8	120	14480	1921
1448	15	0	160	14488	19372
1449	19	8	200	14496	9291
1450	5	13	200	14504	9387
1451	15	0	120	14512	3360
1452	15	0	160	14520	726
1453	15	0	80	14528	6678
1454	19	8	200	14536	13203
1455	6	19	80	14544	3540
1456	5	13	80	14552	1
1457	15	0	200	14560	8458
1458	6	19	80	14568	1369
1459	15	0	160	14576	2656
1460	15	0	80	14584	3172
1461	19	8	80	14592	7462
1462	5	13	200	14600	12431
1463	4	7	160	14608	3385
1464	15	0	160	14616	3988
1465	3	16	120	14624	2347
1466	6	19	200	14632	6580
1467	4	7	80	14640	6539
1468	1	11	80	14648	2563
1469	15	0	80	14656	3744
1470	15	0	160	14664	126
1471	0	18	160	14672	5614
1472	5	13	200	14680	723
1473	4	7	160	14688	3629
1474	3	16	160	14696	1815
1475	5	13	120	14704	9969
1476	4	7	120	14712	961
1477	15	0	80	14720	10855
1478	15	0	200	14728	4109
1479	5	13	200	14736	1290
1480	19	8	200	14744	38
1481	3	16	120	14752	1126
1482	3	16	160	14800	50
1483	5	13	120	14811	5091
1484	15	0	200	14822	2489
1485	5	13	80	14833	4471
1486	19	8	160	14844	2779
1487	6	19	160	14855	320
1488	3	16	80	14866	5199
1489	6	19	200	14877	1472
1490	4	7	80	14888	2174
1491	19	8	80	14899	17595
1492	5	13	80	14910	3847
1493	0	18	200	14921	9352
1494	3	16	120	14932	4097
1495	19	8	80	14943	3309
1496	3	16	120	14954	287
1497	6	19	160	14965	2050
1498	1	11	80	14976	270
1499	15	0	120	14987	5740
1500	4	7	80	14998	4487
1501	4	7	120	15009	461
1502	19	8	80	15020	9555
1503	1	11	120	15031	1939
1504	4	7	80	15042	8190
1505	5	13	80	15053	650
1506	5	13	120	15064	2062
1507	5	13	200	15075	3371
1508	15	0	160	15086	2368
1509	5	13	160	15097	187
1510	4	7	160	15108	1871
1511	6	19	80	15119	276
1512	0	18	200	15130	1083
1513	4	7	80	15141	57
1514	19	8	160	15152	2582
1515	6	19	160	15163	1438
1516	15	0	120	15174	7151
1517	1	11	160	15200	1073
1518	6	19	200	15211	455
1519	5	13	120	15222	12676
1520	3	16	160	15233	11460
1521	0	18	80	15244	5235
1522	1	11	200	15255	323
1523	15	0	120	15266	721
1524	5	13	80	15277	835
1525	15	0	120	15288	177
1526	15	0	160	15299	586
1527	5	13	80	15310	1215
1528	3	16	120	15321	12449
1529	4	7	160	15332	6478
1530	5	13	200	15343	7530
1531	15	0	200	15354	6696
1532	15	0	200	15365	8110
1533	19	8	160	15376	8485
1534	1	11	200	15387	3679
1535	15	0	160	15398	9235
1536	4	7	80	15409	1645
1537	3	16	120	15420	3957
1538	1	11	80	15431	7561
1539	5	13	160	15442	1503
1540	1	11	200	15453	1259
1541	15	0	200	15464	10713
1542	19	8	80	15475	3979
1543	15	0	160	15486	4577
1544	3	16	80	15497	10891
1545	15	0	200	15508	1739
1546	19	8	120	15519	5552
1547	3	16	200	15530	3701
1548	3	16	80	15541	2232
1549	15	0	160	15552	1655
1550	4	7	160	15563	5238
1551	1	11	200	15574	7185
1552	19	8	160	15585	1389
1553	15	0	200	15600	454
1554	6	19	160	15608	6834
1555	4	7	200	15616	11561
1556	3	16	120	15624	127
1557	4	7	160	15632	5437
1558	15	0	80	15640	871
1559	6	19	160	15648	7031
1560	15	0	160	15656	54
1561	0	18	80	15664	607
1562	3	16	120	15672	3808
1563	5	13	200	15680	4140
1564	3	16	160	15688	882
1565	15	0	200	15696	3294
1566	19	8	120	15704	884
1567	3	16	80	15712	1767
1568	3	16	120	15720	2129
1569	3	16	80	15728	3423
1570	5	13	120	15736	13397
1571	6	19	80	15744	915
1572	0	18	120	15752	1953
1573	4	7	80	15760	6326
1574	4	7	160	15768	4656
1575	6	19	200	15776	47
1576	3	16	80	15784	419
1577	5	13	80	15792	2016
1578	5	13	120	15800	1049
1579	15	0	120	15808	7229
1580	19	8	80	15816	1386
1581	6	19	160	15824	3044
1582	3	16	200	15832	7188
1583	6	19	200	15840	3835
1584	0	18	200	15848	298
1585	4	7	80	15856	55
1586	15	0	80	15864	2927
1587	19	8	80	15872	5724
1588	5	13	200	15880	252
1589	19	8	200	15888	4279
1590	6	19	80	15896	8138
1591	19	8	120	15904	3606
1592	5	13	80	15912	2265
1593	6	19	120	15920	86
1594	15	0	80	15928	1425
1595	0	18	160	15936	553
1596	6	19	120	15944	1526
1597	5	13	80	15952	16921
1598	15	0	200	15960	2643
1599	6	19	80	15968	1868
1600	15	0	160	16000	670
1601	15	0	80	16010	1998
1602	19	8	120	16020	846
1603	0	18	80	16030	7660
1604	5	13	80	16040	1873
1605	15	0	120	16050	2982
1606	1	11	160	16060	2374
1607	15	0	160	16070	2765
1608	6	19	80	16080	2176
1609	0	18	200	16090	6584
1610	1	11	200	16100	7451
1611	19	8	80	16110	4034
1612	19	8	120	16120	2872
1613	3	16	200	16130	1784
1614	15	0	160	16140	3060
1615	3	16	200	16150	2621
1616	19	8	120	16160	1465
1617	15	0	160	16170	23832
1618	5	13	200	16180	3402
1619	19	8	160	16190	814
1620	19	8	200	16200	172
1621	19	8	80	16210	2300
1622	19	8	120	16220	1403
1623	5	13	160	16230	5640
1624	15	0	200	16240	4894
1625	5	13	200	16250	1853
1626	3	16	80	16260	5914
1627	6	19	200	16270	1816
1628	6	19	80	16280	2729
1629	4	7	80	16290	3270
1630	0	18	120	16300	4742
1631	15	0	200	16310	485
1632	15	0	120	16320	9743
1633	19	8	80	16330	7798
1634	19	8	160	16340	4578
1635	1	11	200	16350	9193
1636	6	19	80	16360	1674
1637	1	11	160	16370	15966
1638	4	7	160	16400	1111
1639	4	7	120	16410	3161
1640	4	7	120	16420	3338
1641	19	8	120	16430	80
1642	5	13	200	16440	1670
1643	4	7	80	16450	1172
1644	15	0	200	16460	6688
1645	15	0	200	16470	1066
1646	1	11	80	16480	340
1647	4	7	80	16490	301
1648	19	8	200	16500	2667
1649	6	19	80	16510	6835
1650	3	16	120	16520	6916
1651	19	8	160	16530	1541
1652	1	11	80	16540	2128
1653	15	0	120	16550	1422
1654	15	0	80	16560	1607
1655	19	8	120	16570	5047
1656	19	8	200	16580	410
1657	15	0	200	16590	2283
1658	5	13	120	16600	635
1659	19	8	80	16610	12
1660	6	19	120	16620	5602
1661	6	19	160	16630	345
1662	4	7	120	16640	17
1663	4	7	80	16650	7894
1664	0	18	160	16660	478
1665	5	13	80	16670	5245
1666	1	11	200	16680	5132
1667	0	18	80	16690	4253
1668	4	7	120	16700	4535
1669	15	0	160	16710	4032
1670	15	0	200	16720	597
1671	19	8	160	16730	1573
1672	5	13	200	16740	5621
1673	1	11	120	16750	107
1674	15	0	80	16760	3852
1675	1	11	120	16770	89
1676	6	19	80	16780	403
1677	6	19	80	16790	170
1678	6	19	160	16800	11509
1679	19	8	200	16810	2553
1680	5	13	200	16820	1365
1681	19	8	200	16830	4809
1682	15	0	80	16840	8424
1683	19	8	80	16850	4504
1684	1	11	200	16860	5327
1685	3	16	160	16870	1877
1686	15	0	160	16880	4837
1687	19	8	80	16890	3799
1688	4	7	80	16900	2991
1689	0	18	80	16910	13382
1690	3	16	80	16920	6481
1691	19	8	120	16930	9504
1692	15	0	120	16940	7199
1693	5	13	120	16950	1095
1694	15	0	80	16960	6296
1695	15	0	160	16970	2640
1696	15	0	80	16980	62
1697	3	16	200	16990	2618
1698	4	7	160	17000	609
1699	5	13	200	17010	340
1700	15	0	80	17020	2862
1701	0	18	80	17030	2227
1702	19	8	200	17040	2005
1703	3	16	80	17050	7630
1704	19	8	80	17060	4560
1705	5	13	160	17070	2751
1706	5	13	160	17080	3330
1707	19	8	160	17090	1951
1708	3	16	80	17100	4569
1709	6	19	200	17110	1477
1710	5	13	80	17120	3879
1711	5	13	160	17130	228
1712	1	11	80	17140	2702
1713	6	19	120	17150	4495
1714	6	19	120	17160	5006
1715	6	19	160	17200	222
1716	19	8	160	17212	915
1717	5	13	120	17224	1594
1718	4	7	120	17236	534
1719	19	8	200	17248	5359
1720	15	0	120	17260	117
1721	3	16	200	17272	464
1722	15	0	80	17284	548
1723	4	7	80	17296	4999
1724	6	19	120	17308	7158
1725	15	0	160	17320	1054
1726	3	16	80	17332	2697
1727	3	16	160	17344	2896
1728	5	13	120	17356	1064
1729	0	18	160	17368	580
1730	5	13	120	17380	27
1731	5	13	120	17392	3825
1732	5	13	160	17404	9231
1733	3	16	200	17416	7926
1734	5	13	200	17428	12948
1735	5	13	200	17440	7926
1736	0	18	200	17452	1456
1737	5	13	200	17464	108
1738	0	18	200	17476	21619
1739	15	0	80	17488	1090
1740	15	0	200	17500	6632
1741	15	0	200	17512	1516
1742	19	8	200	17524	10771
1743	15	0	80	17536	982
1744	15	0	80	17548	1685
1745	15	0	160	17560	5490
1746	19	8	80	17572	2150
1747	4	7	200	17584	695
1748	15	0	80	17600	2982
1749	3	16	160	17610	5369
1750	15	0	200	17620	1306
1751	5	13	200	17630	4641
1752	19	8	160	17640	1755
1753	5	13	160	17650	2064
1754	15	0	120	17660	216
1755	6	19	80	17670	2053
1756	4	7	200	17680	1420
1757	15	0	200	17690	4568
1758	15	0	160	17700	74
1759	3	16	160	17710	2380
1760	3	16	160	17720	27
1761	5	13	80	17730	204
1762	15	0	120	17740	661
1763	1	11	120	17750	3156
1764	3	16	120	17760	1438
1765	19	8	200	17770	20
1766	0	18	80	17780	673
1767	19	8	120	17790	3966
1768	3	16	160	17800	5011
1769	4	7	160	17810	7636
1770	6	19	160	17820	5525
1771	6	19	200	17830	782
1772	4	7	120	17840	1621
1773	5	13	80	17850	8702
1774	3	16	200	17860	10560
1775	19	8	160	17870	4999
1776	4	7	200	17880	780
1777	1	11	200	17890	9640
1778	6	19	80	17900	1845
1779	19	8	200	17910	361
1780	19	8	160	17920	6766
1781	19	8	80	17930	1607
1782	5	13	120	17940	18273
1783	3	16	200	17950	2732
1784	5	13	160	17960	7761
1785	1	11	160	17970	1543
1786	5	13	200	18000	1206
1787	19	8	200	18009	2751
1788	5	13	120	18018	6633
1789	19	8	160	18027	3276
1790	0	18	200	18036	3313
1791	5	13	200	18045	3917
1792	15	0	80	18054	32
1793	19	8	80	18063	3167
1794	6	19	160	18072	1054
1795	5	13	160	18081	5701
1796	0	18	160	18090	712
1797	15	0	160	18099	1954
1798	6	19	160	18108	9897
1799	15	0	80	18117	1654
1800	15	0	120	18126	3581
1801	19	8	160	18135	6182
1802	0	18	120	18144	2357
1803	6	19	160	18153	4480
1804	15	0	200	18162	18428
1805	3	16	80	18171	425
1806	1	11	120	18180	1744
1807	6	19	120	18189	2530
1808	4	7	200	18198	2573
1809	19	8	200	18207	1656
1810	4	7	80	18216	1015
1811	3	16	80	18225	1968
1812	1	11	200	18234	1491
1813	19	8	160	18243	10762
1814	4	7	80	18252	4006
1815	4	7	120	18261	4508
1816	19	8	200	18270	248
1817	6	19	120	18279	4285
1818	15	0	200	18288	4677
1819	1	11	200	18297	16064
1820	6	19	80	18306	5461
1821	1	11	80	18315	4287
1822	6	19	80	18324	6847
1823	5	13	80	18333	674
1824	3	16	160	18342	1361
1825	3	16	160	18351	531
1826	15	0	200	18360	743
1827	5	13	80	18369	6172
1828	19	8	160	18378	4253
1829	15	0	120	18400	740
1830	19	8	200	18409	3197
1831	6	19	120	18418	6257
1832	6	19	80	18427	20754
1833	15	0	200	18436	125
1834	3	16	160	18445	2732
1835	19	8	200	18454	117
1836	19	8	200	18463	8669
1837	15	0	160	18472	1518
1838	6	19	80	18481	2811
1839	4	7	160	18490	5632
1840	0	18	120	18499	13608
1841	19	8	120	18508	6274
1842	15	0	80	18517	92
1843	6	19	120	18526	2542
1844	6	19	120	18535	1631
1845	19	8	200	18544	767
1846	4	7	80	18553	1502
1847	19	8	120	18562	316
1848	6	19	80	18571	9825
1849	4	7	120	18580	3245
1850	6	19	200	18589	4806
1851	6	19	80	18598	2818
1852	0	18	160	18607	4776
1853	6	19	200	18616	10860
1854	4	7	80	18625	3605
1855	6	19	120	18634	10863
1856	5	13	160	18643	13686
1857	15	0	80	18652	1371
1858	5	13	200	18661	1945
1859	6	19	80	18670	8029
1860	5	13	80	18679	10719
1861	15	0	80	18688	3348
1862	15	0	200	18697	6729
1863	15	0	160	18706	1458
1864	19	8	200	18715	6219
1865	15	0	200	18724	2272
1866	15	0	200	18733	2005
1867	5	13	80	18742	1316
1868	15	0	80	18751	2299
1869	5	13	80	18760	3703
1870	5	13	120	18769	6252
1871	3	16	80	18800	5457
1872	19	8	120	18815	662
1873	6	19	120	18830	10876
1874	0	18	160	18845	61
1875	15	0	160	18860	12232
1876	5	13	80	18875	4029
1877	0	18	160	18890	1717
1878	15	0	160	18905	6861
1879	5	13	160	18920	484
1880	19	8	160	18935	6668
1881	19	8	120	18950	392
1882	19	8	80	18965	8224
1883	6	19	120	18980	416
1884	3	16	120	18995	2537
1885	5	13	200	19010	182
1886	6	19	160	19025	393
1887	3	16	120	19040	250
1888	6	19	160	19055	2296
1889	6	19	120	19070	3293
1890	6	19	120	19085	254
1891	3	16	200	19100	3618
1892	5	13	200	19115	10673
1893	0	18	200	19130	4078
1894	19	8	120	19145	6947
1895	5	13	80	19160	2040
1896	4	7	160	19175	15196
1897	1	11	160	19200	5055
1898	15	0	120	19209	4578
1899	19	8	160	19218	9272
1900	4	7	80	19227	6059
1901	19	8	80	19236	133
1902	3	16	80	19245	4072
1903	4	7	200	19254	1487
1904	19	8	200	19263	5796
1905	5	13	160	19272	12393
1906	6	19	160	19281	1742
1907	6	19	120	19290	5758
1908	5	13	80	19299	10030
1909	15	0	160	19308	4097
1910	3	16	80	19317	1421
1911	5	13	200	19326	3852
1912	19	8	120	19335	2540
1913	0	18	80	19344	1265
1914	15	0	160	19353	223
1915	6	19	200	19362	7277
1916	19	8	200	19371	4750
1917	0	18	160	19380	5022
1918	5	13	80	19389	7224
1919	5	13	80	19398	5451
1920	4	7	80	19407	1660
1921	6	19	160	19416	1624
1922	15	0	120	19425	7419
1923	4	7	200	19434	8356
1924	15	0	200	19443	3124
1925	4	7	160	19452	868
1926	15	0	120	19461	6723
1927	19	8	160	19470	2880
1928	6	19	200	19479	466
1929	15	0	120	19488	3824
1930	5	13	200	19497	14822
1931	5	13	160	19506	9974
1932	5	13	80	19515	4402
1933	19	8	80	19524	10032
1934	3	16	160	19533	1625
1935	19	8	160	19542	6027
1936	15	0	80	19551	2426
1937	15	0	80	19560	3298
1938	15	0	120	19569	1624
1939	19	8	200	19578	2893
1940	19	8	120	19587	4705
1941	19	8	80	19600	1606
1942	15	0	80	19611	613
1943	19	8	80	19622	6355
1944	5	13	80	19633	1215
1945	4	7	120	19644	2343
1946	4	7	120	19655	534
1947	5	13	160	19666	4309
1948	5	13	120	19677	3515
1949	5	13	160	19688	17102
1950	6	19	80	19699	4877
1951	4	7	80	19710	1217
1952	15	0	160	19721	8537
1953	4	7	120	19732	11098
1954	6	19	120	19743	3300
1955	15	0	120	19754	2365
1956	4	7	160	19765	839
1957	19	8	80	19776	5751
1958	6	19	80	19787	5849
1959	6	19	120	19798	3375
1960	6	19	120	19809	608
1961	15	0	80	19820	7323
1962	19	8	160	19831	4232
1963	15	0	200	19842	1443
1964	4	7	160	19853	4381
1965	19	8	160	19864	1922
1966	0	18	200	19875	12059
1967	0	18	120	19886	3207
1968	19	8	120	19897	11074
1969	19	8	80	19908	1292
1970	15	0	160	19919	1931
1971	4	7	160	19930	573
1972	4	7	80	19941	1921
1973	6	19	120	19952	1547
1974	6	19	200	19963	215
1975	5	13	200	19974	36
1976	19	8	160	19985	850
1977	19	8	120	20000	195
1978	19	8	200	20017	3809
1979	6	19	120	20034	416
1980	0	18	120	20051	290
1981	5	13	200	20068	670
1982	6	19	120	20085	10555
1983	4	7	120	20102	529
1984	1	11	80	20119	9680
1985	3	16	200	20136	4991
1986	15	0	80	20153	145
1987	1	11	160	20170	5233
1988	5	13	200	20187	1764
1989	5	13	120	20204	8735
1990	6	19	200	20221	3558
1991	19	8	200	20238	4714
1992	3	16	80	20255	6305
1993	3	16	200	20272	5770
1994	4	7	120	20289	1872
1995	3	16	80	20306	7639
1996	19	8	160	20323	4531
1997	19	8	120	20340	7310
1998	15	0	120	20357	558
1999	6	19	160	20374	8492
