0	19	8	120	0	629
1	4	7	200	5	5087
2	5	13	80	10	1067
3	1	11	120	15	5957
4	1	11	80	20	7428
5	3	16	120	25	4305
6	3	16	200	30	5863
7	3	16	160	35	934
8	0	18	160	40	1098
9	4	7	80	45	3550
10	15	0	160	50	1496
11	19	8	200	55	9305
12	0	18	200	60	2661
13	0	18	160	65	1535
14	19	8	200	70	5089
15	3	16	200	75	18039
16	4	7	120	80	5036
17	15	0	200	85	3307
18	6	19	160	90	12404
19	5	13	160	95	3955
20	5	13	120	100	4588
21	5	13	120	105	20659
22	3	16	80	110	3971
23	15	0	160	115	4587
24	1	11	200	120	5456
25	19	8	120	125	20968
26	19	8	120	130	9945
27	1	11	200	135	32566
28	15	0	200	140	1156
29	1	11	160	145	4916
30	0	18	80	150	680
31	15	0	80	155	4400
32	5	13	80	160	19226
33	5	13	160	165	9056
34	4	7	120	170	18367
35	15	0	200	175	12930
36	4	7	80	180	6095
37	19	8	160	185	22350
38	1	11	120	190	5844
39	19	8	200	195	1987
40	1	11	160	200	31386
41	1	11	200	205	12326
42	4	7	200	210	19537
43	5	13	120	215	15194
44	4	7	160	220	9518
45	19	8	200	225	51266
46	19	8	160	230	15197
47	19	8	160	235	3015
48	5	13	80	240	6683
49	0	18	160	245	14099
50	15	0	80	250	4502
51	4	7	80	255	8323
52	4	7	160	260	18582
53	6	19	120	265	17936
54	19	8	160	270	4770
55	4	7	200	275	3134
56	1	11	200	280	791
57	15	0	120	285	17501
58	0	18	120	290	315
59	1	11	200	295	12119
60	4	7	200	300	16076
61	0	18	80	305	7235
62	4	7	200	310	48909
63	19	8	200	315	16700
64	4	7	80	320	2692
65	19	8	160	325	19942
66	3	16	160	330	16208
67	4	7	80	335	13269
68	6	19	120	340	4923
69	1	11	80	345	13904
70	15	0	200	350	5723
71	5	13	200	355	8271
72	5	13	120	360	23198
73	6	19	200	365	8119
74	3	16	80	370	5242
75	4	7	160	375	13514
76	0	18	120	380	212
77	6	19	200	385	9951
78	3	16	200	400	17639
79	3	16	80	404	5723
80	19	8	160	408	1366
81	19	8	200	412	5008
82	5	13	160	416	8478
83	15	0	80	420	6144
84	3	16	160	424	282
85	5	13	200	428	9713
86	3	16	120	432	8796
87	19	8	200	436	277
88	6	19	200	440	2704
89	0	18	120	444	9682
90	5	13	80	448	10868
91	6	19	160	452	11959
92	15	0	80	456	20497
93	19	8	120	460	16626
94	4	7	80	464	6425
95	1	11	160	468	7710
96	6	19	80	472	12909
97	4	7	200	476	645
98	1	11	120	480	8735
99	4	7	80	484	16045
100	5	13	80	488	3374
101	5	13	120	492	604
102	3	16	80	496	26023
103	4	7	80	500	16208
104	1	11	200	504	4485
105	3	16	120	508	20237
106	19	8	160	512	12424
107	6	19	200	516	4207
108	4	7	120	520	6572
109	5	13	80	524	12676
110	3	16	120	528	2864
111	4	7	80	532	8322
112	5	13	120	536	71139
113	15	0	120	540	12481
114	1	11	80	544	9013
115	4	7	200	548	6067
116	4	7	120	552	35058
117	6	19	160	556	10475
118	5	13	120	560	15626
119	15	0	80	564	12464
120	6	19	80	568	4120
121	4	7	200	572	15192
122	6	19	120	576	7556
123	5	13	200	580	18322
124	5	13	200	584	1136
125	1	11	80	588	16559
126	6	19	160	592	13645
127	5	13	80	596	1338
128	1	11	200	600	962
129	1	11	120	604	25430
130	6	19	160	608	202
131	5	13	160	612	40285
132	5	13	120	616	571
133	19	8	200	620	398
134	6	19	80	624	1729
135	4	7	120	628	723
136	6	19	160	632	7295
137	1	11	120	636	17414
138	5	13	80	640	1116
139	0	18	120	644	2805
140	6	19	120	648	28895
141	5	13	160	652	3039
142	5	13	120	656	11029
143	1	11	200	660	9569
144	15	0	200	664	5011
145	0	18	200	668	1205
146	1	11	80	672	12046
147	0	18	200	676	2267
148	15	0	120	680	3006
149	0	18	80	684	214
150	6	19	80	688	9007
151	0	18	120	692	957
152	19	8	160	696	4703
153	3	16	80	700	24576
154	15	0	80	704	7103
155	1	11	80	708	8985
156	15	0	80	712	10463
157	6	19	120	716	1302
158	15	0	120	720	12617
159	19	8	160	724	9945
160	5	13	160	728	1748
161	3	16	160	732	9302
162	4	7	80	736	2961
163	3	16	200	740	9367
164	15	0	160	744	12111
165	6	19	200	748	3407
166	19	8	160	752	7254
167	5	13	160	756	40117
168	1	11	80	800	8618
169	15	0	200	805	7610
170	6	19	80	810	34023
171	3	16	80	815	2387
172	0	18	120	820	8160
173	4	7	80	825	8798
174	1	11	160	830	15986
175	0	18	120	835	830
176	19	8	120	840	1492
177	5	13	120	845	29973
178	6	19	200	850	6987
179	4	7	200	855	63147
180	0	18	80	860	1464
181	6	19	160	865	8487
182	15	0	160	870	25836
183	1	11	160	875	733
184	4	7	120	880	5205
185	6	19	80	885	33777
186	6	19	200	890	12289
187	3	16	120	895	2315
188	1	11	160	900	10580
189	4	7	200	905	11212
190	6	19	120	910	7769
191	0	18	120	915	5219
192	4	7	80	920	1467
193	6	19	120	925	8944
194	5	13	160	930	908
195	4	7	160	935	5556
196	1	11	160	940	60
197	1	11	160	945	732
198	3	16	120	950	29439
199	0	18	80	955	1187
200	1	11	120	960	12322
201	5	13	120	965	13263
202	19	8	160	970	12939
203	19	8	160	975	16731
204	3	16	80	980	954
205	4	7	80	985	5122
206	19	8	200	990	10503
207	4	7	120	995	19595
208	0	18	160	1000	1739
209	6	19	160	1005	5734
210	3	16	160	1010	6333
211	3	16	160	1015	13092
212	19	8	120	1020	12998
213	3	16	120	1025	12797
214	19	8	160	1030	7142
215	15	0	80	1035	11883
216	4	7	200	1040	12788
217	1	11	120	1045	2083
218	15	0	160	1050	2527
219	1	11	120	1055	14266
220	19	8	200	1060	11185
221	6	19	120	1065	3911
222	4	7	200	1070	5712
223	6	19	120	1075	28273
224	1	11	120	1080	59610
225	6	19	200	1085	10658
226	19	8	80	1090	810
227	4	7	200	1095	41300
228	19	8	120	1100	7103
229	15	0	200	1105	5458
230	19	8	200	1110	765
231	6	19	200	1115	713
232	1	11	80	1120	45
233	6	19	200	1125	5116
234	3	16	160	1130	5223
235	5	13	160	1135	7086
236	15	0	80	1140	22544
237	19	8	80	1145	1697
238	19	8	160	1150	48799
239	0	18	120	1155	53
240	6	19	120	1160	5296
241	3	16	120	1165	21711
242	1	11	200	1170	497
243	4	7	80	1175	2768
244	1	11	80	1180	2633
245	3	16	200	1185	20087
246	0	18	200	1190	14101
247	0	18	160	1200	7379
248	6	19	200	1206	959
249	6	19	160	1212	7051
250	19	8	200	1218	15067
251	19	8	80	1224	22422
252	4	7	200	1230	24419
253	1	11	200	1236	2959
254	1	11	80	1242	8032
255	5	13	80	1248	5425
256	0	18	160	1254	4111
257	3	16	120	1260	16859
258	15	0	80	1266	17072
259	5	13	120	1272	8029
260	5	13	80	1278	3978
261	4	7	200	1284	11462
262	4	7	80	1290	5316
263	3	16	160	1296	17607
264	15	0	200	1302	4594
265	5	13	200	1308	5213
266	0	18	120	1314	12959
267	3	16	160	1320	4528
268	0	18	200	1326	4328
269	4	7	200	1332	31
270	0	18	200	1338	18241
271	5	13	160	1344	8898
272	3	16	200	1350	2330
273	15	0	120	1356	2461
274	4	7	80	1362	4961
275	6	19	120	1368	17638
276	5	13	160	1374	3254
277	0	18	200	1380	2275
278	4	7	80	1386	14777
279	15	0	160	1392	2389
280	6	19	200	1398	27322
281	15	0	120	1404	11175
282	15	0	80	1410	26610
283	3	16	200	1416	28
284	15	0	80	1422	12610
285	19	8	160	1428	2922
286	3	16	200	1434	2504
287	0	18	80	1440	18457
288	4	7	200	1446	23524
289	6	19	120	1452	54336
290	4	7	80	1458	2033
291	5	13	160	1464	1166
292	0	18	80	1470	5600
293	4	7	80	1476	8198
294	5	13	120	1482	15375
295	3	16	120	1488	16236
296	15	0	120	1494	7808
297	15	0	80	1500	3795
298	5	13	120	1506	26264
299	6	19	120	1512	22346
300	3	16	120	1518	1980
301	6	19	120	1524	5676
302	0	18	200	1530	2042
303	3	16	200	1536	926
304	5	13	160	1542	13053
305	4	7	80	1548	2550
306	6	19	80	1554	13271
307	5	13	160	1560	13819
308	6	19	200	1566	25435
309	5	13	160	1572	15186
310	0	18	160	1578	1618
311	0	18	200	1600	1498
312	19	8	80	1606	571
313	0	18	160	1612	10364
314	15	0	120	1618	10712
315	6	19	160	1624	13531
316	6	19	200	1630	15454
317	1	11	80	1636	5271
318	4	7	120	1642	1521
319	19	8	80	1648	1290
320	3	16	200	1654	2149
321	0	18	80	1660	24969
322	15	0	160	1666	7286
323	3	16	120	1672	4516
324	19	8	200	1678	22506
325	5	13	80	1684	14004
326	4	7	160	1690	1959
327	19	8	160	1696	13730
328	3	16	80	1702	7463
329	1	11	160	1708	10907
330	15	0	80	1714	4139
331	6	19	120	1720	40719
332	5	13	120	1726	4022
333	15	0	200	1732	23894
334	5	13	80	1738	346
335	0	18	120	1744	8820
336	6	19	120	1750	7161
337	4	7	80	1756	20369
338	6	19	80	1762	4974
339	4	7	200	1768	7369
340	3	16	160	1774	9503
341	6	19	120	1780	8426
342	4	7	120	1786	28283
343	19	8	80	1792	1827
344	6	19	200	1798	23855
345	3	16	120	1804	470
346	6	19	120	1810	566
347	0	18	160	1816	18989
348	5	13	200	1822	28193
349	15	0	160	1828	566
350	6	19	160	1834	210
351	6	19	120	1840	1572
352	4	7	200	1846	1979
353	5	13	120	1852	18501
354	3	16	120	1858	13697
355	3	16	80	1864	3891
356	15	0	160	1870	30573
357	15	0	120	1876	22209
358	3	16	80	1882	3098
359	0	18	120	1888	43951
360	0	18	160	1894	499
361	6	19	120	1900	52665
362	1	11	160	1906	2993
363	4	7	80	1912	3989
364	6	19	160	1918	6665
365	4	7	80	1924	2089
366	5	13	120	1930	21448
367	1	11	120	1936	2425
368	5	13	120	1942	9581
369	15	0	200	1948	869
370	19	8	120	1954	3086
371	1	11	160	1960	28539
372	4	7	200	1966	195
373	0	18	120	1972	12953
374	5	13	120	1978	9713
375	5	13	160	1984	12928
376	6	19	200	1990	42030
377	19	8	160	2000	4519
378	5	13	120	2004	7187
379	6	19	160	2008	19819
380	19	8	160	2012	12345
381	4	7	200	2016	5283
382	3	16	200	2020	18003
383	5	13	160	2024	6474
384	5	13	200	2028	10400
385	0	18	160	2032	2220
386	3	16	160	2036	20205
387	19	8	80	2040	8288
388	4	7	120	2044	2422
389	1	11	80	2048	16706
390	1	11	200	2052	10958
391	19	8	200	2056	11193
392	1	11	80	2060	10678
393	6	19	200	2064	5449
394	3	16	120	2068	6496
395	5	13	80	2072	9836
396	5	13	160	2076	4004
397	19	8	80	2080	11688
398	3	16	160	2084	15068
399	3	16	200	2088	14578
400	15	0	200	2092	2765
401	5	13	80	2096	23865
402	5	13	120	2100	3365
403	15	0	200	2104	21597
404	15	0	80	2108	20535
405	4	7	80	2112	1400
406	3	16	120	2116	1352
407	3	16	120	2120	8123
408	0	18	200	2124	3153
409	15	0	160	2128	256
410	6	19	120	2132	4401
411	19	8	80	2136	11234
412	1	11	200	2140	5976
413	6	19	120	2144	6522
414	1	11	160	2148	4837
415	6	19	160	2152	13848
416	4	7	160	2156	2838
417	6	19	80	2160	19541
418	19	8	120	2164	14576
419	6	19	200	2168	3568
420	0	18	160	2172	5085
421	5	13	80	2176	4874
422	6	19	80	2180	2
423	3	16	120	2184	19223
424	5	13	80	2188	7644
425	0	18	120	2192	11617
426	19	8	160	2196	4592
427	15	0	80	2200	12638
428	6	19	80	2204	3327
429	19	8	120	2208	64702
430	0	18	80	2212	5654
431	6	19	200	2216	5122
432	5	13	200	2220	10957
433	3	16	160	2224	16510
434	15	0	160	2228	11067
435	4	7	160	2232	18138
436	15	0	160	2236	1420
437	5	13	80	2240	34225
438	6	19	120	2244	10924
439	0	18	200	2248	7607
440	15	0	120	2252	772
441	0	18	80	2256	4671
442	19	8	80	2260	3738
443	5	13	160	2264	2116
444	6	19	200	2268	7052
445	3	16	160	2272	56364
446	6	19	200	2276	2893
447	5	13	160	2280	2235
448	5	13	80	2284	405
449	6	19	160	2288	15865
450	1	11	160	2292	5147
451	15	0	160	2296	7846
452	19	8	200	2300	30195
453	6	19	200	2304	7347
454	1	11	80	2308	5314
455	3	16	160	2312	24672
456	15	0	200	2316	23850
457	3	16	80	2320	7088
458	1	11	160	2324	5421
459	6	19	200	2400	2664
460	4	7	120	2405	18849
461	4	7	120	2410	7293
462	5	13	80	2415	3447
463	0	18	120	2420	3224
464	15	0	160	2425	12440
465	19	8	120	2430	38515
466	3	16	120	2435	110
467	19	8	120	2440	12424
468	19	8	200	2445	20372
469	15	0	200	2450	9644
470	15	0	80	2455	10212
471	15	0	120	2460	3749
472	0	18	200	2465	2770
473	19	8	120	2470	3193
474	15	0	160	2475	2601
475	0	18	120	2480	278
476	6	19	200	2485	821
477	1	11	120	2490	21878
478	6	19	120	2495	5245
479	1	11	160	2500	7853
480	4	7	120	2505	6249
481	4	7	200	2510	1921
482	1	11	200	2515	11545
483	0	18	160	2520	8528
484	15	0	200	2525	12483
485	1	11	120	2530	27136
486	15	0	200	2535	6707
487	19	8	200	2540	1821
488	0	18	160	2545	5923
489	4	7	200	2550	15727
490	5	13	200	2555	29789
491	5	13	160	2560	13143
492	4	7	160	2565	10374
493	0	18	120	2570	6099
494	5	13	120	2575	13576
495	3	16	200	2580	11203
496	4	7	200	2585	906
497	15	0	200	2590	390
498	15	0	80	2595	8715
499	6	19	120	2600	7957
500	0	18	120	2605	48009
501	6	19	160	2610	10110
502	5	13	200	2615	5226
503	15	0	120	2620	7868
504	19	8	120	2625	2098
505	4	7	80	2630	1006
506	15	0	200	2635	3839
507	0	18	120	2640	13884
508	15	0	120	2645	3661
509	1	11	160	2650	4892
510	5	13	160	2655	19673
511	5	13	160	2660	297
512	5	13	160	2665	1157
513	19	8	200	2670	25773
514	3	16	160	2675	18911
515	19	8	120	2680	12398
516	1	11	160	2685	21806
517	5	13	160	2690	16211
518	3	16	160	2695	10670
519	5	13	80	2700	16615
520	1	11	160	2705	9096
521	3	16	120	2710	24330
522	19	8	160	2715	3537
523	4	7	200	2720	1086
524	1	11	80	2725	12122
525	1	11	160	2730	28562
526	3	16	200	2735	14039
527	0	18	120	2740	19781
528	3	16	200	2800	9750
529	4	7	160	2803	10641
530	5	13	160	2806	35995
531	15	0	80	2809	416
532	4	7	80	2812	4666
533	19	8	80	2815	24420
534	1	11	120	2818	8283
535	6	19	160	2821	21736
536	19	8	80	2824	19010
537	4	7	160	2827	1768
538	0	18	80	2830	5138
539	3	16	200	2833	10021
540	4	7	160	2836	11673
541	6	19	160	2839	16286
542	1	11	160	2842	25232
543	15	0	200	2845	675
544	19	8	80	2848	30994
545	19	8	80	2851	26705
546	19	8	80	2854	10228
547	4	7	160	2857	14268
548	6	19	200	2860	11155
549	6	19	80	2863	406
550	1	11	120	2866	17602
551	19	8	120	2869	4837
552	5	13	80	2872	7022
553	1	11	200	2875	17466
554	5	13	200	2878	36780
555	6	19	200	2881	1443
556	6	19	80	2884	4523
557	1	11	200	2887	3720
558	5	13	80	2890	22376
559	6	19	200	2893	3499
560	0	18	80	2896	5948
561	15	0	120	2899	7532
562	15	0	160	2902	1661
563	3	16	160	2905	13484
564	5	13	80	2908	5826
565	15	0	160	2911	17731
566	1	11	120	2914	14539
567	6	19	120	2917	3022
568	6	19	160	2920	5827
569	5	13	200	2923	37655
570	0	18	120	2926	22704
571	15	0	80	2929	14468
572	4	7	120	2932	5984
573	19	8	200	2935	277
574	0	18	160	2938	1638
575	4	7	200	2941	18659
576	1	11	200	2944	55822
577	1	11	160	2947	2686
578	5	13	160	2950	2122
579	1	11	200	2953	16345
580	1	11	120	2956	4875
581	19	8	120	2959	61626
582	3	16	160	2962	2713
583	5	13	200	2965	8882
584	3	16	120	2968	20490
585	5	13	80	2971	11561
586	1	11	80	2974	10730
587	1	11	120	2977	9728
588	4	7	120	2980	29719
589	5	13	160	2983	5837
590	19	8	160	2986	8870
591	6	19	80	2989	9017
592	15	0	120	2992	4142
593	3	16	120	2995	1202
594	1	11	160	2998	2313
595	6	19	80	3001	2032
596	15	0	200	3004	11401
597	15	0	200	3007	2722
598	1	11	200	3010	13307
599	1	11	160	3013	1987
600	15	0	200	3016	2524
601	3	16	160	3019	5187
602	6	19	200	3022	4466
603	1	11	200	3025	12552
604	5	13	200	3028	2440
605	3	16	80	3031	855
606	5	13	200	3034	33574
607	5	13	120	3037	6540
608	0	18	80	3040	12230
609	0	18	200	3043	2157
610	5	13	200	3046	1573
611	6	19	120	3049	1445
612	6	19	120	3052	1324
613	4	7	80	3055	1280
614	5	13	120	3058	30170
615	1	11	160	3061	6064
616	5	13	200	3064	3675
617	1	11	160	3067	11187
618	0	18	120	3070	23275
619	0	18	200	3073	17439
620	5	13	120	3076	2392
621	19	8	80	3079	1905
622	3	16	200	3082	4394
623	1	11	80	3085	91172
624	5	13	120	3088	6832
625	4	7	80	3091	4643
626	19	8	160	3094	6302
627	0	18	80	3097	4234
628	6	19	80	3100	22565
629	4	7	160	3103	42832
630	6	19	80	3106	2315
631	3	16	200	3109	18585
632	19	8	200	3112	9072
633	4	7	200	3115	114
634	4	7	80	3118	9694
635	19	8	160	3121	48808
636	1	11	160	3200	13798
637	0	18	160	3205	9681
638	0	18	80	3210	4966
639	19	8	80	3215	16628
640	0	18	120	3220	13649
641	6	19	200	3225	2248
642	1	11	80	3230	29770
643	3	16	160	3235	16704
644	19	8	160	3240	3650
645	4	7	120	3245	6312
646	0	18	200	3250	6616
647	4	7	80	3255	2540
648	15	0	200	3260	2327
649	0	18	80	3265	18095
650	1	11	80	3270	26704
651	5	13	80	3275	83
652	15	0	160	3280	5108
653	1	11	80	3285	28106
654	6	19	120	3290	42852
655	15	0	200	3295	525
656	19	8	200	3300	544
657	5	13	160	3305	4475
658	6	19	160	3310	2898
659	1	11	160	3315	23865
660	4	7	160	3320	12954
661	4	7	200	3325	12317
662	19	8	80	3330	10203
663	6	19	120	3335	13205
664	4	7	200	3340	54180
665	1	11	80	3345	4902
666	6	19	160	3350	10494
667	3	16	120	3355	1197
668	19	8	80	3360	9501
669	5	13	160	3365	33022
670	0	18	80	3370	14996
671	4	7	80	3375	14859
672	1	11	160	3380	3734
673	0	18	80	3385	1349
674	19	8	160	3390	1090
675	19	8	160	3395	119
676	15	0	200	3400	3144
677	0	18	120	3405	9722
678	1	11	160	3410	16036
679	1	11	80	3415	304
680	4	7	120	3420	27281
681	4	7	160	3425	2947
682	3	16	120	3430	1548
683	6	19	80	3435	856
684	1	11	160	3440	998
685	0	18	200	3445	2214
686	5	13	120	3450	6974
687	6	19	160	3455	11821
688	6	19	160	3460	459
689	5	13	120	3465	8593
690	19	8	200	3470	33474
691	5	13	200	3475	5583
692	4	7	80	3480	4970
693	19	8	120	3485	7750
694	5	13	160	3490	1126
695	5	13	120	3495	460
696	15	0	160	3500	10940
697	4	7	160	3505	3436
698	19	8	200	3510	17244
699	15	0	120	3515	31388
700	6	19	160	3520	20991
701	6	19	120	3525	4785
702	4	7	80	3530	12386
703	1	11	80	3535	3294
704	0	18	200	3540	809
705	6	19	200	3545	2408
706	4	7	160	3550	16144
707	15	0	120	3555	3298
708	1	11	120	3560	20382
709	15	0	160	3565	39242
710	0	18	80	3570	20077
711	19	8	160	3575	8058
712	3	16	80	3580	10242
713	4	7	160	3585	2521
714	15	0	120	3600	40608
715	0	18	80	3604	7010
716	1	11	160	3608	8824
717	1	11	80	3612	8410
718	5	13	200	3616	10624
719	3	16	200	3620	20613
720	6	19	200	3624	27002
721	19	8	200	3628	37579
722	5	13	200	3632	709
723	3	16	160	3636	435
724	5	13	200	3640	72604
725	4	7	80	3644	5011
726	0	18	80	3648	5563
727	3	16	80	3652	18820
728	5	13	160	3656	202
729	4	7	80	3660	605
730	0	18	80	3664	6366
731	3	16	80	3668	47859
732	0	18	120	3672	18892
733	4	7	80	3676	19949
734	5	13	120	3680	2661
735	6	19	200	3684	10077
736	19	8	120	3688	10240
737	0	18	80	3692	25535
738	6	19	80	3696	43
739	4	7	160	3700	27393
740	6	19	80	3704	6723
741	6	19	200	3708	2684
742	5	13	120	3712	19900
743	19	8	200	3716	943
744	5	13	120	3720	14408
745	0	18	120	3724	7162
746	1	11	200	3728	19189
747	19	8	120	3732	1944
748	0	18	80	3736	8552
749	4	7	120	3740	12501
750	4	7	200	3744	8731
751	5	13	160	3748	1188
752	19	8	200	3752	13002
753	5	13	200	3756	34133
754	0	18	160	3760	393
755	6	19	200	3764	24460
756	1	11	120	3768	3800
757	0	18	120	3772	11242
758	6	19	120	3776	3332
759	5	13	200	3780	15441
760	6	19	160	3784	19984
761	1	11	120	3788	35461
762	3	16	200	3792	3036
763	15	0	120	3796	17525
764	6	19	160	3800	9590
765	6	19	200	3804	21324
766	15	0	80	3808	14297
767	19	8	200	3812	17315
768	19	8	120	3816	55997
769	1	11	120	3820	6087
770	0	18	160	3824	24337
771	1	11	120	3828	12252
772	5	13	200	3832	8323
773	0	18	80	3836	14032
774	6	19	200	3840	5962
775	19	8	80	3844	14217
776	4	7	160	3848	1905
777	5	13	200	3852	48083
778	15	0	120	3856	4925
779	5	13	120	3860	9533
780	1	11	80	3864	9408
781	1	11	160	3868	3002
782	1	11	80	3872	3974
783	0	18	80	3876	5536
784	0	18	80	3880	9117
785	5	13	160	3884	4582
786	4	7	80	3888	4625
787	4	7	120	3892	22848
788	4	7	160	3896	18064
789	15	0	120	3900	4790
790	4	7	160	3904	4224
791	15	0	80	3908	40535
792	4	7	160	3912	12208
793	0	18	120	3916	3938
794	15	0	80	3920	1093
795	5	13	200	3924	7871
796	4	7	200	3928	45204
797	15	0	80	4000	510
798	3	16	120	4005	8940
799	19	8	120	4010	24312
800	1	11	80	4015	16791
801	3	16	80	4020	417
802	19	8	80	4025	2078
803	19	8	160	4030	1422
804	4	7	200	4035	18102
805	1	11	120	4040	25164
806	0	18	160	4045	10818
807	19	8	160	4050	42983
808	19	8	80	4055	9589
809	0	18	160	4060	4951
810	1	11	120	4065	15402
811	6	19	120	4070	4103
812	3	16	200	4075	3801
813	0	18	80	4080	14220
814	4	7	160	4085	2387
815	5	13	200	4090	10684
816	19	8	80	4095	13159
817	1	11	200	4100	23087
818	6	19	80	4105	3224
819	0	18	200	4110	3181
820	3	16	200	4115	8584
821	3	16	200	4120	22387
822	5	13	120	4125	50981
823	1	11	200	4130	12995
824	6	19	200	4135	1279
825	1	11	160	4140	27938
826	6	19	200	4145	15
827	4	7	160	4150	2988
828	3	16	80	4155	11064
829	0	18	200	4160	28963
830	5	13	80	4165	15160
831	6	19	160	4170	1332
832	1	11	120	4175	7317
833	15	0	80	4180	7584
834	4	7	80	4185	19015
835	19	8	80	4190	8542
836	3	16	160	4195	772
837	1	11	160	4200	2237
838	6	19	120	4205	10723
839	15	0	200	4210	12772
840	4	7	200	4215	15419
841	5	13	120	4220	5126
842	5	13	120	4225	4292
843	3	16	200	4230	6957
844	5	13	80	4235	11183
845	15	0	80	4240	85
846	4	7	80	4245	14224
847	3	16	160	4250	34628
848	6	19	160	4255	1255
849	3	16	80	4260	8260
850	5	13	160	4265	20251
851	1	11	80	4270	1573
852	0	18	200	4275	19682
853	1	11	120	4280	4150
854	6	19	160	4285	5301
855	15	0	120	4290	28633
856	6	19	160	4295	595
857	6	19	80	4300	8260
858	3	16	200	4305	128
859	1	11	80	4310	25071
860	4	7	160	4315	25037
861	6	19	200	4320	5613
862	5	13	160	4325	5542
863	19	8	80	4330	12252
864	5	13	160	4335	11635
865	5	13	200	4340	11543
866	4	7	80	4345	21486
867	5	13	200	4350	19495
868	6	19	200	4355	27547
869	4	7	120	4360	13344
870	1	11	120	4365	8988
871	6	19	160	4370	8219
872	5	13	160	4375	3664
873	15	0	120	4380	10426
874	6	19	80	4385	8549
875	6	19	120	4390	2139
876	15	0	120	4400	9435
877	3	16	120	4404	9469
878	5	13	200	4408	681
879	15	0	160	4412	1185
880	15	0	120	4416	2800
881	4	7	80	4420	705
882	15	0	80	4424	1548
883	0	18	80	4428	1327
884	4	7	80	4432	1204
885	3	16	80	4436	10828
886	5	13	160	4440	4263
887	19	8	80	4444	2151
888	1	11	120	4448	1416
889	6	19	200	4452	26159
890	1	11	160	4456	7412
891	5	13	120	4460	9981
892	15	0	160	4464	2084
893	5	13	80	4468	15046
894	3	16	80	4472	18124
895	15	0	200	4476	5164
896	19	8	200	4480	45694
897	6	19	80	4484	12980
898	6	19	120	4488	20523
899	0	18	80	4492	53454
900	4	7	80	4496	2293
901	19	8	80	4500	26636
902	6	19	200	4504	551
903	1	11	80	4508	6708
904	0	18	160	4512	42256
905	15	0	80	4516	4612
906	6	19	160	4520	23575
907	3	16	160	4524	3066
908	5	13	120	4528	18325
909	19	8	120	4532	2585
910	19	8	200	4536	5422
911	4	7	80	4540	8382
912	1	11	120	4544	7009
913	5	13	80	4548	29804
914	4	7	200	4552	13234
915	0	18	160	4556	20494
916	15	0	200	4560	3492
917	5	13	120	4564	3697
918	4	7	200	4568	9430
919	3	16	160	4572	321
920	0	18	80	4576	4606
921	4	7	80	4580	13268
922	4	7	160	4584	14118
923	0	18	80	4588	149
924	3	16	200	4592	2832
925	6	19	80	4596	39379
926	19	8	80	4600	4920
927	19	8	120	4604	9542
928	4	7	80	4608	19397
929	19	8	80	4612	2089
930	15	0	120	4616	2462
931	1	11	120	4620	25795
932	5	13	80	4624	15559
933	5	13	160	4628	829
934	3	16	160	4632	30324
935	15	0	120	4636	4571
936	6	19	120	4640	147
937	5	13	200	4644	14164
938	0	18	160	4648	1729
939	6	19	80	4652	17970
940	5	13	120	4656	15918
941	3	16	80	4660	917
942	4	7	160	4664	5761
943	1	11	80	4668	29945
944	6	19	200	4672	8892
945	6	19	120	4676	38080
946	3	16	200	4680	1566
947	3	16	120	4684	3339
948	1	11	120	4688	571
949	3	16	160	4692	38757
950	19	8	80	4696	1227
951	4	7	160	4700	14963
952	3	16	80	4704	1488
953	4	7	200	4708	18888
954	0	18	200	4712	13288
955	19	8	80	4716	8437
956	5	13	160	4720	2673
957	6	19	200	4724	397
958	19	8	80	4728	2950
959	3	16	120	4732	96
960	19	8	80	4736	48718
961	6	19	80	4800	4474
962	15	0	120	4805	6621
963	6	19	120	4810	11706
964	1	11	80	4815	99
965	15	0	120	4820	7849
966	19	8	80	4825	17961
967	6	19	160	4830	5650
968	1	11	160	4835	67722
969	5	13	120	4840	5193
970	4	7	120	4845	19710
971	3	16	80	4850	9842
972	5	13	200	4855	1684
973	15	0	200	4860	17530
974	6	19	80	4865	4140
975	6	19	80	4870	3375
976	0	18	120	4875	4071
977	1	11	160	4880	17853
978	3	16	80	4885	8055
979	5	13	160	4890	3486
980	3	16	80	4895	21997
981	5	13	160	4900	1177
982	15	0	80	4905	8365
983	1	11	160	4910	22063
984	19	8	80	4915	775
985	4	7	200	4920	7684
986	19	8	120	4925	17469
987	0	18	120	4930	32574
988	5	13	160	4935	6074
989	4	7	160	4940	6436
990	3	16	200	4945	1494
991	19	8	160	4950	46764
992	6	19	160	4955	7728
993	6	19	80	4960	1619
994	6	19	80	4965	18933
995	15	0	120	4970	6605
996	5	13	160	4975	12580
997	6	19	120	4980	17038
998	0	18	200	4985	28795
999	15	0	120	4990	531
1000	15	0	80	4995	2410
1001	6	19	120	5000	16481
1002	1	11	160	5005	3395
1003	5	13	200	5010	14259
1004	19	8	120	5015	2005
1005	6	19	200	5020	9255
1006	15	0	160	5025	10458
1007	5	13	120	5030	5145
1008	15	0	160	5035	8341
1009	3	16	160	5040	6627
1010	15	0	160	5045	2938
1011	3	16	200	5050	6652
1012	4	7	160	5055	9412
1013	3	16	160	5060	40526
1014	0	18	120	5065	2205
1015	4	7	120	5070	26407
1016	19	8	200	5075	19884
1017	5	13	160	5080	10499
1018	6	19	80	5085	9863
1019	6	19	80	5090	9198
1020	19	8	80	5095	14992
1021	19	8	200	5100	22171
1022	1	11	200	5105	45978
1023	6	19	80	5110	10447
1024	1	11	160	5115	3201
1025	4	7	200	5120	21040
1026	5	13	120	5125	1063
1027	19	8	200	5130	56
1028	0	18	160	5135	43979
1029	15	0	160	5140	24343
1030	1	11	160	5145	10868
1031	4	7	80	5150	9046
1032	1	11	160	5155	24018
1033	4	7	200	5160	7079
1034	15	0	120	5165	872
1035	6	19	200	5170	1175
1036	4	7	80	5175	22529
1037	1	11	120	5180	19724
1038	3	16	120	5185	13939
1039	3	16	80	5200	8933
1040	5	13	80	5205	26622
1041	3	16	80	5210	6496
1042	3	16	160	5215	6804
1043	3	16	80	5220	43288
1044	5	13	200	5225	2646
1045	19	8	200	5230	14113
1046	5	13	200	5235	6874
1047	3	16	80	5240	8535
1048	6	19	160	5245	38134
1049	1	11	200	5250	28159
1050	19	8	120	5255	11423
1051	19	8	200	5260	824
1052	19	8	80	5265	2645
1053	3	16	200	5270	5618
1054	19	8	80	5275	4805
1055	19	8	120	5280	4978
1056	5	13	120	5285	17555
1057	4	7	160	5290	13128
1058	3	16	80	5295	7417
1059	4	7	160	5300	4754
1060	0	18	160	5305	7234
1061	19	8	200	5310	10324
1062	4	7	160	5315	5627
1063	19	8	200	5320	12012
1064	0	18	80	5325	21167
1065	4	7	160	5330	13967
1066	1	11	120	5335	9870
1067	19	8	200	5340	1236
1068	5	13	80	5345	27126
1069	4	7	160	5350	930
1070	0	18	120	5355	517
1071	6	19	120	5360	30
1072	3	16	120	5365	27170
1073	4	7	80	5370	432
1074	1	11	200	5375	12399
1075	5	13	80	5380	4199
1076	5	13	80	5385	6323
1077	19	8	200	5390	65
1078	1	11	80	5395	5801
1079	3	16	200	5400	9387
1080	15	0	200	5405	5945
1081	1	11	120	5410	10290
1082	3	16	80	5415	569
1083	19	8	200	5420	871
1084	15	0	120	5425	3523
1085	3	16	160	5430	9044
1086	4	7	200	5435	4835
1087	15	0	200	5440	8103
1088	5	13	160	5445	1475
1089	15	0	80	5450	15736
1090	0	18	120	5455	4714
1091	19	8	120	5460	2408
1092	15	0	80	5465	5089
1093	19	8	200	5470	5353
1094	1	11	160	5475	899
1095	5	13	120	5480	4526
1096	19	8	120	5485	536
1097	3	16	160	5490	19330
1098	1	11	200	5495	1869
1099	0	18	80	5500	8564
1100	15	0	120	5505	1682
1101	6	19	80	5510	4952
1102	15	0	200	5515	11400
1103	3	16	80	5520	25821
1104	1	11	160	5525	23771
1105	3	16	200	5530	11344
1106	5	13	160	5535	2239
1107	5	13	80	5540	2126
1108	1	11	200	5545	15699
1109	4	7	80	5550	424
1110	3	16	80	5555	31907
1111	6	19	160	5560	17276
1112	1	11	120	5565	3971
1113	0	18	120	5570	30072
1114	5	13	160	5575	33064
1115	15	0	80	5600	25142
1116	6	19	160	5605	9075
1117	5	13	200	5610	4353
1118	0	18	160	5615	5698
1119	6	19	120	5620	4267
1120	0	18	200	5625	5282
1121	3	16	160	5630	866
1122	3	16	80	5635	48393
1123	6	19	80	5640	2165
1124	3	16	120	5645	16623
1125	0	18	200	5650	23625
1126	15	0	120	5655	12836
1127	4	7	120	5660	9219
1128	1	11	120	5665	39618
1129	5	13	160	5670	4804
1130	5	13	160	5675	3476
1131	1	11	160	5680	11278
1132	6	19	200	5685	23697
1133	0	18	200	5690	24780
1134	4	7	120	5695	6368
1135	1	11	200	5700	647
1136	4	7	120	5705	39408
1137	19	8	200	5710	2130
1138	6	19	120	5715	2798
1139	5	13	120	5720	12359
1140	6	19	80	5725	5338
1141	19	8	160	5730	2224
1142	6	19	80	5735	17190
1143	1	11	160	5740	1012
1144	5	13	200	5745	19348
1145	4	7	160	5750	9902
1146	15	0	200	5755	27642
1147	6	19	160	5760	6687
1148	3	16	80	5765	6609
1149	4	7	120	5770	2607
1150	15	0	200	5775	18369
1151	4	7	160	5780	16141
1152	3	16	200	5785	6583
1153	4	7	160	5790	22369
1154	0	18	120	5795	2008
1155	5	13	200	5800	757
1156	3	16	200	5805	5278
1157	1	11	200	5810	7133
1158	19	8	200	5815	1726
1159	1	11	160	5820	20
1160	5	13	160	5825	37102
1161	1	11	80	5830	12064
1162	3	16	160	5835	2666
1163	5	13	120	5840	6125
1164	15	0	120	5845	18345
1165	0	18	120	5850	4639
1166	0	18	160	5855	27849
1167	1	11	120	5860	6303
1168	6	19	80	5865	8476
1169	4	7	200	5870	25836
1170	4	7	200	5875	29501
1171	6	19	160	5880	5505
1172	15	0	120	5885	1214
1173	5	13	120	5890	15939
1174	0	18	120	5895	33798
1175	1	11	80	5900	2482
1176	5	13	120	5905	4424
1177	1	11	160	5910	27791
1178	1	11	80	5915	5441
1179	19	8	160	5920	2497
1180	3	16	200	5925	38710
1181	0	18	160	5930	3130
1182	0	18	80	5935	1434
1183	15	0	80	5940	17526
1184	6	19	200	5945	9482
1185	1	11	80	5950	8610
1186	19	8	200	5955	2485
1187	1	11	120	5960	196
1188	0	18	160	6000	15237
1189	19	8	120	6004	5181
1190	15	0	200	6008	14314
1191	1	11	120	6012	8667
1192	0	18	80	6016	349
1193	5	13	200	6020	2772
1194	0	18	160	6024	13992
1195	4	7	200	6028	15491
1196	5	13	200	6032	42066
1197	1	11	200	6036	5383
1198	3	16	120	6040	4241
1199	4	7	120	6044	7845
1200	4	7	80	6048	12947
1201	5	13	160	6052	8115
1202	0	18	120	6056	30410
1203	19	8	120	6060	9308
1204	19	8	120	6064	3956
1205	1	11	80	6068	6447
1206	6	19	80	6072	12369
1207	15	0	120	6076	13945
1208	4	7	80	6080	28218
1209	19	8	120	6084	41005
1210	19	8	160	6088	16768
1211	0	18	120	6092	7273
1212	0	18	200	6096	1047
1213	0	18	120	6100	35045
1214	19	8	160	6104	507
1215	4	7	200	6108	15490
1216	0	18	200	6112	8843
1217	5	13	160	6116	6773
1218	15	0	160	6120	23051
1219	6	19	80	6124	3795
1220	1	11	160	6128	1720
1221	15	0	120	6132	26012
1222	1	11	200	6136	14034
1223	15	0	200	6140	2034
1224	5	13	80	6144	2487
1225	1	11	120	6148	6131
1226	6	19	160	6152	4973
1227	3	16	160	6156	26475
1228	4	7	160	6160	573
1229	5	13	160	6164	2907
1230	6	19	80	6168	2934
1231	4	7	160	6172	35223
1232	19	8	120	6176	11103
1233	6	19	160	6180	25916
1234	5	13	120	6184	9005
1235	6	19	120	6188	7590
1236	19	8	80	6192	4434
1237	1	11	200	6196	10213
1238	15	0	160	6200	8010
1239	5	13	160	6204	1679
1240	5	13	200	6208	24368
1241	1	11	120	6212	8315
1242	15	0	80	6216	1418
1243	1	11	120	6220	16727
1244	19	8	200	6224	10932
1245	6	19	160	6228	3326
1246	1	11	120	6232	6762
1247	19	8	160	6236	1034
1248	6	19	80	6240	2162
1249	5	13	200	6244	39706
1250	4	7	200	6248	2731
1251	0	18	120	6252	9282
1252	4	7	80	6256	8510
1253	6	19	80	6260	323
1254	3	16	200	6264	5102
1255	5	13	160	6268	17872
1256	4	7	160	6272	19434
1257	1	11	160	6276	17365
1258	3	16	120	6280	5214
1259	6	19	80	6284	25522
1260	4	7	120	6288	953
1261	3	16	160	6292	16798
1262	3	16	200	6296	12277
1263	19	8	160	6300	14037
1264	1	11	80	6304	16648
1265	5	13	200	6308	19671
1266	1	11	200	6312	22842
1267	3	16	120	6316	2661
1268	5	13	200	6320	6500
1269	1	11	80	6400	10201
1270	4	7	160	6404	6454
1271	19	8	80	6408	35562
1272	6	19	80	6412	34654
1273	1	11	200	6416	15402
1274	1	11	120	6420	6178
1275	0	18	120	6424	12049
1276	0	18	80	6428	17851
1277	19	8	160	6432	33288
1278	19	8	80	6436	9797
1279	15	0	120	6440	34825
1280	0	18	80	6444	41783
1281	15	0	200	6448	3559
1282	6	19	160	6452	15491
1283	19	8	200	6456	1042
1284	1	11	200	6460	140
1285	5	13	200	6464	13609
1286	19	8	120	6468	6934
1287	3	16	80	6472	10325
1288	4	7	160	6476	9273
1289	19	8	200	6480	16796
1290	1	11	200	6484	13187
1291	15	0	160	6488	9428
1292	15	0	160	6492	2991
1293	1	11	160	6496	11184
1294	1	11	120	6500	668
1295	1	11	120	6504	1471
1296	15	0	160	6508	23541
1297	19	8	160	6512	6575
1298	19	8	80	6516	19
1299	3	16	200	6520	18844
1300	5	13	160	6524	5954
1301	15	0	80	6528	3165
1302	4	7	200	6532	13099
1303	4	7	200	6536	10766
1304	0	18	80	6540	9513
1305	4	7	200	6544	3535
1306	4	7	120	6548	10825
1307	3	16	120	6552	18446
1308	4	7	200	6556	11743
1309	1	11	120	6560	14967
1310	5	13	160	6564	4
1311	4	7	80	6568	23977
1312	3	16	120	6572	2779
1313	4	7	200	6576	6277
1314	6	19	200	6580	29102
1315	6	19	120	6584	20557
1316	6	19	80	6588	345
1317	3	16	200	6592	9778
1318	6	19	200	6596	13595
1319	6	19	120	6600	896
1320	5	13	120	6604	5486
1321	19	8	200	6608	3841
1322	19	8	160	6612	12969
1323	5	13	80	6616	13120
1324	0	18	120	6620	28355
1325	6	19	80	6624	24652
1326	0	18	120	6628	15611
1327	5	13	120	6632	4950
1328	19	8	160	6636	13259
1329	0	18	200	6640	4059
1330	1	11	200	6644	17859
1331	1	11	120	6648	5210
1332	0	18	160	6652	32979
1333	5	13	80	6656	17428
1334	3	16	200	6660	9687
1335	1	11	200	6664	16045
1336	3	16	80	6668	10768
1337	1	11	160	6672	1708
1338	15	0	200	6676	9208
1339	6	19	200	6680	16948
1340	1	11	120	6684	1052
1341	6	19	80	6688	12732
1342	15	0	120	6692	36655
1343	1	11	120	6696	20953
1344	4	7	80	6700	16777
1345	6	19	200	6704	19455
1346	4	7	80	6708	4939
1347	4	7	160	6712	20139
1348	4	7	160	6716	14238
1349	5	13	200	6720	3206
1350	5	13	120	6724	1092
1351	4	7	160	6728	4316
1352	1	11	200	6732	16348
1353	3	16	160	6736	31852
1354	15	0	160	6740	6641
1355	5	13	200	6744	1496
1356	19	8	120	6748	10160
1357	15	0	160	6752	89186
1358	4	7	160	6756	13916
1359	4	7	200	6800	13509
1360	4	7	120	6805	8996
1361	15	0	200	6810	3552
1362	3	16	200	6815	1482
1363	4	7	200	6820	4934
1364	19	8	160	6825	33458
1365	3	16	80	6830	12535
1366	4	7	120	6835	31648
1367	15	0	80	6840	6974
1368	0	18	80	6845	23039
1369	5	13	80	6850	2296
1370	3	16	120	6855	3094
1371	4	7	120	6860	27124
1372	5	13	200	6865	260
1373	19	8	200	6870	30534
1374	4	7	200	6875	53049
1375	19	8	120	6880	14982
1376	1	11	120	6885	4647
1377	6	19	120	6890	21630
1378	1	11	200	6895	29161
1379	3	16	160	6900	1311
1380	1	11	200	6905	9172
1381	6	19	160	6910	29498
1382	0	18	200	6915	12371
1383	4	7	200	6920	6836
1384	4	7	160	6925	2678
1385	15	0	80	6930	7667
1386	19	8	120	6935	11245
1387	15	0	200	6940	75
1388	15	0	160	6945	5003
1389	15	0	200	6950	6887
1390	3	16	160	6955	2181
1391	4	7	120	6960	10786
1392	15	0	200	6965	7093
1393	4	7	200	6970	23608
1394	3	16	160	6975	3120
1395	4	7	120	6980	21104
1396	4	7	80	6985	9257
1397	3	16	160	6990	11476
1398	1	11	160	6995	26173
1399	0	18	200	7000	1327
1400	3	16	120	7005	24849
1401	6	19	80	7010	27240
1402	3	16	160	7015	38603
1403	19	8	160	7020	8821
1404	1	11	120	7025	86
1405	0	18	200	7030	2547
1406	19	8	160	7035	3951
1407	1	11	80	7040	20742
1408	15	0	160	7045	34102
1409	19	8	80	7050	14937
1410	4	7	160	7055	19083
1411	1	11	80	7060	15985
1412	6	19	200	7065	1097
1413	0	18	200	7070	10493
1414	1	11	80	7075	1827
1415	6	19	160	7080	11393
1416	6	19	80	7085	11389
1417	19	8	80	7090	13746
1418	19	8	80	7095	1769
1419	1	11	160	7100	7535
1420	3	16	200	7105	489
1421	5	13	160	7110	30635
1422	19	8	160	7115	1262
1423	3	16	80	7120	6467
1424	3	16	160	7125	95
1425	15	0	200	7130	12073
1426	5	13	160	7135	7161
1427	0	18	80	7140	2111
1428	6	19	80	7145	14152
1429	0	18	120	7150	2095
1430	4	7	80	7155	2314
1431	15	0	160	7160	14663
1432	5	13	200	7165	35484
1433	0	18	200	7170	19754
1434	19	8	120	7175	3129
1435	5	13	200	7180	12183
1436	4	7	80	7185	37078
1437	1	11	120	7190	1571
1438	1	11	120	7200	6685
1439	4	7	200	7205	105
1440	15	0	120	7210	2551
1441	15	0	120	7215	18489
1442	19	8	80	7220	801
1443	19	8	120	7225	11896
1444	4	7	120	7230	12279
1445	0	18	120	7235	6748
1446	6	19	160	7240	8451
1447	6	19	200	7245	23883
1448	3	16	200	7250	15230
1449	5	13	80	7255	11482
1450	6	19	120	7260	2902
1451	4	7	80	7265	23230
1452	3	16	160	7270	7815
1453	19	8	200	7275	6552
1454	6	19	80	7280	804
1455	6	19	160	7285	36379
1456	6	19	120	7290	19126
1457	19	8	160	7295	9403
1458	5	13	80	7300	8624
1459	3	16	120	7305	5597
1460	5	13	80	7310	16252
1461	19	8	160	7315	1523
1462	4	7	80	7320	1670
1463	15	0	120	7325	18248
1464	4	7	200	7330	9229
1465	5	13	200	7335	1142
1466	6	19	80	7340	18616
1467	6	19	200	7345	3945
1468	0	18	160	7350	5231
1469	5	13	120	7355	8403
1470	3	16	160	7360	12895
1471	4	7	200	7365	8083
1472	6	19	200	7370	3529
1473	5	13	80	7375	1648
1474	4	7	120	7380	3854
1475	5	13	120	7385	3518
1476	6	19	160	7390	23383
1477	0	18	80	7395	7638
1478	19	8	160	7400	17957
1479	1	11	80	7405	10348
1480	1	11	120	7410	1654
1481	15	0	160	7415	10584
1482	6	19	120	7420	7008
1483	0	18	80	7425	956
1484	3	16	80	7430	34895
1485	0	18	80	7435	4622
1486	4	7	80	7440	3085
1487	5	13	200	7445	8990
1488	3	16	160	7450	16275
1489	3	16	160	7455	3905
1490	19	8	120	7460	22053
1491	4	7	160	7465	6356
1492	6	19	120	7470	11304
1493	15	0	200	7475	670
1494	19	8	160	7480	3724
1495	19	8	160	7485	900
1496	3	16	120	7490	12800
1497	1	11	200	7495	3995
1498	5	13	120	7500	1162
1499	15	0	160	7505	9576
1500	3	16	80	7510	12329
1501	0	18	160	7515	3063
1502	6	19	120	7520	8560
1503	15	0	120	7525	2911
1504	1	11	120	7530	37850
1505	1	11	160	7535	15477
1506	15	0	80	7540	11022
1507	15	0	120	7545	5174
1508	5	13	160	7550	1894
1509	1	11	200	7555	19971
1510	0	18	80	7560	1187
1511	6	19	120	7565	4733
1512	1	11	200	7570	17490
1513	3	16	200	7600	32761
1514	1	11	200	7605	3356
1515	6	19	160	7610	2032
1516	1	11	120	7615	13556
1517	4	7	200	7620	657
1518	4	7	80	7625	21697
1519	4	7	200	7630	2933
1520	0	18	200	7635	23946
1521	1	11	120	7640	3626
1522	3	16	80	7645	9261
1523	15	0	200	7650	942
1524	6	19	200	7655	13041
1525	19	8	200	7660	3409
1526	15	0	160	7665	25441
1527	15	0	200	7670	2684
1528	6	19	120	7675	23723
1529	5	13	160	7680	2714
1530	1	11	80	7685	10944
1531	4	7	160	7690	10249
1532	5	13	160	7695	5707
1533	0	18	80	7700	3078
1534	19	8	200	7705	32939
1535	0	18	200	7710	28059
1536	1	11	80	7715	949
1537	19	8	200	7720	3089
1538	15	0	160	7725	1524
1539	1	11	120	7730	2992
1540	1	11	200	7735	15224
1541	6	19	160	7740	25093
1542	19	8	120	7745	5760
1543	1	11	200	7750	32209
1544	1	11	160	7755	2433
1545	1	11	80	7760	8679
1546	3	16	160	7765	12395
1547	3	16	120	7770	13500
1548	5	13	200	7775	19952
1549	1	11	200	7780	1412
1550	6	19	120	7785	6038
1551	19	8	120	7790	11072
1552	6	19	160	7795	7111
1553	1	11	160	7800	25001
1554	15	0	200	7805	13890
1555	1	11	200	7810	5761
1556	15	0	120	7815	13957
1557	15	0	120	7820	6839
1558	0	18	160	7825	9654
1559	3	16	120	7830	14853
1560	4	7	80	7835	22348
1561	19	8	120	7840	6139
1562	0	18	200	7845	8050
1563	0	18	200	7850	34497
1564	19	8	160	7855	2864
1565	5	13	120	7860	8804
1566	0	18	160	7865	35349
1567	1	11	200	7870	9342
1568	4	7	80	7875	83365
1569	1	11	80	7880	4994
1570	4	7	160	7885	997
1571	1	11	120	7890	7171
1572	5	13	80	7895	32616
1573	3	16	200	7900	11463
1574	1	11	200	7905	8271
1575	4	7	120	7910	52688
1576	1	11	200	7915	25398
1577	0	18	120	7920	11180
1578	5	13	120	7925	26701
1579	4	7	200	7930	1919
1580	6	19	120	7935	11094
1581	5	13	80	7940	2747
1582	1	11	80	7945	5933
1583	5	13	160	7950	16658
1584	15	0	120	7955	19741
1585	1	11	160	8000	65509
1586	15	0	80	8004	1632
1587	4	7	200	8008	8390
1588	1	11	120	8012	9331
1589	6	19	200	8016	9701
1590	3	16	120	8020	2920
1591	4	7	160	8024	12313
1592	19	8	120	8028	13460
1593	5	13	80	8032	6317
1594	15	0	120	8036	5659
1595	3	16	160	8040	4598
1596	5	13	160	8044	5886
1597	19	8	120	8048	6907
1598	1	11	120	8052	15247
1599	6	19	80	8056	13077
1600	1	11	120	8060	10055
1601	1	11	200	8064	1305
1602	15	0	120	8068	13536
1603	4	7	160	8072	7616
1604	6	19	120	8076	381
1605	5	13	200	8080	34920
1606	4	7	80	8084	13251
1607	4	7	200	8088	21393
1608	19	8	200	8092	5687
1609	4	7	160	8096	14373
1610	19	8	200	8100	8359
1611	6	19	80	8104	1018
1612	1	11	80	8108	9384
1613	5	13	160	8112	6227
1614	5	13	80	8116	1353
1615	19	8	200	8120	12262
1616	6	19	80	8124	125
1617	5	13	120	8128	16085
1618	3	16	160	8132	1761
1619	6	19	200	8136	2929
1620	15	0	120	8140	5983
1621	6	19	160	8144	7052
1622	19	8	160	8148	4
1623	15	0	80	8152	7056
1624	19	8	160	8156	1594
1625	0	18	200	8160	6918
1626	3	16	80	8164	17933
1627	19	8	80	8168	8925
1628	4	7	120	8172	3281
1629	19	8	80	8176	2377
1630	15	0	160	8180	10992
1631	3	16	160	8184	6998
1632	19	8	200	8188	26139
1633	19	8	80	8192	3109
1634	3	16	160	8196	10422
1635	5	13	120	8200	8322
1636	6	19	200	8204	9016
1637	15	0	120	8208	30333
1638	15	0	80	8212	15241
1639	1	11	120	8216	23721
1640	19	8	160	8220	4755
1641	4	7	80	8224	4201
1642	4	7	80	8228	1610
1643	15	0	200	8232	22171
1644	6	19	80	8236	650
1645	5	13	120	8240	1735
1646	1	11	160	8244	1251
1647	3	16	160	8248	3766
1648	0	18	80	8252	4325
1649	19	8	120	8256	15978
1650	5	13	120	8260	4417
1651	0	18	80	8264	12577
1652	6	19	160	8268	4299
1653	4	7	120	8272	8382
1654	19	8	160	8276	3793
1655	4	7	160	8280	1575
1656	1	11	120	8284	1300
1657	0	18	80	8288	3163
1658	5	13	80	8292	5086
1659	5	13	160	8296	10790
1660	3	16	160	8300	2234
1661	4	7	80	8304	1864
1662	19	8	120	8308	10774
1663	0	18	160	8312	2643
1664	5	13	200	8316	1240
1665	6	19	120	8320	740
1666	15	0	80	8324	2597
1667	1	11	200	8328	4527
1668	3	16	80	8332	20876
1669	19	8	200	8400	11192
1670	1	11	80	8405	1422
1671	15	0	200	8410	1134
1672	15	0	120	8415	231
1673	0	18	80	8420	3860
1674	15	0	120	8425	26427
1675	3	16	120	8430	1227
1676	3	16	160	8435	4607
1677	0	18	200	8440	2063
1678	0	18	80	8445	5967
1679	3	16	120	8450	54990
1680	19	8	80	8455	4969
1681	19	8	120	8460	8467
1682	19	8	80	8465	3013
1683	5	13	200	8470	8398
1684	3	16	160	8475	24646
1685	15	0	160	8480	36068
1686	6	19	200	8485	1820
1687	4	7	160	8490	5815
1688	0	18	160	8495	37813
1689	15	0	80	8500	7337
1690	4	7	200	8505	6079
1691	5	13	160	8510	4220
1692	3	16	120	8515	10259
1693	1	11	120	8520	1617
1694	19	8	160	8525	14116
1695	4	7	120	8530	2430
1696	5	13	160	8535	14561
1697	3	16	120	8540	31549
1698	1	11	200	8545	16358
1699	0	18	160	8550	59340
1700	15	0	80	8555	33772
1701	19	8	160	8560	18433
1702	0	18	160	8565	7065
1703	1	11	80	8570	14293
1704	6	19	120	8575	11742
1705	6	19	160	8580	2946
1706	3	16	160	8585	11941
1707	5	13	120	8590	316
1708	5	13	80	8595	11400
1709	5	13	120	8600	2290
1710	1	11	200	8605	19565
1711	1	11	160	8610	34740
1712	0	18	80	8615	21984
1713	1	11	160	8620	5275
1714	6	19	160	8625	3516
1715	3	16	120	8630	13076
1716	4	7	80	8635	30585
1717	3	16	160	8640	1121
1718	15	0	80	8645	4733
1719	15	0	80	8650	1918
1720	0	18	120	8655	30170
1721	4	7	160	8660	19963
1722	1	11	120	8665	5300
1723	4	7	200	8670	5487
1724	5	13	200	8675	2814
1725	6	19	120	8680	20267
1726	5	13	160	8685	8696
1727	5	13	80	8690	26819
1728	1	11	160	8695	10509
1729	4	7	200	8700	14695
1730	15	0	200	8705	6018
1731	0	18	80	8710	5950
1732	15	0	200	8715	6410
1733	0	18	120	8720	6109
1734	5	13	80	8725	611
1735	19	8	120	8730	9697
1736	19	8	200	8800	758
1737	15	0	200	8804	8956
1738	19	8	160	8808	25364
1739	5	13	200	8812	12736
1740	5	13	200	8816	4630
1741	0	18	120	8820	1462
1742	15	0	120	8824	17677
1743	5	13	80	8828	18356
1744	6	19	80	8832	12710
1745	1	11	120	8836	7234
1746	4	7	160	8840	7319
1747	0	18	160	8844	2965
1748	5	13	200	8848	24673
1749	6	19	120	8852	339
1750	19	8	120	8856	3637
1751	1	11	80	8860	11411
1752	4	7	120	8864	11052
1753	4	7	160	8868	10888
1754	19	8	120	8872	920
1755	4	7	160	8876	1664
1756	15	0	120	8880	6697
1757	5	13	160	8884	974
1758	5	13	120	8888	8011
1759	0	18	80	8892	19855
1760	1	11	80	8896	14536
1761	15	0	160	8900	16042
1762	4	7	200	8904	7013
1763	1	11	80	8908	28518
1764	6	19	160	8912	18134
1765	1	11	200	8916	6396
1766	3	16	200	8920	9081
1767	0	18	200	8924	6978
1768	6	19	160	8928	4383
1769	6	19	80	8932	14437
1770	4	7	120	8936	11069
1771	6	19	120	8940	6048
1772	4	7	80	8944	2828
1773	3	16	80	8948	13374
1774	3	16	120	8952	21092
1775	19	8	200	8956	19576
1776	5	13	80	8960	486
1777	6	19	80	8964	10230
1778	15	0	200	8968	15010
1779	3	16	120	8972	16940
1780	1	11	200	8976	5330
1781	4	7	200	8980	4221
1782	19	8	120	8984	254
1783	4	7	80	8988	9731
1784	4	7	160	8992	7057
1785	6	19	160	8996	18213
1786	5	13	160	9000	18675
1787	4	7	80	9004	20407
1788	0	18	80	9008	4719
1789	1	11	160	9012	30338
1790	1	11	80	9016	1624
1791	4	7	80	9020	49059
1792	1	11	120	9024	475
1793	15	0	120	9028	875
1794	3	16	200	9032	36390
1795	15	0	120	9036	10491
1796	6	19	160	9040	13382
1797	5	13	120	9044	23912
1798	15	0	160	9048	48
1799	5	13	120	9052	3294
1800	19	8	160	9056	30598
1801	4	7	160	9060	189
1802	4	7	80	9064	29300
1803	19	8	160	9068	2269
1804	3	16	200	9072	6650
1805	3	16	200	9076	24081
1806	6	19	80	9080	6202
1807	0	18	120	9084	31903
1808	0	18	120	9088	17577
1809	19	8	120	9092	3767
1810	15	0	120	9096	1128
1811	0	18	80	9100	23093
1812	15	0	200	9104	5435
1813	3	16	200	9108	15748
1814	15	0	120	9112	7177
1815	6	19	80	9116	6243
1816	15	0	80	9120	15121
1817	19	8	200	9124	26166
1818	15	0	120	9128	7449
1819	0	18	200	9132	78519
1820	5	13	80	9136	11741
1821	15	0	160	9140	14997
1822	19	8	200	9144	1476
1823	4	7	200	9148	5849
1824	4	7	200	9200	10216
1825	19	8	120	9206	11586
1826	5	13	200	9212	5300
1827	5	13	160	9218	1804
1828	0	18	80	9224	15281
1829	5	13	200	9230	3368
1830	3	16	120	9236	1701
1831	0	18	200	9242	2324
1832	19	8	160	9248	10117
1833	3	16	160	9254	7702
1834	3	16	200	9260	21575
1835	15	0	80	9266	5041
1836	0	18	200	9272	5805
1837	19	8	160	9278	22657
1838	1	11	80	9284	1672
1839	1	11	200	9290	10383
1840	19	8	160	9296	5682
1841	5	13	120	9302	23518
1842	3	16	200	9308	597
1843	0	18	160	9314	687
1844	4	7	120	9320	21293
1845	1	11	80	9326	3818
1846	5	13	120	9332	11579
1847	15	0	120	9338	4418
1848	0	18	80	9344	11618
1849	6	19	160	9350	9479
1850	19	8	120	9356	24160
1851	6	19	200	9362	18453
1852	6	19	200	9368	6153
1853	6	19	200	9374	66
1854	19	8	80	9380	11483
1855	0	18	200	9386	2805
1856	4	7	200	9392	27614
1857	0	18	80	9398	8988
1858	4	7	200	9404	10970
1859	3	16	160	9410	19693
1860	6	19	200	9416	8523
1861	1	11	120	9422	3678
1862	0	18	80	9428	2825
1863	5	13	160	9434	8911
1864	6	19	80	9440	1772
1865	6	19	120	9446	29398
1866	1	11	160	9452	4015
1867	4	7	120	9458	26548
1868	19	8	80	9464	27211
1869	0	18	80	9470	1359
1870	6	19	120	9476	268
1871	15	0	160	9482	24274
1872	6	19	160	9488	16973
1873	6	19	160	9494	25789
1874	1	11	80	9500	11654
1875	0	18	200	9506	17377
1876	5	13	200	9512	13118
1877	19	8	80	9518	744
1878	0	18	160	9524	9726
1879	3	16	200	9530	4290
1880	4	7	80	9536	2
1881	6	19	160	9542	603
1882	5	13	120	9548	8792
1883	3	16	160	9554	2293
1884	6	19	160	9560	5702
1885	5	13	160	9566	5114
1886	3	16	80	9572	17894
1887	1	11	200	9578	9965
1888	3	16	120	9584	23400
1889	1	11	200	9590	11798
1890	3	16	80	9600	7025
1891	0	18	160	9605	23286
1892	5	13	200	9610	3444
1893	19	8	120	9615	4696
1894	4	7	200	9620	878
1895	6	19	80	9625	1441
1896	4	7	120	9630	12573
1897	15	0	80	9635	8918
1898	4	7	120	9640	30066
1899	6	19	200	9645	29827
1900	19	8	160	9650	53193
1901	1	11	200	9655	15642
1902	15	0	80	9660	6363
1903	19	8	80	9665	8636
1904	19	8	80	9670	8909
1905	0	18	160	9675	80115
1906	19	8	80	9680	343
1907	0	18	80	9685	8751
1908	5	13	160	9690	5816
1909	19	8	120	9695	22841
1910	5	13	80	9700	9413
1911	5	13	160	9705	21971
1912	19	8	160	9710	42825
1913	1	11	200	9715	4254
1914	19	8	160	9720	19678
1915	19	8	120	9725	7381
1916	5	13	80	9730	16378
1917	6	19	120	9735	437
1918	19	8	80	9740	1892
1919	0	18	160	9745	18743
1920	3	16	120	9750	1793
1921	0	18	160	9755	15287
1922	1	11	200	9760	400
1923	6	19	120	9765	3785
1924	6	19	200	9770	13086
1925	6	19	200	9775	2174
1926	3	16	160	9780	11555
1927	15	0	80	9785	6810
1928	1	11	200	9790	20109
1929	4	7	200	9795	8515
1930	5	13	120	9800	1475
1931	15	0	160	9805	1816
1932	4	7	160	9810	1834
1933	3	16	200	9815	12214
1934	4	7	120	9820	4496
1935	1	11	80	9825	3806
1936	19	8	120	9830	12176
1937	5	13	120	9835	75
1938	4	7	120	9840	12595
1939	5	13	200	9845	5727
1940	6	19	120	9850	4607
1941	3	16	200	9855	3566
1942	6	19	80	9860	2381
1943	4	7	80	9865	81
1944	6	19	160	9870	1030
1945	15	0	160	9875	11098
1946	0	18	200	9880	25908
1947	3	16	200	9885	36182
1948	0	18	200	9890	8753
1949	5	13	120	9895	11334
1950	1	11	80	9900	5517
1951	15	0	200	9905	11406
1952	15	0	80	9910	5708
1953	4	7	200	9915	1644
1954	3	16	120	9920	18056
1955	15	0	200	9925	3741
1956	19	8	80	9930	14273
1957	1	11	200	9935	1824
1958	3	16	80	9940	22697
1959	3	16	80	9945	5324
1960	6	19	80	9950	5746
1961	1	11	80	9955	10849
1962	15	0	120	9960	14646
1963	0	18	160	9965	25043
1964	4	7	200	9970	15948
1965	15	0	120	9975	6193
1966	0	18	200	9980	14367
1967	6	19	200	9985	4862
1968	6	19	160	10000	51246
1969	6	19	160	10012	9167
1970	0	18	80	10024	20707
1971	19	8	160	10036	16086
1972	3	16	200	10048	5851
1973	3	16	120	10060	17447
1974	4	7	80	10072	7651
1975	0	18	160	10084	25612
1976	4	7	120	10096	9324
1977	15	0	160	10108	316
1978	0	18	160	10120	2503
1979	19	8	120	10132	749
1980	6	19	80	10144	3961
1981	19	8	160	10156	13204
1982	6	19	80	10168	29615
1983	6	19	120	10180	2703
1984	3	16	160	10192	1803
1985	15	0	160	10204	8371
1986	19	8	160	10216	17220
1987	0	18	200	10228	165
1988	19	8	120	10240	23656
1989	5	13	160	10252	548
1990	3	16	200	10264	10301
1991	15	0	120	10276	8233
1992	3	16	80	10288	2051
1993	0	18	120	10300	4136
1994	19	8	160	10312	83087
1995	4	7	80	10324	15435
1996	5	13	120	10336	9640
1997	5	13	160	10348	4350
1998	0	18	120	10360	3801
1999	15	0	120	10372	13638
