0	19	8	200	0	5227
1	4	7	80	4	3527
2	1	11	200	8	8682
3	3	16	160	12	28165
4	6	19	200	16	13406
5	3	16	120	20	28273
6	5	13	120	24	28018
7	3	16	80	28	33386
8	15	0	200	32	74021
9	4	7	80	36	11799
10	4	7	120	40	2127
11	6	19	160	44	1098
12	3	16	120	48	15123
13	4	7	80	52	37440
14	5	13	80	56	3207
15	6	19	160	60	11695
16	1	11	80	64	1691
17	0	18	80	68	4221
18	5	13	160	72	16327
19	15	0	160	76	13983
20	15	0	160	80	839
21	4	7	80	84	50909
22	0	18	80	88	44787
23	4	7	200	92	9301
24	3	16	80	96	50758
25	3	16	80	100	3073
26	15	0	120	104	7990
27	0	18	160	108	46611
28	4	7	160	112	55056
29	4	7	200	116	24451
30	0	18	200	120	23718
31	5	13	120	124	24644
32	4	7	120	128	7617
33	4	7	160	132	19880
34	1	11	160	136	16828
35	3	16	120	140	3942
36	6	19	80	144	36084
37	15	0	120	148	6562
38	4	7	120	152	64847
39	15	0	160	156	47062
40	1	11	160	160	47310
41	6	19	80	164	242
42	3	16	200	168	35842
43	19	8	200	172	28443
44	4	7	120	176	598
45	1	11	200	180	33328
46	6	19	200	184	17263
47	3	16	120	188	8637
48	19	8	120	192	4905
49	6	19	120	196	36583
50	4	7	160	200	722
51	5	13	200	204	22147
52	4	7	80	208	99629
53	19	8	160	212	25979
54	4	7	160	216	10177
55	4	7	200	220	11322
56	3	16	200	224	10813
57	15	0	200	228	115713
58	19	8	120	232	44714
59	4	7	160	236	9062
60	4	7	200	240	13722
61	5	13	200	244	48266
62	19	8	120	248	50701
63	4	7	200	252	11910
64	3	16	120	256	41460
65	19	8	80	260	18737
66	1	11	120	264	45104
67	19	8	160	268	67102
68	1	11	120	272	9418
69	3	16	160	276	105517
70	19	8	120	280	26876
71	4	7	200	284	53058
72	5	13	200	288	7633
73	6	19	80	292	27693
74	5	13	80	296	24136
75	0	18	120	300	592
76	0	18	120	304	3442
77	1	11	80	308	4885
78	19	8	160	312	8487
79	1	11	80	316	4253
80	5	13	80	320	28900
81	5	13	80	324	113819
82	0	18	80	400	29399
83	6	19	80	404	3924
84	19	8	120	408	22793
85	5	13	200	412	701
86	1	11	120	416	26637
87	5	13	160	420	28111
88	19	8	80	424	6374
89	6	19	200	428	3551
90	19	8	120	432	46644
91	15	0	80	436	37763
92	15	0	200	440	14842
93	0	18	160	444	27449
94	4	7	160	448	15560
95	6	19	160	452	142332
96	6	19	200	456	5289
97	19	8	200	460	13182
98	5	13	160	464	56147
99	4	7	80	468	21337
100	0	18	160	472	63261
101	15	0	120	476	22434
102	0	18	200	480	109236
103	5	13	200	484	5686
104	15	0	200	488	3332
105	0	18	200	492	5413
106	19	8	80	496	10307
107	6	19	80	500	11780
108	4	7	160	504	763
109	4	7	80	508	9347
110	3	16	160	512	6846
111	1	11	200	516	4890
112	15	0	120	520	35890
113	15	0	80	524	29923
114	15	0	160	528	28047
115	15	0	200	532	14518
116	4	7	200	536	5269
117	3	16	80	540	34248
118	4	7	160	544	43636
119	15	0	120	548	38569
120	15	0	200	552	58022
121	6	19	160	556	5106
122	19	8	120	560	34215
123	4	7	160	564	5100
124	4	7	80	568	5080
125	0	18	120	572	58591
126	6	19	200	576	16145
127	5	13	80	580	26640
128	3	16	120	584	6308
129	19	8	120	588	24550
130	3	16	120	592	52893
131	1	11	120	596	37737
132	5	13	160	600	9776
133	5	13	120	604	36476
134	0	18	160	608	7882
135	15	0	200	612	2719
136	5	13	80	616	85
137	4	7	120	620	17580
138	19	8	80	624	525
139	19	8	120	628	13437
140	5	13	200	632	35322
141	4	7	80	636	8824
142	0	18	80	640	26127
143	5	13	200	644	70648
144	4	7	120	648	65097
145	15	0	160	652	29453
146	0	18	160	656	507
147	19	8	200	660	39371
148	3	16	80	664	135478
149	5	13	200	668	616
150	1	11	160	672	48365
151	4	7	200	676	17588
152	4	7	80	680	24691
153	15	0	120	684	3502
154	6	19	120	688	30140
155	3	16	80	692	36544
156	15	0	200	696	52359
157	5	13	120	700	46985
158	1	11	160	704	504
159	6	19	160	708	7521
160	3	16	80	712	37458
161	4	7	200	716	33171
162	4	7	200	720	4279
163	4	7	80	724	16386
164	0	18	160	728	15987
165	1	11	80	732	18135
166	6	19	80	736	56177
167	3	16	200	740	144429
168	6	19	160	744	14830
169	0	18	200	800	21754
170	3	16	200	805	14374
171	19	8	160	810	34208
172	4	7	200	815	32534
173	4	7	80	820	14697
174	1	11	120	825	881
175	3	16	160	830	25920
176	5	13	120	835	22989
177	3	16	160	840	43111
178	0	18	80	845	8594
179	5	13	160	850	20273
180	0	18	160	855	54785
181	6	19	200	860	32195
182	1	11	80	865	27220
183	6	19	120	870	5555
184	6	19	160	875	40152
185	19	8	160	880	13491
186	6	19	80	885	4689
187	6	19	120	890	5458
188	15	0	200	895	2002
189	15	0	120	900	20347
190	19	8	200	905	7930
191	19	8	160	910	5892
192	3	16	160	915	16659
193	1	11	160	920	42780
194	6	19	120	925	28885
195	1	11	80	930	640
196	0	18	120	935	3854
197	6	19	200	940	5003
198	5	13	120	945	18567
199	1	11	120	950	15517
200	1	11	160	955	43066
201	6	19	200	960	672
202	1	11	80	965	11792
203	3	16	80	970	16835
204	1	11	80	975	27109
205	3	16	80	980	3482
206	19	8	80	985	42308
207	0	18	80	990	5474
208	6	19	200	995	2535
209	4	7	200	1000	1597
210	6	19	160	1005	5177
211	4	7	120	1010	1742
212	4	7	120	1015	22292
213	6	19	80	1020	19555
214	5	13	200	1025	13245
215	6	19	80	1030	1562
216	1	11	160	1035	2105
217	6	19	120	1040	91397
218	6	19	120	1045	32024
219	0	18	80	1050	1515
220	4	7	200	1055	10903
221	19	8	160	1060	32647
222	5	13	200	1065	72614
223	19	8	80	1070	63026
224	0	18	200	1075	9729
225	3	16	80	1080	6662
226	6	19	200	1085	8311
227	3	16	80	1090	65649
228	15	0	200	1095	40525
229	0	18	120	1100	235
230	3	16	120	1105	18049
231	19	8	160	1110	14135
232	15	0	120	1115	10018
233	19	8	200	1120	51112
234	4	7	200	1125	36662
235	4	7	200	1130	50442
236	4	7	160	1135	11617
237	19	8	200	1140	5212
238	5	13	120	1145	22970
239	4	7	160	1150	28973
240	0	18	160	1155	25869
241	6	19	80	1160	105151
242	0	18	120	1165	2657
243	4	7	80	1170	382
244	1	11	160	1175	11961
245	4	7	160	1180	5774
246	5	13	120	1185	28671
247	6	19	160	1190	81627
248	5	13	160	1200	14589
249	19	8	80	1204	24918
250	19	8	120	1208	83988
251	4	7	200	1212	5110
252	19	8	120	1216	18432
253	4	7	80	1220	15841
254	15	0	120	1224	3040
255	3	16	200	1228	2851
256	1	11	200	1232	2902
257	3	16	200	1236	16689
258	1	11	120	1240	4826
259	19	8	80	1244	14701
260	5	13	120	1248	55074
261	6	19	200	1252	58267
262	1	11	80	1256	14906
263	6	19	160	1260	2279
264	1	11	120	1264	24309
265	6	19	80	1268	41449
266	6	19	80	1272	39903
267	5	13	120	1276	34669
268	1	11	80	1280	41471
269	1	11	80	1284	21862
270	1	11	120	1288	35114
271	1	11	200	1292	65203
272	1	11	80	1296	14398
273	3	16	200	1300	1046
274	19	8	120	1304	16721
275	15	0	200	1308	11887
276	15	0	80	1312	25504
277	1	11	160	1316	67942
278	15	0	160	1320	22174
279	6	19	120	1324	3174
280	15	0	160	1328	23690
281	0	18	80	1332	10431
282	6	19	120	1336	19297
283	15	0	160	1340	5403
284	0	18	80	1344	1678
285	15	0	120	1348	10321
286	0	18	80	1352	68730
287	3	16	80	1356	56851
288	1	11	160	1360	37284
289	1	11	80	1364	28080
290	3	16	200	1368	37339
291	1	11	160	1372	61951
292	15	0	160	1376	323
293	6	19	120	1380	4591
294	15	0	80	1384	42983
295	4	7	160	1388	36438
296	4	7	200	1392	23231
297	4	7	200	1396	348
298	1	11	200	1400	15900
299	4	7	160	1404	23973
300	15	0	160	1408	15583
301	19	8	200	1412	74758
302	4	7	160	1416	5325
303	4	7	160	1420	55893
304	15	0	160	1424	58145
305	6	19	120	1428	1366
306	3	16	200	1432	40524
307	5	13	120	1436	16515
308	5	13	160	1440	113169
309	19	8	160	1444	39608
310	4	7	160	1448	19351
311	19	8	80	1452	5790
312	5	13	120	1456	65031
313	5	13	80	1460	1470
314	0	18	120	1464	50890
315	5	13	120	1468	22301
316	19	8	120	1472	13257
317	4	7	120	1476	7584
318	5	13	120	1480	565
319	3	16	200	1484	8888
320	6	19	200	1488	54719
321	4	7	200	1492	62008
322	4	7	200	1496	102353
323	0	18	200	1500	4204
324	19	8	80	1504	45843
325	0	18	200	1508	48657
326	4	7	80	1512	62079
327	4	7	200	1516	8084
328	4	7	200	1520	8134
329	5	13	200	1524	35823
330	4	7	200	1528	42666
331	4	7	120	1532	24657
332	19	8	200	1536	18222
333	3	16	80	1540	99938
334	15	0	160	1544	31936
335	15	0	200	1548	28619
336	5	13	120	1552	4152
337	1	11	200	1556	28133
338	0	18	80	1600	10020
339	4	7	160	1604	297
340	5	13	160	1608	21957
341	4	7	200	1612	17698
342	15	0	120	1616	60874
343	1	11	200	1620	108130
344	15	0	120	1624	4034
345	3	16	200	1628	22335
346	5	13	120	1632	125279
347	1	11	120	1636	90368
348	5	13	80	1640	10539
349	1	11	200	1644	7518
350	4	7	80	1648	12090
351	19	8	160	1652	11068
352	19	8	120	1656	136468
353	19	8	200	1660	4924
354	6	19	160	1664	35333
355	4	7	160	1668	21501
356	5	13	80	1672	87839
357	4	7	200	1676	961
358	5	13	120	1680	1692
359	6	19	200	1684	1452
360	3	16	120	1688	4766
361	15	0	80	1692	20203
362	0	18	160	1696	6020
363	19	8	200	1700	8455
364	5	13	200	1704	103128
365	19	8	120	1708	68539
366	0	18	120	1712	34511
367	3	16	120	1716	74520
368	6	19	120	1720	12972
369	3	16	160	1724	6157
370	19	8	200	1728	14832
371	15	0	160	1732	38077
372	3	16	120	1736	77170
373	1	11	200	1740	264
374	6	19	80	1744	36504
375	1	11	80	1748	13831
376	5	13	160	1752	126
377	3	16	200	1756	149384
378	3	16	160	1760	147
379	5	13	120	1764	8274
380	5	13	120	1768	50533
381	1	11	160	1772	74755
382	19	8	160	1776	77460
383	3	16	200	1780	469
384	0	18	160	1784	12987
385	4	7	80	1788	17025
386	5	13	200	1792	25178
387	19	8	200	1796	10678
388	5	13	160	1800	8240
389	4	7	80	1804	4364
390	3	16	160	1808	32218
391	1	11	160	1812	3077
392	6	19	120	1816	23972
393	3	16	80	1820	8065
394	1	11	120	1824	53884
395	15	0	160	1828	838
396	3	16	80	1832	9005
397	15	0	120	1836	27511
398	6	19	80	1840	115
399	15	0	80	1844	6980
400	3	16	160	1848	51519
401	3	16	200	1852	1686
402	5	13	80	1856	24933
403	3	16	160	1860	3461
404	1	11	200	1864	48682
405	6	19	160	1868	26175
406	5	13	80	1872	13843
407	6	19	160	1876	113983
408	3	16	160	1880	15877
409	5	13	120	1884	11091
410	15	0	80	1888	21230
411	3	16	80	1892	91134
412	1	11	120	1896	809
413	19	8	80	1900	45459
414	1	11	120	1904	6780
415	0	18	160	1908	7165
416	15	0	120	1912	24083
417	15	0	160	1916	5449
418	15	0	120	1920	61678
419	0	18	160	1924	20507
420	4	7	160	1928	10815
421	0	18	120	1932	13903
422	6	19	200	1936	31488
423	1	11	120	1940	7189
424	19	8	200	2000	20193
425	15	0	120	2004	10274
426	0	18	80	2008	5153
427	0	18	80	2012	32449
428	0	18	160	2016	4728
429	19	8	160	2020	33615
430	19	8	80	2024	3413
431	15	0	80	2028	13333
432	5	13	200	2032	132105
433	4	7	120	2036	42984
434	3	16	200	2040	14996
435	1	11	160	2044	42021
436	6	19	160	2048	11685
437	6	19	80	2052	48145
438	0	18	80	2056	5982
439	4	7	200	2060	40402
440	15	0	80	2064	1897
441	15	0	80	2068	26378
442	6	19	80	2072	60383
443	0	18	80	2076	73620
444	6	19	80	2080	26569
445	0	18	160	2084	35860
446	0	18	120	2088	2200
447	6	19	120	2092	41445
448	0	18	200	2096	1003
449	0	18	200	2100	27706
450	19	8	120	2104	16873
451	4	7	120	2108	2893
452	19	8	80	2112	37305
453	5	13	120	2116	18572
454	4	7	160	2120	64547
455	1	11	80	2124	16729
456	5	13	80	2128	13531
457	3	16	160	2132	12631
458	3	16	160	2136	25827
459	4	7	160	2140	20381
460	5	13	120	2144	16197
461	5	13	200	2148	34076
462	6	19	80	2152	49215
463	3	16	80	2156	37062
464	6	19	120	2160	6681
465	0	18	200	2164	4637
466	6	19	80	2168	98506
467	6	19	200	2172	7829
468	6	19	80	2176	13754
469	19	8	200	2180	16136
470	3	16	200	2184	60464
471	1	11	80	2188	39501
472	15	0	160	2192	116599
473	4	7	120	2196	3762
474	3	16	160	2200	16929
475	5	13	120	2204	34681
476	4	7	80	2208	19808
477	5	13	160	2212	38520
478	4	7	120	2216	26625
479	19	8	80	2220	43921
480	6	19	80	2224	7375
481	3	16	160	2228	14103
482	19	8	120	2232	29471
483	19	8	160	2236	20970
484	19	8	80	2240	7918
485	4	7	160	2244	468
486	15	0	80	2248	28818
487	0	18	120	2252	19758
488	19	8	200	2256	60392
489	0	18	160	2260	93762
490	6	19	160	2264	14015
491	4	7	200	2268	106992
492	3	16	160	2272	6899
493	5	13	160	2276	31496
494	15	0	120	2280	10985
495	3	16	80	2284	12568
496	1	11	80	2288	42731
497	4	7	200	2292	4564
498	4	7	200	2296	35204
499	6	19	80	2300	17263
500	3	16	120	2304	39020
501	4	7	120	2308	49887
502	0	18	120	2312	13578
503	0	18	200	2316	25459
504	6	19	200	2320	38111
505	15	0	80	2324	33394
506	6	19	200	2328	3380
507	5	13	160	2332	26394
508	3	16	200	2336	885
509	19	8	120	2400	5901
510	15	0	80	2406	80070
511	0	18	120	2412	28288
512	15	0	120	2418	38757
513	3	16	160	2424	46615
514	6	19	120	2430	9412
515	1	11	200	2436	1246
516	5	13	160	2442	1522
517	6	19	120	2448	10003
518	3	16	200	2454	18716
519	1	11	160	2460	6098
520	1	11	160	2466	19969
521	6	19	200	2472	17468
522	6	19	80	2478	12479
523	6	19	120	2484	15410
524	3	16	120	2490	1266
525	19	8	80	2496	66358
526	15	0	160	2502	21599
527	3	16	80	2508	10355
528	5	13	80	2514	45234
529	0	18	160	2520	2704
530	4	7	80	2526	73514
531	19	8	80	2532	12350
532	1	11	200	2538	903
533	15	0	80	2544	4663
534	6	19	160	2550	1138
535	3	16	160	2556	14300
536	3	16	120	2562	321
537	19	8	160	2568	1547
538	1	11	200	2574	42845
539	1	11	80	2580	22343
540	15	0	200	2586	65281
541	3	16	160	2592	919
542	15	0	120	2598	18046
543	0	18	160	2604	33181
544	1	11	160	2610	627
545	6	19	80	2616	39717
546	5	13	160	2622	7268
547	19	8	200	2628	14660
548	19	8	80	2634	13831
549	5	13	160	2640	9236
550	6	19	160	2646	10338
551	4	7	160	2652	18428
552	0	18	80	2658	30449
553	1	11	80	2664	20543
554	4	7	120	2670	84034
555	6	19	160	2676	9498
556	6	19	120	2682	17884
557	4	7	200	2688	90849
558	6	19	160	2694	22543
559	15	0	200	2700	50812
560	19	8	160	2706	4846
561	3	16	160	2712	45712
562	19	8	160	2718	46382
563	1	11	120	2724	78345
564	4	7	80	2730	8523
565	15	0	200	2736	24696
566	15	0	160	2742	25946
567	0	18	80	2748	25381
568	6	19	200	2754	41264
569	3	16	160	2760	60694
570	19	8	120	2766	914
571	6	19	80	2772	197933
572	5	13	120	2778	20371
573	0	18	200	2784	77741
574	4	7	200	2790	9702
575	19	8	80	2800	18181
576	15	0	120	2805	126411
577	5	13	120	2810	30650
578	4	7	160	2815	14354
579	6	19	80	2820	9444
580	4	7	120	2825	31720
581	15	0	160	2830	3900
582	4	7	200	2835	70493
583	0	18	120	2840	20565
584	3	16	200	2845	42823
585	0	18	120	2850	16506
586	19	8	80	2855	33131
587	19	8	160	2860	20081
588	3	16	200	2865	6358
589	19	8	80	2870	39059
590	6	19	120	2875	73634
591	19	8	120	2880	1448
592	1	11	200	2885	19453
593	4	7	80	2890	81927
594	3	16	120	2895	13877
595	4	7	80	2900	2896
596	3	16	80	2905	7069
597	5	13	80	2910	21500
598	5	13	120	2915	15828
599	3	16	200	2920	16040
600	15	0	160	2925	4675
601	5	13	120	2930	28033
602	3	16	80	2935	28350
603	5	13	120	2940	19647
604	6	19	80	2945	8012
605	0	18	160	2950	10372
606	19	8	120	2955	94092
607	19	8	80	2960	36167
608	15	0	120	2965	7209
609	5	13	120	2970	17918
610	15	0	120	2975	9932
611	0	18	200	2980	46016
612	19	8	120	2985	22981
613	0	18	160	2990	8684
614	4	7	120	2995	4856
615	0	18	200	3000	821
616	19	8	160	3005	60615
617	19	8	80	3010	9548
618	19	8	120	3015	4740
619	4	7	160	3020	47559
620	19	8	160	3025	62402
621	15	0	200	3030	2709
622	6	19	120	3035	13974
623	6	19	160	3040	530
624	6	19	120	3045	88528
625	19	8	80	3050	112043
626	5	13	80	3055	19315
627	0	18	120	3060	23665
628	15	0	120	3065	22167
629	0	18	160	3070	6059
630	6	19	80	3075	8222
631	3	16	80	3080	16894
632	19	8	80	3085	7446
633	0	18	200	3090	93866
634	19	8	120	3095	3979
635	15	0	80	3100	1298
636	5	13	120	3105	19037
637	15	0	160	3110	15016
638	3	16	80	3115	8865
639	3	16	120	3120	17975
640	1	11	80	3125	18316
641	19	8	80	3130	96845
642	1	11	80	3135	9388
643	15	0	120	3140	36710
644	1	11	200	3145	16919
645	5	13	120	3150	3618
646	0	18	200	3155	18880
647	0	18	120	3160	7469
648	0	18	160	3165	43322
649	1	11	120	3170	12579
650	4	7	120	3175	6708
651	4	7	200	3180	76176
652	6	19	160	3185	13397
653	1	11	160	3200	26709
654	4	7	80	3204	21973
655	19	8	160	3208	1779
656	15	0	200	3212	7671
657	5	13	160	3216	26939
658	19	8	200	3220	22147
659	15	0	80	3224	8702
660	5	13	120	3228	46684
661	15	0	200	3232	14059
662	1	11	160	3236	5497
663	6	19	160	3240	923
664	15	0	80	3244	6891
665	5	13	80	3248	52307
666	0	18	200	3252	23837
667	19	8	160	3256	25302
668	1	11	80	3260	4033
669	5	13	80	3264	3385
670	5	13	160	3268	21474
671	1	11	80	3272	17783
672	6	19	200	3276	496
673	6	19	80	3280	32078
674	3	16	120	3284	11504
675	19	8	160	3288	72081
676	6	19	200	3292	46114
677	19	8	200	3296	30407
678	5	13	200	3300	23323
679	0	18	80	3304	50693
680	19	8	80	3308	18920
681	4	7	200	3312	8590
682	0	18	160	3316	42826
683	5	13	200	3320	5728
684	5	13	120	3324	111797
685	3	16	80	3328	10811
686	6	19	160	3332	2115
687	15	0	120	3336	27001
688	6	19	160	3340	15311
689	19	8	160	3344	2060
690	19	8	80	3348	45869
691	0	18	200	3352	58316
692	19	8	160	3356	56804
693	4	7	80	3360	119
694	6	19	80	3364	30414
695	3	16	120	3368	2498
696	15	0	120	3372	43733
697	4	7	160	3376	8146
698	19	8	120	3380	20105
699	6	19	160	3384	26217
700	5	13	120	3388	22237
701	1	11	120	3392	63261
702	19	8	80	3396	2949
703	5	13	120	3400	31321
704	6	19	200	3404	49016
705	3	16	80	3408	38032
706	6	19	80	3412	69553
707	19	8	160	3416	33551
708	15	0	120	3420	9114
709	4	7	120	3424	27091
710	3	16	200	3428	8212
711	19	8	200	3432	24105
712	19	8	160	3436	1515
713	15	0	200	3440	34677
714	19	8	200	3444	41881
715	1	11	160	3448	22174
716	15	0	80	3452	26464
717	5	13	160	3456	139937
718	0	18	120	3460	1462
719	5	13	200	3464	63881
720	15	0	160	3468	41495
721	3	16	160	3472	86459
722	1	11	200	3476	5342
723	1	11	120	3480	1829
724	5	13	80	3484	10317
725	4	7	160	3488	30220
726	1	11	160	3492	25770
727	1	11	160	3496	375
728	19	8	200	3500	550
729	19	8	80	3504	8113
730	1	11	120	3508	4013
731	1	11	120	3512	22666
732	19	8	160	3516	4555
733	19	8	120	3520	88303
734	5	13	160	3524	9525
735	15	0	200	3528	25352
736	4	7	160	3532	5023
737	5	13	80	3536	3265
738	19	8	80	3540	12438
739	3	16	80	3544	7634
740	5	13	80	3548	14477
741	6	19	200	3552	13137
742	0	18	80	3556	11673
743	1	11	80	3560	45238
744	6	19	200	3600	47510
745	19	8	80	3604	7261
746	0	18	80	3608	48442
747	0	18	200	3612	4825
748	5	13	120	3616	7257
749	5	13	160	3620	3435
750	5	13	80	3624	17987
751	1	11	200	3628	44649
752	4	7	80	3632	6302
753	4	7	120	3636	26684
754	15	0	80	3640	50471
755	3	16	200	3644	25215
756	19	8	120	3648	35832
757	15	0	200	3652	1047
758	19	8	120	3656	12717
759	1	11	80	3660	5088
760	0	18	160	3664	4264
761	5	13	120	3668	65403
762	0	18	160	3672	31799
763	15	0	80	3676	745
764	3	16	80	3680	18659
765	1	11	160	3684	33644
766	0	18	120	3688	15596
767	0	18	120	3692	2806
768	3	16	80	3696	15340
769	1	11	80	3700	5566
770	15	0	200	3704	13511
771	3	16	80	3708	19480
772	6	19	160	3712	28186
773	15	0	120	3716	46831
774	0	18	200	3720	19082
775	0	18	160	3724	14224
776	3	16	120	3728	26615
777	0	18	200	3732	13046
778	5	13	160	3736	7924
779	5	13	200	3740	2327
780	4	7	160	3744	50866
781	1	11	160	3748	16401
782	5	13	120	3752	43039
783	3	16	120	3756	65618
784	4	7	80	3760	42089
785	19	8	160	3764	11486
786	15	0	80	3768	12206
787	5	13	120	3772	21483
788	0	18	120	3776	3648
789	3	16	160	3780	33221
790	15	0	120	3784	57944
791	5	13	200	3788	3819
792	5	13	160	3792	38266
793	6	19	200	3796	5987
794	3	16	120	3800	2868
795	19	8	200	3804	19433
796	6	19	80	3808	33311
797	1	11	200	3812	10579
798	19	8	80	3816	10584
799	4	7	120	3820	3498
800	19	8	200	3824	45255
801	19	8	200	3828	36388
802	6	19	200	3832	37344
803	4	7	120	3836	1378
804	15	0	160	3840	36938
805	3	16	80	3844	100808
806	5	13	80	3848	4964
807	5	13	200	3852	13809
808	3	16	160	3856	3588
809	6	19	120	3860	16075
810	19	8	160	3864	109798
811	15	0	160	3868	12037
812	3	16	80	3872	43727
813	3	16	160	3876	9403
814	15	0	160	3880	11160
815	19	8	200	3884	33521
816	0	18	80	3888	3524
817	6	19	120	3892	41740
818	4	7	80	3896	8006
819	3	16	160	3900	4548
820	4	7	120	3904	11887
821	5	13	80	3908	62154
822	0	18	80	3912	101336
823	0	18	120	3916	36363
824	3	16	200	3920	10249
825	1	11	200	3924	8253
826	6	19	120	3928	39524
827	0	18	160	3932	16336
828	4	7	200	3936	35133
829	0	18	200	3940	141834
830	4	7	160	3944	33957
831	0	18	120	3948	9939
832	1	11	160	3952	1663
833	0	18	120	3956	3868
834	6	19	200	3960	9136
835	4	7	160	3964	3265
836	4	7	200	3968	34354
837	0	18	200	3972	37393
838	5	13	160	3976	5262
839	0	18	200	3980	45758
840	4	7	120	3984	5354
841	1	11	120	3988	93091
842	1	11	160	4000	15033
843	3	16	80	4004	32378
844	3	16	80	4008	35099
845	19	8	160	4012	20803
846	3	16	160	4016	11519
847	1	11	80	4020	17241
848	15	0	80	4024	55819
849	4	7	120	4028	14275
850	19	8	160	4032	13483
851	19	8	200	4036	71036
852	6	19	200	4040	1910
853	5	13	160	4044	5043
854	0	18	200	4048	41336
855	4	7	200	4052	67418
856	19	8	200	4056	39286
857	6	19	120	4060	264
858	1	11	160	4064	37879
859	5	13	200	4068	18168
860	5	13	160	4072	6829
861	4	7	160	4076	35685
862	1	11	200	4080	31424
863	3	16	160	4084	3789
864	3	16	160	4088	37097
865	19	8	80	4092	32023
866	6	19	200	4096	9659
867	1	11	200	4100	30302
868	6	19	200	4104	192
869	3	16	80	4108	6908
870	4	7	80	4112	132349
871	19	8	80	4116	13443
872	0	18	160	4120	25898
873	4	7	80	4124	16424
874	19	8	80	4128	104303
875	3	16	80	4132	13471
876	3	16	120	4136	18091
877	6	19	200	4140	9503
878	15	0	80	4144	354
879	3	16	80	4148	42680
880	15	0	80	4152	70033
881	4	7	120	4156	9845
882	1	11	120	4160	24173
883	0	18	120	4164	10611
884	0	18	80	4168	26473
885	4	7	160	4172	42616
886	4	7	160	4176	7422
887	5	13	80	4180	62531
888	0	18	120	4184	12388
889	1	11	200	4188	12867
890	5	13	160	4192	12318
891	6	19	160	4196	33471
892	19	8	120	4200	151130
893	19	8	200	4204	33154
894	4	7	120	4208	24859
895	19	8	200	4212	16924
896	19	8	120	4216	9571
897	15	0	80	4220	9544
898	0	18	120	4224	84560
899	4	7	80	4228	944
900	1	11	200	4232	7410
901	1	11	160	4236	31566
902	5	13	80	4240	16888
903	5	13	80	4244	29008
904	19	8	120	4248	14691
905	0	18	160	4252	24
906	15	0	120	4256	10693
907	1	11	200	4260	27253
908	5	13	120	4264	5864
909	6	19	160	4268	13822
910	0	18	160	4272	15939
911	1	11	200	4276	17584
912	19	8	120	4280	160811
913	15	0	120	4284	89617
914	6	19	160	4288	22946
915	1	11	120	4292	70709
916	3	16	80	4296	4294
917	0	18	160	4300	12453
918	3	16	120	4304	20265
919	15	0	200	4308	85285
920	4	7	160	4312	16663
921	1	11	200	4316	14253
922	0	18	120	4320	10132
923	4	7	200	4324	28483
924	6	19	120	4328	55603
925	15	0	160	4332	9737
926	0	18	160	4336	13649
927	1	11	160	4340	67257
928	19	8	200	4344	54130
929	0	18	120	4348	20683
930	3	16	200	4352	2713
931	4	7	120	4356	5799
932	6	19	160	4360	11491
933	4	7	200	4364	108769
934	0	18	120	4368	22338
935	6	19	120	4372	7754
936	19	8	80	4376	51938
937	6	19	80	4380	75731
938	1	11	80	4384	66557
939	0	18	160	4400	26409
940	6	19	120	4405	17476
941	1	11	160	4410	26413
942	19	8	200	4415	34074
943	3	16	200	4420	96308
944	1	11	120	4425	76266
945	3	16	200	4430	61696
946	15	0	80	4435	33769
947	0	18	200	4440	1032
948	1	11	80	4445	4048
949	3	16	200	4450	30915
950	5	13	200	4455	10448
951	19	8	200	4460	74665
952	5	13	160	4465	41613
953	1	11	120	4470	187215
954	19	8	160	4475	24601
955	0	18	80	4480	50213
956	0	18	80	4485	13047
957	0	18	120	4490	47173
958	15	0	200	4495	42702
959	1	11	200	4500	3406
960	19	8	200	4505	26730
961	6	19	160	4510	14678
962	3	16	200	4515	40771
963	5	13	80	4520	30762
964	4	7	160	4525	9876
965	5	13	120	4530	7942
966	5	13	120	4535	3890
967	4	7	120	4540	490
968	15	0	80	4545	14753
969	0	18	80	4550	10693
970	1	11	80	4555	2226
971	6	19	200	4560	6567
972	19	8	120	4565	16833
973	1	11	200	4570	65752
974	1	11	120	4575	18753
975	1	11	200	4580	50935
976	1	11	200	4585	33255
977	6	19	160	4590	11453
978	3	16	120	4595	34091
979	4	7	160	4600	101300
980	19	8	120	4605	25177
981	0	18	200	4610	12045
982	19	8	160	4615	41746
983	6	19	200	4620	5790
984	4	7	120	4625	6629
985	3	16	80	4630	4943
986	19	8	160	4635	14931
987	4	7	80	4640	11544
988	4	7	120	4645	14061
989	19	8	80	4650	35254
990	5	13	80	4655	56999
991	19	8	200	4660	824
992	19	8	120	4665	4573
993	0	18	80	4670	44051
994	1	11	160	4675	151683
995	19	8	200	4680	1622
996	19	8	160	4685	51987
997	4	7	160	4690	1060
998	19	8	80	4695	31100
999	5	13	80	4700	32559
1000	15	0	120	4705	39942
1001	3	16	200	4710	32191
1002	1	11	160	4715	27585
1003	1	11	200	4720	47578
1004	1	11	160	4725	25105
1005	19	8	200	4730	3023
1006	0	18	120	4735	18237
1007	3	16	200	4740	56974
1008	0	18	80	4800	20007
1009	6	19	160	4804	38461
1010	19	8	80	4808	4175
1011	3	16	160	4812	1049
1012	15	0	80	4816	3277
1013	4	7	120	4820	46388
1014	1	11	160	4824	20635
1015	19	8	80	4828	8637
1016	15	0	200	4832	28078
1017	6	19	80	4836	24292
1018	0	18	160	4840	17039
1019	0	18	160	4844	4073
1020	6	19	160	4848	50224
1021	0	18	80	4852	43946
1022	0	18	200	4856	27281
1023	15	0	200	4860	33109
1024	4	7	80	4864	16640
1025	3	16	120	4868	1359
1026	15	0	160	4872	1683
1027	15	0	120	4876	30142
1028	0	18	80	4880	67084
1029	1	11	160	4884	15831
1030	3	16	80	4888	143338
1031	6	19	120	4892	30033
1032	15	0	160	4896	30624
1033	6	19	80	4900	469
1034	5	13	80	4904	6717
1035	5	13	120	4908	67369
1036	15	0	80	4912	35943
1037	15	0	160	4916	88538
1038	4	7	80	4920	25292
1039	4	7	160	4924	3214
1040	3	16	200	4928	32185
1041	5	13	160	4932	21988
1042	4	7	80	4936	49170
1043	6	19	160	4940	29234
1044	0	18	80	4944	24128
1045	1	11	160	4948	50051
1046	1	11	160	4952	70218
1047	4	7	200	4956	11697
1048	15	0	160	4960	8857
1049	1	11	160	4964	36674
1050	1	11	200	4968	15404
1051	1	11	160	4972	8574
1052	4	7	80	4976	24378
1053	15	0	120	4980	21457
1054	19	8	120	4984	53825
1055	15	0	80	4988	96372
1056	3	16	200	4992	1753
1057	4	7	160	4996	75748
1058	6	19	200	5000	12898
1059	19	8	80	5004	22027
1060	1	11	120	5008	1259
1061	1	11	200	5012	47927
1062	1	11	200	5016	90400
1063	19	8	160	5020	2295
1064	4	7	160	5024	39130
1065	3	16	160	5028	18343
1066	5	13	80	5032	13014
1067	0	18	200	5036	2758
1068	15	0	120	5040	25372
1069	6	19	80	5044	26481
1070	0	18	80	5048	21892
1071	0	18	120	5052	31511
1072	1	11	200	5056	118093
1073	5	13	80	5060	11949
1074	15	0	200	5064	16851
1075	0	18	80	5068	9575
1076	6	19	80	5072	93529
1077	3	16	80	5076	102806
1078	15	0	200	5080	3449
1079	1	11	120	5084	26756
1080	1	11	160	5088	3862
1081	3	16	160	5092	35334
1082	0	18	160	5096	13749
1083	15	0	120	5100	5515
1084	0	18	160	5104	245
1085	0	18	120	5108	36686
1086	3	16	80	5112	2230
1087	19	8	80	5116	3890
1088	15	0	160	5120	4978
1089	15	0	200	5124	7880
1090	1	11	120	5128	52953
1091	4	7	120	5132	43676
1092	0	18	200	5136	24864
1093	5	13	200	5140	1439
1094	3	16	80	5144	1866
1095	0	18	200	5148	55812
1096	3	16	200	5152	24533
1097	4	7	160	5156	38656
1098	3	16	80	5160	63157
1099	15	0	120	5164	2854
1100	6	19	160	5200	17299
1101	0	18	200	5206	48759
1102	6	19	160	5212	38321
1103	0	18	120	5218	30171
1104	1	11	160	5224	5819
1105	1	11	160	5230	38556
1106	0	18	200	5236	9140
1107	15	0	80	5242	7461
1108	0	18	160	5248	2429
1109	19	8	120	5254	23249
1110	0	18	80	5260	95
1111	19	8	200	5266	2522
1112	5	13	200	5272	47586
1113	5	13	160	5278	39235
1114	15	0	160	5284	15050
1115	19	8	200	5290	11092
1116	1	11	80	5296	15808
1117	4	7	120	5302	42600
1118	15	0	80	5308	2031
1119	3	16	80	5314	638
1120	19	8	160	5320	14492
1121	5	13	80	5326	7758
1122	1	11	80	5332	74830
1123	0	18	120	5338	12088
1124	4	7	160	5344	40252
1125	6	19	160	5350	39110
1126	19	8	120	5356	2546
1127	6	19	200	5362	76601
1128	3	16	200	5368	9311
1129	6	19	200	5374	24858
1130	6	19	120	5380	34277
1131	1	11	160	5386	6813
1132	0	18	80	5392	2315
1133	0	18	120	5398	536
1134	5	13	200	5404	4699
1135	0	18	200	5410	10152
1136	6	19	200	5416	99472
1137	19	8	120	5422	36501
1138	6	19	200	5428	132240
1139	19	8	200	5434	8470
1140	0	18	160	5440	16827
1141	4	7	80	5446	51778
1142	19	8	120	5452	1336
1143	19	8	120	5458	25572
1144	15	0	200	5464	7753
1145	3	16	160	5470	40306
1146	15	0	120	5476	100727
1147	5	13	120	5482	50419
1148	15	0	120	5488	28166
1149	3	16	120	5494	37436
1150	19	8	160	5500	15854
1151	19	8	120	5506	45349
1152	6	19	160	5512	31779
1153	19	8	80	5518	57700
1154	15	0	200	5524	33054
1155	1	11	160	5530	6916
1156	15	0	160	5536	62789
1157	5	13	80	5542	14067
1158	6	19	200	5548	63664
1159	4	7	200	5554	15988
1160	1	11	80	5560	30266
1161	4	7	200	5566	11777
1162	5	13	80	5600	84453
1163	3	16	200	5606	19111
1164	1	11	80	5612	54672
1165	15	0	120	5618	43355
1166	19	8	160	5624	190
1167	5	13	160	5630	44820
1168	0	18	160	5636	25599
1169	6	19	160	5642	3315
1170	3	16	200	5648	12310
1171	1	11	200	5654	33989
1172	6	19	160	5660	43763
1173	19	8	80	5666	46346
1174	3	16	120	5672	23685
1175	5	13	120	5678	23077
1176	6	19	160	5684	6086
1177	3	16	200	5690	11301
1178	3	16	160	5696	3222
1179	1	11	200	5702	215710
1180	15	0	120	5708	42396
1181	4	7	80	5714	8134
1182	15	0	120	5720	10020
1183	19	8	160	5726	22082
1184	15	0	80	5732	4752
1185	6	19	200	5738	65608
1186	5	13	80	5744	21587
1187	1	11	80	5750	6484
1188	3	16	120	5756	11050
1189	4	7	120	5762	76815
1190	1	11	80	5768	14788
1191	0	18	200	5774	24052
1192	1	11	120	5780	49842
1193	1	11	80	5786	22737
1194	6	19	160	5792	25678
1195	6	19	200	5798	3211
1196	15	0	80	5804	62221
1197	5	13	120	5810	22480
1198	6	19	80	5816	37795
1199	19	8	120	5822	16968
1200	4	7	80	5828	39516
1201	3	16	160	5834	5364
1202	4	7	160	5840	7523
1203	0	18	160	5846	20704
1204	0	18	120	5852	13458
1205	6	19	160	5858	36596
1206	3	16	200	5864	324
1207	6	19	120	5870	57044
1208	5	13	160	5876	10059
1209	1	11	160	5882	3946
1210	5	13	200	5888	665
1211	5	13	200	5894	23095
1212	3	16	160	5900	9440
1213	5	13	200	5906	63787
1214	6	19	160	5912	29801
1215	6	19	80	5918	14707
1216	5	13	120	5924	1216
1217	6	19	120	5930	14559
1218	5	13	160	5936	11574
1219	5	13	80	5942	86285
1220	3	16	120	5948	8054
1221	6	19	160	5954	45070
1222	1	11	120	5960	17890
1223	5	13	120	5966	30499
1224	4	7	160	5972	33838
1225	1	11	80	5978	42309
1226	0	18	120	5984	57470
1227	4	7	120	6000	7480
1228	3	16	160	6006	6551
1229	6	19	160	6012	17381
1230	6	19	120	6018	31023
1231	0	18	120	6024	28874
1232	6	19	200	6030	25060
1233	3	16	80	6036	29737
1234	6	19	200	6042	7808
1235	5	13	160	6048	26054
1236	19	8	160	6054	465
1237	6	19	160	6060	42170
1238	15	0	80	6066	5013
1239	0	18	120	6072	15578
1240	3	16	80	6078	62431
1241	19	8	200	6084	30858
1242	5	13	120	6090	65886
1243	0	18	160	6096	6060
1244	19	8	120	6102	68101
1245	6	19	80	6108	52864
1246	6	19	80	6114	9598
1247	6	19	160	6120	76044
1248	5	13	120	6126	64754
1249	0	18	160	6132	5959
1250	1	11	120	6138	1907
1251	1	11	160	6144	18643
1252	19	8	200	6150	6720
1253	1	11	200	6156	43248
1254	6	19	80	6162	6406
1255	6	19	120	6168	87541
1256	0	18	120	6174	33918
1257	19	8	80	6180	23767
1258	6	19	80	6186	48212
1259	15	0	120	6192	25817
1260	6	19	80	6198	54611
1261	19	8	120	6204	42028
1262	4	7	160	6210	30288
1263	19	8	200	6216	51197
1264	4	7	120	6222	17340
1265	4	7	160	6228	13387
1266	19	8	80	6234	98457
1267	0	18	120	6240	27986
1268	15	0	80	6246	29728
1269	1	11	200	6252	1418
1270	6	19	120	6258	13936
1271	15	0	160	6264	8593
1272	15	0	120	6270	7741
1273	5	13	80	6276	68003
1274	1	11	80	6282	1782
1275	4	7	160	6288	24434
1276	0	18	80	6294	63138
1277	1	11	200	6300	9101
1278	6	19	80	6306	38972
1279	15	0	120	6312	53633
1280	5	13	200	6318	18803
1281	3	16	200	6324	77738
1282	19	8	200	6330	11357
1283	1	11	80	6336	477
1284	5	13	120	6342	14145
1285	5	13	160	6348	5680
1286	0	18	120	6354	15741
1287	4	7	200	6360	45744
1288	6	19	200	6366	16726
1289	0	18	120	6372	9481
1290	4	7	120	6378	65453
1291	1	11	160	6384	16456
1292	0	18	160	6400	88072
1293	19	8	200	6404	23091
1294	4	7	80	6408	23562
1295	4	7	160	6412	3431
1296	4	7	80	6416	191
1297	6	19	160	6420	1899
1298	6	19	80	6424	36967
1299	4	7	200	6428	21265
1300	15	0	80	6432	58982
1301	6	19	200	6436	30065
1302	19	8	120	6440	9186
1303	4	7	160	6444	53421
1304	4	7	80	6448	45012
1305	3	16	160	6452	45284
1306	3	16	120	6456	7855
1307	4	7	160	6460	10048
1308	0	18	160	6464	36139
1309	3	16	160	6468	27266
1310	6	19	120	6472	1762
1311	19	8	160	6476	15479
1312	1	11	80	6480	48122
1313	15	0	160	6484	96852
1314	3	16	160	6488	3363
1315	4	7	120	6492	70736
1316	0	18	120	6496	16418
1317	1	11	160	6500	28926
1318	3	16	160	6504	16371
1319	19	8	160	6508	9123
1320	4	7	80	6512	83888
1321	4	7	80	6516	5065
1322	3	16	160	6520	5631
1323	6	19	160	6524	12799
1324	6	19	160	6528	4417
1325	5	13	160	6532	82608
1326	6	19	80	6536	10281
1327	19	8	120	6540	31896
1328	0	18	200	6544	11757
1329	6	19	160	6548	81900
1330	19	8	120	6552	23980
1331	3	16	160	6556	49538
1332	4	7	160	6560	22023
1333	3	16	80	6564	6931
1334	19	8	80	6568	102615
1335	19	8	80	6572	49748
1336	3	16	120	6576	30045
1337	4	7	120	6580	18408
1338	15	0	200	6584	6859
1339	1	11	160	6588	25311
1340	1	11	120	6592	78309
1341	5	13	200	6596	3851
1342	4	7	80	6600	2330
1343	4	7	120	6604	49188
1344	4	7	200	6608	7181
1345	5	13	200	6612	18243
1346	19	8	160	6616	27367
1347	1	11	200	6620	124821
1348	6	19	120	6624	16659
1349	0	18	200	6628	29307
1350	4	7	120	6632	31185
1351	1	11	120	6636	12615
1352	3	16	200	6640	27303
1353	6	19	160	6644	16988
1354	0	18	200	6648	24428
1355	4	7	200	6652	34936
1356	3	16	120	6656	18099
1357	1	11	200	6660	68307
1358	15	0	200	6664	34244
1359	15	0	160	6668	53486
1360	6	19	120	6672	19086
1361	4	7	200	6676	23289
1362	3	16	160	6680	89183
1363	3	16	80	6684	42216
1364	4	7	120	6688	1348
1365	3	16	200	6692	7371
1366	4	7	80	6696	59390
1367	15	0	200	6700	25754
1368	19	8	120	6704	143947
1369	4	7	120	6708	9291
1370	0	18	200	6712	8507
1371	5	13	80	6716	91441
1372	4	7	200	6720	15583
1373	1	11	200	6724	52690
1374	15	0	120	6728	11595
1375	15	0	80	6732	48248
1376	0	18	80	6736	2506
1377	19	8	80	6740	12269
1378	3	16	160	6800	4244
1379	0	18	200	6804	30805
1380	5	13	80	6808	10961
1381	4	7	120	6812	10754
1382	3	16	80	6816	7371
1383	0	18	80	6820	33157
1384	1	11	120	6824	8991
1385	6	19	200	6828	6692
1386	19	8	160	6832	6482
1387	15	0	80	6836	2632
1388	3	16	80	6840	28390
1389	5	13	120	6844	8489
1390	6	19	200	6848	12266
1391	1	11	160	6852	38287
1392	6	19	120	6856	41912
1393	19	8	120	6860	12729
1394	4	7	120	6864	2975
1395	15	0	120	6868	13127
1396	1	11	80	6872	5213
1397	0	18	200	6876	10038
1398	0	18	80	6880	42443
1399	0	18	80	6884	147097
1400	0	18	200	6888	25562
1401	1	11	160	6892	631
1402	3	16	120	6896	144514
1403	3	16	200	6900	5084
1404	19	8	80	6904	13697
1405	19	8	80	6908	34645
1406	15	0	160	6912	76929
1407	1	11	200	6916	41786
1408	19	8	80	6920	3445
1409	1	11	160	6924	40027
1410	4	7	200	6928	27629
1411	3	16	80	6932	3619
1412	15	0	80	6936	41412
1413	6	19	80	6940	1098
1414	3	16	120	6944	21021
1415	3	16	80	6948	5396
1416	0	18	200	6952	11349
1417	3	16	160	6956	8606
1418	0	18	200	6960	19629
1419	6	19	120	6964	50352
1420	3	16	80	6968	702
1421	6	19	200	6972	43748
1422	5	13	160	6976	93225
1423	3	16	80	6980	36932
1424	6	19	160	6984	73538
1425	19	8	80	6988	20363
1426	15	0	160	6992	5750
1427	4	7	160	6996	1777
1428	6	19	160	7000	38468
1429	19	8	200	7004	93708
1430	5	13	80	7008	29523
1431	19	8	80	7012	42952
1432	19	8	80	7016	23921
1433	1	11	160	7020	4415
1434	0	18	200	7024	1988
1435	4	7	160	7028	10052
1436	0	18	200	7032	10990
1437	0	18	80	7036	1894
1438	1	11	200	7040	10273
1439	3	16	80	7044	23295
1440	15	0	120	7048	9069
1441	15	0	200	7052	15814
1442	19	8	200	7056	102122
1443	0	18	160	7060	58592
1444	1	11	160	7064	28168
1445	3	16	160	7068	7444
1446	3	16	160	7072	101234
1447	0	18	80	7076	37472
1448	6	19	80	7080	50846
1449	1	11	80	7084	72717
1450	6	19	160	7088	1173
1451	19	8	120	7092	65987
1452	0	18	80	7096	44697
1453	3	16	160	7100	81700
1454	15	0	200	7104	98171
1455	4	7	200	7108	46247
1456	6	19	200	7112	1676
1457	19	8	80	7116	8493
1458	5	13	80	7120	7624
1459	0	18	80	7124	57149
1460	0	18	160	7128	20796
1461	4	7	80	7132	58091
1462	5	13	80	7136	803
1463	19	8	120	7140	4582
1464	6	19	160	7200	3230
1465	4	7	160	7203	51823
1466	3	16	200	7206	22161
1467	5	13	120	7209	27556
1468	6	19	80	7212	98109
1469	15	0	160	7215	7186
1470	1	11	120	7218	53241
1471	0	18	160	7221	8727
1472	0	18	200	7224	88432
1473	6	19	200	7227	78366
1474	19	8	200	7230	22843
1475	5	13	120	7233	25188
1476	6	19	80	7236	47466
1477	4	7	80	7239	2565
1478	1	11	160	7242	2896
1479	3	16	200	7245	33175
1480	6	19	120	7248	21967
1481	15	0	120	7251	16635
1482	6	19	160	7254	7107
1483	4	7	160	7257	48227
1484	3	16	80	7260	72068
1485	5	13	160	7263	38409
1486	15	0	80	7266	121536
1487	6	19	120	7269	27724
1488	4	7	160	7272	5417
1489	5	13	80	7275	8440
1490	6	19	160	7278	7813
1491	0	18	160	7281	1821
1492	4	7	200	7284	49133
1493	1	11	200	7287	16085
1494	1	11	120	7290	1161
1495	4	7	120	7293	14409
1496	3	16	160	7296	14454
1497	19	8	160	7299	48477
1498	4	7	80	7302	40866
1499	6	19	200	7305	43889
1500	0	18	200	7308	32489
1501	6	19	120	7311	11926
1502	4	7	200	7314	40883
1503	15	0	120	7317	26433
1504	0	18	200	7320	2178
1505	5	13	80	7323	41547
1506	19	8	160	7326	82656
1507	3	16	80	7329	54701
1508	4	7	200	7332	13758
1509	3	16	160	7335	13237
1510	15	0	160	7338	134619
1511	1	11	200	7341	98722
1512	15	0	160	7344	4994
1513	1	11	120	7347	21998
1514	3	16	160	7350	11064
1515	3	16	80	7353	2220
1516	15	0	160	7356	29411
1517	0	18	160	7359	6491
1518	6	19	80	7362	7217
1519	1	11	200	7365	12611
1520	6	19	160	7368	54247
1521	6	19	120	7371	70149
1522	1	11	200	7374	16756
1523	0	18	80	7377	34627
1524	1	11	200	7380	113846
1525	0	18	160	7383	43387
1526	6	19	160	7386	16272
1527	19	8	200	7389	20579
1528	4	7	120	7392	64053
1529	5	13	160	7395	4730
1530	1	11	200	7398	5901
1531	15	0	160	7401	140962
1532	0	18	80	7404	10794
1533	5	13	200	7407	10262
1534	3	16	80	7410	212
1535	19	8	80	7413	6137
1536	3	16	120	7416	31917
1537	15	0	80	7419	26598
1538	4	7	200	7422	38428
1539	6	19	80	7425	4567
1540	6	19	200	7428	44865
1541	5	13	200	7431	3858
1542	3	16	160	7434	7694
1543	0	18	80	7437	44950
1544	15	0	160	7440	8751
1545	5	13	200	7443	8924
1546	3	16	80	7446	64362
1547	1	11	160	7449	9310
1548	15	0	80	7452	3281
1549	19	8	80	7455	93377
1550	6	19	200	7458	39049
1551	1	11	80	7461	6118
1552	1	11	120	7464	25358
1553	3	16	80	7467	14538
1554	0	18	80	7470	76752
1555	4	7	160	7473	40941
1556	4	7	120	7476	63511
1557	3	16	200	7479	1677
1558	6	19	120	7482	27695
1559	19	8	80	7485	9479
1560	19	8	120	7488	11317
1561	19	8	160	7491	15605
1562	15	0	160	7494	89953
1563	15	0	120	7497	7418
1564	0	18	160	7500	5785
1565	19	8	80	7600	179308
1566	1	11	160	7605	29448
1567	3	16	200	7610	54366
1568	19	8	120	7615	21536
1569	3	16	160	7620	3886
1570	19	8	200	7625	14121
1571	19	8	120	7630	1054
1572	6	19	200	7635	17274
1573	0	18	200	7640	2234
1574	4	7	200	7645	23247
1575	0	18	200	7650	36371
1576	3	16	160	7655	31737
1577	0	18	160	7660	29487
1578	3	16	120	7665	16296
1579	5	13	200	7670	34652
1580	15	0	160	7675	61312
1581	4	7	200	7680	4811
1582	1	11	160	7685	14769
1583	5	13	120	7690	76154
1584	19	8	160	7695	14461
1585	0	18	200	7700	142048
1586	5	13	80	7705	14198
1587	15	0	200	7710	68984
1588	4	7	160	7715	12996
1589	19	8	120	7720	7658
1590	5	13	160	7725	9999
1591	0	18	120	7730	27241
1592	0	18	160	7735	117850
1593	4	7	160	7740	17217
1594	15	0	200	7745	47710
1595	6	19	120	7750	12994
1596	15	0	80	7755	5182
1597	4	7	120	7760	210
1598	0	18	120	7765	26544
1599	15	0	120	7770	8815
1600	4	7	80	7775	27259
1601	0	18	80	7780	1232
1602	3	16	120	7785	38401
1603	4	7	160	7790	110947
1604	19	8	120	7795	23520
1605	6	19	120	7800	35157
1606	5	13	120	7805	37277
1607	1	11	160	7810	20494
1608	15	0	80	7815	51479
1609	19	8	120	7820	6540
1610	0	18	200	7825	2646
1611	4	7	200	7830	7882
1612	19	8	120	7835	26865
1613	1	11	120	7840	70091
1614	1	11	160	7845	14263
1615	4	7	120	7850	5373
1616	15	0	200	7855	490
1617	1	11	120	7860	727
1618	19	8	160	7865	49513
1619	0	18	200	7870	6002
1620	3	16	200	7875	25697
1621	3	16	200	7880	37267
1622	15	0	80	7885	18590
1623	19	8	200	7890	9879
1624	15	0	200	7895	49496
1625	19	8	120	7900	41651
1626	15	0	160	7905	1490
1627	1	11	80	7910	30
1628	3	16	80	7915	8380
1629	15	0	160	7920	5995
1630	3	16	160	7925	22873
1631	19	8	120	7930	31091
1632	0	18	120	7935	1103
1633	5	13	80	7940	5256
1634	1	11	200	7945	2568
1635	6	19	120	7950	52197
1636	0	18	120	7955	14849
1637	6	19	200	7960	15686
1638	5	13	200	7965	12751
1639	1	11	120	8000	32638
1640	4	7	160	8004	8349
1641	4	7	160	8008	59071
1642	0	18	200	8012	2150
1643	4	7	120	8016	4983
1644	19	8	120	8020	4521
1645	1	11	200	8024	1582
1646	1	11	200	8028	143
1647	19	8	120	8032	1940
1648	3	16	80	8036	1737
1649	3	16	120	8040	28873
1650	19	8	120	8044	12231
1651	5	13	160	8048	4332
1652	4	7	160	8052	5492
1653	19	8	120	8056	15230
1654	4	7	160	8060	30999
1655	0	18	120	8064	60921
1656	3	16	80	8068	22852
1657	4	7	160	8072	16687
1658	5	13	200	8076	4606
1659	0	18	80	8080	44265
1660	15	0	200	8084	30476
1661	4	7	80	8088	37160
1662	15	0	120	8092	8445
1663	19	8	120	8096	29250
1664	6	19	160	8100	29402
1665	0	18	160	8104	15233
1666	3	16	120	8108	6483
1667	4	7	120	8112	16524
1668	19	8	160	8116	49702
1669	4	7	80	8120	22618
1670	4	7	80	8124	40312
1671	0	18	80	8128	24858
1672	6	19	160	8132	30191
1673	6	19	120	8136	4258
1674	5	13	120	8140	76574
1675	15	0	120	8144	35829
1676	3	16	200	8148	30360
1677	3	16	200	8152	10887
1678	0	18	120	8156	4490
1679	6	19	80	8160	41680
1680	6	19	120	8164	41024
1681	19	8	120	8168	117368
1682	19	8	80	8172	79217
1683	0	18	200	8176	26743
1684	15	0	120	8180	51108
1685	6	19	80	8184	15005
1686	4	7	160	8188	18989
1687	0	18	200	8192	27027
1688	0	18	120	8196	19500
1689	1	11	120	8200	6289
1690	4	7	120	8204	9475
1691	6	19	200	8208	92035
1692	1	11	80	8212	9090
1693	4	7	200	8216	23735
1694	4	7	120	8220	709
1695	0	18	120	8224	20731
1696	6	19	80	8228	26971
1697	0	18	120	8232	15530
1698	15	0	160	8236	20142
1699	15	0	200	8240	36609
1700	15	0	120	8244	52799
1701	6	19	120	8248	22946
1702	19	8	160	8252	7552
1703	15	0	200	8256	19746
1704	15	0	120	8260	59464
1705	15	0	80	8264	40608
1706	19	8	80	8268	18500
1707	15	0	120	8272	1056
1708	4	7	80	8276	18550
1709	6	19	80	8280	82587
1710	6	19	160	8284	7123
1711	0	18	80	8288	7527
1712	3	16	80	8292	10018
1713	19	8	200	8296	13267
1714	3	16	160	8300	716
1715	19	8	160	8304	31763
1716	5	13	200	8308	44214
1717	15	0	160	8312	29008
1718	1	11	200	8316	46405
1719	19	8	120	8320	7509
1720	6	19	200	8324	73340
1721	3	16	120	8328	24799
1722	3	16	200	8332	80756
1723	15	0	120	8336	27790
1724	0	18	200	8340	8699
1725	6	19	80	8344	45116
1726	19	8	200	8348	10438
1727	1	11	160	8352	2585
1728	3	16	200	8356	3455
1729	5	13	200	8400	14869
1730	1	11	80	8405	3059
1731	3	16	160	8410	7541
1732	4	7	80	8415	46385
1733	1	11	160	8420	15188
1734	19	8	160	8425	72917
1735	0	18	200	8430	6586
1736	19	8	200	8435	38643
1737	0	18	80	8440	15983
1738	1	11	160	8445	37165
1739	0	18	80	8450	2132
1740	15	0	80	8455	75001
1741	6	19	120	8460	17018
1742	6	19	200	8465	4049
1743	4	7	120	8470	22609
1744	4	7	200	8475	105083
1745	4	7	120	8480	1476
1746	4	7	160	8485	30359
1747	1	11	80	8490	64426
1748	1	11	80	8495	22132
1749	4	7	200	8500	11917
1750	5	13	120	8505	36583
1751	15	0	160	8510	101357
1752	19	8	120	8515	26827
1753	15	0	80	8520	9109
1754	1	11	80	8525	45396
1755	4	7	200	8530	8457
1756	4	7	160	8535	26745
1757	0	18	80	8540	26155
1758	6	19	80	8545	7645
1759	1	11	80	8550	2335
1760	19	8	120	8555	16958
1761	15	0	120	8560	14085
1762	4	7	120	8565	71048
1763	15	0	80	8570	2105
1764	4	7	80	8575	52044
1765	4	7	80	8580	125041
1766	5	13	200	8585	15568
1767	0	18	160	8590	59860
1768	19	8	120	8595	16808
1769	3	16	200	8600	47346
1770	19	8	160	8605	74430
1771	4	7	160	8610	12447
1772	6	19	200	8615	67521
1773	0	18	200	8620	37292
1774	1	11	120	8625	10142
1775	19	8	120	8630	17866
1776	6	19	160	8635	16888
1777	19	8	160	8640	13844
1778	4	7	160	8645	29620
1779	6	19	160	8650	6802
1780	3	16	120	8655	4175
1781	6	19	160	8660	14839
1782	0	18	120	8665	21856
1783	19	8	80	8670	41084
1784	0	18	120	8675	32147
1785	3	16	120	8680	3908
1786	4	7	80	8685	27072
1787	6	19	80	8690	21231
1788	0	18	160	8695	26822
1789	4	7	160	8700	30650
1790	6	19	120	8705	25262
1791	15	0	160	8710	4268
1792	4	7	80	8715	6108
1793	19	8	160	8720	29780
1794	0	18	200	8725	27022
1795	0	18	160	8730	21502
1796	3	16	80	8735	21410
1797	15	0	160	8740	1798
1798	19	8	120	8745	34649
1799	19	8	200	8800	123952
1800	15	0	120	8804	27453
1801	3	16	80	8808	42364
1802	3	16	200	8812	16662
1803	15	0	120	8816	36733
1804	4	7	80	8820	15093
1805	0	18	160	8824	12952
1806	1	11	200	8828	1818
1807	15	0	160	8832	59451
1808	6	19	160	8836	101996
1809	1	11	160	8840	11240
1810	15	0	120	8844	46174
1811	4	7	200	8848	7143
1812	6	19	160	8852	86374
1813	19	8	160	8856	658
1814	15	0	160	8860	79491
1815	1	11	160	8864	1227
1816	15	0	80	8868	53771
1817	5	13	120	8872	4599
1818	15	0	160	8876	13825
1819	1	11	160	8880	35033
1820	0	18	200	8884	12882
1821	19	8	200	8888	63103
1822	0	18	200	8892	8650
1823	5	13	160	8896	43171
1824	6	19	120	8900	7004
1825	0	18	80	8904	43504
1826	19	8	160	8908	4978
1827	6	19	120	8912	8262
1828	0	18	200	8916	3483
1829	1	11	200	8920	40891
1830	6	19	120	8924	77492
1831	15	0	200	8928	13872
1832	19	8	120	8932	31921
1833	4	7	200	8936	30601
1834	19	8	80	8940	25021
1835	0	18	120	8944	12442
1836	4	7	160	8948	92232
1837	1	11	80	8952	46672
1838	4	7	200	8956	12180
1839	19	8	160	8960	10487
1840	0	18	160	8964	1953
1841	5	13	120	8968	37650
1842	0	18	120	8972	22841
1843	19	8	200	8976	9419
1844	6	19	120	8980	54568
1845	1	11	120	8984	12899
1846	1	11	80	8988	5801
1847	4	7	160	8992	5310
1848	1	11	200	8996	34977
1849	15	0	80	9000	24033
1850	3	16	120	9004	32130
1851	6	19	200	9008	13522
1852	0	18	80	9012	31258
1853	15	0	160	9016	154928
1854	19	8	200	9020	27039
1855	19	8	160	9024	36648
1856	1	11	80	9028	20202
1857	6	19	80	9032	30410
1858	0	18	200	9036	19938
1859	3	16	80	9040	27700
1860	1	11	80	9044	6510
1861	5	13	120	9048	46114
1862	15	0	160	9052	40357
1863	4	7	200	9056	6457
1864	4	7	120	9060	14000
1865	19	8	120	9064	15110
1866	4	7	120	9068	22047
1867	1	11	160	9072	9570
1868	0	18	120	9076	15858
1869	15	0	120	9080	24473
1870	15	0	200	9084	2335
1871	5	13	80	9088	1209
1872	0	18	120	9092	44886
1873	15	0	200	9096	2251
1874	0	18	200	9100	29112
1875	4	7	160	9104	27793
1876	15	0	160	9108	11519
1877	1	11	80	9112	109681
1878	19	8	120	9116	73843
1879	5	13	200	9120	53524
1880	19	8	80	9124	25755
1881	4	7	80	9128	129310
1882	5	13	160	9132	21881
1883	1	11	160	9136	21793
1884	19	8	120	9200	2495
1885	19	8	160	9204	22617
1886	15	0	200	9208	35461
1887	1	11	200	9212	32269
1888	5	13	80	9216	1303
1889	19	8	160	9220	55241
1890	15	0	80	9224	52162
1891	6	19	120	9228	10003
1892	1	11	80	9232	10058
1893	0	18	200	9236	36105
1894	15	0	160	9240	3104
1895	5	13	120	9244	8432
1896	15	0	160	9248	104411
1897	5	13	160	9252	12136
1898	4	7	160	9256	62368
1899	6	19	200	9260	16260
1900	6	19	80	9264	48671
1901	19	8	120	9268	63815
1902	4	7	80	9272	37755
1903	3	16	160	9276	3916
1904	0	18	80	9280	19191
1905	6	19	120	9284	28628
1906	6	19	120	9288	24578
1907	1	11	80	9292	25326
1908	15	0	160	9296	12044
1909	4	7	120	9300	128595
1910	0	18	80	9304	13959
1911	0	18	80	9308	21372
1912	15	0	200	9312	37082
1913	4	7	200	9316	29979
1914	4	7	200	9320	759
1915	6	19	80	9324	6861
1916	0	18	200	9328	8624
1917	6	19	200	9332	7048
1918	5	13	120	9336	3600
1919	4	7	200	9340	51193
1920	0	18	160	9344	33606
1921	3	16	160	9348	55218
1922	5	13	160	9352	7832
1923	0	18	200	9356	23727
1924	0	18	120	9360	37499
1925	0	18	120	9364	42343
1926	4	7	200	9368	37771
1927	0	18	160	9372	2156
1928	0	18	120	9376	100430
1929	5	13	160	9380	13676
1930	6	19	200	9384	29669
1931	3	16	200	9388	118655
1932	15	0	160	9392	2576
1933	3	16	160	9396	18740
1934	15	0	200	9400	794
1935	19	8	160	9404	34066
1936	0	18	200	9408	8047
1937	1	11	80	9412	14856
1938	0	18	160	9416	1280
1939	1	11	200	9420	16485
1940	3	16	80	9424	98035
1941	6	19	160	9428	3672
1942	3	16	80	9432	11404
1943	1	11	160	9436	1601
1944	15	0	160	9440	17690
1945	6	19	80	9444	10426
1946	19	8	160	9448	23397
1947	6	19	80	9452	28963
1948	6	19	200	9456	33510
1949	0	18	160	9460	61205
1950	4	7	120	9464	148023
1951	1	11	160	9468	39203
1952	19	8	80	9472	7356
1953	19	8	160	9476	1521
1954	5	13	80	9480	37893
1955	4	7	120	9484	92572
1956	3	16	160	9488	29684
1957	4	7	120	9492	5179
1958	3	16	80	9496	13957
1959	19	8	200	9500	35298
1960	3	16	160	9504	64414
1961	6	19	160	9508	19983
1962	0	18	200	9512	27310
1963	3	16	200	9516	92455
1964	15	0	160	9520	11484
1965	15	0	80	9524	14632
1966	3	16	160	9528	16535
1967	5	13	80	9532	7909
1968	6	19	80	9536	27782
1969	4	7	120	9540	10920
1970	6	19	120	9544	95979
1971	15	0	200	9548	53750
1972	5	13	120	9552	5483
1973	4	7	120	9600	31529
1974	1	11	160	9614	57014
1975	3	16	200	9628	24021
1976	19	8	160	9642	20920
1977	4	7	80	9656	5845
1978	1	11	120	9670	3046
1979	3	16	80	9684	15595
1980	1	11	200	9698	6713
1981	6	19	200	9712	2824
1982	4	7	160	9726	13218
1983	0	18	200	9740	2477
1984	0	18	120	9754	13907
1985	5	13	80	9768	64469
1986	3	16	200	9782	39324
1987	15	0	200	9796	998
1988	6	19	120	9810	38405
1989	4	7	160	9824	1870
1990	5	13	200	9838	1441
1991	5	13	160	9852	2362
1992	19	8	200	9866	542
1993	1	11	160	9880	11137
1994	15	0	120	9894	22061
1995	6	19	160	9908	17235
1996	6	19	200	9922	19406
1997	0	18	80	9936	12997
1998	4	7	80	9950	35558
1999	0	18	120	9964	1772
