0	1	11	160	0	61896
1	19	8	80	5	12198
2	4	7	200	10	6054
3	3	16	200	15	9979
4	5	13	160	20	9917
5	3	16	120	25	6032
6	19	8	80	30	14600
7	4	7	80	35	56183
8	0	18	80	40	11402
9	6	19	200	45	3078
10	1	11	120	50	36243
11	0	18	160	55	40970
12	5	13	160	60	93487
13	0	18	80	65	8623
14	4	7	200	70	13754
15	4	7	160	75	16549
16	6	19	200	80	954
17	1	11	80	85	11322
18	3	16	200	90	35041
19	5	13	200	95	7498
20	19	8	200	100	80
21	4	7	120	105	9877
22	0	18	160	110	53956
23	1	11	120	115	1940
24	4	7	80	120	2011
25	5	13	200	125	54010
26	0	18	200	130	94571
27	5	13	200	135	9479
28	19	8	160	140	8539
29	5	13	160	145	3086
30	3	16	120	150	88592
31	6	19	80	155	1758
32	6	19	160	160	20740
33	15	0	200	165	1575
34	3	16	160	170	33884
35	19	8	160	175	15460
36	1	11	200	180	43568
37	1	11	80	185	9106
38	3	16	200	190	22013
39	4	7	120	195	42213
40	19	8	120	200	55858
41	3	16	80	205	32121
42	6	19	200	210	5635
43	6	19	120	215	24458
44	0	18	80	220	68259
45	0	18	80	225	73583
46	1	11	200	230	801
47	15	0	160	235	3679
48	4	7	160	240	3496
49	0	18	160	245	10979
50	3	16	200	250	39239
51	0	18	160	255	9711
52	19	8	120	260	62094
53	19	8	200	265	60804
54	6	19	80	270	4464
55	15	0	80	275	21209
56	15	0	120	280	16830
57	3	16	120	285	3767
58	15	0	160	290	7219
59	19	8	160	295	14080
60	1	11	120	300	6639
61	4	7	80	305	3326
62	4	7	120	310	22254
63	4	7	160	315	7145
64	3	16	160	320	3768
65	5	13	120	325	29583
66	4	7	80	330	6586
67	6	19	160	335	59480
68	6	19	120	340	18926
69	4	7	80	345	78049
70	1	11	160	400	25960
71	4	7	160	404	30830
72	15	0	120	408	35877
73	15	0	120	412	67525
74	5	13	160	416	10932
75	5	13	160	420	7408
76	6	19	160	424	3289
77	3	16	120	428	7075
78	0	18	120	432	3504
79	4	7	80	436	3260
80	4	7	200	440	47495
81	3	16	80	444	43744
82	1	11	120	448	5078
83	19	8	80	452	64613
84	1	11	160	456	9102
85	1	11	200	460	24672
86	6	19	200	464	3784
87	6	19	160	468	25749
88	1	11	160	472	53820
89	5	13	120	476	4459
90	1	11	80	480	84862
91	19	8	120	484	28259
92	4	7	160	488	1382
93	3	16	80	492	4085
94	1	11	80	496	21169
95	4	7	80	500	35589
96	15	0	200	504	3435
97	1	11	80	508	72772
98	4	7	200	512	16338
99	5	13	200	516	6376
100	5	13	80	520	29991
101	4	7	80	524	2979
102	0	18	80	528	21789
103	19	8	160	532	4595
104	15	0	200	536	29392
105	19	8	120	540	2048
106	3	16	120	544	19543
107	0	18	200	548	100418
108	3	16	120	552	19418
109	1	11	160	556	56276
110	1	11	160	560	14728
111	5	13	80	564	6863
112	3	16	80	568	226
113	3	16	160	572	3418
114	5	13	200	576	20936
115	19	8	120	580	12391
116	3	16	200	584	67009
117	5	13	120	588	26760
118	3	16	80	592	68276
119	0	18	200	596	16780
120	15	0	120	600	19846
121	6	19	120	604	20935
122	5	13	80	608	541
123	1	11	80	612	11317
124	3	16	80	616	111596
125	1	11	120	620	83396
126	19	8	200	624	26410
127	5	13	80	628	23170
128	6	19	120	632	10484
129	1	11	120	636	21566
130	6	19	160	640	3403
131	4	7	120	644	4655
132	19	8	160	648	34405
133	5	13	120	652	55877
134	15	0	80	656	12811
135	19	8	200	660	32800
136	3	16	200	664	6642
137	1	11	160	668	398
138	1	11	80	672	6151
139	3	16	80	676	6392
140	19	8	120	680	2138
141	5	13	200	684	4215
142	4	7	120	688	2615
143	0	18	200	692	109752
144	4	7	160	696	29783
145	6	19	200	700	30735
146	6	19	80	704	27537
147	0	18	200	708	61593
148	6	19	120	712	20507
149	3	16	160	716	4844
150	1	11	80	720	43143
151	3	16	160	724	14845
152	19	8	80	728	239
153	3	16	200	732	112417
154	6	19	120	736	26660
155	19	8	160	740	3380
156	19	8	80	800	2380
157	15	0	80	805	5983
158	6	19	120	810	4875
159	5	13	160	815	32065
160	19	8	120	820	12848
161	6	19	80	825	66680
162	4	7	160	830	23915
163	1	11	200	835	78412
164	4	7	200	840	35472
165	6	19	120	845	7962
166	5	13	160	850	16028
167	6	19	200	855	2712
168	5	13	160	860	30478
169	6	19	80	865	43533
170	6	19	120	870	4227
171	1	11	80	875	61303
172	3	16	80	880	14173
173	19	8	200	885	29545
174	1	11	120	890	12981
175	3	16	120	895	12320
176	1	11	80	900	15637
177	5	13	80	905	796
178	15	0	120	910	26251
179	5	13	80	915	7497
180	5	13	80	920	8101
181	15	0	80	925	32709
182	15	0	200	930	1097
183	3	16	160	935	4504
184	0	18	80	940	34105
185	4	7	80	945	26676
186	4	7	80	950	4367
187	5	13	160	955	35353
188	19	8	200	960	6329
189	19	8	120	965	7959
190	0	18	200	970	25238
191	4	7	200	975	511
192	4	7	80	980	42898
193	5	13	160	985	16113
194	4	7	160	990	41064
195	1	11	120	995	3826
196	1	11	120	1000	18134
197	3	16	120	1005	3657
198	6	19	80	1010	5894
199	6	19	120	1015	13430
200	0	18	120	1020	6427
201	19	8	120	1025	20573
202	5	13	120	1030	5476
203	0	18	80	1035	32101
204	5	13	120	1040	516
205	19	8	80	1045	58346
206	19	8	120	1050	370
207	0	18	120	1055	8626
208	1	11	160	1060	20422
209	4	7	80	1065	7526
210	6	19	160	1070	25374
211	4	7	200	1075	1530
212	19	8	200	1080	19464
213	0	18	120	1085	59317
214	0	18	120	1090	14375
215	0	18	120	1095	26640
216	19	8	80	1100	53676
217	0	18	200	1105	14774
218	1	11	160	1110	5455
219	19	8	200	1115	2554
220	1	11	120	1120	2958
221	19	8	200	1125	30244
222	15	0	200	1130	49918
223	5	13	120	1135	13783
224	6	19	120	1140	4949
225	1	11	160	1145	3631
226	15	0	200	1150	2254
227	15	0	160	1155	75507
228	5	13	80	1160	52691
229	19	8	80	1165	7566
230	1	11	80	1200	49195
231	19	8	160	1204	9878
232	19	8	80	1208	40481
233	1	11	200	1212	6476
234	5	13	160	1216	813
235	6	19	160	1220	29778
236	3	16	160	1224	18639
237	15	0	160	1228	8807
238	6	19	80	1232	3896
239	0	18	80	1236	44974
240	4	7	200	1240	25585
241	4	7	160	1244	47963
242	4	7	80	1248	5289
243	5	13	200	1252	78870
244	3	16	160	1256	23839
245	5	13	200	1260	21329
246	4	7	200	1264	15034
247	3	16	200	1268	59752
248	5	13	80	1272	939
249	3	16	120	1276	3868
250	3	16	80	1280	7039
251	0	18	120	1284	1756
252	1	11	160	1288	66739
253	6	19	120	1292	2980
254	5	13	200	1296	8995
255	0	18	160	1300	17543
256	1	11	160	1304	28943
257	0	18	200	1308	34974
258	4	7	200	1312	19225
259	4	7	200	1316	51062
260	1	11	80	1320	41479
261	1	11	160	1324	1442
262	4	7	80	1328	12794
263	1	11	120	1332	8648
264	3	16	80	1336	12178
265	6	19	80	1340	9086
266	5	13	200	1344	6806
267	15	0	200	1348	9223
268	5	13	160	1352	51332
269	3	16	200	1356	32310
270	15	0	160	1360	3353
271	1	11	120	1364	21165
272	3	16	160	1368	8899
273	0	18	160	1372	10593
274	5	13	200	1376	14144
275	6	19	160	1380	6952
276	4	7	200	1384	17545
277	3	16	80	1388	58454
278	1	11	160	1392	39512
279	0	18	120	1396	21843
280	15	0	160	1400	26966
281	4	7	80	1404	4546
282	3	16	160	1408	60204
283	3	16	200	1412	32313
284	6	19	200	1416	391
285	0	18	160	1420	38705
286	6	19	200	1424	12236
287	1	11	200	1428	28742
288	5	13	80	1432	61826
289	4	7	80	1436	17355
290	5	13	80	1440	247
291	3	16	160	1444	35578
292	3	16	200	1448	33855
293	3	16	120	1452	7519
294	19	8	80	1456	584
295	3	16	80	1460	21830
296	19	8	120	1464	14401
297	3	16	160	1468	54142
298	1	11	200	1472	19958
299	5	13	160	1476	9061
300	0	18	80	1480	10041
301	5	13	200	1484	3799
302	6	19	80	1488	851
303	1	11	80	1492	8511
304	4	7	160	1496	447
305	0	18	160	1500	26478
306	6	19	160	1504	34325
307	0	18	80	1508	20885
308	0	18	120	1512	26715
309	15	0	80	1516	1512
310	6	19	160	1520	240187
311	15	0	160	1524	37244
312	15	0	120	1528	77182
313	3	16	160	1532	73698
314	6	19	80	1536	5535
315	6	19	80	1540	25184
316	19	8	200	1544	3611
317	1	11	120	1548	26856
318	4	7	160	1552	8098
319	1	11	160	1600	21829
320	19	8	80	1605	59379
321	3	16	200	1610	19102
322	3	16	200	1615	12066
323	1	11	160	1620	10991
324	15	0	200	1625	31383
325	5	13	200	1630	10616
326	15	0	160	1635	42524
327	0	18	120	1640	1001
328	1	11	120	1645	9711
329	3	16	160	1650	45213
330	6	19	80	1655	38660
331	1	11	80	1660	23436
332	0	18	80	1665	10258
333	6	19	80	1670	16291
334	0	18	120	1675	7085
335	1	11	160	1680	18043
336	15	0	200	1685	3556
337	0	18	120	1690	23223
338	15	0	120	1695	30665
339	5	13	80	1700	10264
340	4	7	200	1705	977
341	5	13	160	1710	40924
342	0	18	160	1715	647
343	15	0	200	1720	47681
344	15	0	120	1725	17357
345	6	19	120	1730	6027
346	4	7	120	1735	40243
347	19	8	80	1740	38916
348	6	19	80	1745	1561
349	1	11	80	1750	11250
350	4	7	80	1755	14682
351	15	0	80	1760	36103
352	19	8	80	1765	22526
353	0	18	80	1770	82117
354	5	13	120	1775	12208
355	6	19	80	1780	37807
356	3	16	80	1785	33392
357	5	13	160	1790	26421
358	4	7	120	1795	20201
359	19	8	160	1800	25962
360	3	16	80	1805	43717
361	6	19	120	1810	30542
362	19	8	160	1815	6851
363	15	0	160	1820	41622
364	0	18	80	1825	7252
365	4	7	160	1830	11340
366	15	0	120	1835	13929
367	1	11	80	1840	15106
368	3	16	120	1845	28734
369	4	7	160	1850	27159
370	19	8	80	1855	17224
371	15	0	160	1860	17599
372	4	7	200	1865	72911
373	15	0	120	1870	66894
374	6	19	160	1875	19561
375	4	7	120	1880	2462
376	1	11	120	1885	17727
377	5	13	80	1890	18238
378	3	16	80	1895	45951
379	1	11	120	1900	16995
380	0	18	160	1905	18869
381	15	0	120	1910	671
382	3	16	120	1915	91444
383	0	18	120	1920	76407
384	19	8	120	1925	11878
385	19	8	200	1930	545
386	3	16	200	1935	351
387	0	18	200	2000	11491
388	0	18	200	2005	2370
389	3	16	80	2010	14903
390	19	8	160	2015	36037
391	1	11	120	2020	15250
392	6	19	200	2025	1255
393	19	8	200	2030	1493
394	3	16	80	2035	17108
395	15	0	160	2040	9256
396	6	19	80	2045	20249
397	3	16	200	2050	5449
398	6	19	200	2055	22115
399	3	16	200	2060	3570
400	19	8	80	2065	36532
401	3	16	80	2070	10188
402	6	19	200	2075	2647
403	3	16	120	2080	11686
404	3	16	80	2085	47552
405	5	13	160	2090	66706
406	4	7	120	2095	41935
407	0	18	200	2100	26638
408	3	16	120	2105	12660
409	1	11	200	2110	8601
410	4	7	160	2115	7580
411	15	0	80	2120	5931
412	1	11	120	2125	40473
413	3	16	80	2130	1525
414	15	0	80	2135	2974
415	4	7	160	2140	39940
416	3	16	200	2145	32518
417	19	8	80	2150	8212
418	19	8	80	2155	13620
419	0	18	80	2160	6533
420	1	11	160	2165	10787
421	6	19	120	2170	1481
422	0	18	120	2175	11205
423	0	18	80	2180	6441
424	5	13	80	2185	55329
425	6	19	160	2190	1024
426	0	18	160	2195	15178
427	4	7	80	2200	53357
428	4	7	80	2205	13434
429	19	8	80	2210	6504
430	6	19	120	2215	17998
431	19	8	160	2220	9223
432	15	0	80	2225	63901
433	0	18	120	2230	30072
434	1	11	120	2235	31042
435	6	19	120	2240	5311
436	1	11	160	2245	61580
437	19	8	200	2250	21536
438	6	19	120	2255	2434
439	3	16	200	2260	14455
440	5	13	160	2265	5256
441	1	11	80	2270	10122
442	6	19	120	2275	84586
443	15	0	200	2280	37783
444	15	0	120	2285	5109
445	1	11	120	2290	19609
446	0	18	80	2295	25575
447	4	7	200	2300	109110
448	0	18	160	2305	69074
449	19	8	160	2310	28823
450	4	7	160	2315	20704
451	15	0	200	2320	7887
452	4	7	160	2325	35279
453	5	13	160	2330	10851
454	0	18	80	2335	35929
455	1	11	160	2340	30715
456	3	16	200	2345	86569
457	5	13	160	2350	48787
458	15	0	120	2355	15936
459	5	13	120	2360	41196
460	4	7	80	2400	15202
461	19	8	80	2404	65241
462	5	13	160	2408	6642
463	4	7	80	2412	4545
464	5	13	160	2416	35651
465	5	13	80	2420	72742
466	19	8	200	2424	8176
467	1	11	80	2428	2540
468	0	18	160	2432	9824
469	0	18	200	2436	60039
470	1	11	200	2440	52436
471	3	16	200	2444	3891
472	1	11	200	2448	5156
473	5	13	120	2452	94632
474	5	13	120	2456	1020
475	0	18	120	2460	433
476	0	18	200	2464	2245
477	1	11	160	2468	20831
478	3	16	200	2472	1070
479	4	7	160	2476	10045
480	6	19	160	2480	11718
481	6	19	160	2484	15662
482	4	7	120	2488	70948
483	5	13	160	2492	31385
484	4	7	160	2496	25850
485	15	0	160	2500	6824
486	5	13	200	2504	19112
487	3	16	160	2508	20060
488	19	8	80	2512	66792
489	19	8	160	2516	90
490	4	7	120	2520	6137
491	6	19	80	2524	1335
492	1	11	160	2528	2719
493	1	11	200	2532	7755
494	15	0	200	2536	98130
495	6	19	120	2540	7313
496	5	13	160	2544	2591
497	3	16	80	2548	38384
498	3	16	120	2552	466
499	3	16	120	2556	6587
500	1	11	120	2560	7537
501	15	0	80	2564	19434
502	4	7	120	2568	25435
503	19	8	200	2572	625
504	6	19	160	2576	40059
505	1	11	200	2580	13418
506	6	19	80	2584	2178
507	15	0	120	2588	37393
508	0	18	120	2592	9330
509	0	18	200	2596	34081
510	1	11	200	2600	24030
511	0	18	80	2604	11968
512	3	16	200	2608	41885
513	4	7	160	2612	3709
514	19	8	200	2616	13659
515	15	0	120	2620	110330
516	4	7	200	2624	102509
517	0	18	200	2628	17228
518	19	8	160	2632	17274
519	6	19	200	2636	17922
520	19	8	80	2640	12368
521	5	13	120	2644	30743
522	1	11	200	2648	4250
523	0	18	80	2652	9688
524	6	19	120	2656	28295
525	5	13	200	2660	43010
526	0	18	120	2664	1043
527	0	18	200	2668	59791
528	6	19	160	2672	142583
529	15	0	200	2676	36226
530	4	7	160	2680	59317
531	15	0	160	2684	8265
532	19	8	80	2688	19756
533	19	8	120	2692	39063
534	1	11	80	2696	1805
535	15	0	120	2700	42708
536	1	11	120	2704	41945
537	4	7	120	2708	61310
538	19	8	80	2712	60016
539	3	16	200	2716	6307
540	1	11	160	2720	4205
541	15	0	120	2800	34208
542	1	11	80	2804	6725
543	19	8	120	2808	4758
544	15	0	200	2812	11133
545	3	16	120	2816	42952
546	3	16	80	2820	6232
547	15	0	200	2824	79746
548	1	11	80	2828	44307
549	0	18	120	2832	120211
550	1	11	160	2836	7772
551	5	13	200	2840	21408
552	3	16	160	2844	8045
553	6	19	120	2848	16308
554	3	16	80	2852	43584
555	5	13	80	2856	19020
556	6	19	80	2860	11970
557	3	16	120	2864	9302
558	3	16	160	2868	9730
559	0	18	200	2872	91823
560	0	18	160	2876	11696
561	6	19	80	2880	4459
562	0	18	200	2884	37694
563	3	16	120	2888	18800
564	5	13	80	2892	44398
565	3	16	80	2896	10017
566	1	11	200	2900	42768
567	3	16	120	2904	528
568	1	11	160	2908	1760
569	0	18	120	2912	22154
570	5	13	80	2916	4301
571	0	18	120	2920	1581
572	0	18	200	2924	21646
573	6	19	200	2928	7951
574	4	7	120	2932	10913
575	1	11	200	2936	24729
576	4	7	80	2940	15594
577	3	16	160	2944	97035
578	1	11	80	2948	77849
579	3	16	80	2952	47086
580	3	16	160	2956	22272
581	3	16	120	2960	1964
582	15	0	200	2964	1872
583	6	19	80	2968	97
584	5	13	120	2972	16747
585	15	0	160	2976	9446
586	5	13	80	2980	156
587	1	11	200	2984	1685
588	6	19	80	2988	81355
589	5	13	80	2992	17875
590	1	11	120	2996	13853
591	19	8	80	3000	16852
592	1	11	200	3004	21338
593	15	0	120	3008	67429
594	3	16	120	3012	44801
595	5	13	120	3016	113515
596	6	19	160	3020	82227
597	19	8	200	3024	28996
598	3	16	80	3028	9866
599	5	13	160	3032	729
600	1	11	120	3036	30
601	0	18	160	3040	5564
602	6	19	120	3044	53689
603	0	18	160	3048	6568
604	4	7	120	3052	42418
605	1	11	120	3056	5745
606	4	7	80	3060	132172
607	5	13	160	3064	67
608	1	11	200	3068	3280
609	1	11	120	3072	5181
610	1	11	200	3076	1727
611	4	7	160	3080	12674
612	0	18	80	3084	10723
613	19	8	160	3088	15413
614	15	0	80	3092	11223
615	15	0	80	3096	8807
616	15	0	120	3100	2382
617	4	7	160	3104	37232
618	6	19	80	3108	999
619	15	0	120	3112	17484
620	15	0	80	3116	9781
621	19	8	80	3120	34641
622	6	19	120	3124	1370
623	6	19	120	3128	18927
624	19	8	80	3132	4303
625	6	19	80	3136	25862
626	15	0	120	3200	15454
627	3	16	120	3205	25503
628	4	7	160	3210	13772
629	19	8	80	3215	11249
630	4	7	80	3220	27021
631	4	7	120	3225	35968
632	19	8	120	3230	24879
633	6	19	120	3235	64186
634	1	11	160	3240	46868
635	1	11	80	3245	12169
636	6	19	80	3250	4920
637	6	19	120	3255	43331
638	3	16	200	3260	4611
639	3	16	200	3265	8200
640	4	7	160	3270	9591
641	19	8	120	3275	88
642	0	18	200	3280	67542
643	4	7	200	3285	35491
644	3	16	80	3290	14598
645	6	19	160	3295	688
646	15	0	200	3300	3736
647	3	16	80	3305	2934
648	0	18	80	3310	20046
649	5	13	80	3315	18543
650	6	19	80	3320	54472
651	3	16	200	3325	4746
652	1	11	160	3330	25923
653	5	13	200	3335	41118
654	6	19	160	3340	28514
655	1	11	80	3345	6504
656	4	7	120	3350	3941
657	19	8	200	3355	10253
658	1	11	120	3360	1878
659	6	19	80	3365	4461
660	4	7	200	3370	32154
661	1	11	160	3375	10026
662	1	11	80	3380	20042
663	3	16	200	3385	33616
664	6	19	80	3390	17542
665	6	19	160	3395	8317
666	4	7	80	3400	34747
667	4	7	160	3405	13460
668	15	0	200	3410	22955
669	5	13	80	3415	89318
670	1	11	200	3420	3117
671	1	11	80	3425	7191
672	0	18	160	3430	22797
673	3	16	80	3435	33402
674	4	7	200	3440	4996
675	15	0	200	3445	9648
676	19	8	80	3450	41670
677	1	11	120	3455	7998
678	3	16	120	3460	2258
679	1	11	120	3465	3505
680	15	0	80	3470	17387
681	5	13	80	3475	10699
682	1	11	80	3480	2216
683	19	8	120	3485	54890
684	1	11	80	3490	15581
685	1	11	80	3495	16453
686	1	11	200	3500	2962
687	4	7	160	3505	41918
688	19	8	200	3510	6455
689	0	18	160	3515	23267
690	15	0	160	3520	6785
691	6	19	120	3525	43635
692	5	13	200	3530	34283
693	5	13	200	3535	124
694	19	8	80	3540	19236
695	1	11	200	3545	106053
696	15	0	80	3550	13810
697	6	19	80	3555	4953
698	6	19	160	3560	7017
699	5	13	160	3565	4265
700	3	16	120	3570	7335
701	4	7	80	3600	30115
702	5	13	120	3605	16603
703	4	7	80	3610	21423
704	4	7	80	3615	12924
705	5	13	80	3620	24369
706	1	11	120	3625	20046
707	19	8	120	3630	57549
708	1	11	200	3635	23978
709	19	8	160	3640	10867
710	1	11	200	3645	12809
711	1	11	80	3650	48604
712	5	13	120	3655	7157
713	19	8	80	3660	67276
714	19	8	200	3665	25486
715	19	8	160	3670	11410
716	19	8	120	3675	7009
717	3	16	200	3680	26443
718	0	18	200	3685	7752
719	5	13	200	3690	542
720	4	7	200	3695	4668
721	0	18	160	3700	67234
722	4	7	160	3705	5159
723	15	0	120	3710	127335
724	15	0	120	3715	31380
725	4	7	160	3720	8022
726	5	13	80	3725	16567
727	5	13	200	3730	22478
728	4	7	80	3735	5355
729	1	11	80	3740	5354
730	0	18	160	3745	53749
731	3	16	80	3750	24343
732	4	7	160	3755	727
733	6	19	200	3760	62814
734	19	8	200	3765	49437
735	4	7	80	3770	38694
736	19	8	200	3775	47252
737	6	19	80	3780	16529
738	5	13	80	3785	15788
739	6	19	200	3790	43951
740	19	8	200	3795	63806
741	3	16	120	3800	5567
742	3	16	160	3805	5171
743	0	18	120	3810	49277
744	15	0	160	3815	5570
745	6	19	160	3820	11405
746	0	18	200	3825	20809
747	6	19	200	3830	41281
748	6	19	200	3835	10374
749	0	18	120	3840	4557
750	1	11	120	3845	31844
751	5	13	120	3850	35251
752	5	13	120	3855	57910
753	1	11	160	3860	6309
754	0	18	200	3865	102540
755	1	11	200	3870	9400
756	19	8	120	3875	17686
757	15	0	80	3880	16842
758	6	19	200	3885	47344
759	19	8	160	3890	3404
760	19	8	200	3895	3596
761	6	19	120	3900	76195
762	5	13	80	3905	29632
763	19	8	200	3910	13567
764	15	0	200	3915	15267
765	19	8	200	3920	35932
766	6	19	120	3925	43706
767	15	0	160	3930	9642
768	19	8	80	3935	1660
769	4	7	200	3940	46121
770	19	8	200	3945	17515
771	3	16	120	3950	33802
772	15	0	160	3955	4929
773	4	7	200	3960	13754
774	5	13	80	3965	2327
775	1	11	120	3970	83956
776	15	0	200	3975	32836
777	4	7	120	4000	9318
778	19	8	160	4004	37216
779	1	11	200	4008	10385
780	4	7	200	4012	29243
781	19	8	120	4016	27169
782	15	0	80	4020	7131
783	3	16	200	4024	658
784	19	8	160	4028	15024
785	5	13	120	4032	3168
786	6	19	160	4036	31149
787	1	11	200	4040	38470
788	6	19	80	4044	67902
789	15	0	80	4048	19081
790	5	13	160	4052	7855
791	1	11	200	4056	10564
792	0	18	120	4060	24312
793	5	13	160	4064	10330
794	6	19	80	4068	28945
795	3	16	160	4072	85605
796	15	0	80	4076	16537
797	3	16	200	4080	34453
798	1	11	120	4084	12299
799	19	8	200	4088	13528
800	19	8	80	4092	18642
801	1	11	120	4096	6870
802	6	19	160	4100	33667
803	1	11	200	4104	16507
804	1	11	160	4108	25537
805	19	8	200	4112	92961
806	15	0	160	4116	21056
807	1	11	160	4120	15428
808	6	19	160	4124	3585
809	19	8	120	4128	394
810	4	7	200	4132	20742
811	4	7	80	4136	5345
812	15	0	120	4140	30243
813	5	13	200	4144	17104
814	4	7	200	4148	13404
815	19	8	120	4152	14856
816	19	8	80	4156	28985
817	1	11	120	4160	27498
818	19	8	80	4164	81528
819	3	16	120	4168	10227
820	3	16	80	4172	1214
821	5	13	120	4176	966
822	1	11	160	4180	11859
823	1	11	80	4184	17535
824	19	8	120	4188	20508
825	6	19	200	4192	4239
826	1	11	80	4196	3029
827	1	11	80	4200	43375
828	15	0	160	4204	31927
829	1	11	120	4208	3085
830	3	16	120	4212	15318
831	5	13	80	4216	98378
832	3	16	80	4220	60846
833	0	18	200	4224	10598
834	3	16	160	4228	40002
835	1	11	160	4232	14583
836	3	16	200	4236	61701
837	6	19	120	4240	34225
838	1	11	120	4244	11169
839	0	18	160	4248	15976
840	15	0	200	4252	18614
841	5	13	80	4256	6990
842	4	7	80	4260	25886
843	6	19	160	4264	62051
844	3	16	80	4268	84004
845	0	18	120	4272	1987
846	4	7	120	4276	24500
847	4	7	120	4280	3265
848	0	18	160	4284	61173
849	6	19	200	4288	6558
850	4	7	120	4292	7573
851	5	13	200	4296	40619
852	3	16	160	4300	38092
853	15	0	200	4304	1332
854	5	13	160	4308	11533
855	3	16	200	4312	16666
856	19	8	160	4316	47021
857	5	13	160	4320	6451
858	1	11	120	4324	61477
859	4	7	160	4328	16303
860	6	19	200	4332	47292
861	5	13	120	4336	33100
862	4	7	200	4340	32201
863	5	13	120	4344	438
864	5	13	80	4348	18873
865	19	8	200	4352	21706
866	1	11	200	4356	7847
867	15	0	120	4360	10688
868	3	16	120	4364	28777
869	3	16	120	4368	86314
870	6	19	160	4400	18532
871	3	16	200	4405	68080
872	0	18	80	4410	8902
873	19	8	160	4415	15714
874	5	13	160	4420	39532
875	15	0	200	4425	38228
876	0	18	80	4430	11454
877	5	13	200	4435	15024
878	15	0	200	4440	19088
879	19	8	200	4445	16398
880	3	16	120	4450	17725
881	15	0	160	4455	114108
882	0	18	120	4460	58901
883	0	18	200	4465	16468
884	15	0	200	4470	45534
885	15	0	120	4475	25600
886	1	11	160	4480	4995
887	4	7	120	4485	48371
888	4	7	120	4490	88956
889	19	8	200	4495	8922
890	1	11	200	4500	21772
891	15	0	80	4505	27940
892	4	7	200	4510	43525
893	6	19	160	4515	50698
894	3	16	200	4520	23569
895	1	11	160	4525	37611
896	1	11	120	4530	17321
897	19	8	200	4535	24640
898	0	18	160	4540	11477
899	4	7	120	4545	11263
900	19	8	160	4550	38692
901	6	19	200	4555	7894
902	0	18	80	4560	13435
903	15	0	120	4565	71542
904	0	18	80	4570	28983
905	1	11	120	4575	9584
906	4	7	200	4580	16926
907	3	16	80	4585	9081
908	3	16	120	4590	6795
909	15	0	160	4595	21102
910	3	16	160	4600	3098
911	4	7	200	4605	12011
912	6	19	160	4610	27886
913	3	16	120	4615	13397
914	1	11	80	4620	84841
915	15	0	80	4625	48823
916	5	13	200	4630	43119
917	3	16	80	4635	6652
918	6	19	120	4640	4416
919	15	0	160	4645	52681
920	6	19	120	4650	12554
921	6	19	160	4655	12751
922	3	16	80	4660	11626
923	4	7	120	4665	11785
924	0	18	160	4670	11327
925	19	8	120	4675	45558
926	19	8	80	4680	2647
927	4	7	120	4685	13526
928	6	19	160	4690	46342
929	4	7	200	4695	388
930	6	19	160	4700	7970
931	0	18	120	4705	32120
932	4	7	80	4710	2135
933	3	16	160	4715	4588
934	19	8	120	4720	28458
935	6	19	120	4725	6646
936	15	0	160	4730	19851
937	1	11	80	4735	80331
938	19	8	160	4800	38081
939	6	19	160	4805	17653
940	3	16	160	4810	3895
941	19	8	120	4815	49500
942	1	11	200	4820	23231
943	5	13	160	4825	11883
944	5	13	120	4830	5038
945	15	0	200	4835	5433
946	0	18	160	4840	16
947	0	18	120	4845	12628
948	4	7	120	4850	57319
949	4	7	160	4855	33877
950	5	13	160	4860	75638
951	15	0	80	4865	7618
952	3	16	160	4870	15406
953	3	16	80	4875	16230
954	15	0	200	4880	82058
955	1	11	200	4885	11799
956	3	16	200	4890	54404
957	5	13	160	4895	996
958	6	19	200	4900	20424
959	1	11	200	4905	45679
960	3	16	120	4910	6111
961	0	18	120	4915	1875
962	6	19	120	4920	14791
963	19	8	120	4925	6289
964	1	11	80	4930	8640
965	3	16	80	4935	11604
966	19	8	200	4940	8856
967	4	7	200	4945	17273
968	4	7	80	4950	31717
969	5	13	160	4955	31331
970	0	18	120	4960	8785
971	4	7	200	4965	48841
972	4	7	120	4970	14204
973	0	18	200	4975	25012
974	4	7	200	4980	32220
975	15	0	200	4985	18348
976	5	13	160	4990	37688
977	6	19	160	4995	120584
978	15	0	80	5000	5314
979	3	16	160	5005	4577
980	15	0	160	5010	45445
981	15	0	160	5015	28521
982	0	18	200	5020	17747
983	1	11	80	5025	2495
984	15	0	80	5030	1455
985	19	8	120	5035	255
986	15	0	200	5040	7356
987	1	11	80	5045	21613
988	5	13	160	5050	5558
989	15	0	120	5055	8770
990	3	16	160	5060	10174
991	1	11	200	5065	17717
992	4	7	80	5070	11934
993	15	0	200	5075	69384
994	4	7	80	5080	8422
995	3	16	120	5085	1862
996	1	11	80	5090	12777
997	1	11	120	5095	11847
998	4	7	120	5100	2215
999	3	16	80	5105	39355
1000	15	0	80	5110	53860
1001	6	19	160	5115	16047
1002	6	19	120	5120	27039
1003	15	0	200	5125	4741
1004	3	16	80	5130	14335
1005	1	11	200	5135	2207
1006	3	16	200	5140	41871
1007	1	11	160	5145	42023
1008	15	0	80	5150	33528
1009	0	18	80	5155	13609
1010	6	19	80	5160	21773
1011	5	13	80	5165	55977
1012	6	19	160	5170	44287
1013	4	7	120	5175	12234
1014	3	16	80	5180	35
1015	4	7	160	5185	18095
1016	19	8	120	5190	19299
1017	5	13	120	5195	10760
1018	0	18	120	5200	4521
1019	3	16	160	5204	8278
1020	4	7	120	5208	3051
1021	6	19	160	5212	30120
1022	15	0	80	5216	8779
1023	6	19	160	5220	13371
1024	3	16	200	5224	11605
1025	19	8	160	5228	36834
1026	19	8	160	5232	15580
1027	6	19	160	5236	16741
1028	6	19	160	5240	10388
1029	1	11	160	5244	26186
1030	5	13	160	5248	3112
1031	3	16	80	5252	12357
1032	3	16	120	5256	56550
1033	5	13	200	5260	11968
1034	4	7	120	5264	7873
1035	1	11	200	5268	10781
1036	1	11	120	5272	470
1037	1	11	80	5276	10095
1038	15	0	200	5280	25130
1039	6	19	80	5284	84926
1040	5	13	160	5288	4918
1041	5	13	80	5292	13813
1042	4	7	200	5296	44132
1043	4	7	160	5300	35686
1044	0	18	80	5304	29688
1045	6	19	160	5308	14026
1046	4	7	120	5312	27347
1047	0	18	200	5316	117249
1048	4	7	160	5320	68761
1049	19	8	120	5324	34906
1050	3	16	200	5328	17722
1051	6	19	200	5332	1268
1052	0	18	80	5336	5897
1053	0	18	160	5340	38204
1054	15	0	160	5344	27845
1055	1	11	120	5348	4735
1056	15	0	120	5352	4798
1057	0	18	160	5356	6863
1058	5	13	200	5360	38131
1059	4	7	160	5364	26262
1060	3	16	120	5368	22620
1061	6	19	80	5372	9364
1062	5	13	200	5376	15466
1063	6	19	120	5380	2224
1064	4	7	120	5384	8946
1065	3	16	80	5388	5173
1066	3	16	200	5392	145892
1067	1	11	160	5396	14320
1068	0	18	200	5400	3059
1069	1	11	80	5404	24492
1070	1	11	80	5408	17124
1071	15	0	120	5412	5631
1072	6	19	160	5416	29897
1073	4	7	80	5420	5378
1074	15	0	80	5424	2701
1075	19	8	120	5428	27481
1076	3	16	160	5432	49703
1077	4	7	160	5436	18244
1078	5	13	120	5440	30330
1079	5	13	120	5444	67860
1080	4	7	120	5448	2648
1081	19	8	200	5452	15929
1082	1	11	80	5456	19659
1083	6	19	80	5460	21100
1084	15	0	160	5464	3676
1085	15	0	200	5468	1745
1086	3	16	200	5472	4896
1087	3	16	160	5476	2763
1088	6	19	120	5480	29386
1089	3	16	80	5484	2545
1090	3	16	120	5488	4781
1091	1	11	200	5492	35345
1092	6	19	120	5496	19033
1093	3	16	80	5500	98991
1094	3	16	200	5504	10732
1095	15	0	160	5508	47569
1096	19	8	80	5512	78834
1097	15	0	120	5516	33510
1098	19	8	80	5520	14911
1099	15	0	80	5524	17407
1100	4	7	200	5528	14125
1101	1	11	160	5532	6293
1102	0	18	80	5536	49479
1103	1	11	120	5540	8678
1104	15	0	120	5544	7109
1105	5	13	160	5548	9009
1106	0	18	120	5552	9944
1107	6	19	80	5600	413
1108	1	11	160	5605	28108
1109	15	0	120	5610	115
1110	15	0	160	5615	8736
1111	4	7	200	5620	25114
1112	5	13	80	5625	18186
1113	0	18	120	5630	46343
1114	19	8	120	5635	19743
1115	4	7	120	5640	3212
1116	4	7	80	5645	34643
1117	19	8	160	5650	53013
1118	15	0	200	5655	70276
1119	6	19	160	5660	6618
1120	0	18	80	5665	225
1121	19	8	120	5670	52743
1122	4	7	120	5675	32635
1123	6	19	200	5680	462
1124	19	8	200	5685	14741
1125	19	8	120	5690	32273
1126	1	11	200	5695	26005
1127	3	16	120	5700	31285
1128	1	11	80	5705	44010
1129	19	8	120	5710	6720
1130	0	18	80	5715	30486
1131	5	13	120	5720	3107
1132	4	7	160	5725	1732
1133	6	19	80	5730	5403
1134	0	18	160	5735	16442
1135	3	16	160	5740	49683
1136	15	0	200	5745	22742
1137	0	18	160	5750	7089
1138	15	0	200	5755	9557
1139	3	16	200	5760	42390
1140	15	0	160	5765	31506
1141	6	19	200	5770	4398
1142	0	18	200	5775	13022
1143	19	8	200	5780	28997
1144	5	13	120	5785	38093
1145	15	0	160	5790	18213
1146	6	19	160	5795	6567
1147	5	13	200	5800	28307
1148	4	7	200	5805	13202
1149	19	8	120	5810	6438
1150	3	16	160	5815	2484
1151	0	18	120	5820	1803
1152	0	18	160	5825	39354
1153	3	16	160	5830	6016
1154	15	0	80	5835	16947
1155	4	7	120	5840	19483
1156	6	19	80	5845	16036
1157	3	16	120	5850	46128
1158	3	16	160	5855	44663
1159	19	8	200	5860	17464
1160	4	7	160	5865	25290
1161	6	19	200	5870	22646
1162	4	7	80	5875	4672
1163	3	16	80	5880	14164
1164	15	0	120	5885	8070
1165	3	16	120	5890	4870
1166	0	18	80	5895	20772
1167	15	0	80	5900	9601
1168	19	8	200	5905	10674
1169	6	19	160	5910	27869
1170	5	13	160	5915	17265
1171	4	7	120	5920	17029
1172	0	18	200	5925	19795
1173	4	7	200	5930	2999
1174	15	0	200	5935	17124
1175	4	7	80	5940	44268
1176	19	8	120	5945	15244
1177	5	13	160	5950	1030
1178	1	11	120	5955	6072
1179	0	18	80	5960	62857
1180	1	11	160	5965	16634
1181	5	13	80	5970	83410
1182	19	8	120	5975	8743
1183	1	11	160	5980	22285
1184	5	13	200	5985	3785
1185	0	18	160	5990	24981
1186	4	7	160	5995	9096
1187	0	18	200	6000	45196
1188	15	0	80	6005	28508
1189	5	13	80	6010	67527
1190	5	13	120	6015	11724
1191	5	13	160	6020	34114
1192	15	0	200	6025	12715
1193	19	8	200	6030	40050
1194	19	8	120	6035	4694
1195	0	18	160	6040	3072
1196	1	11	160	6045	111893
1197	6	19	160	6050	86677
1198	0	18	160	6055	12897
1199	1	11	200	6060	22712
1200	15	0	120	6065	73206
1201	19	8	160	6070	57709
1202	6	19	200	6075	9737
1203	6	19	120	6080	31982
1204	4	7	200	6085	30754
1205	19	8	80	6090	21409
1206	19	8	160	6095	17154
1207	5	13	200	6100	27992
1208	5	13	160	6105	29846
1209	4	7	200	6110	26215
1210	5	13	80	6115	2152
1211	1	11	160	6120	14146
1212	1	11	200	6125	23870
1213	1	11	160	6130	59836
1214	6	19	120	6135	411
1215	15	0	160	6140	27521
1216	15	0	120	6145	8747
1217	3	16	120	6150	20368
1218	6	19	120	6155	8555
1219	15	0	160	6160	24432
1220	15	0	200	6165	48630
1221	19	8	120	6170	31537
1222	19	8	200	6175	24161
1223	3	16	200	6180	13032
1224	1	11	80	6185	8574
1225	0	18	80	6190	33688
1226	6	19	120	6195	2445
1227	1	11	200	6200	33286
1228	5	13	160	6205	67446
1229	6	19	80	6210	11860
1230	1	11	160	6215	45746
1231	1	11	200	6220	16500
1232	5	13	200	6225	23622
1233	19	8	120	6230	22704
1234	1	11	160	6235	88034
1235	3	16	80	6240	21415
1236	19	8	80	6245	24223
1237	3	16	80	6250	20206
1238	15	0	200	6255	51396
1239	6	19	160	6260	19470
1240	0	18	80	6265	3513
1241	19	8	200	6270	23667
1242	5	13	80	6275	3515
1243	4	7	80	6280	744
1244	0	18	80	6285	46217
1245	3	16	200	6290	67970
1246	3	16	160	6295	3301
1247	5	13	120	6300	16345
1248	3	16	160	6305	37978
1249	0	18	160	6310	16412
1250	3	16	80	6315	40459
1251	15	0	120	6320	13012
1252	0	18	80	6325	26835
1253	1	11	200	6330	36017
1254	4	7	80	6335	32671
1255	19	8	80	6340	6005
1256	19	8	160	6345	7721
1257	3	16	80	6350	59022
1258	4	7	120	6355	13735
1259	4	7	160	6360	82641
1260	3	16	200	6365	16317
1261	6	19	160	6370	34304
1262	19	8	80	6375	33145
1263	15	0	120	6380	9316
1264	1	11	120	6385	40267
1265	3	16	120	6400	21316
1266	5	13	200	6406	41031
1267	1	11	120	6412	446
1268	0	18	200	6418	68701
1269	3	16	80	6424	13352
1270	19	8	120	6430	1150
1271	5	13	120	6436	31991
1272	5	13	160	6442	28070
1273	0	18	160	6448	32717
1274	6	19	160	6454	16756
1275	19	8	200	6460	6624
1276	3	16	80	6466	21694
1277	5	13	200	6472	22234
1278	1	11	160	6478	19966
1279	15	0	120	6484	10685
1280	6	19	120	6490	23591
1281	0	18	200	6496	22167
1282	19	8	120	6502	74767
1283	5	13	200	6508	14108
1284	4	7	80	6514	20549
1285	4	7	80	6520	13609
1286	1	11	160	6526	41702
1287	3	16	80	6532	45412
1288	5	13	80	6538	48606
1289	3	16	160	6544	33569
1290	4	7	160	6550	9086
1291	5	13	80	6556	30639
1292	15	0	200	6562	3434
1293	4	7	80	6568	59015
1294	4	7	200	6574	1545
1295	4	7	120	6580	11304
1296	19	8	160	6586	50547
1297	15	0	160	6592	40436
1298	3	16	200	6598	5881
1299	6	19	200	6604	7409
1300	15	0	200	6610	3123
1301	1	11	80	6616	2799
1302	5	13	160	6622	19219
1303	19	8	160	6628	11005
1304	0	18	120	6634	14284
1305	15	0	200	6640	1959
1306	3	16	160	6646	31337
1307	0	18	160	6652	63465
1308	5	13	120	6658	7701
1309	5	13	120	6664	16754
1310	5	13	80	6670	23626
1311	4	7	200	6676	26686
1312	0	18	120	6682	10328
1313	5	13	200	6688	1909
1314	6	19	120	6694	10053
1315	1	11	200	6700	53061
1316	15	0	120	6706	39222
1317	4	7	120	6712	8705
1318	4	7	120	6718	32935
1319	15	0	80	6724	11488
1320	1	11	160	6730	34709
1321	3	16	160	6736	84005
1322	5	13	120	6742	3911
1323	6	19	120	6748	5050
1324	19	8	120	6754	2837
1325	4	7	80	6760	9460
1326	6	19	160	6766	22169
1327	0	18	160	6772	35802
1328	5	13	200	6778	27480
1329	3	16	80	6784	3256
1330	19	8	80	6790	10819
1331	5	13	120	6800	36393
1332	3	16	80	6804	11733
1333	5	13	200	6808	8531
1334	0	18	120	6812	6500
1335	4	7	120	6816	17401
1336	5	13	120	6820	1278
1337	19	8	160	6824	21270
1338	5	13	120	6828	132102
1339	5	13	80	6832	16484
1340	0	18	160	6836	29200
1341	0	18	80	6840	54115
1342	15	0	160	6844	20521
1343	0	18	200	6848	10920
1344	6	19	120	6852	3252
1345	0	18	200	6856	24795
1346	4	7	160	6860	11138
1347	1	11	200	6864	1405
1348	6	19	160	6868	20380
1349	3	16	80	6872	4529
1350	5	13	80	6876	20295
1351	5	13	120	6880	20484
1352	4	7	80	6884	1691
1353	4	7	160	6888	43525
1354	5	13	80	6892	16687
1355	5	13	120	6896	3963
1356	5	13	200	6900	77085
1357	15	0	80	6904	10758
1358	0	18	80	6908	7106
1359	5	13	80	6912	3143
1360	1	11	120	6916	15484
1361	1	11	200	6920	73897
1362	4	7	200	6924	6813
1363	1	11	120	6928	3833
1364	6	19	80	6932	3607
1365	0	18	200	6936	44876
1366	1	11	200	6940	8030
1367	5	13	160	6944	1245
1368	5	13	160	6948	43860
1369	3	16	200	6952	42042
1370	5	13	120	6956	43758
1371	15	0	160	6960	5873
1372	15	0	200	6964	8845
1373	19	8	120	6968	6892
1374	6	19	160	6972	27093
1375	1	11	160	6976	48861
1376	4	7	80	6980	12062
1377	5	13	120	6984	36869
1378	0	18	200	6988	1563
1379	15	0	160	6992	15120
1380	19	8	160	6996	74138
1381	4	7	160	7000	18955
1382	4	7	200	7004	5439
1383	3	16	160	7008	17110
1384	6	19	80	7012	19495
1385	3	16	160	7016	37321
1386	1	11	80	7020	29912
1387	15	0	120	7024	19151
1388	19	8	200	7028	38396
1389	5	13	80	7032	2132
1390	19	8	120	7036	19485
1391	6	19	120	7040	28157
1392	19	8	160	7044	9665
1393	19	8	80	7048	49554
1394	4	7	200	7052	519
1395	15	0	160	7056	33251
1396	6	19	80	7060	25054
1397	5	13	120	7064	13370
1398	4	7	160	7068	6148
1399	5	13	160	7072	7913
1400	19	8	80	7076	10700
1401	19	8	80	7080	9282
1402	6	19	80	7084	5892
1403	4	7	160	7088	32862
1404	6	19	200	7092	9736
1405	15	0	120	7096	10473
1406	15	0	160	7100	7415
1407	5	13	200	7104	40945
1408	15	0	80	7108	4193
1409	4	7	120	7112	23969
1410	0	18	80	7116	33969
1411	0	18	120	7120	4614
1412	6	19	80	7124	8498
1413	1	11	120	7128	37329
1414	6	19	160	7132	4423
1415	6	19	160	7136	63601
1416	15	0	200	7200	33387
1417	0	18	80	7204	32088
1418	5	13	120	7208	21483
1419	3	16	160	7212	10366
1420	19	8	160	7216	3436
1421	4	7	120	7220	31837
1422	5	13	160	7224	6983
1423	19	8	160	7228	33672
1424	3	16	160	7232	7570
1425	15	0	200	7236	3840
1426	15	0	80	7240	52028
1427	19	8	160	7244	13707
1428	4	7	160	7248	6217
1429	19	8	200	7252	62752
1430	4	7	120	7256	6009
1431	19	8	200	7260	82550
1432	0	18	200	7264	19639
1433	5	13	120	7268	36576
1434	19	8	160	7272	2734
1435	0	18	160	7276	24103
1436	15	0	160	7280	9553
1437	0	18	80	7284	14658
1438	6	19	200	7288	4655
1439	15	0	200	7292	5431
1440	5	13	80	7296	17767
1441	6	19	80	7300	53869
1442	19	8	120	7304	11841
1443	5	13	120	7308	4368
1444	5	13	200	7312	9535
1445	15	0	200	7316	11514
1446	0	18	80	7320	11958
1447	6	19	80	7324	18773
1448	1	11	160	7328	29285
1449	15	0	80	7332	2317
1450	0	18	200	7336	157517
1451	5	13	80	7340	57943
1452	19	8	200	7344	43343
1453	0	18	80	7348	49952
1454	5	13	200	7352	3829
1455	5	13	160	7356	23547
1456	3	16	120	7360	1697
1457	6	19	160	7364	14946
1458	0	18	80	7368	15472
1459	15	0	200	7372	4927
1460	19	8	80	7376	15149
1461	15	0	200	7380	42621
1462	0	18	120	7384	21409
1463	19	8	80	7388	6382
1464	19	8	80	7392	12669
1465	0	18	120	7396	37370
1466	19	8	160	7400	22976
1467	1	11	200	7404	17417
1468	3	16	200	7408	27437
1469	6	19	200	7412	18357
1470	15	0	80	7416	22049
1471	15	0	160	7420	8359
1472	4	7	120	7424	19760
1473	6	19	160	7428	11820
1474	15	0	160	7432	42207
1475	3	16	120	7436	6566
1476	4	7	80	7440	10161
1477	0	18	120	7444	2159
1478	4	7	200	7448	13335
1479	5	13	160	7452	52856
1480	15	0	200	7456	33799
1481	1	11	80	7460	10080
1482	6	19	200	7464	31450
1483	6	19	160	7468	3513
1484	15	0	200	7472	63219
1485	19	8	120	7476	8937
1486	19	8	200	7480	3403
1487	0	18	200	7484	27616
1488	19	8	120	7488	24168
1489	4	7	80	7492	15812
1490	6	19	120	7496	20001
1491	1	11	200	7500	48031
1492	19	8	80	7504	96292
1493	19	8	200	7508	112312
1494	19	8	160	7512	31823
1495	6	19	80	7516	28291
1496	5	13	200	7520	8692
1497	0	18	80	7524	4068
1498	6	19	120	7528	33880
1499	4	7	120	7532	18564
1500	19	8	120	7536	34755
1501	15	0	80	7540	50174
1502	4	7	120	7544	47428
1503	5	13	200	7548	4478
1504	19	8	200	7600	16211
1505	3	16	80	7605	29254
1506	0	18	160	7610	10321
1507	3	16	120	7615	14207
1508	1	11	120	7620	1168
1509	3	16	160	7625	57286
1510	1	11	160	7630	7882
1511	3	16	200	7635	96703
1512	1	11	200	7640	911
1513	5	13	160	7645	21148
1514	19	8	200	7650	13497
1515	15	0	80	7655	3207
1516	1	11	80	7660	2538
1517	3	16	200	7665	14523
1518	0	18	120	7670	8742
1519	19	8	160	7675	2508
1520	0	18	160	7680	25681
1521	15	0	160	7685	64696
1522	3	16	160	7690	51156
1523	19	8	160	7695	5314
1524	19	8	120	7700	83513
1525	6	19	80	7705	31974
1526	15	0	160	7710	8983
1527	5	13	120	7715	20273
1528	15	0	200	7720	25503
1529	1	11	120	7725	3490
1530	6	19	160	7730	65801
1531	3	16	200	7735	5034
1532	3	16	80	7740	9603
1533	0	18	120	7745	52472
1534	5	13	80	7750	3189
1535	0	18	160	7755	50699
1536	6	19	160	7760	15766
1537	1	11	80	7765	19707
1538	15	0	160	7770	24861
1539	5	13	200	7775	6079
1540	15	0	160	7780	78109
1541	6	19	120	7785	27759
1542	15	0	120	7790	24259
1543	5	13	200	7795	31124
1544	1	11	120	7800	5434
1545	4	7	160	7805	21004
1546	19	8	80	7810	42188
1547	4	7	120	7815	12107
1548	19	8	200	7820	19734
1549	0	18	160	7825	22559
1550	5	13	80	7830	21515
1551	3	16	80	7835	45502
1552	0	18	200	7840	45632
1553	6	19	160	7845	25683
1554	3	16	200	7850	51206
1555	0	18	160	7855	42881
1556	4	7	120	7860	127376
1557	5	13	160	7865	26086
1558	5	13	120	7870	5386
1559	1	11	160	7875	33751
1560	4	7	120	7880	11950
1561	5	13	120	7885	36251
1562	4	7	160	7890	37721
1563	0	18	80	7895	58370
1564	5	13	200	7900	86288
1565	19	8	160	7905	2281
1566	19	8	200	7910	25362
1567	1	11	120	7915	3888
1568	19	8	160	7920	14844
1569	19	8	120	7925	19222
1570	1	11	120	7930	24757
1571	19	8	80	7935	18651
1572	5	13	80	7940	39721
1573	5	13	120	7945	2041
1574	1	11	200	7950	3559
1575	4	7	80	7955	85436
1576	0	18	120	7960	8438
1577	6	19	200	7965	4034
1578	6	19	120	7970	132668
1579	5	13	200	7975	11704
1580	15	0	200	7980	57404
1581	4	7	120	7985	59456
1582	6	19	120	7990	235
1583	6	19	120	8000	1107
1584	5	13	120	8004	18813
1585	4	7	160	8008	2150
1586	1	11	80	8012	9922
1587	6	19	120	8016	26808
1588	15	0	120	8020	146
1589	5	13	120	8024	8286
1590	6	19	120	8028	51703
1591	0	18	80	8032	40996
1592	5	13	160	8036	10675
1593	5	13	200	8040	53003
1594	0	18	120	8044	42744
1595	3	16	120	8048	4827
1596	3	16	200	8052	53672
1597	15	0	120	8056	30889
1598	19	8	200	8060	33663
1599	4	7	200	8064	2848
1600	4	7	160	8068	64095
1601	15	0	160	8072	27197
1602	4	7	200	8076	65578
1603	0	18	160	8080	228
1604	19	8	120	8084	81018
1605	5	13	200	8088	1274
1606	6	19	200	8092	1002
1607	4	7	120	8096	35178
1608	5	13	200	8100	17576
1609	19	8	160	8104	57800
1610	0	18	120	8108	18432
1611	6	19	120	8112	44028
1612	19	8	120	8116	26371
1613	19	8	120	8120	40506
1614	4	7	160	8124	44964
1615	0	18	80	8128	15519
1616	19	8	200	8132	35212
1617	6	19	120	8136	33004
1618	4	7	160	8140	11042
1619	1	11	120	8144	52292
1620	6	19	160	8148	33471
1621	3	16	120	8152	93508
1622	4	7	80	8156	3717
1623	4	7	80	8160	4451
1624	3	16	200	8164	26396
1625	0	18	80	8168	41796
1626	4	7	120	8172	4799
1627	0	18	80	8176	60257
1628	5	13	80	8180	6904
1629	19	8	120	8184	74758
1630	1	11	120	8188	1959
1631	1	11	80	8192	20395
1632	6	19	80	8196	12286
1633	3	16	120	8200	51720
1634	1	11	80	8204	14574
1635	19	8	80	8208	6289
1636	0	18	120	8212	95239
1637	5	13	160	8216	7
1638	15	0	200	8220	1982
1639	0	18	120	8224	16239
1640	15	0	160	8228	1100
1641	15	0	160	8232	20228
1642	0	18	160	8236	4000
1643	19	8	160	8240	2423
1644	4	7	80	8244	33845
1645	19	8	200	8248	1072
1646	1	11	200	8252	3959
1647	5	13	80	8256	18845
1648	0	18	120	8260	1072
1649	19	8	80	8264	10536
1650	3	16	160	8268	12776
1651	5	13	160	8272	3786
1652	3	16	160	8276	10529
1653	15	0	120	8280	48459
1654	6	19	80	8284	10705
1655	1	11	80	8288	72436
1656	4	7	160	8292	18351
1657	19	8	160	8296	34823
1658	15	0	160	8300	10059
1659	15	0	80	8304	3649
1660	1	11	160	8308	49049
1661	5	13	160	8312	3125
1662	19	8	120	8316	17570
1663	6	19	120	8320	19900
1664	6	19	120	8324	42758
1665	15	0	120	8328	79485
1666	19	8	120	8332	13900
1667	6	19	200	8336	36627
1668	15	0	80	8340	10706
1669	4	7	120	8344	22963
1670	0	18	200	8348	16401
1671	3	16	80	8352	35182
1672	19	8	120	8356	26457
1673	4	7	80	8360	50314
1674	4	7	200	8364	44285
1675	15	0	200	8368	4838
1676	1	11	200	8372	41989
1677	5	13	120	8376	1166
1678	0	18	80	8380	12800
1679	3	16	80	8384	23435
1680	19	8	120	8400	26802
1681	19	8	120	8405	24337
1682	0	18	200	8410	49921
1683	5	13	200	8415	54011
1684	5	13	200	8420	18785
1685	6	19	200	8425	64682
1686	19	8	120	8430	5882
1687	19	8	160	8435	18297
1688	5	13	120	8440	17828
1689	0	18	80	8445	16831
1690	5	13	160	8450	28579
1691	1	11	160	8455	5823
1692	15	0	200	8460	25743
1693	19	8	200	8465	66822
1694	19	8	200	8470	23298
1695	1	11	200	8475	61444
1696	19	8	120	8480	1241
1697	4	7	80	8485	21394
1698	1	11	80	8490	7370
1699	6	19	200	8495	37726
1700	19	8	120	8500	22236
1701	4	7	200	8505	11067
1702	6	19	200	8510	4882
1703	5	13	200	8515	13399
1704	19	8	120	8520	47228
1705	19	8	120	8525	24763
1706	5	13	80	8530	15603
1707	19	8	120	8535	15604
1708	4	7	160	8540	612
1709	19	8	120	8545	4683
1710	19	8	80	8550	3203
1711	19	8	80	8555	16021
1712	15	0	160	8560	10423
1713	4	7	160	8565	30468
1714	19	8	160	8570	15164
1715	3	16	80	8575	6372
1716	5	13	200	8580	6809
1717	3	16	120	8585	23504
1718	1	11	120	8590	503
1719	0	18	160	8595	55062
1720	19	8	200	8600	32908
1721	0	18	160	8605	56794
1722	1	11	160	8610	7173
1723	15	0	80	8615	46481
1724	19	8	200	8620	60573
1725	15	0	80	8625	7872
1726	5	13	80	8630	2830
1727	0	18	120	8635	31396
1728	4	7	120	8640	7093
1729	1	11	200	8645	60408
1730	19	8	160	8650	3401
1731	6	19	200	8655	6467
1732	3	16	120	8660	36672
1733	3	16	120	8665	23286
1734	4	7	200	8670	467
1735	4	7	160	8675	8670
1736	1	11	120	8680	14486
1737	5	13	80	8685	14228
1738	6	19	160	8690	840
1739	5	13	160	8695	55069
1740	0	18	160	8700	14542
1741	19	8	200	8705	32267
1742	4	7	200	8710	17033
1743	5	13	80	8715	10227
1744	0	18	200	8720	11438
1745	6	19	120	8725	5626
1746	3	16	80	8730	47733
1747	3	16	120	8735	67072
1748	19	8	120	8740	15229
1749	6	19	160	8745	11785
1750	6	19	80	8750	27024
1751	5	13	200	8755	13321
1752	3	16	200	8760	20209
1753	0	18	160	8800	10908
1754	15	0	200	8804	1134
1755	19	8	160	8808	28726
1756	3	16	120	8812	2825
1757	19	8	160	8816	9549
1758	5	13	200	8820	17021
1759	0	18	120	8824	20853
1760	4	7	80	8828	18243
1761	5	13	200	8832	33111
1762	5	13	80	8836	6029
1763	3	16	200	8840	2686
1764	19	8	160	8844	1108
1765	1	11	120	8848	52702
1766	5	13	200	8852	29218
1767	5	13	120	8856	31537
1768	0	18	160	8860	28874
1769	5	13	80	8864	4332
1770	1	11	200	8868	36341
1771	0	18	160	8872	38601
1772	6	19	200	8876	21400
1773	5	13	200	8880	3110
1774	19	8	80	8884	14118
1775	19	8	80	8888	165
1776	6	19	200	8892	12178
1777	5	13	160	8896	58168
1778	6	19	120	8900	15543
1779	3	16	120	8904	29781
1780	5	13	80	8908	12929
1781	1	11	200	8912	4540
1782	0	18	80	8916	7222
1783	15	0	160	8920	48575
1784	5	13	200	8924	6701
1785	3	16	160	8928	29396
1786	4	7	80	8932	26393
1787	3	16	160	8936	12982
1788	5	13	120	8940	20527
1789	4	7	80	8944	9305
1790	0	18	80	8948	5121
1791	1	11	160	8952	3202
1792	19	8	80	8956	67229
1793	5	13	120	8960	14515
1794	0	18	120	8964	10966
1795	5	13	160	8968	29389
1796	4	7	160	8972	17474
1797	1	11	80	8976	12352
1798	6	19	120	8980	8623
1799	19	8	120	8984	16177
1800	0	18	160	8988	16874
1801	15	0	160	8992	3394
1802	3	16	160	8996	6558
1803	4	7	80	9000	8720
1804	5	13	200	9004	22475
1805	5	13	160	9008	50077
1806	19	8	80	9012	43376
1807	6	19	200	9016	14244
1808	0	18	120	9020	60776
1809	15	0	200	9024	962
1810	3	16	200	9028	8557
1811	15	0	200	9032	5345
1812	3	16	120	9036	45778
1813	3	16	120	9040	38281
1814	5	13	120	9044	4301
1815	3	16	120	9048	10712
1816	4	7	160	9052	16088
1817	6	19	160	9056	10497
1818	6	19	80	9060	47582
1819	6	19	200	9064	9932
1820	15	0	120	9068	6015
1821	1	11	80	9072	8092
1822	19	8	200	9076	4082
1823	5	13	160	9080	11408
1824	4	7	200	9084	86713
1825	19	8	80	9088	25548
1826	1	11	120	9092	47276
1827	1	11	120	9096	3514
1828	5	13	120	9100	33733
1829	4	7	120	9104	32201
1830	5	13	120	9108	16146
1831	4	7	160	9112	130464
1832	19	8	80	9116	22570
1833	15	0	200	9120	103090
1834	1	11	200	9124	5533
1835	15	0	120	9128	8038
1836	19	8	80	9132	64961
1837	5	13	200	9200	74541
1838	1	11	160	9205	7222
1839	19	8	80	9210	11003
1840	4	7	160	9215	49018
1841	6	19	80	9220	5945
1842	1	11	80	9225	16504
1843	15	0	160	9230	18405
1844	1	11	120	9235	521
1845	3	16	120	9240	117370
1846	15	0	120	9245	7664
1847	5	13	160	9250	3680
1848	19	8	80	9255	8211
1849	15	0	80	9260	162
1850	0	18	80	9265	5891
1851	6	19	80	9270	4267
1852	4	7	80	9275	18638
1853	19	8	120	9280	79083
1854	1	11	80	9285	7508
1855	19	8	120	9290	5924
1856	15	0	160	9295	88976
1857	6	19	80	9300	47323
1858	0	18	120	9305	9669
1859	5	13	200	9310	73327
1860	4	7	80	9315	371
1861	15	0	160	9320	28871
1862	1	11	160	9325	28329
1863	6	19	80	9330	4819
1864	1	11	120	9335	19142
1865	15	0	120	9340	8707
1866	15	0	160	9345	21405
1867	5	13	120	9350	48089
1868	1	11	160	9355	21468
1869	15	0	200	9360	50774
1870	4	7	80	9365	13355
1871	19	8	160	9370	18286
1872	4	7	80	9375	2380
1873	6	19	200	9380	16375
1874	1	11	120	9385	15175
1875	0	18	120	9390	55
1876	19	8	200	9395	37337
1877	0	18	80	9400	23276
1878	4	7	120	9405	10592
1879	0	18	120	9410	94556
1880	1	11	160	9415	11540
1881	5	13	160	9420	30411
1882	1	11	120	9425	44970
1883	6	19	80	9430	33081
1884	3	16	80	9435	17662
1885	19	8	80	9440	9497
1886	0	18	120	9445	14594
1887	19	8	200	9450	24964
1888	6	19	200	9455	30357
1889	3	16	120	9460	104551
1890	19	8	200	9465	8876
1891	1	11	80	9470	1804
1892	5	13	160	9475	23450
1893	6	19	160	9480	8800
1894	5	13	80	9485	10426
1895	6	19	200	9490	4488
1896	5	13	120	9495	17946
1897	5	13	80	9500	9091
1898	6	19	80	9505	102389
1899	4	7	80	9510	30312
1900	5	13	200	9515	12354
1901	3	16	80	9520	12590
1902	4	7	80	9525	19216
1903	1	11	80	9530	12676
1904	4	7	80	9535	20818
1905	1	11	120	9540	27679
1906	1	11	80	9545	1702
1907	6	19	120	9550	1117
1908	15	0	80	9555	16363
1909	0	18	200	9560	7433
1910	19	8	120	9565	13481
1911	6	19	120	9600	10508
1912	3	16	200	9604	16825
1913	19	8	200	9608	10378
1914	4	7	120	9612	20320
1915	19	8	120	9616	8457
1916	6	19	120	9620	46055
1917	4	7	120	9624	69531
1918	3	16	200	9628	25960
1919	3	16	120	9632	6048
1920	6	19	200	9636	45318
1921	19	8	200	9640	68966
1922	19	8	160	9644	3828
1923	19	8	80	9648	22233
1924	19	8	200	9652	20270
1925	1	11	200	9656	10499
1926	3	16	80	9660	57697
1927	15	0	120	9664	37164
1928	1	11	160	9668	3680
1929	5	13	160	9672	8493
1930	5	13	200	9676	15497
1931	4	7	200	9680	15401
1932	4	7	80	9684	24182
1933	19	8	120	9688	24496
1934	5	13	160	9692	20716
1935	19	8	160	9696	87159
1936	1	11	160	9700	4396
1937	19	8	80	9704	13750
1938	3	16	80	9708	4415
1939	0	18	200	9712	43468
1940	6	19	80	9716	7173
1941	3	16	80	9720	12668
1942	1	11	200	9724	3965
1943	5	13	200	9728	14408
1944	3	16	80	9732	19562
1945	1	11	120	9736	74205
1946	19	8	120	9740	20171
1947	6	19	160	9744	7636
1948	1	11	120	9748	31946
1949	6	19	160	9752	1367
1950	0	18	160	9756	9162
1951	0	18	80	9760	20920
1952	1	11	80	9764	25496
1953	3	16	200	9768	34572
1954	6	19	80	9772	48695
1955	5	13	200	9776	14737
1956	3	16	160	9780	7251
1957	4	7	200	9784	70478
1958	3	16	80	9788	43989
1959	3	16	80	9792	6136
1960	19	8	120	9796	35773
1961	4	7	160	9800	7918
1962	5	13	160	9804	56071
1963	1	11	120	9808	5243
1964	5	13	80	9812	37526
1965	5	13	160	9816	75044
1966	3	16	120	9820	30524
1967	3	16	120	9824	47935
1968	3	16	120	9828	35575
1969	5	13	160	9832	21849
1970	6	19	200	9836	3331
1971	6	19	80	9840	12953
1972	1	11	80	9844	35988
1973	3	16	80	9848	41753
1974	5	13	80	9852	80064
1975	4	7	160	9856	13852
1976	15	0	80	9860	37593
1977	4	7	160	9864	28582
1978	5	13	80	9868	1145
1979	6	19	160	9872	22951
1980	1	11	160	9876	36984
1981	6	19	120	9880	24328
1982	5	13	200	9884	1272
1983	5	13	80	9888	2178
1984	5	13	80	9892	94734
1985	4	7	160	9896	53856
1986	1	11	160	9900	41057
1987	1	11	80	9904	49282
1988	3	16	80	9908	35389
1989	19	8	160	9912	3049
1990	5	13	80	9916	29938
1991	15	0	160	9920	5976
1992	6	19	200	9924	21757
1993	0	18	80	9928	68514
1994	1	11	120	9932	1530
1995	3	16	120	9936	90869
1996	15	0	120	9940	16965
1997	19	8	120	9944	74980
1998	0	18	200	10000	25945
1999	15	0	120	10200	22066
