0	3	1	10	0	10765
1	4	8	20	8	80719
2	0	12	10	16	12330
3	4	8	20	24	12016
4	4	8	15	32	34783
5	3	1	5	40	21906
6	0	12	10	48	23314
7	4	8	15	56	35775
8	4	8	10	64	66966
9	3	1	15	72	86548
10	0	12	15	80	8298
11	3	1	15	88	107820
12	0	12	5	96	18263
13	3	1	15	104	33446
14	4	8	20	112	12089
15	4	8	15	120	36723
16	3	1	15	128	12860
17	4	8	20	136	53105
18	3	1	10	144	21953
19	0	12	5	152	76431
20	4	14	5	160	46424
21	3	1	5	168	509
22	4	8	15	176	69912
23	4	8	5	184	95126
24	4	14	10	192	166060
25	4	8	15	200	118415
26	4	8	10	208	59424
27	0	12	5	216	1717
28	3	1	15	224	10220
29	0	12	20	232	23821
30	3	1	20	240	3844
31	3	1	5	248	36229
32	4	8	10	256	21594
33	0	12	5	264	3852
34	0	12	15	272	10197
35	4	14	15	280	57016
36	0	12	5	288	13983
37	0	12	10	296	173
38	0	12	10	304	33620
39	3	1	5	312	13237
40	4	14	5	320	15245
41	3	1	20	328	60145
42	4	8	5	336	9916
43	3	1	20	344	5044
44	0	12	20	352	18778
45	0	12	5	400	8943
46	3	1	5	409	15236
47	4	8	10	418	30173
48	4	14	15	427	42347
49	0	12	5	436	5229
50	0	12	10	445	67306
51	4	8	20	454	20682
52	4	8	15	463	28581
53	3	1	15	472	15424
54	4	8	15	481	47169
55	0	12	10	490	10065
56	4	14	5	499	1048
57	3	1	10	508	14832
58	3	1	10	517	12277
59	0	12	20	526	37218
60	4	8	20	535	33762
61	0	12	10	544	20024
62	4	14	5	553	16328
63	0	12	10	562	13866
64	4	14	20	571	54855
65	4	8	10	580	25606
66	4	8	10	589	20608
67	0	12	20	598	12410
68	4	8	5	607	15065
69	3	1	10	616	21109
70	4	8	15	625	12747
71	3	1	5	634	12602
72	4	8	10	643	5559
73	0	12	10	652	5490
74	4	8	20	661	24108
75	0	12	10	670	80136
76	4	8	20	679	44277
77	4	14	20	688	43309
78	4	8	10	697	22497
79	3	1	10	706	44438
80	4	14	15	715	29040
81	0	12	5	724	8503
82	4	8	10	733	12270
83	3	1	10	742	4186
84	0	12	10	751	33324
85	4	8	20	760	32443
86	4	8	10	769	2913
87	3	1	20	778	3667
88	3	1	15	787	13414
89	4	14	10	800	96
90	0	12	15	809	51408
91	4	8	20	818	130541
92	3	1	20	827	37146
93	0	12	15	836	105329
94	4	8	10	845	37163
95	4	14	20	854	78455
96	4	14	15	863	18995
97	0	12	20	872	78810
98	3	1	20	881	12622
99	3	1	10	890	71560
100	4	14	15	899	46889
101	3	1	10	908	1889
102	4	14	10	917	8573
103	0	12	10	926	9239
104	3	1	15	935	55261
105	3	1	10	944	25725
106	4	14	10	953	12178
107	0	12	10	962	18155
108	4	8	15	971	61407
109	4	8	10	980	61297
110	4	14	10	989	23522
111	0	12	5	998	10986
112	0	12	20	1007	64318
113	4	14	5	1016	26861
114	4	8	10	1025	3053
115	0	12	20	1034	17348
116	3	1	20	1043	5074
117	4	8	15	1052	10380
118	0	12	20	1061	39023
119	3	1	20	1070	6456
120	4	14	5	1079	19940
121	4	14	15	1088	14609
122	3	1	10	1097	123696
123	3	1	15	1106	14910
124	3	1	15	1115	36820
125	4	14	20	1124	13564
126	4	14	5	1133	32581
127	4	8	20	1142	7008
128	4	14	20	1151	20359
129	4	8	5	1160	30575
130	4	8	15	1169	20351
131	0	12	5	1178	57568
132	0	12	20	1200	17194
133	4	14	5	1208	30278
134	4	14	15	1216	127874
135	4	8	10	1224	24788
136	4	8	15	1232	204517
137	0	12	5	1240	2243
138	4	14	20	1248	11435
139	4	8	5	1256	3180
140	4	8	10	1264	12371
141	4	8	5	1272	33966
142	0	12	5	1280	9421
143	0	12	5	1288	21527
144	0	12	20	1296	21078
145	4	14	10	1304	22750
146	4	8	20	1312	3984
147	3	1	15	1320	4044
148	4	14	10	1328	65732
149	0	12	15	1336	10002
150	0	12	20	1344	46642
151	4	8	20	1352	5987
152	4	14	20	1360	7550
153	0	12	5	1368	4946
154	4	14	5	1376	17954
155	4	14	5	1384	16477
156	4	14	20	1392	2609
157	4	8	15	1400	63504
158	3	1	15	1408	26800
159	4	14	15	1416	20720
160	3	1	5	1424	78390
161	3	1	15	1432	4085
162	4	8	10	1440	104862
163	4	14	10	1448	8692
164	0	12	20	1456	15408
165	3	1	10	1464	37066
166	0	12	5	1472	66517
167	4	8	20	1480	9386
168	4	14	15	1488	28253
169	4	14	20	1496	25686
170	4	14	5	1504	17440
171	3	1	20	1512	2631
172	3	1	20	1520	120095
173	3	1	20	1528	30132
174	0	12	10	1536	63393
175	3	1	20	1544	53091
176	4	14	10	1552	3782
177	4	8	5	1560	21507
178	4	8	20	1568	70628
179	3	1	5	1576	6145
180	3	1	5	1600	8298
181	0	12	15	1610	23487
182	3	1	10	1620	12572
183	3	1	10	1630	7231
184	4	8	10	1640	60319
185	4	14	15	1650	11410
186	0	12	5	1660	31331
187	4	14	20	1670	10178
188	0	12	20	1680	6443
189	4	14	15	1690	27695
190	4	8	10	1700	19766
191	0	12	5	1710	4669
192	4	8	10	1720	22212
193	0	12	5	1730	55558
194	4	14	5	1740	6386
195	3	1	20	1750	7172
196	0	12	15	1760	37663
197	0	12	20	1770	554
198	0	12	5	1780	3640
199	4	8	15	1790	50946
200	4	14	10	1800	32156
201	4	14	20	1810	63574
202	4	14	5	1820	24318
203	4	14	10	1830	12337
204	4	8	15	1840	60343
205	4	8	20	1850	37298
206	4	14	5	1860	6905
207	4	8	5	1870	29335
208	4	14	15	1880	10563
209	0	12	10	1890	30938
210	0	12	15	1900	11003
211	3	1	15	1910	28448
212	4	14	15	1920	115069
213	0	12	10	1930	15947
214	0	12	15	1940	9130
215	4	8	15	1950	16010
216	0	12	10	1960	50704
217	3	1	5	1970	45665
218	3	1	5	2000	15801
219	0	12	10	2013	2745
220	4	8	5	2026	2035
221	0	12	10	2039	29517
222	4	8	5	2052	2385
223	0	12	5	2065	233
224	3	1	15	2078	3055
225	3	1	20	2091	10707
226	0	12	15	2104	27641
227	4	8	15	2117	5304
228	4	14	15	2130	17936
229	3	1	15	2143	34642
230	3	1	10	2156	4014
231	3	1	15	2169	3170
232	0	12	5	2182	15391
233	4	14	5	2195	3140
234	3	1	20	2208	24906
235	3	1	5	2221	14561
236	4	8	10	2234	140710
237	3	1	5	2247	159
238	4	8	20	2260	13982
239	4	14	10	2273	5576
240	4	14	10	2286	3579
241	4	14	5	2299	783
242	0	12	5	2312	151827
243	4	14	15	2325	26466
244	3	1	20	2338	10878
245	3	1	15	2351	65755
246	0	12	10	2364	5701
247	4	8	5	2377	3658
248	4	14	15	2400	27424
249	4	8	10	2410	49525
250	4	8	10	2420	16659
251	4	8	15	2430	85933
252	3	1	15	2440	31597
253	4	14	20	2450	820
254	0	12	10	2460	42479
255	4	14	5	2470	1023
256	3	1	15	2480	50095
257	3	1	5	2490	23825
258	0	12	20	2500	8316
259	3	1	15	2510	26555
260	4	8	10	2520	3722
261	4	8	10	2530	1351
262	4	8	10	2540	6004
263	4	8	5	2550	30952
264	3	1	20	2560	22296
265	3	1	5	2570	7006
266	4	8	15	2580	7426
267	0	12	10	2590	67602
268	3	1	10	2600	61060
269	4	8	10	2610	68564
270	4	14	5	2620	16667
271	4	8	5	2630	49937
272	4	8	5	2640	16667
273	3	1	15	2650	8354
274	4	8	20	2660	119858
275	3	1	20	2670	1221
276	0	12	5	2680	30225
277	3	1	15	2690	22773
278	4	8	5	2700	40629
279	0	12	20	2710	7916
280	3	1	10	2720	4133
281	4	14	10	2730	20341
282	3	1	5	2740	27544
283	3	1	10	2750	32855
284	0	12	5	2760	9438
285	0	12	15	2800	6589
286	0	12	20	2811	20126
287	0	12	5	2822	14106
288	4	14	20	2833	14212
289	3	1	20	2844	22785
290	0	12	15	2855	27348
291	4	14	10	2866	19874
292	3	1	10	2877	47892
293	3	1	5	2888	49955
294	3	1	5	2899	1644
295	4	8	20	2910	2132
296	3	1	15	2921	61374
297	3	1	5	2932	14857
298	0	12	15	2943	2009
299	0	12	15	2954	3072
300	0	12	20	2965	34975
301	0	12	20	2976	10696
302	3	1	15	2987	9479
303	4	8	5	2998	37780
304	4	8	5	3009	15362
305	0	12	10	3020	30616
306	0	12	10	3031	23877
307	4	14	5	3042	16222
308	3	1	5	3053	1605
309	4	8	10	3064	38251
310	4	14	20	3075	17449
311	0	12	20	3086	10594
312	0	12	20	3097	52473
313	0	12	20	3108	311
314	0	12	10	3119	18709
315	4	8	20	3130	32638
316	4	14	10	3141	19967
317	4	14	5	3152	24110
318	0	12	20	3163	14503
319	3	1	10	3174	12140
320	4	8	5	3185	41875
321	4	8	15	3200	60837
322	0	12	15	3209	23516
323	4	14	15	3218	13407
324	4	8	20	3227	11785
325	0	12	20	3236	91868
326	4	14	20	3245	446
327	3	1	5	3254	30618
328	4	14	10	3263	6338
329	0	12	20	3272	77736
330	0	12	10	3281	6521
331	4	8	5	3290	8770
332	4	8	5	3299	19032
333	4	8	10	3308	31603
334	4	14	20	3317	25865
335	4	8	10	3326	58057
336	0	12	20	3335	7707
337	0	12	20	3344	69000
338	0	12	5	3353	9659
339	0	12	20	3362	32655
340	4	14	10	3371	34548
341	0	12	20	3380	2293
342	3	1	5	3389	11761
343	4	8	10	3398	34637
344	4	14	5	3407	2983
345	4	14	15	3416	11082
346	3	1	10	3425	34208
347	3	1	10	3434	46536
348	4	8	20	3443	13657
349	4	8	10	3452	16922
350	3	1	15	3461	29344
351	3	1	15	3470	12521
352	3	1	5	3479	224
353	3	1	10	3488	43746
354	4	14	15	3497	14367
355	4	14	10	3506	53854
356	0	12	5	3515	46164
357	4	14	5	3524	78543
358	0	12	10	3533	15547
359	4	8	10	3542	18435
360	0	12	10	3551	29481
361	4	8	5	3560	77027
362	0	12	15	3600	7868
363	4	8	5	3608	4716
364	4	8	5	3616	23026
365	3	1	15	3624	6374
366	3	1	20	3632	57375
367	4	14	10	3640	6289
368	0	12	20	3648	19441
369	3	1	20	3656	29777
370	4	8	20	3664	17727
371	3	1	10	3672	27755
372	3	1	5	3680	10014
373	0	12	5	3688	41295
374	3	1	20	3696	34094
375	0	12	10	3704	34582
376	3	1	10	3712	25061
377	3	1	10	3720	62737
378	0	12	10	3728	9345
379	4	8	5	3736	495
380	3	1	15	3744	10811
381	0	12	10	3752	9096
382	0	12	10	3760	10004
383	3	1	5	3768	46887
384	3	1	10	3776	11948
385	4	8	15	3784	63038
386	4	14	5	3792	8477
387	4	14	20	3800	38865
388	3	1	20	3808	9887
389	0	12	15	3816	43132
390	4	8	10	3824	2437
391	4	8	20	3832	11411
392	0	12	10	3840	22143
393	4	14	15	3848	55346
394	4	14	10	3856	1225
395	3	1	5	3864	44407
396	0	12	5	3872	60958
397	4	8	20	3880	5982
398	0	12	5	3888	5132
399	0	12	10	3896	76497
400	0	12	20	3904	19669
401	3	1	20	3912	20815
402	4	8	15	3920	11925
403	3	1	20	3928	43320
404	4	14	10	3936	135174
405	4	14	5	3944	657
406	4	14	10	3952	1814
407	4	8	20	3960	10606
408	4	14	10	3968	3008
409	3	1	5	4000	38643
410	4	8	20	4010	10120
411	4	8	20	4020	75147
412	3	1	15	4030	34600
413	3	1	10	4040	14757
414	3	1	20	4050	5246
415	4	14	20	4060	14010
416	0	12	20	4070	32819
417	3	1	10	4080	19073
418	4	14	20	4090	55854
419	0	12	10	4100	33824
420	4	14	15	4110	94531
421	4	14	5	4120	4470
422	4	8	15	4130	78009
423	0	12	10	4140	40179
424	4	8	15	4150	24317
425	4	14	5	4160	4287
426	4	8	5	4170	2686
427	4	14	10	4180	18902
428	4	8	15	4190	37198
429	0	12	20	4200	75349
430	0	12	5	4210	53054
431	4	8	15	4220	14914
432	3	1	10	4230	39727
433	4	14	5	4240	13532
434	0	12	5	4250	25995
435	4	14	15	4260	52890
436	4	14	20	4270	88119
437	4	8	10	4280	23940
438	3	1	20	4290	48981
439	3	1	5	4300	11016
440	4	8	10	4310	52380
441	4	8	5	4320	96253
442	4	14	15	4330	30414
443	4	14	20	4340	26615
444	3	1	15	4350	20260
445	4	14	10	4360	5919
446	3	1	10	4370	32614
447	3	1	5	4400	4454
448	0	12	20	4411	35614
449	4	14	15	4422	36763
450	4	8	5	4433	3690
451	3	1	20	4444	16461
452	4	8	5	4455	13543
453	0	12	15	4466	21904
454	4	8	15	4477	103443
455	4	8	20	4488	12757
456	4	8	10	4499	26678
457	0	12	5	4510	29004
458	4	8	10	4521	7520
459	4	14	10	4532	62906
460	4	8	5	4543	89929
461	0	12	20	4554	30053
462	4	14	5	4565	28911
463	4	14	10	4576	6532
464	4	8	20	4587	71107
465	0	12	10	4598	73235
466	4	14	10	4609	6878
467	4	14	10	4620	12153
468	4	8	5	4631	53697
469	4	14	5	4642	13429
470	0	12	20	4653	17335
471	3	1	10	4664	3897
472	4	14	10	4675	35035
473	0	12	20	4686	24445
474	3	1	5	4697	60094
475	4	8	15	4708	188896
476	4	14	10	4719	23284
477	4	8	20	4730	13683
478	3	1	15	4741	9036
479	4	8	5	4752	14452
480	4	8	15	4763	21314
481	4	14	20	4774	96230
482	3	1	15	4785	47683
483	3	1	5	4800	137
484	3	1	15	4809	50891
485	3	1	10	4818	16739
486	4	14	15	4827	890
487	3	1	15	4836	7761
488	3	1	15	4845	15519
489	4	14	10	4854	8255
490	4	8	10	4863	8905
491	3	1	15	4872	13310
492	0	12	5	4881	12215
493	3	1	15	4890	82316
494	4	8	5	4899	13856
495	0	12	10	4908	6995
496	4	8	20	4917	14069
497	4	14	5	4926	17919
498	3	1	20	4935	35778
499	3	1	10	4944	27043
500	0	12	5	4953	118624
501	3	1	5	4962	12488
502	4	8	20	4971	12186
503	0	12	15	4980	12752
504	3	1	15	4989	9840
505	3	1	20	4998	165153
506	3	1	10	5007	42707
507	0	12	10	5016	53296
508	4	8	15	5025	33463
509	4	14	5	5034	105738
510	3	1	10	5043	53455
511	0	12	10	5052	7853
512	3	1	10	5061	13785
513	0	12	10	5070	59868
514	3	1	15	5079	14972
515	3	1	5	5088	145026
516	3	1	10	5097	57541
517	4	8	5	5106	28575
518	4	8	15	5115	15738
519	4	14	10	5124	21191
520	0	12	20	5133	65567
521	0	12	20	5142	122215
522	4	8	20	5151	85881
523	4	8	15	5160	28210
524	3	1	20	5169	3364
525	3	1	5	5200	2597
526	3	1	10	5210	51079
527	4	8	20	5220	43324
528	4	14	15	5230	6456
529	4	8	20	5240	33661
530	4	14	15	5250	32827
531	4	14	10	5260	2953
532	4	14	20	5270	35950
533	4	14	10	5280	36018
534	0	12	5	5290	15711
535	3	1	15	5300	5699
536	4	8	20	5310	32153
537	4	8	20	5320	18896
538	4	14	10	5330	43049
539	4	14	20	5340	51804
540	4	14	5	5350	35533
541	4	14	10	5360	7809
542	0	12	5	5370	26770
543	3	1	10	5380	17487
544	4	8	5	5390	17186
545	4	8	20	5400	820
546	4	14	5	5410	148304
547	4	14	15	5420	20395
548	0	12	20	5430	25550
549	3	1	20	5440	14392
550	3	1	20	5450	14379
551	0	12	20	5460	46368
552	3	1	10	5470	1315
553	3	1	10	5480	6695
554	4	8	15	5490	38458
555	0	12	5	5500	190396
556	4	8	5	5510	15892
557	4	14	10	5520	41996
558	3	1	20	5530	8317
559	0	12	10	5540	6615
560	0	12	15	5550	7017
561	4	8	10	5560	169393
562	0	12	15	5570	31660
563	0	12	15	5600	196429
564	0	12	15	5612	12424
565	3	1	20	5624	41157
566	0	12	15	5636	25042
567	4	14	5	5648	35913
568	4	14	10	5660	19602
569	4	14	5	5672	7564
570	4	8	5	5684	14050
571	4	8	15	5696	15735
572	3	1	20	5708	60926
573	4	8	20	5720	28268
574	0	12	10	5732	53775
575	4	8	10	5744	34016
576	0	12	15	5756	16952
577	4	14	10	5768	22871
578	0	12	15	5780	5974
579	4	8	20	5792	2476
580	3	1	5	5804	2936
581	3	1	15	5816	12626
582	0	12	5	5828	6814
583	4	8	20	5840	54962
584	4	14	20	5852	10903
585	4	14	15	5864	66879
586	0	12	20	5876	1570
587	4	8	10	5888	21300
588	3	1	20	5900	119589
589	0	12	20	5912	15847
590	4	8	10	5924	47271
591	4	8	15	5936	74673
592	4	14	20	5948	7830
593	3	1	20	5960	25750
594	4	14	10	5972	29720
595	4	8	15	5984	36025
596	3	1	20	6000	28402
597	0	12	10	6011	26930
598	4	8	20	6022	3344
599	3	1	5	6033	37672
600	0	12	5	6044	21082
601	0	12	5	6055	12145
602	0	12	10	6066	427
603	0	12	20	6077	13269
604	4	8	15	6088	219
605	4	8	10	6099	116218
606	4	8	5	6110	78573
607	4	8	10	6121	19344
608	4	8	5	6132	15043
609	0	12	5	6143	1465
610	0	12	15	6154	28231
611	3	1	15	6165	68049
612	4	14	15	6176	26308
613	4	8	5	6187	5367
614	3	1	10	6198	3339
615	4	8	20	6209	65508
616	0	12	10	6220	52015
617	4	14	15	6231	52757
618	0	12	20	6242	39510
619	0	12	20	6253	18867
620	4	8	20	6264	36044
621	4	14	10	6275	1868
622	4	8	5	6286	38345
623	4	14	15	6297	2235
624	3	1	15	6308	18485
625	4	14	15	6319	19265
626	4	8	15	6330	6015
627	4	14	20	6341	11333
628	4	8	15	6352	127960
629	3	1	20	6363	4756
630	3	1	15	6374	2192
631	4	14	10	6385	59103
632	4	8	15	6400	16961
633	4	8	10	6411	20829
634	0	12	15	6422	28683
635	3	1	20	6433	47290
636	3	1	10	6444	12002
637	0	12	10	6455	61212
638	0	12	10	6466	53764
639	3	1	10	6477	12117
640	4	8	15	6488	104760
641	4	14	15	6499	28861
642	4	14	10	6510	3764
643	4	8	20	6521	85748
644	0	12	5	6532	52219
645	3	1	20	6543	70918
646	3	1	20	6554	13419
647	4	8	20	6565	2070
648	0	12	10	6576	19346
649	3	1	10	6587	42383
650	4	8	5	6598	65889
651	4	14	5	6609	48548
652	4	14	10	6620	62889
653	4	8	5	6631	33942
654	4	8	5	6642	518
655	0	12	20	6653	17753
656	4	14	5	6664	30755
657	0	12	15	6675	93281
658	3	1	5	6686	73892
659	4	8	5	6697	25876
660	4	14	15	6708	51850
661	4	8	5	6719	30621
662	0	12	20	6730	20437
663	4	14	10	6741	8654
664	4	8	10	6752	122921
665	0	12	10	6763	43584
666	4	8	5	6800	20275
667	4	8	5	6810	2740
668	0	12	10	6820	26451
669	4	14	15	6830	12682
670	4	14	15	6840	26135
671	0	12	5	6850	96402
672	3	1	10	6860	163939
673	3	1	10	6870	16020
674	3	1	5	6880	21130
675	3	1	10	6890	2723
676	0	12	20	6900	93244
677	4	14	10	6910	46598
678	4	14	10	6920	9766
679	0	12	20	6930	25397
680	0	12	15	6940	3721
681	0	12	20	6950	3682
682	4	14	15	6960	59568
683	4	14	5	6970	9103
684	4	8	15	6980	9882
685	4	14	10	6990	10760
686	4	14	20	7000	129279
687	4	14	10	7010	45354
688	0	12	10	7020	19858
689	4	14	15	7030	5813
690	3	1	20	7040	5364
691	3	1	15	7050	14631
692	4	8	5	7060	96966
693	3	1	10	7070	9597
694	3	1	20	7080	23028
695	4	14	15	7090	13599
696	3	1	15	7100	4171
697	0	12	5	7110	66292
698	0	12	10	7120	97760
699	4	14	20	7130	1999
700	0	12	15	7140	17522
701	4	8	15	7150	9655
702	4	8	10	7160	22192
703	0	12	15	7200	4326
704	4	14	20	7212	6192
705	0	12	20	7224	81465
706	0	12	20	7236	49429
707	0	12	5	7248	20077
708	3	1	5	7260	5980
709	3	1	15	7272	87221
710	0	12	20	7284	20930
711	4	14	20	7296	60846
712	4	8	10	7308	36739
713	3	1	10	7320	13925
714	4	8	10	7332	18827
715	3	1	20	7344	37835
716	3	1	15	7356	47219
717	0	12	15	7368	8132
718	3	1	15	7380	113599
719	4	8	5	7392	37785
720	0	12	15	7404	45862
721	4	8	20	7416	39798
722	0	12	20	7428	30937
723	4	8	20	7440	16151
724	4	8	20	7452	6073
725	0	12	20	7464	6789
726	3	1	5	7476	225913
727	0	12	5	7488	42487
728	4	14	15	7500	68058
729	3	1	10	7512	4718
730	4	14	20	7524	102507
731	0	12	20	7536	2381
732	4	14	20	7548	53824
733	4	14	15	7560	7239
734	4	14	5	7572	4315
735	4	14	20	7584	60559
736	4	14	15	7600	30011
737	3	1	20	7608	40518
738	0	12	10	7616	2379
739	0	12	15	7624	13495
740	4	14	15	7632	22113
741	3	1	15	7640	23245
742	4	8	10	7648	28311
743	3	1	15	7656	24015
744	3	1	15	7664	37072
745	4	14	5	7672	11582
746	4	8	10	7680	36884
747	4	14	20	7688	29229
748	4	8	20	7696	53887
749	4	14	5	7704	54805
750	4	8	5	7712	27370
751	4	8	20	7720	72986
752	3	1	10	7728	74573
753	3	1	10	7736	9631
754	3	1	10	7744	11373
755	4	14	20	7752	39609
756	0	12	20	7760	32761
757	4	14	15	7768	3508
758	4	14	20	7776	98240
759	3	1	20	7784	133890
760	3	1	20	7792	81817
761	4	14	20	7800	1698
762	4	8	10	7808	28162
763	4	14	15	7816	1085
764	3	1	20	7824	118201
765	0	12	5	7832	16795
766	0	12	20	7840	1194
767	4	8	15	7848	20944
768	4	14	5	7856	8225
769	4	8	15	7864	28959
770	4	14	5	7872	2839
771	4	14	15	7880	1751
772	0	12	10	7888	5303
773	4	8	20	7896	31572
774	3	1	10	7904	6901
775	3	1	20	7912	8996
776	0	12	10	7920	4255
777	3	1	10	7928	3082
778	3	1	5	7936	39644
779	3	1	20	7944	65089
780	4	14	15	7952	22629
781	3	1	5	7960	16361
782	4	14	10	8000	81045
783	4	14	15	8009	2019
784	4	8	10	8018	26435
785	4	8	20	8027	2033
786	3	1	10	8036	5922
787	0	12	15	8045	25843
788	4	8	10	8054	74769
789	4	14	10	8063	17221
790	4	14	5	8072	7483
791	4	14	5	8081	22481
792	4	14	5	8090	46275
793	4	8	10	8099	2909
794	3	1	20	8108	17522
795	4	14	20	8117	18971
796	4	8	10	8126	85613
797	4	8	15	8135	25824
798	4	14	15	8144	25747
799	3	1	15	8153	10409
800	3	1	5	8162	9941
801	0	12	15	8171	7296
802	0	12	20	8180	14895
803	4	14	10	8189	7906
804	0	12	20	8198	42460
805	4	8	10	8207	23593
806	4	8	15	8216	43735
807	0	12	15	8225	10315
808	0	12	20	8234	2181
809	0	12	10	8243	1777
810	4	14	10	8252	28178
811	4	8	10	8261	25476
812	4	8	10	8270	16004
813	4	8	20	8279	2821
814	3	1	5	8288	20790
815	4	14	15	8297	23631
816	0	12	15	8306	4498
817	4	8	20	8315	23760
818	4	8	10	8324	20382
819	0	12	5	8333	78341
820	3	1	15	8342	8756
821	0	12	5	8351	21083
822	4	14	10	8360	27529
823	4	14	15	8400	53226
824	3	1	15	8411	15656
825	0	12	5	8422	27778
826	0	12	15	8433	10903
827	3	1	20	8444	2179
828	4	14	5	8455	7362
829	3	1	15	8466	43947
830	0	12	10	8477	12058
831	3	1	20	8488	27059
832	4	14	15	8499	24786
833	4	14	10	8510	18134
834	4	14	15	8521	29494
835	4	14	5	8532	11554
836	4	8	10	8543	912
837	4	14	5	8554	38702
838	4	14	20	8565	12646
839	0	12	20	8576	1328
840	0	12	5	8587	12177
841	4	8	20	8598	71637
842	0	12	20	8609	21432
843	4	8	20	8620	60560
844	0	12	5	8631	56838
845	4	8	15	8642	34484
846	4	8	15	8653	3769
847	3	1	5	8664	36475
848	4	14	10	8675	30058
849	3	1	5	8686	73519
850	4	14	10	8697	12159
851	0	12	15	8708	16724
852	0	12	5	8719	2762
853	3	1	15	8730	32621
854	0	12	5	8741	1249
855	3	1	5	8752	49109
856	0	12	5	8763	31551
857	4	8	5	8800	26393
858	4	8	15	8808	57080
859	4	14	15	8816	5369
860	0	12	15	8824	8482
861	3	1	20	8832	36384
862	0	12	10	8840	2323
863	4	8	5	8848	12302
864	4	14	20	8856	43115
865	4	8	15	8864	476
866	3	1	15	8872	316
867	3	1	5	8880	103772
868	4	8	10	8888	21062
869	3	1	5	8896	6144
870	4	8	10	8904	21802
871	4	8	15	8912	17959
872	4	8	20	8920	7045
873	4	8	15	8928	18012
874	0	12	20	8936	29085
875	0	12	15	8944	13588
876	4	14	10	8952	165875
877	3	1	15	8960	41622
878	4	14	15	8968	124825
879	4	8	20	8976	41582
880	3	1	15	8984	20262
881	3	1	15	8992	30017
882	4	14	10	9000	19524
883	4	8	5	9008	11690
884	4	14	10	9016	18022
885	4	14	20	9024	75977
886	3	1	15	9032	21420
887	0	12	5	9040	73651
888	4	14	10	9048	16045
889	4	8	15	9056	54463
890	4	14	20	9064	36079
891	0	12	10	9072	20100
892	3	1	10	9080	65200
893	0	12	5	9088	6039
894	4	14	5	9096	52776
895	3	1	10	9104	32452
896	0	12	10	9112	55476
897	3	1	15	9120	5924
898	4	8	20	9128	3701
899	4	14	15	9136	54162
900	4	14	20	9144	33573
901	4	14	10	9152	5207
902	0	12	20	9160	7057
903	0	12	10	9200	18235
904	0	12	20	9211	16637
905	4	8	20	9222	69664
906	4	14	15	9233	7520
907	3	1	15	9244	33802
908	3	1	20	9255	1378
909	4	14	15	9266	37715
910	3	1	20	9277	49953
911	3	1	15	9288	73447
912	3	1	15	9299	27905
913	4	14	20	9310	3538
914	0	12	5	9321	37001
915	3	1	5	9332	31322
916	4	14	10	9343	8053
917	4	14	10	9354	46206
918	3	1	20	9365	70211
919	4	14	5	9376	57301
920	4	14	20	9387	23942
921	4	8	15	9398	3726
922	3	1	20	9409	26756
923	4	14	15	9420	34952
924	4	14	5	9431	22089
925	4	8	20	9442	896
926	4	14	5	9453	26260
927	4	8	20	9464	830
928	4	8	10	9475	31185
929	4	8	15	9486	102806
930	4	14	5	9497	23663
931	4	8	15	9508	55845
932	0	12	15	9519	30830
933	0	12	5	9530	5725
934	3	1	5	9541	2582
935	4	14	10	9552	12291
936	4	8	20	9563	16922
937	3	1	5	9574	722
938	0	12	10	9585	73877
939	4	8	15	9600	25128
940	0	12	10	9612	38260
941	4	14	20	9624	57796
942	3	1	10	9636	62404
943	0	12	15	9648	38744
944	4	14	15	9660	895
945	4	8	10	9672	48002
946	3	1	15	9684	69076
947	3	1	10	9696	46337
948	4	14	5	9708	21337
949	4	8	5	9720	6489
950	3	1	20	9732	17144
951	4	8	5	9744	1957
952	0	12	15	9756	10532
953	4	8	20	9768	10338
954	4	14	15	9780	10922
955	4	8	10	9792	24838
956	0	12	15	9804	28031
957	0	12	5	9816	24390
958	4	8	10	9828	87876
959	4	14	20	9840	15183
960	3	1	15	9852	12661
961	4	8	15	9864	6499
962	4	8	10	9876	962
963	0	12	10	9888	2751
964	4	14	10	9900	5949
965	0	12	5	9912	107000
966	4	8	20	9924	10549
967	3	1	15	9936	17326
968	4	8	20	9948	880
969	4	8	20	9960	14603
970	0	12	5	10000	7687
971	0	12	5	10009	7147
972	3	1	5	10018	63702
973	0	12	10	10027	13517
974	3	1	20	10036	4665
975	4	14	5	10045	37587
976	4	14	10	10054	9299
977	3	1	5	10063	63982
978	0	12	5	10072	32422
979	3	1	15	10081	40927
980	4	14	10	10090	4942
981	0	12	20	10099	50693
982	3	1	20	10108	24775
983	4	14	10	10117	18501
984	3	1	15	10126	25196
985	3	1	5	10135	19913
986	4	8	20	10144	25193
987	3	1	20	10153	13410
988	0	12	10	10162	66450
989	0	12	20	10171	24689
990	3	1	15	10180	42544
991	4	8	20	10189	67145
992	4	8	20	10198	2895
993	4	8	15	10207	23674
994	4	14	20	10216	7837
995	3	1	15	10225	23067
996	4	8	15	10234	52489
997	4	8	5	10243	47781
998	4	8	10	10252	24323
999	3	1	10	10261	2078
1000	4	14	10	10270	21929
1001	0	12	5	10279	20101
1002	0	12	15	10288	42841
1003	3	1	10	10297	4099
1004	4	8	20	10306	112220
1005	3	1	20	10315	7730
1006	3	1	20	10324	6979
1007	4	14	10	10333	87925
1008	3	1	20	10342	4842
1009	0	12	15	10351	29170
1010	3	1	20	10360	10854
1011	3	1	10	10369	40615
1012	0	12	5	10378	72554
1013	3	1	15	10400	7711
1014	0	12	15	10408	8559
1015	3	1	15	10416	24289
1016	4	14	20	10424	33128
1017	4	8	20	10432	28575
1018	4	8	20	10440	24670
1019	0	12	10	10448	39213
1020	4	14	10	10456	17418
1021	3	1	5	10464	89236
1022	3	1	5	10472	25089
1023	0	12	5	10480	21511
1024	3	1	5	10488	31904
1025	3	1	10	10496	13113
1026	4	14	10	10504	3861
1027	4	8	15	10512	13325
1028	4	8	10	10520	4357
1029	0	12	5	10528	31130
1030	3	1	10	10536	69206
1031	3	1	5	10544	20731
1032	0	12	15	10552	12921
1033	4	8	15	10560	27309
1034	3	1	10	10568	8182
1035	3	1	5	10576	36132
1036	0	12	5	10584	1879
1037	0	12	10	10592	17359
1038	3	1	15	10600	20259
1039	0	12	15	10608	12832
1040	0	12	5	10616	9954
1041	4	8	15	10624	30049
1042	0	12	20	10632	7217
1043	0	12	20	10640	10358
1044	3	1	20	10648	9207
1045	0	12	5	10656	530
1046	0	12	20	10664	126694
1047	3	1	10	10672	65872
1048	4	8	20	10680	10874
1049	0	12	5	10688	37002
1050	3	1	15	10696	64992
1051	0	12	15	10704	7767
1052	4	14	10	10712	8694
1053	0	12	5	10720	55960
1054	4	14	5	10728	32972
1055	4	8	10	10736	26094
1056	4	8	5	10744	82037
1057	4	14	15	10752	9138
1058	4	14	10	10760	21498
1059	3	1	10	10768	32145
1060	3	1	10	10776	3404
1061	4	8	10	10800	61871
1062	3	1	20	10810	52912
1063	3	1	20	10820	23382
1064	3	1	5	10830	39958
1065	0	12	15	10840	53281
1066	4	8	20	10850	15647
1067	4	14	10	10860	12452
1068	0	12	5	10870	142966
1069	4	8	10	10880	26126
1070	3	1	10	10890	20609
1071	4	14	10	10900	8204
1072	4	14	10	10910	4145
1073	0	12	5	10920	7424
1074	0	12	5	10930	18498
1075	3	1	15	10940	53272
1076	3	1	5	10950	42687
1077	3	1	5	10960	9936
1078	3	1	10	10970	8756
1079	3	1	20	10980	30509
1080	3	1	15	10990	14046
1081	4	8	20	11000	8837
1082	0	12	15	11010	1724
1083	0	12	5	11020	18665
1084	4	8	10	11030	44772
1085	4	8	15	11040	35426
1086	3	1	20	11050	8736
1087	0	12	15	11060	22579
1088	3	1	10	11070	85519
1089	4	8	20	11080	35290
1090	4	8	20	11090	44839
1091	0	12	15	11100	52913
1092	0	12	5	11110	84853
1093	4	14	5	11120	57710
1094	3	1	5	11130	8339
1095	3	1	20	11140	16991
1096	3	1	15	11150	51562
1097	4	8	5	11160	36811
1098	4	8	20	11170	26519
1099	3	1	5	11200	18509
1100	3	1	10	11211	31789
1101	4	8	10	11222	34386
1102	4	8	5	11233	68886
1103	4	14	15	11244	41912
1104	3	1	20	11255	7564
1105	4	14	10	11266	32927
1106	4	8	10	11277	3159
1107	3	1	10	11288	1002
1108	4	14	5	11299	15659
1109	0	12	15	11310	57150
1110	4	14	10	11321	55048
1111	4	14	5	11332	34153
1112	4	8	5	11343	290
1113	4	8	10	11354	66453
1114	0	12	15	11365	10445
1115	0	12	15	11376	62831
1116	0	12	15	11387	51965
1117	3	1	20	11398	14617
1118	4	8	10	11409	46374
1119	0	12	10	11420	1428
1120	4	8	20	11431	27148
1121	4	8	5	11442	67994
1122	0	12	5	11453	15893
1123	4	14	5	11464	12362
1124	0	12	15	11475	52196
1125	4	8	20	11486	35111
1126	4	14	10	11497	11263
1127	4	14	5	11508	10790
1128	3	1	20	11519	121606
1129	4	8	5	11530	877
1130	4	14	5	11541	334
1131	0	12	20	11552	1745
1132	0	12	10	11563	38904
1133	4	14	5	11574	51528
1134	4	14	15	11585	134155
1135	0	12	10	11600	38180
1136	4	14	20	11608	14155
1137	0	12	5	11616	12452
1138	4	8	10	11624	8422
1139	3	1	5	11632	3749
1140	0	12	10	11640	27416
1141	4	14	15	11648	7465
1142	0	12	15	11656	4062
1143	4	8	20	11664	3320
1144	4	8	15	11672	60091
1145	4	8	20	11680	3288
1146	3	1	10	11688	51439
1147	3	1	20	11696	1803
1148	4	14	15	11704	26037
1149	3	1	15	11712	14774
1150	4	8	5	11720	30057
1151	0	12	20	11728	18195
1152	0	12	20	11736	80125
1153	4	8	10	11744	23470
1154	0	12	10	11752	64636
1155	4	8	5	11760	44252
1156	0	12	5	11768	9944
1157	3	1	20	11776	26517
1158	4	14	20	11784	83241
1159	4	8	20	11792	25150
1160	4	14	20	11800	13584
1161	4	8	5	11808	52770
1162	0	12	10	11816	1749
1163	4	8	20	11824	14277
1164	0	12	10	11832	55226
1165	3	1	10	11840	46736
1166	4	14	15	11848	97531
1167	3	1	5	11856	7496
1168	3	1	20	11864	70563
1169	4	14	5	11872	27894
1170	0	12	20	11880	22318
1171	0	12	15	11888	20957
1172	0	12	10	11896	4650
1173	3	1	5	11904	34024
1174	4	14	5	11912	20206
1175	3	1	5	11920	14472
1176	0	12	15	11928	45845
1177	4	14	5	11936	11090
1178	4	8	15	11944	20520
1179	4	14	20	11952	39243
1180	4	14	10	11960	64461
1181	0	12	10	11968	8861
1182	4	14	15	11976	41835
1183	4	14	5	12000	29954
1184	4	14	20	12009	17318
1185	4	14	5	12018	27509
1186	0	12	20	12027	4635
1187	3	1	5	12036	6497
1188	3	1	20	12045	86421
1189	4	8	10	12054	8603
1190	0	12	5	12063	17966
1191	4	8	20	12072	50573
1192	0	12	5	12081	16162
1193	0	12	10	12090	37181
1194	3	1	5	12099	46293
1195	4	14	10	12108	46711
1196	3	1	5	12117	5384
1197	3	1	15	12126	45572
1198	0	12	10	12135	10360
1199	4	14	5	12144	2640
1200	4	8	5	12153	5016
1201	0	12	10	12162	28589
1202	0	12	5	12171	5772
1203	4	14	10	12180	118051
1204	4	8	20	12189	64712
1205	4	8	15	12198	4404
1206	4	14	10	12207	11342
1207	4	8	15	12216	9789
1208	3	1	10	12225	1694
1209	3	1	5	12234	22406
1210	4	8	15	12243	141047
1211	4	8	20	12252	117069
1212	4	8	10	12261	3017
1213	0	12	5	12270	7917
1214	4	8	15	12279	36233
1215	3	1	15	12288	3515
1216	4	8	15	12297	2609
1217	0	12	10	12306	18862
1218	4	8	20	12315	91102
1219	4	8	5	12324	9004
1220	4	8	10	12333	32078
1221	4	8	15	12342	46859
1222	4	14	5	12351	10335
1223	0	12	10	12360	33963
1224	4	14	20	12369	5281
1225	4	14	20	12378	39396
1226	4	14	10	12400	2806
1227	0	12	5	12408	19023
1228	0	12	20	12416	70642
1229	0	12	15	12424	38578
1230	4	14	20	12432	7500
1231	4	8	20	12440	65
1232	3	1	20	12448	526
1233	4	8	10	12456	16037
1234	4	8	15	12464	26383
1235	3	1	20	12472	10328
1236	0	12	10	12480	2558
1237	0	12	5	12488	44937
1238	3	1	5	12496	43129
1239	3	1	10	12504	10931
1240	4	14	20	12512	10435
1241	4	14	5	12520	65608
1242	0	12	20	12528	4537
1243	4	14	15	12536	17949
1244	0	12	15	12544	9117
1245	3	1	10	12552	19446
1246	0	12	10	12560	38969
1247	0	12	5	12568	6247
1248	3	1	15	12576	302
1249	4	14	15	12584	34579
1250	4	8	15	12592	37415
1251	3	1	20	12600	39555
1252	4	8	20	12608	54398
1253	4	14	5	12616	1017
1254	4	8	15	12624	18909
1255	0	12	10	12632	15108
1256	4	8	5	12640	12094
1257	4	14	15	12648	22894
1258	0	12	10	12656	55386
1259	3	1	20	12664	5564
1260	4	8	10	12672	1460
1261	4	14	10	12680	60769
1262	4	8	20	12688	14964
1263	4	8	15	12696	13838
1264	4	14	5	12704	11166
1265	0	12	15	12712	136087
1266	3	1	5	12720	101384
1267	4	14	5	12728	38083
1268	3	1	10	12736	34300
1269	4	14	20	12744	16445
1270	3	1	5	12752	882
1271	4	8	10	12800	12522
1272	3	1	5	12809	39085
1273	4	14	15	12818	33834
1274	4	8	10	12827	109169
1275	3	1	10	12836	45898
1276	4	8	20	12845	32390
1277	4	14	15	12854	60011
1278	0	12	20	12863	16673
1279	0	12	15	12872	38182
1280	4	14	15	12881	125
1281	3	1	5	12890	75873
1282	4	8	10	12899	18482
1283	0	12	10	12908	8339
1284	3	1	5	12917	356
1285	0	12	5	12926	22145
1286	0	12	5	12935	6535
1287	4	14	15	12944	134381
1288	0	12	15	12953	94609
1289	4	8	10	12962	6554
1290	4	8	15	12971	103910
1291	0	12	20	12980	26696
1292	4	14	20	12989	85834
1293	0	12	5	12998	27804
1294	0	12	20	13007	8982
1295	0	12	10	13016	17874
1296	4	8	10	13025	22038
1297	3	1	5	13034	48612
1298	4	14	10	13043	4631
1299	0	12	20	13052	9728
1300	0	12	5	13061	22019
1301	0	12	10	13070	267
1302	4	8	20	13079	23468
1303	4	14	20	13088	29930
1304	4	8	10	13097	32113
1305	4	14	10	13106	14559
1306	0	12	15	13115	137
1307	4	8	5	13124	5758
1308	3	1	15	13133	2126
1309	4	14	10	13142	36910
1310	3	1	15	13151	43076
1311	4	8	15	13160	20197
1312	4	14	20	13169	3547
1313	4	14	15	13178	4313
1314	4	14	10	13200	5415
1315	3	1	5	13210	4751
1316	4	8	5	13220	16968
1317	4	8	15	13230	4979
1318	4	14	15	13240	13296
1319	4	14	5	13250	50731
1320	4	14	15	13260	51668
1321	4	14	10	13270	115495
1322	4	14	15	13280	44082
1323	4	8	5	13290	20463
1324	4	8	5	13300	18596
1325	3	1	10	13310	19799
1326	4	8	15	13320	15935
1327	4	8	20	13330	4258
1328	3	1	15	13340	16768
1329	0	12	5	13350	24781
1330	0	12	20	13360	9806
1331	4	14	15	13370	61898
1332	0	12	5	13380	39828
1333	4	14	20	13390	4973
1334	0	12	15	13400	7111
1335	3	1	5	13410	173714
1336	4	8	10	13420	15654
1337	3	1	10	13430	56927
1338	3	1	20	13440	29002
1339	4	14	15	13450	33189
1340	0	12	15	13460	21871
1341	3	1	20	13470	647
1342	0	12	20	13480	81103
1343	0	12	5	13490	9789
1344	3	1	15	13500	18866
1345	0	12	5	13510	21740
1346	0	12	20	13520	19769
1347	0	12	5	13530	52391
1348	4	8	20	13540	17702
1349	4	8	15	13550	3613
1350	4	14	5	13560	530
1351	0	12	20	13600	13965
1352	3	1	15	13613	18616
1353	0	12	10	13626	13277
1354	0	12	10	13639	19783
1355	4	8	15	13652	23791
1356	4	8	15	13665	9656
1357	0	12	15	13678	1550
1358	4	8	20	13691	5839
1359	4	14	5	13704	6041
1360	3	1	20	13717	115928
1361	3	1	15	13730	67767
1362	3	1	15	13743	45249
1363	4	8	15	13756	23840
1364	3	1	15	13769	17459
1365	4	14	20	13782	69009
1366	4	8	15	13795	45149
1367	4	14	20	13808	103808
1368	4	14	5	13821	83680
1369	0	12	5	13834	5582
1370	4	8	20	13847	44502
1371	3	1	20	13860	27787
1372	3	1	20	13873	25418
1373	0	12	20	13886	37941
1374	3	1	10	13899	11412
1375	4	8	15	13912	48597
1376	3	1	15	13925	1716
1377	3	1	10	13938	21188
1378	3	1	10	13951	875
1379	4	8	5	13964	94400
1380	4	8	10	13977	16
1381	4	8	15	14000	28279
1382	0	12	5	14008	38495
1383	4	8	20	14016	11463
1384	4	8	20	14024	23660
1385	0	12	5	14032	77156
1386	0	12	20	14040	17122
1387	4	14	15	14048	14904
1388	4	14	10	14056	36746
1389	3	1	20	14064	35939
1390	4	8	15	14072	42510
1391	0	12	20	14080	13277
1392	4	8	10	14088	34937
1393	4	14	20	14096	17649
1394	0	12	20	14104	35696
1395	3	1	20	14112	30582
1396	4	14	10	14120	9773
1397	4	14	10	14128	16103
1398	3	1	10	14136	59257
1399	4	14	15	14144	26356
1400	3	1	10	14152	42739
1401	0	12	5	14160	22173
1402	0	12	20	14168	67491
1403	0	12	15	14176	9844
1404	4	14	20	14184	14065
1405	0	12	10	14192	18330
1406	3	1	5	14200	52401
1407	3	1	20	14208	43933
1408	3	1	20	14216	1294
1409	3	1	15	14224	36473
1410	4	14	5	14232	20456
1411	3	1	5	14240	47909
1412	3	1	5	14248	655
1413	4	14	20	14256	7915
1414	4	8	15	14264	6022
1415	0	12	10	14272	15635
1416	4	8	15	14280	6349
1417	4	8	15	14288	19467
1418	0	12	20	14296	85
1419	3	1	15	14304	22841
1420	3	1	5	14312	20309
1421	3	1	5	14320	15490
1422	0	12	10	14328	10430
1423	4	8	10	14336	9295
1424	3	1	15	14344	17706
1425	4	8	5	14352	16964
1426	0	12	10	14400	79249
1427	4	14	20	14410	4243
1428	4	14	5	14420	718
1429	4	14	15	14430	36917
1430	4	8	10	14440	23340
1431	3	1	5	14450	34222
1432	4	14	5	14460	32801
1433	4	14	15	14470	20064
1434	3	1	15	14480	7569
1435	4	8	10	14490	22220
1436	0	12	15	14500	39404
1437	0	12	15	14510	18263
1438	4	8	5	14520	93054
1439	0	12	10	14530	2895
1440	3	1	5	14540	3540
1441	4	8	5	14550	35259
1442	0	12	15	14560	12944
1443	0	12	20	14570	87
1444	3	1	15	14580	7237
1445	4	14	10	14590	102114
1446	3	1	15	14600	12309
1447	3	1	15	14610	18855
1448	4	8	5	14620	9308
1449	0	12	15	14630	10767
1450	4	8	10	14640	18296
1451	3	1	15	14650	52715
1452	3	1	15	14660	15962
1453	0	12	20	14670	12950
1454	0	12	15	14680	3062
1455	0	12	10	14690	13946
1456	0	12	15	14700	8021
1457	4	14	10	14710	31519
1458	4	8	20	14720	58614
1459	3	1	20	14730	92343
1460	0	12	20	14740	23494
1461	3	1	5	14750	36598
1462	4	14	15	14760	41245
1463	4	14	10	14770	14038
1464	4	8	5	14780	5667
1465	0	12	5	14800	54085
1466	3	1	5	14810	4641
1467	4	14	10	14820	25871
1468	0	12	10	14830	272
1469	0	12	5	14840	35566
1470	4	14	15	14850	36303
1471	4	8	20	14860	43740
1472	0	12	15	14870	22849
1473	0	12	10	14880	79317
1474	0	12	15	14890	16639
1475	4	8	20	14900	51846
1476	4	8	10	14910	1676
1477	4	14	15	14920	10310
1478	3	1	20	14930	1630
1479	4	14	10	14940	20080
1480	3	1	10	14950	3094
1481	3	1	20	14960	20359
1482	4	8	20	14970	65729
1483	3	1	10	14980	42675
1484	4	8	10	14990	9165
1485	4	14	15	15000	39651
1486	4	14	15	15010	9810
1487	4	14	5	15020	11799
1488	3	1	5	15030	15016
1489	3	1	5	15040	62325
1490	0	12	20	15050	10463
1491	4	8	10	15060	2722
1492	3	1	20	15070	28925
1493	3	1	5	15080	39
1494	4	14	10	15090	26741
1495	4	14	20	15100	17618
1496	4	8	10	15110	91848
1497	4	8	10	15120	121521
1498	4	14	15	15130	58724
1499	3	1	15	15140	15655
1500	0	12	5	15150	55565
1501	4	14	5	15160	46321
1502	4	8	5	15200	18369
1503	4	8	5	15208	27872
1504	0	12	5	15216	29912
1505	0	12	10	15224	37515
1506	3	1	5	15232	11281
1507	3	1	10	15240	20718
1508	0	12	10	15248	83907
1509	4	14	20	15256	10920
1510	4	14	5	15264	11515
1511	4	8	20	15272	93564
1512	4	8	10	15280	27523
1513	3	1	10	15288	14977
1514	0	12	10	15296	61141
1515	4	8	5	15304	1620
1516	4	8	10	15312	53072
1517	4	8	10	15320	141428
1518	4	8	20	15328	3588
1519	3	1	15	15336	19244
1520	4	8	10	15344	25657
1521	4	14	5	15352	56074
1522	0	12	10	15360	6347
1523	3	1	5	15368	5241
1524	4	14	5	15376	15923
1525	3	1	10	15384	29070
1526	4	14	20	15392	5203
1527	4	8	10	15400	22769
1528	0	12	20	15408	13771
1529	0	12	15	15416	128722
1530	4	14	15	15424	62648
1531	4	14	5	15432	2441
1532	4	14	20	15440	18271
1533	0	12	10	15448	34782
1534	4	14	10	15456	32892
1535	4	14	10	15464	12687
1536	4	8	15	15472	1105
1537	0	12	15	15480	10973
1538	3	1	10	15488	4425
1539	4	8	20	15496	26176
1540	4	8	15	15504	17061
1541	0	12	10	15512	49550
1542	3	1	15	15520	15350
1543	4	14	5	15528	2856
1544	3	1	5	15536	25922
1545	4	14	20	15544	12941
1546	4	14	20	15552	22481
1547	0	12	15	15560	8002
1548	3	1	20	15568	5170
1549	3	1	10	15600	23289
1550	4	8	15	15609	30445
1551	0	12	5	15618	99487
1552	0	12	10	15627	65659
1553	4	8	5	15636	15736
1554	0	12	5	15645	57742
1555	4	8	5	15654	188379
1556	3	1	15	15663	28137
1557	3	1	5	15672	10764
1558	4	8	20	15681	6721
1559	4	8	15	15690	336
1560	4	8	15	15699	24868
1561	0	12	15	15708	49634
1562	3	1	10	15717	4341
1563	4	14	20	15726	92964
1564	4	14	10	15735	18005
1565	0	12	5	15744	8311
1566	4	8	5	15753	22908
1567	4	8	5	15762	78553
1568	3	1	5	15771	42080
1569	4	8	5	15780	23802
1570	0	12	10	15789	497
1571	4	8	15	15798	23438
1572	4	14	20	15807	62644
1573	4	14	5	15816	25366
1574	4	8	20	15825	1262
1575	0	12	20	15834	46212
1576	0	12	10	15843	18875
1577	4	8	5	15852	3177
1578	0	12	20	15861	28996
1579	0	12	10	15870	1959
1580	3	1	10	15879	3094
1581	3	1	10	15888	84560
1582	4	14	15	15897	14276
1583	4	8	10	15906	57216
1584	4	14	20	15915	14698
1585	4	14	10	15924	74813
1586	3	1	15	15933	7219
1587	3	1	20	15942	1526
1588	4	14	5	15951	56203
1589	3	1	10	15960	33141
1590	0	12	15	16000	43402
1591	3	1	15	16011	44145
1592	3	1	20	16022	3402
1593	0	12	20	16033	4042
1594	0	12	10	16044	594
1595	0	12	20	16055	31411
1596	3	1	20	16066	34572
1597	4	14	20	16077	18314
1598	4	14	20	16088	34063
1599	3	1	5	16099	12644
1600	4	8	20	16110	55121
1601	3	1	15	16121	28574
1602	4	8	15	16132	21530
1603	4	8	20	16143	31343
1604	4	8	20	16154	22283
1605	0	12	5	16165	3177
1606	4	8	10	16176	3248
1607	4	8	10	16187	12535
1608	0	12	5	16198	13774
1609	0	12	10	16209	2370
1610	0	12	15	16220	25668
1611	4	8	15	16231	21572
1612	3	1	5	16242	37451
1613	4	8	15	16253	4458
1614	3	1	5	16264	80148
1615	3	1	5	16275	30252
1616	4	8	5	16286	17879
1617	0	12	5	16297	11148
1618	0	12	5	16308	27529
1619	4	14	20	16319	23946
1620	4	8	10	16330	868
1621	4	14	5	16341	19995
1622	4	8	20	16352	2905
1623	0	12	15	16363	2895
1624	0	12	10	16374	48790
1625	3	1	20	16385	9944
1626	3	1	20	16400	17343
1627	3	1	5	16412	43122
1628	4	14	20	16424	24090
1629	0	12	5	16436	17068
1630	4	8	20	16448	3496
1631	4	8	10	16460	315
1632	4	8	5	16472	18521
1633	4	8	20	16484	10048
1634	3	1	10	16496	8697
1635	0	12	20	16508	22284
1636	4	8	20	16520	18501
1637	4	8	15	16532	42546
1638	0	12	15	16544	12867
1639	3	1	15	16556	10235
1640	3	1	5	16568	52630
1641	4	8	10	16580	67277
1642	4	8	15	16592	38186
1643	3	1	20	16604	45130
1644	4	8	15	16616	3136
1645	3	1	20	16628	9290
1646	4	14	15	16640	1931
1647	4	8	5	16652	113066
1648	4	8	15	16664	7156
1649	3	1	5	16676	16718
1650	4	14	20	16688	7029
1651	4	8	20	16700	14601
1652	4	14	20	16712	62645
1653	0	12	5	16724	4391
1654	4	8	15	16736	11396
1655	3	1	20	16748	14117
1656	0	12	20	16760	22422
1657	0	12	20	16772	16518
1658	0	12	10	16784	59082
1659	4	14	5	16800	8551
1660	3	1	10	16811	36077
1661	3	1	10	16822	14102
1662	4	8	15	16833	50735
1663	4	14	5	16844	88158
1664	4	14	10	16855	110025
1665	4	14	5	16866	24976
1666	0	12	10	16877	1673
1667	4	8	5	16888	17444
1668	3	1	5	16899	71239
1669	3	1	10	16910	17248
1670	0	12	10	16921	6054
1671	4	14	10	16932	37753
1672	0	12	15	16943	105562
1673	3	1	10	16954	11561
1674	4	8	20	16965	40725
1675	4	14	5	16976	5161
1676	4	8	15	16987	46736
1677	4	14	5	16998	12856
1678	3	1	5	17009	159399
1679	3	1	10	17020	24182
1680	4	14	10	17031	7484
1681	4	8	15	17042	18992
1682	4	8	15	17053	24831
1683	0	12	15	17064	4164
1684	4	8	5	17075	7794
1685	0	12	5	17086	42756
1686	3	1	15	17097	5237
1687	4	8	5	17108	11929
1688	0	12	5	17119	112067
1689	4	14	15	17130	68192
1690	4	14	20	17141	196708
1691	0	12	20	17152	1168
1692	0	12	10	17163	71584
1693	4	8	10	17174	3251
1694	0	12	10	17200	29131
1695	0	12	15	17208	19160
1696	4	14	20	17216	2761
1697	4	8	10	17224	45721
1698	4	14	15	17232	49646
1699	3	1	10	17240	25662
1700	3	1	15	17248	7181
1701	4	8	10	17256	32543
1702	3	1	20	17264	2623
1703	3	1	5	17272	48996
1704	4	8	20	17280	8553
1705	4	14	10	17288	22473
1706	0	12	10	17296	16522
1707	0	12	15	17304	25952
1708	3	1	5	17312	16793
1709	4	8	15	17320	5226
1710	0	12	5	17328	28440
1711	4	8	20	17336	6074
1712	4	8	15	17344	16888
1713	3	1	20	17352	11960
1714	4	14	20	17360	841
1715	4	8	20	17368	8302
1716	0	12	20	17376	54286
1717	4	8	20	17384	35781
1718	3	1	20	17392	40759
1719	3	1	5	17400	8394
1720	4	8	15	17408	15861
1721	4	14	5	17416	43079
1722	0	12	5	17424	19152
1723	3	1	15	17432	346
1724	4	14	10	17440	17365
1725	0	12	10	17448	4696
1726	4	14	20	17456	51411
1727	4	14	5	17464	64429
1728	4	8	20	17472	39130
1729	4	8	5	17480	10044
1730	4	14	10	17488	2193
1731	4	14	5	17496	240
1732	0	12	10	17504	25044
1733	0	12	20	17512	18645
1734	4	14	20	17520	12781
1735	4	8	20	17528	27023
1736	3	1	15	17536	14728
1737	3	1	10	17544	45143
1738	4	14	20	17552	69906
1739	3	1	20	17560	39790
1740	4	14	20	17568	12999
1741	4	8	5	17576	28955
1742	3	1	5	17600	74609
1743	3	1	10	17609	54728
1744	3	1	10	17618	11070
1745	3	1	5	17627	55767
1746	3	1	10	17636	31453
1747	3	1	15	17645	27863
1748	4	8	15	17654	2344
1749	4	14	15	17663	14739
1750	4	14	20	17672	32150
1751	3	1	20	17681	16860
1752	4	14	10	17690	1312
1753	0	12	10	17699	26076
1754	0	12	15	17708	5606
1755	4	14	10	17717	19791
1756	4	8	10	17726	6661
1757	4	14	10	17735	2251
1758	4	14	15	17744	14527
1759	0	12	10	17753	3302
1760	0	12	10	17762	39078
1761	4	8	5	17771	24628
1762	4	14	15	17780	60707
1763	4	8	5	17789	4786
1764	3	1	10	17798	2822
1765	4	8	20	17807	27863
1766	0	12	10	17816	31825
1767	4	8	20	17825	110645
1768	3	1	5	17834	129576
1769	3	1	20	17843	19465
1770	3	1	10	17852	62831
1771	3	1	10	17861	2001
1772	4	8	5	17870	49283
1773	0	12	5	17879	276
1774	4	14	10	17888	72704
1775	0	12	15	17897	50781
1776	0	12	5	17906	58033
1777	4	8	15	17915	31919
1778	4	14	5	17924	40545
1779	0	12	10	17933	28833
1780	4	8	5	17942	22875
1781	0	12	10	17951	7871
1782	4	8	15	17960	50838
1783	3	1	10	17969	13127
1784	3	1	5	18000	32299
1785	0	12	10	18009	34212
1786	0	12	20	18018	109442
1787	4	14	5	18027	135438
1788	0	12	5	18036	10551
1789	0	12	10	18045	64811
1790	0	12	15	18054	15415
1791	3	1	5	18063	11456
1792	4	14	20	18072	15876
1793	3	1	10	18081	49854
1794	3	1	10	18090	208
1795	4	8	15	18099	51028
1796	4	8	10	18108	43777
1797	4	8	5	18117	46194
1798	0	12	5	18126	42468
1799	4	8	15	18135	39732
1800	4	8	20	18144	6935
1801	4	8	10	18153	34267
1802	4	14	10	18162	29225
1803	4	14	15	18171	30538
1804	0	12	5	18180	22792
1805	0	12	15	18189	27247
1806	4	8	15	18198	31294
1807	3	1	10	18207	1027
1808	4	8	20	18216	34561
1809	0	12	5	18225	14545
1810	3	1	10	18234	31328
1811	4	14	15	18243	26035
1812	4	14	5	18252	13765
1813	4	14	10	18261	47175
1814	4	14	10	18270	28321
1815	4	14	20	18279	21362
1816	4	14	15	18288	43231
1817	0	12	10	18297	23056
1818	3	1	20	18306	22397
1819	4	8	20	18315	17860
1820	0	12	5	18324	30466
1821	4	8	5	18333	33106
1822	4	8	15	18342	37232
1823	3	1	15	18351	3891
1824	3	1	10	18360	2440
1825	4	14	5	18369	26176
1826	4	14	15	18378	35428
1827	3	1	20	18400	178446
1828	3	1	15	18410	67
1829	4	8	15	18420	3367
1830	3	1	10	18430	1642
1831	4	14	5	18440	2425
1832	4	8	15	18450	72559
1833	3	1	15	18460	232
1834	3	1	10	18470	16293
1835	0	12	15	18480	61452
1836	4	8	5	18490	30902
1837	3	1	20	18500	6384
1838	3	1	5	18510	56149
1839	4	8	15	18520	2059
1840	3	1	15	18530	1066
1841	4	8	15	18540	87812
1842	4	8	10	18550	12580
1843	4	14	5	18560	79118
1844	4	8	5	18570	8939
1845	0	12	20	18580	55872
1846	3	1	5	18590	96732
1847	4	14	15	18600	30970
1848	4	14	5	18610	7225
1849	3	1	15	18620	23449
1850	3	1	5	18630	1844
1851	4	8	5	18640	8442
1852	3	1	5	18650	9658
1853	3	1	5	18660	11737
1854	4	8	10	18670	3265
1855	0	12	20	18680	25568
1856	0	12	20	18690	111858
1857	4	8	20	18700	21190
1858	0	12	5	18710	24953
1859	0	12	5	18720	96365
1860	4	8	5	18730	74892
1861	4	14	20	18740	31618
1862	0	12	15	18750	957
1863	0	12	5	18760	26310
1864	3	1	20	18770	12116
1865	4	14	5	18800	25646
1866	4	8	5	18811	34552
1867	4	8	10	18822	13411
1868	0	12	20	18833	14888
1869	3	1	15	18844	42359
1870	4	8	20	18855	64742
1871	4	8	15	18866	26281
1872	3	1	5	18877	37114
1873	4	8	5	18888	18614
1874	3	1	10	18899	16077
1875	3	1	10	18910	36299
1876	4	14	20	18921	12320
1877	4	8	15	18932	47307
1878	0	12	15	18943	65480
1879	4	8	10	18954	9116
1880	4	8	5	18965	29914
1881	4	14	20	18976	1621
1882	3	1	15	18987	50570
1883	4	14	5	18998	21090
1884	3	1	15	19009	1435
1885	0	12	5	19020	54544
1886	4	8	20	19031	53561
1887	4	14	15	19042	28482
1888	4	8	10	19053	77133
1889	3	1	15	19064	60446
1890	4	14	20	19075	68873
1891	4	14	10	19086	4640
1892	4	8	15	19097	32637
1893	4	8	5	19108	66865
1894	4	14	15	19119	5527
1895	4	14	15	19130	16618
1896	4	8	20	19141	75734
1897	4	8	5	19152	46276
1898	0	12	5	19163	29354
1899	3	1	20	19174	37727
1900	4	14	20	19200	5778
1901	4	8	20	19209	30047
1902	4	14	15	19218	9122
1903	4	8	10	19227	20211
1904	0	12	20	19236	33747
1905	4	8	15	19245	21917
1906	3	1	5	19254	25229
1907	0	12	20	19263	54783
1908	4	14	20	19272	77811
1909	3	1	20	19281	17357
1910	4	8	5	19290	8391
1911	3	1	5	19299	7047
1912	4	8	5	19308	30419
1913	4	14	15	19317	11121
1914	4	14	20	19326	13463
1915	3	1	5	19335	61638
1916	0	12	10	19344	57390
1917	0	12	15	19353	25326
1918	4	8	15	19362	23266
1919	4	8	15	19371	21993
1920	3	1	10	19380	42965
1921	3	1	15	19389	2354
1922	0	12	5	19398	18107
1923	3	1	10	19407	23705
1924	3	1	20	19416	60724
1925	3	1	15	19425	42229
1926	4	14	20	19434	81125
1927	4	8	20	19443	53177
1928	4	8	15	19452	10619
1929	4	14	15	19461	146954
1930	0	12	15	19470	47331
1931	4	8	15	19479	25912
1932	0	12	10	19488	6023
1933	4	8	15	19497	6287
1934	3	1	15	19506	2762
1935	0	12	10	19515	205384
1936	0	12	5	19524	51720
1937	4	8	10	19533	12616
1938	3	1	5	19542	56891
1939	4	8	20	19551	25410
1940	4	8	5	19560	10189
1941	0	12	20	19600	158658
1942	0	12	15	19609	36190
1943	3	1	10	19618	21645
1944	0	12	15	19627	30802
1945	4	8	15	19636	37078
1946	3	1	5	19645	23587
1947	3	1	5	19654	13578
1948	4	8	5	19663	24353
1949	4	8	10	19672	11612
1950	4	14	10	19681	27115
1951	4	8	10	19690	14250
1952	4	14	10	19699	9114
1953	4	14	15	19708	3490
1954	0	12	15	19717	98222
1955	4	8	5	19726	3168
1956	0	12	15	19735	6227
1957	0	12	10	19744	41285
1958	3	1	10	19753	30810
1959	3	1	5	19762	80384
1960	4	8	20	19771	27390
1961	4	8	10	19780	42525
1962	4	14	5	19789	24645
1963	0	12	10	19798	81729
1964	4	8	10	19807	33275
1965	4	14	10	19816	36028
1966	3	1	15	19825	846
1967	4	14	10	19834	18276
1968	0	12	5	19843	7579
1969	4	14	15	19852	13542
1970	3	1	20	19861	1740
1971	3	1	20	19870	22682
1972	4	8	10	19879	40260
1973	4	14	20	19888	110828
1974	4	14	15	19897	8130
1975	4	8	10	19906	43838
1976	4	8	20	19915	16010
1977	4	8	20	19924	90332
1978	4	8	20	19933	75383
1979	4	8	5	19942	5730
1980	4	14	10	19951	7594
1981	0	12	20	19960	27378
1982	4	14	15	19969	10395
1983	0	12	10	19978	122268
1984	4	14	5	19987	17343
1985	4	14	5	20000	17034
1986	3	1	10	20026	11744
1987	4	8	20	20052	2261
1988	4	8	5	20078	8149
1989	4	8	10	20104	142711
1990	4	14	15	20130	55145
1991	4	14	20	20156	2549
1992	4	14	20	20182	39352
1993	0	12	20	20208	77811
1994	4	14	5	20234	115436
1995	0	12	20	20260	24672
1996	4	8	20	20286	19476
1997	0	12	10	20312	45013
1998	4	8	20	20338	59673
1999	0	12	5	20364	91367
