0	0	12	5	0	47484
1	4	8	20	8	18125
2	4	14	20	16	9588
3	0	12	5	24	8779
4	0	12	15	32	1975
5	3	1	5	40	26934
6	4	8	10	48	427
7	3	1	20	56	50681
8	4	14	20	64	10978
9	4	14	20	72	3847
10	4	14	10	80	17490
11	0	12	5	88	1820
12	3	1	15	96	56556
13	0	12	20	104	3872
14	4	8	10	112	2670
15	0	12	5	120	8229
16	4	8	15	128	43417
17	0	12	20	136	12798
18	0	12	15	144	22490
19	4	8	10	152	21806
20	3	1	10	160	4435
21	0	12	20	168	58405
22	4	8	15	176	12795
23	4	8	5	184	17091
24	4	8	10	192	8943
25	0	12	15	200	15436
26	0	12	15	208	1182
27	3	1	20	216	22203
28	4	14	20	224	21692
29	3	1	20	232	5766
30	0	12	20	240	909
31	4	8	20	248	31605
32	4	14	15	256	12186
33	0	12	20	264	2443
34	3	1	15	272	5829
35	0	12	5	280	4031
36	4	14	10	288	6537
37	3	1	20	296	12910
38	4	8	20	304	21331
39	0	12	10	312	12793
40	4	14	5	320	37580
41	4	14	20	328	25853
42	0	12	10	336	11076
43	0	12	15	344	10688
44	4	8	15	352	16394
45	4	14	15	360	15422
46	4	14	20	400	21907
47	4	8	10	409	14863
48	4	8	15	418	12654
49	4	8	10	427	17241
50	4	14	20	436	112
51	4	14	10	445	4741
52	4	14	20	454	8084
53	3	1	5	463	5736
54	4	8	10	472	7512
55	0	12	5	481	58745
56	0	12	10	490	2179
57	3	1	15	499	25309
58	3	1	20	508	82199
59	4	14	5	517	11001
60	3	1	10	526	21740
61	4	14	15	535	5168
62	4	14	5	544	3886
63	0	12	5	553	3447
64	3	1	5	562	2760
65	3	1	10	571	26037
66	4	8	15	580	13669
67	3	1	15	589	28275
68	4	8	5	598	38463
69	4	8	10	607	42776
70	0	12	20	616	1103
71	4	14	20	625	7646
72	4	14	20	634	26934
73	0	12	5	643	3656
74	4	8	5	652	29277
75	3	1	10	661	9300
76	4	14	15	670	10293
77	0	12	20	679	1045
78	4	14	15	688	246
79	4	8	15	697	26536
80	4	8	20	706	33045
81	3	1	10	715	10043
82	0	12	10	724	3646
83	4	8	10	733	1380
84	4	14	20	742	5606
85	4	8	15	751	25655
86	4	8	5	760	9995
87	0	12	10	800	4219
88	3	1	10	810	23302
89	3	1	15	820	6426
90	4	14	15	830	1603
91	4	8	15	840	12459
92	4	14	20	850	13122
93	3	1	20	860	4373
94	3	1	5	870	26359
95	0	12	15	880	15842
96	0	12	20	890	14096
97	0	12	10	900	5837
98	3	1	15	910	6378
99	3	1	10	920	29075
100	3	1	20	930	722
101	4	8	5	940	39727
102	0	12	10	950	19020
103	0	12	10	960	15296
104	0	12	15	970	14379
105	0	12	5	980	15782
106	4	14	10	990	9340
107	4	14	15	1000	3418
108	0	12	20	1010	9911
109	3	1	20	1020	43462
110	4	8	15	1030	11093
111	0	12	15	1040	1059
112	3	1	5	1050	24161
113	4	8	5	1060	3264
114	3	1	5	1070	15649
115	4	14	5	1080	5185
116	4	14	5	1090	1199
117	4	8	15	1100	2282
118	4	8	5	1110	36562
119	0	12	15	1120	7132
120	4	8	10	1130	6622
121	0	12	10	1140	6712
122	0	12	10	1150	1028
123	4	14	15	1160	13836
124	4	8	15	1170	28889
125	4	14	5	1180	11933
126	4	14	20	1200	27461
127	4	8	5	1210	13694
128	4	8	5	1220	8089
129	4	8	15	1230	3793
130	3	1	15	1240	30916
131	4	14	5	1250	2957
132	3	1	5	1260	21216
133	4	8	5	1270	3131
134	3	1	20	1280	23199
135	0	12	15	1290	50241
136	3	1	5	1300	23569
137	4	14	5	1310	14195
138	0	12	20	1320	10766
139	3	1	15	1330	17667
140	4	8	5	1340	7055
141	3	1	10	1350	5084
142	4	14	10	1360	23517
143	4	14	15	1370	28639
144	4	8	20	1380	28415
145	4	14	5	1390	508
146	4	14	15	1400	22961
147	3	1	20	1410	7522
148	4	14	15	1420	15279
149	3	1	20	1430	12101
150	4	8	10	1440	12998
151	4	14	5	1450	9643
152	3	1	5	1460	8373
153	4	8	5	1470	55639
154	4	8	20	1480	11044
155	3	1	10	1490	19344
156	0	12	20	1500	30812
157	0	12	15	1510	1982
158	4	14	15	1520	24222
159	4	8	15	1530	1113
160	0	12	10	1540	26305
161	3	1	10	1550	32290
162	4	8	15	1560	25398
163	4	14	10	1570	4617
164	0	12	10	1580	1311
165	3	1	10	1600	6440
166	3	1	10	1608	6398
167	0	12	20	1616	14713
168	3	1	10	1624	8691
169	3	1	15	1632	17606
170	4	8	5	1640	11284
171	4	14	5	1648	10587
172	0	12	15	1656	16488
173	3	1	10	1664	4175
174	4	14	10	1672	49
175	3	1	20	1680	1104
176	0	12	20	1688	13600
177	0	12	15	1696	4165
178	4	8	15	1704	22064
179	3	1	10	1712	26101
180	0	12	15	1720	23086
181	4	8	20	1728	9425
182	4	8	10	1736	51467
183	4	14	5	1744	32182
184	4	14	5	1752	17021
185	4	14	10	1760	8240
186	0	12	5	1768	22918
187	0	12	5	1776	23194
188	0	12	10	1784	18191
189	0	12	10	1792	1056
190	4	14	20	1800	1730
191	4	8	10	1808	16992
192	0	12	10	1816	26425
193	4	14	10	1824	8785
194	3	1	10	1832	31654
195	4	14	15	1840	10757
196	4	8	15	1848	10361
197	0	12	5	1856	11722
198	3	1	5	1864	22460
199	4	14	15	1872	11068
200	4	8	20	1880	19352
201	3	1	15	1888	2800
202	4	14	15	1896	49972
203	4	8	5	1904	47281
204	0	12	20	1912	398
205	4	8	5	1920	1198
206	3	1	10	1928	26529
207	0	12	15	1936	3131
208	3	1	15	1944	54117
209	3	1	5	1952	9045
210	3	1	10	2000	2208
211	0	12	5	2010	15693
212	4	14	20	2020	7351
213	4	8	5	2030	59424
214	0	12	20	2040	5787
215	4	14	10	2050	7181
216	0	12	5	2060	38034
217	4	8	15	2070	42397
218	0	12	5	2080	14493
219	4	8	20	2090	18042
220	4	8	10	2100	13507
221	4	8	10	2110	13291
222	0	12	15	2120	40840
223	3	1	20	2130	7021
224	4	14	20	2140	13310
225	4	14	15	2150	30546
226	4	14	20	2160	18022
227	0	12	10	2170	3989
228	0	12	5	2180	7341
229	4	14	20	2190	11531
230	4	8	10	2200	14267
231	0	12	20	2210	875
232	4	8	15	2220	10306
233	3	1	5	2230	4578
234	0	12	15	2240	1733
235	4	8	20	2250	14788
236	3	1	10	2260	10747
237	0	12	10	2270	192
238	4	14	5	2280	29482
239	4	8	5	2290	13982
240	0	12	20	2300	14383
241	0	12	10	2310	14014
242	3	1	10	2320	25696
243	4	8	5	2330	4546
244	3	1	20	2340	43733
245	3	1	15	2350	10385
246	3	1	10	2360	5386
247	4	14	5	2370	28600
248	3	1	10	2400	2027
249	4	14	20	2410	11092
250	3	1	15	2420	13968
251	4	14	5	2430	12682
252	0	12	20	2440	41141
253	4	8	10	2450	1301
254	4	8	5	2460	42367
255	0	12	15	2470	2364
256	4	8	5	2480	4358
257	0	12	15	2490	14691
258	3	1	10	2500	7730
259	4	8	10	2510	3035
260	3	1	10	2520	8076
261	4	8	5	2530	14219
262	0	12	10	2540	26551
263	3	1	20	2550	9636
264	4	8	20	2560	29502
265	4	8	15	2570	1258
266	3	1	15	2580	2602
267	0	12	20	2590	2036
268	0	12	15	2600	33010
269	4	14	5	2610	19281
270	0	12	5	2620	32950
271	0	12	15	2630	36091
272	3	1	15	2640	1469
273	3	1	5	2650	211
274	4	8	20	2660	1389
275	4	8	5	2670	68992
276	3	1	20	2680	23167
277	4	14	10	2690	17970
278	0	12	5	2700	8721
279	0	12	5	2710	1461
280	4	8	5	2720	13353
281	0	12	15	2730	29641
282	3	1	5	2740	1715
283	0	12	10	2750	32390
284	4	8	10	2760	42842
285	4	8	5	2770	698
286	0	12	5	2780	2222
287	0	12	5	2800	8086
288	0	12	20	2809	6162
289	0	12	5	2818	53772
290	4	14	15	2827	7258
291	4	8	20	2836	35085
292	4	8	5	2845	15857
293	4	8	20	2854	17680
294	4	14	15	2863	3298
295	4	14	20	2872	66
296	4	14	20	2881	23777
297	0	12	15	2890	6815
298	4	14	10	2899	8322
299	0	12	10	2908	31381
300	0	12	20	2917	6344
301	4	8	15	2926	2910
302	3	1	15	2935	51376
303	4	14	5	2944	8679
304	3	1	15	2953	15804
305	4	8	20	2962	18590
306	4	8	15	2971	9847
307	4	8	20	2980	38607
308	0	12	10	2989	84587
309	4	14	5	2998	45726
310	4	8	15	3007	7454
311	3	1	20	3016	13271
312	0	12	10	3025	3186
313	3	1	5	3034	5612
314	4	14	5	3043	14937
315	3	1	20	3052	12890
316	4	14	5	3061	10684
317	4	14	20	3070	45509
318	0	12	15	3079	11782
319	0	12	15	3088	25679
320	4	8	15	3097	46698
321	4	8	10	3106	22397
322	4	14	20	3115	25739
323	0	12	10	3124	38115
324	4	14	10	3133	6542
325	4	14	10	3142	66225
326	4	14	15	3151	4955
327	0	12	15	3160	8686
328	3	1	10	3169	28053
329	4	8	5	3200	1317
330	4	8	5	3209	3829
331	4	8	10	3218	8663
332	0	12	20	3227	5017
333	0	12	20	3236	13167
334	0	12	5	3245	22828
335	4	14	15	3254	8162
336	4	8	20	3263	34395
337	3	1	20	3272	18380
338	3	1	20	3281	4397
339	4	14	10	3290	4478
340	4	14	15	3299	13997
341	3	1	5	3308	3959
342	0	12	15	3317	8221
343	4	8	15	3326	7572
344	3	1	10	3335	14377
345	4	8	20	3344	25830
346	4	8	10	3353	19687
347	4	14	20	3362	6478
348	3	1	15	3371	1023
349	0	12	20	3380	16042
350	4	14	20	3389	11644
351	0	12	20	3398	28532
352	4	14	5	3407	27951
353	3	1	20	3416	14921
354	3	1	20	3425	39131
355	3	1	10	3434	13653
356	4	8	15	3443	7303
357	3	1	5	3452	854
358	0	12	20	3461	1387
359	4	14	10	3470	16504
360	3	1	5	3479	8736
361	4	8	20	3488	664
362	4	14	15	3497	1397
363	3	1	10	3506	39616
364	3	1	5	3515	20935
365	0	12	10	3524	49382
366	3	1	20	3533	5582
367	0	12	10	3542	15467
368	3	1	20	3551	12284
369	4	14	10	3560	3716
370	4	8	20	3569	17725
371	0	12	10	3600	26090
372	0	12	5	3609	19343
373	0	12	5	3618	5189
374	0	12	20	3627	3894
375	4	14	10	3636	20759
376	4	8	15	3645	6930
377	3	1	10	3654	8793
378	4	8	5	3663	6048
379	4	8	10	3672	12238
380	3	1	20	3681	5172
381	4	14	15	3690	43345
382	3	1	5	3699	7065
383	3	1	10	3708	3444
384	4	8	10	3717	13208
385	0	12	5	3726	7672
386	4	8	5	3735	14359
387	4	8	5	3744	17389
388	4	8	5	3753	16685
389	4	8	20	3762	3290
390	3	1	5	3771	538
391	3	1	20	3780	28488
392	3	1	5	3789	14656
393	4	14	10	3798	14532
394	4	8	5	3807	27744
395	3	1	20	3816	12507
396	4	14	15	3825	2330
397	3	1	10	3834	10645
398	4	14	15	3843	16673
399	3	1	5	3852	16281
400	4	14	5	3861	11297
401	0	12	20	3870	1476
402	4	8	5	3879	25513
403	3	1	10	3888	30859
404	4	14	5	3897	52910
405	4	14	15	3906	19962
406	0	12	15	3915	2235
407	4	14	20	3924	12729
408	3	1	20	3933	7920
409	3	1	10	3942	3303
410	0	12	15	3951	4026
411	3	1	10	3960	46025
412	4	8	5	3969	21384
413	3	1	10	3978	12720
414	4	8	15	4000	7324
415	3	1	10	4010	10690
416	3	1	20	4020	18417
417	4	8	5	4030	35308
418	0	12	5	4040	6989
419	4	8	20	4050	6864
420	3	1	5	4060	7189
421	4	8	20	4070	15987
422	3	1	10	4080	57282
423	0	12	5	4090	6893
424	4	8	10	4100	3061
425	3	1	5	4110	29149
426	3	1	10	4120	3656
427	4	8	20	4130	1769
428	4	14	20	4140	9669
429	4	8	5	4150	17916
430	0	12	20	4160	14312
431	3	1	10	4170	32117
432	4	14	15	4180	23904
433	4	14	20	4190	18044
434	3	1	10	4200	457
435	4	8	20	4210	3333
436	3	1	15	4220	2346
437	4	14	20	4230	11164
438	3	1	10	4240	4188
439	3	1	20	4250	30267
440	0	12	15	4260	4613
441	3	1	10	4270	714
442	3	1	5	4280	5085
443	4	14	20	4290	9888
444	4	8	5	4300	52939
445	4	14	20	4310	1499
446	4	8	15	4320	1583
447	4	14	15	4330	845
448	4	8	20	4340	4170
449	3	1	15	4350	6553
450	4	14	20	4360	31308
451	4	8	15	4370	4509
452	3	1	10	4380	2264
453	4	8	20	4390	5671
454	0	12	20	4400	5180
455	4	8	5	4407	33220
456	3	1	15	4414	1973
457	4	8	5	4421	9476
458	4	8	20	4428	18255
459	4	8	5	4435	2138
460	0	12	10	4442	11365
461	3	1	20	4449	416
462	4	14	20	4456	1599
463	0	12	15	4463	20185
464	4	8	15	4470	14476
465	4	8	10	4477	7060
466	4	14	15	4484	2945
467	4	8	5	4491	1006
468	0	12	20	4498	11751
469	4	14	15	4505	3160
470	0	12	20	4512	6915
471	4	14	20	4519	3202
472	3	1	20	4526	17242
473	4	8	10	4533	11242
474	0	12	10	4540	1656
475	4	14	20	4547	6129
476	3	1	15	4554	7129
477	4	14	15	4561	11451
478	4	14	5	4568	7820
479	4	8	10	4575	1416
480	0	12	10	4582	21805
481	3	1	15	4589	2653
482	4	14	20	4596	33301
483	0	12	5	4603	1999
484	4	8	5	4610	26994
485	3	1	10	4617	6783
486	0	12	5	4624	21169
487	4	8	20	4631	10373
488	4	14	5	4638	8163
489	0	12	5	4645	2667
490	3	1	5	4652	1195
491	4	8	15	4659	18710
492	3	1	20	4666	27599
493	0	12	5	4673	1779
494	4	8	10	4680	6664
495	4	8	15	4687	4074
496	3	1	10	4694	47487
497	3	1	10	4701	12972
498	4	8	5	4708	32112
499	4	14	15	4715	14928
500	0	12	5	4722	40673
501	4	14	10	4729	540
502	4	14	20	4736	12122
503	3	1	10	4743	824
504	3	1	20	4750	67350
505	0	12	5	4757	18097
506	4	14	15	4764	14110
507	0	12	20	4771	15789
508	4	8	10	4778	3572
509	0	12	5	4785	50858
510	4	14	10	4800	11579
511	4	14	5	4809	14857
512	3	1	20	4818	995
513	4	14	15	4827	14492
514	0	12	15	4836	7675
515	3	1	20	4845	7033
516	4	14	5	4854	2609
517	4	14	15	4863	60787
518	3	1	10	4872	37139
519	3	1	10	4881	4598
520	4	8	10	4890	15613
521	4	8	20	4899	18792
522	3	1	5	4908	17324
523	4	14	15	4917	7307
524	4	8	10	4926	1815
525	4	14	10	4935	17331
526	0	12	5	4944	7129
527	4	8	15	4953	12932
528	4	14	20	4962	2867
529	3	1	20	4971	33085
530	0	12	10	4980	7383
531	0	12	10	4989	26080
532	4	8	10	4998	16594
533	4	14	10	5007	24225
534	4	8	10	5016	2855
535	4	8	5	5025	19853
536	4	14	15	5034	15548
537	4	8	15	5043	27890
538	3	1	10	5052	2271
539	4	8	5	5061	2369
540	4	14	15	5070	22805
541	0	12	5	5079	1800
542	0	12	10	5088	5189
543	3	1	5	5097	9314
544	4	8	20	5106	16281
545	4	14	5	5115	10071
546	4	14	15	5124	15869
547	4	14	5	5133	4100
548	0	12	15	5142	20609
549	4	14	15	5151	67164
550	3	1	10	5160	1235
551	4	14	15	5169	56636
552	4	14	5	5200	16964
553	4	14	20	5210	15306
554	3	1	10	5220	65679
555	3	1	10	5230	4187
556	0	12	5	5240	7440
557	0	12	5	5250	2877
558	0	12	20	5260	45819
559	4	14	15	5270	6256
560	4	14	20	5280	6118
561	4	8	5	5290	514
562	0	12	5	5300	9953
563	3	1	15	5310	6325
564	0	12	15	5320	14215
565	3	1	5	5330	19859
566	4	8	15	5340	51243
567	3	1	10	5350	5263
568	4	8	10	5360	9059
569	4	14	15	5370	17746
570	3	1	5	5380	21194
571	4	8	15	5390	6299
572	0	12	10	5400	29856
573	4	8	5	5410	23116
574	4	14	20	5420	10780
575	4	8	5	5430	11633
576	4	8	10	5440	8552
577	0	12	5	5450	3976
578	4	8	20	5460	20837
579	4	8	5	5470	16352
580	4	14	15	5480	526
581	4	8	20	5490	2292
582	4	8	20	5500	28367
583	0	12	5	5510	3157
584	0	12	10	5520	25688
585	0	12	20	5530	8137
586	0	12	5	5540	2608
587	3	1	15	5550	482
588	4	8	5	5560	25471
589	4	14	20	5570	43291
590	0	12	20	5580	6623
591	4	14	10	5590	9770
592	0	12	15	5600	34205
593	4	14	20	5610	26462
594	4	8	10	5620	27425
595	3	1	10	5630	20827
596	4	14	5	5640	16491
597	4	8	15	5650	48069
598	3	1	10	5660	30631
599	4	14	15	5670	42001
600	4	8	15	5680	11341
601	4	8	5	5690	6862
602	4	8	20	5700	25257
603	0	12	20	5710	888
604	0	12	15	5720	4621
605	0	12	20	5730	22108
606	4	14	10	5740	2149
607	3	1	20	5750	35233
608	0	12	5	5760	2147
609	0	12	5	5770	10062
610	4	8	20	5780	27104
611	0	12	5	5790	2634
612	3	1	10	5800	9176
613	4	14	15	5810	5771
614	4	14	5	5820	5508
615	3	1	20	5830	3258
616	0	12	5	5840	3599
617	0	12	20	5850	5347
618	3	1	10	5860	11990
619	4	14	20	5870	3372
620	4	8	20	5880	13155
621	4	14	5	5890	42463
622	0	12	10	5900	10582
623	3	1	10	5910	11063
624	4	14	20	5920	6435
625	4	14	15	5930	5191
626	4	8	20	5940	9373
627	0	12	15	5950	595
628	0	12	20	5960	46213
629	0	12	10	6000	22986
630	4	8	5	6009	33070
631	4	14	15	6018	9966
632	3	1	15	6027	7328
633	3	1	10	6036	25794
634	4	14	15	6045	2271
635	3	1	10	6054	18412
636	4	14	20	6063	6642
637	0	12	5	6072	23946
638	4	14	15	6081	42147
639	4	14	10	6090	826
640	4	8	10	6099	5099
641	3	1	10	6108	4839
642	3	1	15	6117	37515
643	0	12	5	6126	6399
644	4	8	5	6135	1990
645	4	14	15	6144	3315
646	0	12	5	6153	332
647	0	12	5	6162	13852
648	0	12	20	6171	11658
649	4	14	15	6180	16152
650	3	1	5	6189	11961
651	4	14	5	6198	7119
652	4	14	10	6207	8800
653	4	14	15	6216	17380
654	4	8	15	6225	7317
655	3	1	15	6234	13809
656	0	12	20	6243	32027
657	4	14	15	6252	5583
658	4	8	5	6261	20532
659	4	8	20	6270	58242
660	4	14	5	6279	5833
661	3	1	20	6288	1494
662	3	1	5	6297	46435
663	4	14	15	6306	7223
664	4	14	5	6315	14399
665	4	8	5	6324	6956
666	3	1	10	6333	24545
667	0	12	5	6342	16166
668	0	12	20	6351	2989
669	0	12	15	6360	14969
670	3	1	20	6400	29780
671	4	14	5	6410	8863
672	0	12	10	6420	7037
673	3	1	5	6430	10370
674	4	8	10	6440	39844
675	3	1	15	6450	5695
676	4	8	10	6460	413
677	0	12	10	6470	2679
678	0	12	5	6480	7705
679	4	14	5	6490	2487
680	3	1	15	6500	4743
681	0	12	15	6510	31929
682	0	12	20	6520	11714
683	0	12	10	6530	5907
684	3	1	10	6540	4302
685	3	1	20	6550	11553
686	0	12	10	6560	661
687	3	1	5	6570	19529
688	0	12	15	6580	9092
689	4	8	5	6590	12926
690	3	1	10	6600	27323
691	0	12	10	6610	739
692	3	1	20	6620	875
693	3	1	15	6630	49431
694	0	12	5	6640	21853
695	4	14	15	6650	3249
696	0	12	10	6660	6074
697	3	1	5	6670	12452
698	4	8	20	6680	21323
699	4	14	20	6690	23126
700	4	8	10	6700	8249
701	0	12	20	6710	7768
702	0	12	5	6720	8410
703	4	14	5	6730	38489
704	0	12	15	6740	25052
705	3	1	20	6750	1706
706	4	14	20	6760	52
707	4	8	5	6770	46727
708	4	8	10	6780	21889
709	3	1	5	6790	1118
710	0	12	5	6800	12870
711	0	12	15	6807	19843
712	3	1	15	6814	38959
713	3	1	5	6821	13837
714	3	1	10	6828	20207
715	3	1	10	6835	9318
716	4	8	5	6842	13505
717	4	8	15	6849	16186
718	0	12	5	6856	2182
719	0	12	10	6863	1319
720	4	8	15	6870	5985
721	4	14	10	6877	1323
722	0	12	10	6884	3618
723	3	1	20	6891	15322
724	3	1	5	6898	24888
725	3	1	15	6905	25700
726	4	8	10	6912	7445
727	4	8	20	6919	8210
728	4	8	5	6926	21077
729	4	8	15	6933	21148
730	3	1	10	6940	65780
731	3	1	10	6947	10607
732	3	1	10	6954	8660
733	4	8	5	6961	15391
734	4	8	20	6968	21624
735	3	1	15	6975	32885
736	4	14	15	6982	9717
737	0	12	15	6989	15038
738	0	12	15	6996	11665
739	4	14	10	7003	2313
740	4	14	5	7010	11446
741	3	1	10	7017	1587
742	0	12	15	7024	51318
743	4	8	15	7031	7291
744	0	12	5	7038	25
745	4	8	15	7045	1829
746	4	8	15	7052	2279
747	4	14	20	7059	10290
748	0	12	10	7066	4334
749	3	1	15	7073	5784
750	3	1	15	7080	15219
751	4	14	15	7087	18207
752	4	8	20	7094	8531
753	0	12	15	7101	17125
754	4	8	10	7108	9631
755	3	1	20	7115	6251
756	0	12	15	7122	3218
757	3	1	10	7129	25172
758	4	8	20	7136	2061
759	4	8	20	7143	76694
760	4	8	15	7150	20896
761	3	1	5	7157	14735
762	4	14	5	7164	3851
763	0	12	15	7171	194
764	0	12	15	7200	1401
765	4	8	15	7208	1125
766	4	8	10	7216	5540
767	4	8	10	7224	5582
768	4	8	10	7232	29095
769	4	14	15	7240	29852
770	3	1	20	7248	68560
771	0	12	10	7256	51789
772	0	12	5	7264	2022
773	0	12	20	7272	79192
774	4	8	10	7280	13433
775	3	1	10	7288	3927
776	3	1	20	7296	2042
777	3	1	20	7304	28964
778	4	8	15	7312	15256
779	0	12	10	7320	18274
780	4	8	20	7328	17574
781	4	8	10	7336	36475
782	0	12	10	7344	2868
783	4	14	10	7352	8959
784	4	14	5	7360	2038
785	3	1	15	7368	5800
786	0	12	10	7376	1185
787	3	1	20	7384	22892
788	4	14	20	7392	2896
789	4	14	20	7400	8652
790	3	1	5	7408	18725
791	4	8	5	7416	17382
792	4	14	15	7424	10725
793	3	1	20	7432	11942
794	3	1	15	7440	8320
795	0	12	20	7448	38378
796	4	14	5	7456	33990
797	0	12	20	7464	47139
798	0	12	20	7472	5303
799	4	14	10	7480	43402
800	4	14	10	7488	27029
801	0	12	10	7496	29143
802	3	1	15	7504	16198
803	4	8	15	7512	7963
804	4	14	15	7520	6104
805	4	8	5	7528	16935
806	3	1	15	7536	13165
807	0	12	5	7544	8725
808	3	1	10	7552	1491
809	3	1	20	7560	4277
810	4	14	5	7568	3642
811	4	8	15	7576	6790
812	0	12	15	7584	3136
813	0	12	10	7592	9276
814	0	12	20	7600	6291
815	0	12	5	7608	28485
816	4	8	15	7616	9212
817	4	14	15	7624	24606
818	4	8	15	7632	35680
819	3	1	20	7640	24212
820	0	12	5	7648	90609
821	4	14	10	7656	12141
822	3	1	15	7664	2209
823	4	8	10	7672	8715
824	0	12	15	7680	2703
825	0	12	20	7688	6256
826	0	12	15	7696	10226
827	4	8	5	7704	14375
828	3	1	5	7712	14164
829	4	8	10	7720	17211
830	4	14	10	7728	6579
831	3	1	20	7736	3027
832	3	1	20	7744	12928
833	3	1	10	7752	18280
834	0	12	5	7760	32100
835	0	12	15	7768	28201
836	3	1	20	7776	4839
837	4	14	20	7784	23658
838	4	14	20	7792	1893
839	4	8	20	7800	10055
840	4	14	5	7808	21755
841	4	14	10	7816	16845
842	4	14	15	7824	17830
843	0	12	5	7832	42774
844	4	14	20	7840	3855
845	4	8	10	7848	6743
846	4	8	10	7856	10604
847	3	1	10	7864	795
848	4	8	20	7872	3586
849	3	1	15	7880	13656
850	4	14	10	7888	10200
851	4	14	15	7896	1602
852	3	1	10	7904	904
853	3	1	20	7912	11163
854	3	1	5	7920	44261
855	0	12	20	7928	5335
856	4	8	15	7936	19764
857	0	12	5	7944	3906
858	0	12	5	7952	4319
859	3	1	20	8000	80628
860	0	12	10	8010	3190
861	0	12	10	8020	55078
862	3	1	5	8030	28632
863	4	8	20	8040	8994
864	4	14	15	8050	36438
865	4	8	10	8060	507
866	4	14	20	8070	25088
867	4	8	10	8080	10995
868	4	14	10	8090	13670
869	4	14	10	8100	10985
870	4	8	10	8110	13517
871	3	1	20	8120	17530
872	0	12	20	8130	17912
873	0	12	20	8140	8879
874	3	1	20	8150	595
875	0	12	20	8160	6781
876	4	14	20	8170	31448
877	4	8	15	8180	3529
878	3	1	15	8190	3688
879	4	14	5	8200	26704
880	4	14	10	8210	29228
881	3	1	10	8220	8820
882	0	12	10	8230	7960
883	0	12	15	8240	214
884	4	8	20	8250	3322
885	4	14	20	8260	4429
886	4	14	15	8270	1998
887	0	12	5	8280	854
888	0	12	5	8290	21793
889	0	12	5	8300	13954
890	3	1	20	8310	2029
891	3	1	20	8320	726
892	3	1	15	8330	12267
893	4	8	20	8340	2010
894	0	12	10	8350	5385
895	3	1	20	8360	23884
896	4	8	10	8370	27267
897	3	1	15	8380	4430
898	0	12	10	8400	545
899	3	1	10	8410	3232
900	3	1	15	8420	12860
901	0	12	5	8430	70196
902	3	1	20	8440	10279
903	4	8	15	8450	19484
904	4	8	5	8460	59
905	0	12	15	8470	26216
906	4	14	15	8480	8764
907	3	1	15	8490	15868
908	4	14	5	8500	10029
909	4	8	10	8510	14329
910	0	12	5	8520	8816
911	0	12	5	8530	11455
912	3	1	10	8540	173
913	0	12	20	8550	8854
914	4	14	10	8560	2684
915	3	1	5	8570	22635
916	0	12	20	8580	13729
917	3	1	15	8590	27406
918	4	14	5	8600	4443
919	4	14	20	8610	17056
920	3	1	15	8620	39215
921	4	14	20	8630	21526
922	4	8	5	8640	22382
923	4	14	5	8650	78323
924	0	12	10	8660	7585
925	4	14	10	8670	11944
926	4	14	5	8680	2232
927	3	1	20	8690	12972
928	0	12	10	8700	2414
929	4	14	5	8710	4845
930	4	14	15	8720	11991
931	4	8	10	8730	15399
932	4	8	5	8740	2874
933	0	12	5	8750	371
934	4	8	15	8760	4800
935	4	14	5	8770	30514
936	4	14	10	8800	47859
937	3	1	20	8808	18629
938	3	1	10	8816	154
939	4	8	10	8824	7695
940	0	12	5	8832	27443
941	0	12	5	8840	10720
942	0	12	20	8848	14119
943	4	14	20	8856	2642
944	4	14	5	8864	2757
945	3	1	15	8872	14979
946	4	14	10	8880	547
947	3	1	20	8888	1873
948	3	1	10	8896	53020
949	4	8	10	8904	12039
950	4	8	20	8912	3554
951	3	1	15	8920	103235
952	3	1	15	8928	117885
953	0	12	15	8936	7594
954	4	14	15	8944	5016
955	3	1	20	8952	26809
956	4	14	20	8960	4274
957	4	14	15	8968	10508
958	4	8	5	8976	6325
959	3	1	15	8984	10392
960	4	8	15	8992	18008
961	0	12	20	9000	32189
962	3	1	5	9008	10742
963	4	14	20	9016	3659
964	4	8	15	9024	1062
965	3	1	15	9032	26204
966	4	14	5	9040	6814
967	3	1	10	9048	70502
968	4	14	5	9056	2900
969	0	12	10	9064	5774
970	4	14	15	9072	26339
971	3	1	5	9080	35052
972	4	14	10	9088	26577
973	3	1	20	9096	31536
974	4	14	15	9104	28881
975	4	8	15	9112	8867
976	3	1	20	9120	2663
977	4	8	10	9128	14695
978	4	14	5	9136	28751
979	3	1	15	9144	23492
980	4	14	5	9152	10848
981	4	8	5	9160	319
982	0	12	10	9168	14338
983	3	1	5	9176	15118
984	4	8	10	9184	1025
985	0	12	20	9200	12045
986	4	14	20	9210	15426
987	0	12	10	9220	24709
988	0	12	10	9230	22427
989	3	1	20	9240	9461
990	0	12	10	9250	15358
991	4	14	15	9260	10106
992	4	8	15	9270	7173
993	0	12	15	9280	12144
994	4	14	15	9290	19602
995	4	14	10	9300	49203
996	4	8	20	9310	116359
997	0	12	20	9320	7695
998	4	8	5	9330	1473
999	4	8	10	9340	6959
1000	4	14	15	9350	4840
1001	4	8	5	9360	750
1002	4	14	15	9370	46315
1003	3	1	5	9380	17292
1004	4	8	15	9390	20457
1005	4	14	15	9400	5961
1006	4	14	10	9410	3338
1007	4	14	20	9420	2388
1008	0	12	20	9430	12506
1009	4	8	20	9440	29691
1010	0	12	20	9450	17236
1011	4	8	15	9460	16062
1012	4	14	15	9470	16673
1013	3	1	15	9480	13022
1014	3	1	15	9490	67550
1015	0	12	10	9500	17063
1016	0	12	10	9510	5131
1017	0	12	5	9520	33623
1018	4	8	15	9530	2456
1019	4	8	20	9540	12261
1020	4	14	20	9550	3310
1021	3	1	15	9560	13145
1022	3	1	20	9570	4264
1023	0	12	5	9600	20331
1024	4	14	20	9608	18528
1025	4	14	5	9616	6622
1026	4	8	15	9624	11973
1027	3	1	15	9632	5215
1028	3	1	5	9640	2683
1029	0	12	10	9648	34155
1030	4	14	20	9656	8886
1031	3	1	20	9664	23620
1032	0	12	5	9672	11507
1033	3	1	20	9680	10508
1034	3	1	20	9688	11368
1035	3	1	5	9696	9465
1036	3	1	10	9704	1248
1037	3	1	5	9712	42826
1038	0	12	10	9720	35273
1039	3	1	15	9728	22247
1040	4	8	15	9736	6663
1041	4	14	5	9744	10462
1042	4	14	10	9752	4479
1043	3	1	15	9760	38557
1044	3	1	20	9768	24739
1045	3	1	15	9776	65675
1046	0	12	5	9784	27527
1047	3	1	20	9792	26109
1048	3	1	20	9800	12653
1049	4	14	10	9808	829
1050	3	1	20	9816	18202
1051	4	8	15	9824	2074
1052	3	1	10	9832	4379
1053	0	12	10	9840	12873
1054	3	1	10	9848	2901
1055	4	8	20	9856	19305
1056	3	1	10	9864	26727
1057	3	1	10	9872	4084
1058	3	1	10	9880	58876
1059	3	1	15	9888	7716
1060	4	8	5	9896	24534
1061	0	12	15	9904	38555
1062	4	8	15	9912	66456
1063	0	12	10	9920	17290
1064	4	8	5	9928	8646
1065	3	1	5	9936	35021
1066	0	12	15	9944	2057
1067	4	8	15	9952	2900
1068	0	12	15	9960	791
1069	4	14	15	9968	12381
1070	3	1	20	9976	13907
1071	4	8	10	9984	6725
1072	4	14	20	9992	70792
1073	4	14	5	10000	7942
1074	4	14	10	10010	3463
1075	0	12	20	10020	19636
1076	3	1	10	10030	6079
1077	4	14	10	10040	6260
1078	4	8	10	10050	43114
1079	0	12	10	10060	19391
1080	4	14	20	10070	11674
1081	4	14	15	10080	20506
1082	0	12	15	10090	21046
1083	3	1	20	10100	1754
1084	4	8	15	10110	3616
1085	4	8	5	10120	5812
1086	4	14	15	10130	12150
1087	0	12	15	10140	51560
1088	0	12	10	10150	6068
1089	4	8	5	10160	26388
1090	4	14	20	10170	16113
1091	4	14	20	10180	30327
1092	0	12	20	10190	50136
1093	3	1	15	10200	11317
1094	0	12	15	10210	54506
1095	0	12	20	10220	9006
1096	4	8	10	10230	10953
1097	4	14	20	10240	14015
1098	0	12	10	10250	10858
1099	0	12	15	10260	36680
1100	3	1	20	10270	31783
1101	3	1	10	10280	17036
1102	4	8	10	10290	22579
1103	3	1	10	10300	124
1104	4	8	10	10310	10152
1105	4	8	10	10320	6557
1106	3	1	20	10330	2293
1107	4	14	5	10340	30159
1108	0	12	5	10350	7092
1109	3	1	15	10360	9827
1110	3	1	15	10370	7770
1111	4	14	5	10400	10712
1112	4	8	5	10411	5544
1113	4	8	20	10422	5087
1114	3	1	20	10433	32007
1115	3	1	10	10444	1020
1116	0	12	5	10455	3146
1117	3	1	20	10466	33980
1118	3	1	20	10477	9810
1119	4	14	20	10488	1916
1120	3	1	15	10499	7038
1121	0	12	20	10510	2799
1122	4	8	10	10521	30372
1123	4	14	15	10532	4400
1124	0	12	20	10543	37504
1125	3	1	5	10554	21006
1126	4	8	10	10565	7823
1127	4	8	5	10576	10492
1128	3	1	15	10587	8838
1129	4	14	10	10598	23116
1130	3	1	15	10609	3795
1131	4	14	10	10620	21101
1132	3	1	20	10631	28456
1133	4	8	15	10642	544
1134	3	1	10	10653	29277
1135	4	8	10	10664	31771
1136	4	8	10	10675	54225
1137	4	8	10	10686	20589
1138	4	8	15	10697	16085
1139	0	12	5	10708	32162
1140	4	14	10	10719	3001
1141	4	14	10	10730	18426
1142	0	12	15	10741	14744
1143	3	1	20	10752	31086
1144	4	14	10	10763	8802
1145	0	12	20	10774	2537
1146	3	1	20	10785	13022
1147	3	1	20	10800	18434
1148	4	14	20	10812	16450
1149	3	1	5	10824	37674
1150	0	12	20	10836	4644
1151	4	14	15	10848	15284
1152	4	8	5	10860	2140
1153	0	12	10	10872	7643
1154	4	8	5	10884	12532
1155	3	1	5	10896	19386
1156	0	12	5	10908	26157
1157	3	1	15	10920	11600
1158	3	1	15	10932	1752
1159	4	14	10	10944	21481
1160	4	14	5	10956	47779
1161	0	12	15	10968	16916
1162	4	8	15	10980	8818
1163	4	8	15	10992	14417
1164	0	12	5	11004	4554
1165	3	1	10	11016	16895
1166	0	12	5	11028	17116
1167	4	14	15	11040	4805
1168	3	1	15	11052	9073
1169	4	8	10	11064	32
1170	0	12	5	11076	1606
1171	3	1	20	11088	9701
1172	4	8	10	11100	4525
1173	4	8	15	11112	14356
1174	0	12	15	11124	45517
1175	4	14	5	11136	17837
1176	0	12	10	11148	13079
1177	4	14	15	11160	80481
1178	0	12	5	11172	27201
1179	0	12	20	11200	22660
1180	0	12	10	11214	3060
1181	3	1	15	11228	19407
1182	4	8	5	11242	29184
1183	4	14	15	11256	11722
1184	4	14	15	11270	11487
1185	3	1	20	11284	14497
1186	3	1	5	11298	14957
1187	4	8	10	11312	9603
1188	4	14	15	11326	10784
1189	0	12	10	11340	2362
1190	0	12	10	11354	950
1191	3	1	15	11368	9581
1192	4	14	15	11382	15487
1193	3	1	5	11396	36097
1194	0	12	5	11410	39727
1195	3	1	15	11424	11691
1196	3	1	20	11438	4821
1197	4	14	20	11452	131
1198	3	1	20	11466	15024
1199	0	12	5	11480	23583
1200	4	14	15	11494	10765
1201	3	1	5	11508	5648
1202	0	12	10	11522	4629
1203	3	1	15	11536	16361
1204	4	8	20	11550	26534
1205	4	8	5	11564	25535
1206	3	1	10	11600	7365
1207	4	14	10	11611	12178
1208	0	12	20	11622	9218
1209	3	1	20	11633	32774
1210	4	8	15	11644	2484
1211	4	8	10	11655	26703
1212	3	1	15	11666	19176
1213	4	8	15	11677	6802
1214	3	1	5	11688	13308
1215	4	8	10	11699	4535
1216	4	14	15	11710	26910
1217	4	8	5	11721	37551
1218	4	8	20	11732	1362
1219	4	8	5	11743	16880
1220	0	12	10	11754	733
1221	3	1	15	11765	3682
1222	0	12	20	11776	23449
1223	3	1	5	11787	5605
1224	4	8	20	11798	46205
1225	4	8	15	11809	16568
1226	4	14	5	11820	28782
1227	4	14	5	11831	6919
1228	4	8	15	11842	18022
1229	4	8	20	11853	8810
1230	4	8	10	11864	8492
1231	0	12	15	11875	12784
1232	4	8	20	11886	7764
1233	4	14	5	11897	759
1234	0	12	10	11908	4983
1235	4	8	5	11919	33482
1236	3	1	5	11930	9607
1237	4	14	10	11941	3536
1238	4	8	15	11952	19796
1239	4	8	15	11963	20082
1240	0	12	15	11974	4118
1241	3	1	15	11985	1238
1242	4	8	10	12000	215
1243	4	8	15	12011	15452
1244	3	1	20	12022	80441
1245	3	1	20	12033	4520
1246	0	12	5	12044	22322
1247	4	8	20	12055	5118
1248	4	14	5	12066	6419
1249	4	14	15	12077	17722
1250	4	14	5	12088	19502
1251	0	12	20	12099	7036
1252	4	8	20	12110	41790
1253	0	12	15	12121	50406
1254	4	14	20	12132	20725
1255	0	12	20	12143	5348
1256	3	1	5	12154	12025
1257	4	8	5	12165	49866
1258	0	12	20	12176	19053
1259	4	14	10	12187	2877
1260	3	1	20	12198	52650
1261	3	1	5	12209	287
1262	3	1	20	12220	31125
1263	4	14	5	12231	234
1264	0	12	10	12242	9835
1265	4	8	20	12253	14406
1266	0	12	15	12264	8912
1267	3	1	10	12275	16889
1268	4	8	10	12286	1311
1269	0	12	20	12297	18641
1270	3	1	10	12308	25386
1271	4	14	5	12319	15300
1272	4	14	10	12330	3461
1273	0	12	5	12341	7307
1274	4	8	10	12352	8850
1275	4	8	15	12363	56263
1276	4	8	10	12374	3415
1277	4	14	10	12400	2595
1278	0	12	10	12412	5754
1279	3	1	20	12424	19165
1280	4	8	10	12436	35721
1281	4	8	10	12448	13161
1282	4	14	20	12460	333
1283	4	8	20	12472	98
1284	4	8	20	12484	20308
1285	4	8	15	12496	922
1286	4	14	15	12508	15635
1287	0	12	5	12520	8918
1288	0	12	10	12532	6174
1289	0	12	10	12544	65659
1290	4	14	20	12556	6849
1291	0	12	5	12568	10955
1292	3	1	15	12580	11162
1293	4	8	10	12592	12606
1294	4	14	20	12604	22321
1295	4	8	10	12616	3754
1296	0	12	15	12628	3922
1297	3	1	10	12640	108272
1298	0	12	10	12652	2791
1299	4	8	20	12664	8169
1300	3	1	10	12676	27353
1301	3	1	15	12688	1689
1302	0	12	10	12700	3472
1303	3	1	5	12712	16453
1304	0	12	10	12724	33178
1305	0	12	20	12736	1487
1306	0	12	10	12748	2814
1307	0	12	15	12760	13134
1308	4	14	5	12772	12159
1309	3	1	5	12784	22563
1310	3	1	15	12800	1542
1311	3	1	20	12807	7613
1312	4	8	15	12814	16962
1313	3	1	5	12821	98409
1314	3	1	20	12828	5076
1315	0	12	10	12835	8228
1316	4	14	10	12842	94176
1317	0	12	5	12849	30452
1318	4	8	5	12856	5605
1319	4	14	15	12863	8257
1320	4	8	5	12870	56081
1321	4	14	15	12877	134242
1322	3	1	5	12884	6451
1323	0	12	20	12891	1600
1324	0	12	5	12898	6644
1325	3	1	5	12905	5698
1326	0	12	10	12912	1926
1327	3	1	5	12919	16765
1328	4	8	10	12926	15249
1329	4	14	5	12933	3887
1330	0	12	5	12940	22365
1331	4	14	20	12947	3438
1332	3	1	20	12954	73114
1333	3	1	15	12961	37204
1334	4	14	15	12968	33805
1335	3	1	15	12975	25165
1336	4	8	20	12982	7281
1337	4	8	15	12989	7602
1338	4	8	10	12996	2262
1339	4	8	20	13003	15916
1340	4	8	10	13010	36024
1341	4	14	20	13017	1052
1342	4	8	20	13024	36061
1343	4	8	5	13031	13290
1344	4	8	20	13038	35548
1345	0	12	20	13045	55898
1346	4	14	10	13052	29538
1347	0	12	15	13059	11231
1348	4	14	10	13066	5109
1349	3	1	10	13073	6896
1350	3	1	5	13080	3810
1351	0	12	15	13087	7304
1352	0	12	5	13094	19440
1353	0	12	15	13101	22633
1354	0	12	15	13108	8991
1355	4	14	15	13115	27373
1356	4	14	15	13122	23400
1357	4	14	15	13129	1683
1358	4	8	5	13136	5765
1359	3	1	5	13143	13677
1360	4	14	10	13150	59249
1361	3	1	10	13200	11478
1362	4	14	10	13209	46560
1363	4	14	5	13218	6090
1364	4	8	5	13227	48
1365	4	14	15	13236	36605
1366	0	12	20	13245	7882
1367	3	1	5	13254	22267
1368	3	1	10	13263	2022
1369	4	14	5	13272	10441
1370	4	14	15	13281	593
1371	4	8	20	13290	15439
1372	4	14	15	13299	20313
1373	4	14	5	13308	17514
1374	3	1	10	13317	11360
1375	3	1	10	13326	37880
1376	4	8	15	13335	1770
1377	0	12	20	13344	23349
1378	4	14	5	13353	3643
1379	4	14	10	13362	7398
1380	3	1	15	13371	9784
1381	0	12	20	13380	15025
1382	3	1	15	13389	7544
1383	4	14	20	13398	4910
1384	4	8	20	13407	61
1385	0	12	15	13416	7813
1386	4	14	20	13425	10776
1387	4	8	10	13434	4237
1388	3	1	20	13443	10228
1389	0	12	20	13452	986
1390	4	14	5	13461	391
1391	4	8	10	13470	4942
1392	4	14	15	13479	1258
1393	4	14	5	13488	13035
1394	3	1	15	13497	17020
1395	3	1	20	13506	7720
1396	4	14	15	13515	2011
1397	3	1	15	13524	13819
1398	0	12	5	13533	13179
1399	3	1	5	13542	79546
1400	0	12	20	13551	13903
1401	4	8	10	13560	1522
1402	4	8	5	13600	7794
1403	4	14	5	13612	25281
1404	3	1	20	13624	6023
1405	0	12	5	13636	14379
1406	4	8	20	13648	16681
1407	0	12	20	13660	618
1408	3	1	5	13672	4573
1409	3	1	10	13684	11864
1410	4	8	5	13696	20057
1411	4	14	15	13708	11
1412	0	12	10	13720	36251
1413	3	1	15	13732	43086
1414	4	14	15	13744	1993
1415	3	1	15	13756	7299
1416	4	14	15	13768	2339
1417	4	14	15	13780	18292
1418	3	1	5	13792	6001
1419	4	8	15	13804	15341
1420	0	12	20	13816	8399
1421	3	1	15	13828	2720
1422	4	14	5	13840	5234
1423	4	8	15	13852	971
1424	0	12	5	13864	9714
1425	3	1	5	13876	23561
1426	3	1	10	13888	12541
1427	4	14	10	13900	2824
1428	4	8	15	13912	169
1429	4	14	10	13924	2147
1430	3	1	15	13936	24829
1431	4	14	20	13948	11956
1432	0	12	20	13960	3698
1433	4	8	20	14000	3782
1434	3	1	15	14008	24941
1435	4	8	10	14016	7308
1436	3	1	15	14024	4045
1437	4	14	15	14032	13952
1438	0	12	20	14040	48117
1439	0	12	20	14048	8466
1440	4	14	15	14056	21486
1441	3	1	20	14064	9628
1442	4	14	10	14072	66220
1443	0	12	10	14080	47532
1444	3	1	15	14088	6777
1445	4	14	15	14096	379
1446	0	12	20	14104	7380
1447	4	8	20	14112	2475
1448	4	14	15	14120	9279
1449	4	14	5	14128	5446
1450	4	14	10	14136	4533
1451	0	12	5	14144	9189
1452	4	14	15	14152	4940
1453	4	14	15	14160	46271
1454	4	8	10	14168	14057
1455	3	1	5	14176	8833
1456	4	8	5	14184	26722
1457	4	14	10	14192	6328
1458	4	14	5	14200	6622
1459	0	12	15	14208	12530
1460	3	1	20	14216	812
1461	4	8	10	14224	10637
1462	3	1	10	14232	445
1463	3	1	15	14240	2099
1464	0	12	15	14248	21276
1465	3	1	5	14256	3335
1466	3	1	15	14264	25303
1467	4	14	15	14272	18517
1468	4	14	5	14280	2463
1469	3	1	5	14288	22210
1470	4	14	20	14296	2467
1471	0	12	5	14304	12923
1472	4	14	15	14312	20987
1473	4	8	10	14320	37141
1474	4	8	20	14328	33628
1475	4	8	20	14336	50077
1476	3	1	10	14344	3025
1477	4	14	15	14352	6414
1478	4	14	20	14360	20007
1479	0	12	15	14368	9040
1480	4	8	10	14376	8204
1481	4	8	10	14400	8173
1482	0	12	15	14410	20468
1483	4	8	15	14420	20481
1484	4	14	5	14430	33774
1485	4	8	15	14440	6922
1486	4	14	10	14450	4832
1487	4	8	10	14460	4858
1488	4	14	10	14470	15732
1489	0	12	10	14480	7274
1490	0	12	5	14490	12951
1491	4	14	10	14500	36321
1492	0	12	10	14510	4453
1493	0	12	10	14520	8375
1494	3	1	20	14530	7175
1495	4	8	5	14540	4673
1496	4	14	15	14550	8846
1497	0	12	15	14560	31579
1498	0	12	20	14570	3837
1499	0	12	15	14580	2735
1500	4	8	20	14590	4163
1501	4	8	5	14600	18423
1502	3	1	20	14610	10
1503	4	8	15	14620	18718
1504	0	12	10	14630	2517
1505	4	14	10	14640	18873
1506	4	8	15	14650	19601
1507	3	1	5	14660	7235
1508	4	8	15	14670	1105
1509	4	14	15	14680	15837
1510	0	12	20	14690	4645
1511	4	8	10	14700	10509
1512	0	12	10	14710	15191
1513	3	1	15	14720	38052
1514	3	1	10	14730	2448
1515	0	12	15	14740	16774
1516	4	8	15	14750	23094
1517	4	8	15	14760	5831
1518	3	1	15	14770	4478
1519	3	1	5	14780	7758
1520	3	1	20	14790	41979
1521	4	8	10	14800	12164
1522	4	14	5	14810	985
1523	3	1	15	14820	24033
1524	4	8	20	14830	3481
1525	0	12	10	14840	4522
1526	0	12	15	14850	5964
1527	3	1	5	14860	6244
1528	3	1	15	14870	12441
1529	4	14	15	14880	15671
1530	3	1	5	14890	12133
1531	4	8	15	14900	5965
1532	4	14	20	14910	1990
1533	3	1	10	14920	13008
1534	4	14	15	14930	3620
1535	0	12	5	14940	20216
1536	4	14	10	14950	8156
1537	4	14	5	14960	522
1538	4	8	10	14970	13744
1539	0	12	15	14980	3298
1540	0	12	5	14990	16568
1541	4	8	5	15000	36354
1542	4	14	20	15010	3472
1543	4	14	20	15020	96185
1544	0	12	10	15030	1925
1545	3	1	20	15040	1219
1546	3	1	20	15050	5337
1547	4	8	20	15060	6543
1548	4	8	20	15070	4940
1549	3	1	5	15080	19909
1550	0	12	10	15090	10754
1551	3	1	20	15100	2032
1552	3	1	5	15110	15352
1553	4	8	15	15120	28261
1554	3	1	20	15130	4175
1555	4	14	15	15140	19087
1556	4	8	5	15150	15653
1557	4	14	5	15160	4043
1558	4	14	15	15170	10900
1559	0	12	20	15200	36735
1560	4	14	20	15211	7685
1561	3	1	10	15222	7729
1562	4	14	15	15233	27733
1563	4	8	20	15244	9342
1564	4	8	10	15255	1629
1565	3	1	10	15266	45220
1566	3	1	10	15277	7253
1567	3	1	5	15288	931
1568	3	1	20	15299	19521
1569	3	1	5	15310	8841
1570	4	8	5	15321	4605
1571	3	1	10	15332	21051
1572	4	14	10	15343	20891
1573	3	1	20	15354	953
1574	4	8	20	15365	21507
1575	4	8	15	15376	496
1576	4	8	15	15387	6584
1577	0	12	10	15398	1027
1578	3	1	10	15409	17449
1579	3	1	5	15420	2084
1580	4	8	15	15431	52580
1581	3	1	15	15442	59342
1582	0	12	10	15453	946
1583	0	12	10	15464	28220
1584	4	14	5	15475	2321
1585	4	14	10	15486	8503
1586	4	14	15	15497	18962
1587	4	8	10	15508	5433
1588	0	12	15	15519	6331
1589	0	12	5	15530	11277
1590	3	1	5	15541	1566
1591	0	12	10	15552	3098
1592	4	14	15	15563	12358
1593	4	8	15	15600	18085
1594	4	8	20	15608	26143
1595	3	1	20	15616	4857
1596	4	8	15	15624	1223
1597	3	1	20	15632	22361
1598	3	1	10	15640	36959
1599	4	8	5	15648	3031
1600	0	12	10	15656	19746
1601	0	12	15	15664	4120
1602	4	14	5	15672	15946
1603	4	14	15	15680	29434
1604	0	12	20	15688	9910
1605	3	1	5	15696	22680
1606	4	14	10	15704	7915
1607	4	14	5	15712	13101
1608	0	12	15	15720	1505
1609	0	12	5	15728	3552
1610	4	8	5	15736	7123
1611	4	8	15	15744	13203
1612	0	12	20	15752	13111
1613	0	12	10	15760	7440
1614	3	1	5	15768	44165
1615	0	12	5	15776	8332
1616	3	1	20	15784	6305
1617	4	14	5	15792	83843
1618	3	1	15	15800	5872
1619	4	8	5	15808	18459
1620	4	14	15	15816	4527
1621	0	12	5	15824	1273
1622	4	8	15	15832	20935
1623	3	1	15	15840	3549
1624	0	12	5	15848	6437
1625	4	8	20	15856	1231
1626	3	1	20	15864	3442
1627	3	1	20	15872	853
1628	4	8	20	15880	4667
1629	4	14	5	15888	10384
1630	4	14	20	15896	50327
1631	4	14	15	15904	14054
1632	4	8	5	15912	2817
1633	4	8	5	15920	10816
1634	3	1	20	15928	8529
1635	4	8	20	15936	21281
1636	4	14	10	15944	6760
1637	4	8	15	15952	3900
1638	4	14	10	15960	7313
1639	0	12	5	16000	7581
1640	0	12	20	16009	356
1641	4	14	10	16018	2324
1642	0	12	15	16027	3533
1643	4	14	10	16036	2185
1644	3	1	5	16045	2534
1645	4	8	15	16054	12128
1646	4	14	15	16063	15344
1647	4	14	10	16072	2908
1648	4	14	10	16081	21574
1649	0	12	15	16090	8144
1650	0	12	20	16099	44014
1651	3	1	15	16108	1314
1652	4	14	10	16117	9437
1653	0	12	10	16126	3897
1654	3	1	10	16135	41685
1655	0	12	5	16144	16011
1656	3	1	5	16153	11004
1657	0	12	10	16162	9047
1658	4	14	15	16171	11409
1659	4	14	5	16180	7847
1660	0	12	5	16189	13284
1661	0	12	15	16198	6607
1662	3	1	5	16207	5845
1663	4	8	15	16216	15162
1664	0	12	10	16225	4436
1665	3	1	15	16234	23850
1666	4	14	15	16243	8183
1667	3	1	15	16252	1126
1668	3	1	15	16261	50979
1669	0	12	10	16270	3593
1670	4	8	15	16279	1012
1671	0	12	10	16288	1853
1672	4	14	15	16297	15814
1673	4	8	10	16306	42509
1674	4	8	10	16315	17380
1675	4	14	10	16324	1887
1676	4	14	15	16333	33706
1677	3	1	5	16342	14743
1678	0	12	15	16351	862
1679	3	1	15	16360	25738
1680	4	8	10	16369	9780
1681	4	14	15	16378	444
1682	3	1	15	16400	5973
1683	0	12	10	16408	30797
1684	3	1	10	16416	12470
1685	4	8	10	16424	33666
1686	4	14	5	16432	2393
1687	4	8	20	16440	46485
1688	4	14	15	16448	13328
1689	3	1	15	16456	24287
1690	4	14	15	16464	4354
1691	3	1	5	16472	39014
1692	4	8	20	16480	19611
1693	0	12	10	16488	61962
1694	0	12	5	16496	26852
1695	4	14	5	16504	18415
1696	4	8	10	16512	28273
1697	4	14	5	16520	14103
1698	3	1	20	16528	34677
1699	4	14	15	16536	7436
1700	4	8	20	16544	2247
1701	0	12	20	16552	12732
1702	0	12	15	16560	3721
1703	3	1	5	16568	12395
1704	3	1	20	16576	6589
1705	4	14	10	16584	28049
1706	3	1	5	16592	9596
1707	3	1	5	16600	11602
1708	3	1	20	16608	12907
1709	4	14	5	16616	26987
1710	0	12	15	16624	22440
1711	4	14	20	16632	36094
1712	0	12	20	16640	7633
1713	0	12	20	16648	19807
1714	3	1	20	16656	42627
1715	4	8	15	16664	12309
1716	3	1	5	16672	433
1717	4	8	20	16680	9622
1718	3	1	10	16688	1179
1719	4	14	5	16696	7243
1720	4	14	10	16704	16161
1721	3	1	20	16712	9714
1722	4	14	20	16720	11176
1723	0	12	20	16728	3132
1724	4	8	15	16736	52716
1725	3	1	15	16744	2574
1726	4	14	10	16752	8251
1727	4	14	10	16760	16734
1728	4	8	10	16768	1982
1729	4	8	5	16800	61700
1730	3	1	20	16811	5302
1731	0	12	15	16822	5536
1732	4	14	5	16833	20171
1733	0	12	20	16844	18269
1734	4	8	15	16855	17681
1735	0	12	10	16866	38271
1736	3	1	20	16877	27424
1737	4	14	15	16888	23683
1738	3	1	10	16899	11627
1739	4	14	20	16910	20058
1740	3	1	5	16921	8909
1741	4	8	5	16932	15616
1742	3	1	20	16943	7950
1743	4	14	15	16954	22205
1744	3	1	5	16965	434
1745	4	14	15	16976	6721
1746	3	1	5	16987	12192
1747	4	8	5	16998	90176
1748	4	8	15	17009	801
1749	3	1	10	17020	5181
1750	4	8	5	17031	17116
1751	4	14	10	17042	7577
1752	0	12	20	17053	11570
1753	4	14	20	17064	11790
1754	0	12	5	17075	21302
1755	4	14	5	17086	18027
1756	4	8	20	17097	754
1757	0	12	20	17108	482
1758	4	8	10	17119	13737
1759	4	14	5	17130	3351
1760	4	14	5	17141	8822
1761	4	14	20	17152	25947
1762	0	12	15	17163	8152
1763	0	12	20	17174	13683
1764	0	12	5	17185	12175
1765	4	14	20	17200	9903
1766	4	14	20	17210	3149
1767	4	14	20	17220	19192
1768	4	14	10	17230	673
1769	4	8	10	17240	352
1770	4	14	20	17250	20187
1771	3	1	10	17260	4695
1772	4	14	15	17270	43840
1773	3	1	10	17280	7053
1774	0	12	20	17290	44268
1775	3	1	10	17300	203
1776	0	12	5	17310	1050
1777	4	14	10	17320	22329
1778	3	1	20	17330	2619
1779	4	8	20	17340	15476
1780	0	12	15	17350	15286
1781	4	8	10	17360	8346
1782	4	8	20	17370	14651
1783	4	14	20	17380	29311
1784	0	12	20	17390	6216
1785	4	14	15	17400	37637
1786	0	12	20	17410	24062
1787	0	12	10	17420	3473
1788	0	12	15	17430	46369
1789	3	1	10	17440	79205
1790	4	14	15	17450	31743
1791	4	8	5	17460	24982
1792	4	8	5	17470	3493
1793	3	1	5	17480	6349
1794	4	14	20	17490	5495
1795	4	14	10	17500	15673
1796	4	8	10	17510	4057
1797	4	8	20	17520	27152
1798	4	14	10	17530	3926
1799	3	1	5	17540	13329
1800	4	14	20	17550	2872
1801	4	14	5	17560	28790
1802	3	1	15	17570	49701
1803	0	12	5	17580	438
1804	4	14	15	17590	13128
1805	3	1	20	17600	8241
1806	4	14	20	17611	9328
1807	4	8	10	17622	2757
1808	3	1	5	17633	14043
1809	3	1	20	17644	20556
1810	4	14	5	17655	15163
1811	4	8	15	17666	5564
1812	3	1	20	17677	33749
1813	0	12	10	17688	50108
1814	4	14	15	17699	13638
1815	3	1	15	17710	280
1816	3	1	5	17721	3623
1817	4	8	20	17732	13111
1818	0	12	5	17743	4664
1819	4	8	15	17754	15819
1820	4	14	5	17765	18420
1821	4	14	10	17776	65696
1822	4	14	5	17787	22425
1823	0	12	20	17798	791
1824	3	1	20	17809	2776
1825	4	8	15	17820	41805
1826	0	12	5	17831	959
1827	4	8	10	17842	14979
1828	3	1	15	17853	1088
1829	4	8	10	17864	5997
1830	0	12	20	17875	24866
1831	3	1	5	17886	4533
1832	0	12	5	17897	12241
1833	4	14	15	17908	14099
1834	4	8	5	17919	9727
1835	4	8	10	17930	24280
1836	4	14	15	17941	9601
1837	0	12	15	17952	13605
1838	4	14	10	17963	5258
1839	4	8	5	17974	40283
1840	4	14	15	18000	9950
1841	3	1	15	18010	15457
1842	4	8	5	18020	15101
1843	4	8	20	18030	4007
1844	4	14	5	18040	7662
1845	4	8	20	18050	13455
1846	3	1	5	18060	38790
1847	4	8	20	18070	4386
1848	3	1	10	18080	22434
1849	4	8	5	18090	5108
1850	0	12	10	18100	8767
1851	4	14	15	18110	17481
1852	4	8	20	18120	13277
1853	4	8	15	18130	14251
1854	4	14	5	18140	34128
1855	0	12	10	18150	3191
1856	4	14	5	18160	1348
1857	4	8	20	18170	37995
1858	4	8	10	18180	32368
1859	4	8	20	18190	16043
1860	3	1	15	18200	6754
1861	4	8	15	18210	28723
1862	3	1	15	18220	1553
1863	4	8	20	18230	5072
1864	4	8	5	18240	43647
1865	0	12	5	18250	7282
1866	0	12	10	18260	22770
1867	4	14	10	18270	5546
1868	3	1	10	18280	11116
1869	3	1	10	18290	25190
1870	3	1	20	18300	13359
1871	4	8	10	18310	15905
1872	4	8	10	18320	5238
1873	3	1	20	18330	6492
1874	4	8	20	18340	2882
1875	4	8	15	18350	1064
1876	4	8	10	18360	7460
1877	4	8	10	18370	12155
1878	4	8	15	18380	17629
1879	0	12	20	18400	14289
1880	3	1	10	18410	245
1881	3	1	10	18420	27294
1882	3	1	20	18430	30780
1883	4	8	10	18440	25158
1884	0	12	20	18450	35419
1885	4	8	5	18460	2118
1886	4	8	10	18470	18374
1887	4	14	10	18480	46426
1888	4	14	15	18490	19489
1889	4	8	15	18500	5138
1890	4	8	10	18510	19259
1891	4	8	20	18520	12574
1892	4	14	10	18530	19531
1893	4	8	10	18540	16660
1894	4	14	15	18550	13689
1895	3	1	5	18560	15871
1896	4	14	20	18570	11976
1897	0	12	10	18580	6628
1898	0	12	20	18590	5411
1899	3	1	5	18600	240
1900	4	8	10	18610	26543
1901	4	14	20	18620	15418
1902	3	1	10	18630	21489
1903	0	12	5	18640	51935
1904	3	1	5	18650	19653
1905	4	14	5	18660	25119
1906	3	1	5	18670	7789
1907	3	1	20	18680	4189
1908	4	14	20	18690	8847
1909	3	1	15	18700	27188
1910	3	1	5	18710	26419
1911	4	8	15	18720	12727
1912	0	12	5	18730	4374
1913	4	8	10	18740	5192
1914	4	14	10	18750	15393
1915	4	14	5	18760	11944
1916	4	14	15	18770	62560
1917	4	8	10	18780	5708
1918	4	8	20	18790	7673
1919	0	12	20	18800	26626
1920	3	1	20	18812	18370
1921	4	8	5	18824	26910
1922	4	14	20	18836	14217
1923	4	8	20	18848	4101
1924	4	8	5	18860	1560
1925	0	12	5	18872	353
1926	3	1	5	18884	41436
1927	4	14	5	18896	16004
1928	3	1	10	18908	22737
1929	4	14	15	18920	12276
1930	4	8	20	18932	12334
1931	4	8	20	18944	544
1932	4	8	15	18956	4502
1933	3	1	10	18968	16927
1934	4	14	10	18980	24294
1935	3	1	15	18992	8085
1936	0	12	5	19004	1324
1937	3	1	15	19016	35740
1938	3	1	5	19028	1425
1939	0	12	20	19040	1663
1940	3	1	5	19052	21464
1941	3	1	10	19064	9638
1942	4	14	15	19076	11753
1943	4	8	20	19088	34888
1944	3	1	10	19100	10053
1945	4	14	15	19112	2625
1946	4	8	15	19124	5823
1947	3	1	20	19136	8933
1948	3	1	20	19148	472
1949	4	14	15	19160	803
1950	3	1	15	19172	16760
1951	4	8	10	19184	4117
1952	3	1	10	19200	50807
1953	4	14	20	19209	10348
1954	0	12	10	19218	6458
1955	0	12	10	19227	87138
1956	0	12	5	19236	483
1957	4	8	15	19245	11506
1958	4	14	5	19254	32415
1959	3	1	5	19263	18502
1960	4	8	20	19272	32275
1961	3	1	5	19281	22387
1962	4	14	15	19290	10212
1963	4	14	5	19299	35179
1964	0	12	15	19308	5251
1965	4	8	5	19317	23846
1966	0	12	5	19326	5783
1967	4	8	15	19335	14124
1968	3	1	5	19344	10968
1969	0	12	20	19353	4000
1970	4	14	20	19362	9465
1971	4	8	20	19371	1457
1972	4	14	5	19380	3869
1973	0	12	5	19389	5305
1974	4	8	20	19398	1197
1975	4	14	10	19407	4187
1976	4	8	15	19416	5563
1977	4	8	20	19425	19356
1978	3	1	10	19434	22808
1979	4	8	10	19443	45453
1980	3	1	10	19452	20183
1981	4	14	5	19461	10998
1982	4	8	5	19470	14787
1983	3	1	20	19479	19781
1984	4	8	5	19488	34818
1985	0	12	10	19497	5949
1986	3	1	15	19506	1251
1987	4	8	15	19515	23443
1988	3	1	5	19524	6187
1989	3	1	20	19533	24613
1990	3	1	15	19542	7314
1991	3	1	15	19551	13377
1992	3	1	15	19560	400
1993	0	12	20	19569	8169
1994	4	14	20	19600	4219
1995	0	12	20	19666	67574
1996	4	14	15	19732	63160
1997	0	12	15	19798	15961
1998	0	12	10	19864	14952
1999	0	12	10	19930	18831
