0	4	8	50	0	45019
1	4	14	50	9	60758
2	4	14	35	18	21405
3	4	14	35	27	22221
4	4	8	30	36	14826
5	4	8	45	45	1830
6	0	12	30	54	1869
7	4	8	50	63	21440
8	4	14	50	72	2203
9	4	14	50	81	907
10	3	1	30	90	26563
11	4	8	50	99	9094
12	0	12	30	108	6913
13	4	8	35	117	4062
14	3	1	35	126	28814
15	3	1	50	135	8347
16	3	1	45	144	23884
17	4	8	50	153	17049
18	4	14	45	162	14847
19	3	1	30	171	19408
20	0	12	50	180	1482
21	3	1	30	189	12049
22	4	14	30	198	124
23	4	8	30	207	2032
24	4	8	45	216	60515
25	4	14	30	225	27895
26	3	1	35	234	5400
27	4	8	35	243	7908
28	3	1	30	252	31112
29	3	1	45	261	6227
30	3	1	45	270	1618
31	4	8	50	279	7898
32	4	8	35	288	26982
33	0	12	45	297	9222
34	4	8	45	306	4106
35	0	12	30	315	584
36	3	1	30	324	10596
37	4	14	45	333	9660
38	4	8	45	342	24104
39	4	14	50	351	4334
40	0	12	35	360	12465
41	4	8	30	369	1694
42	4	8	35	378	5284
43	0	12	45	387	23658
44	3	1	50	400	4583
45	3	1	30	408	1620
46	4	8	50	416	26946
47	4	14	35	424	2524
48	3	1	35	432	3043
49	3	1	45	440	24837
50	4	8	30	448	2128
51	3	1	30	456	3066
52	3	1	35	464	5188
53	0	12	35	472	2002
54	4	14	30	480	55608
55	4	14	45	488	8467
56	0	12	50	496	56019
57	3	1	35	504	15409
58	4	8	50	512	23753
59	4	8	30	520	24156
60	3	1	35	528	27585
61	4	14	45	536	20382
62	3	1	45	544	34088
63	4	8	30	552	26259
64	4	8	35	560	51085
65	0	12	30	568	8724
66	0	12	35	576	15429
67	4	14	45	584	39026
68	4	14	50	592	98151
69	4	8	30	600	25669
70	0	12	45	608	40850
71	4	14	50	616	6217
72	0	12	30	624	33549
73	0	12	50	632	7324
74	3	1	45	640	2818
75	3	1	50	648	70770
76	4	8	50	656	4556
77	3	1	35	664	4300
78	4	14	30	672	32668
79	4	14	35	680	34042
80	4	8	30	688	171
81	4	14	30	696	2422
82	4	14	30	704	3909
83	0	12	45	712	1138
84	0	12	35	720	3527
85	4	14	35	728	40773
86	4	14	35	736	1912
87	0	12	30	744	19112
88	4	8	45	752	10129
89	3	1	50	760	27038
90	0	12	35	768	1093
91	0	12	45	800	32161
92	4	8	50	814	18223
93	4	14	45	828	115900
94	4	8	45	842	8596
95	4	8	45	856	27518
96	4	14	35	870	3959
97	4	14	30	884	10310
98	4	14	35	898	26835
99	4	8	45	912	28236
100	3	1	45	926	10388
101	3	1	35	940	37105
102	0	12	35	954	2565
103	4	8	30	968	7500
104	4	8	50	982	32168
105	3	1	35	996	25958
106	3	1	30	1010	5644
107	3	1	45	1024	38459
108	3	1	45	1038	50030
109	0	12	35	1052	63456
110	4	8	50	1066	2849
111	4	8	35	1080	21197
112	3	1	35	1094	22059
113	3	1	35	1108	35687
114	0	12	50	1122	23401
115	3	1	35	1136	18289
116	0	12	45	1150	11202
117	3	1	30	1164	26785
118	0	12	50	1200	15000
119	4	8	50	1213	605
120	4	8	50	1226	5882
121	0	12	35	1239	40734
122	3	1	50	1252	9383
123	0	12	30	1265	3221
124	0	12	50	1278	21124
125	0	12	50	1291	924
126	4	8	50	1304	16441
127	0	12	35	1317	33642
128	3	1	35	1330	48470
129	4	8	50	1343	6662
130	3	1	35	1356	23428
131	4	8	45	1369	23708
132	4	14	30	1382	8786
133	4	8	35	1395	676
134	0	12	45	1408	8261
135	4	14	45	1421	1847
136	4	14	45	1434	77970
137	4	8	50	1447	29578
138	3	1	50	1460	3622
139	3	1	50	1473	8047
140	4	8	35	1486	15672
141	4	8	50	1499	3631
142	3	1	35	1512	21615
143	0	12	35	1525	10710
144	0	12	50	1538	16905
145	3	1	30	1551	6452
146	4	8	35	1564	2007
147	4	14	45	1577	24768
148	4	14	50	1600	4201
149	3	1	30	1612	21217
150	4	8	30	1624	6110
151	4	8	35	1636	8353
152	4	14	30	1648	32234
153	3	1	35	1660	23934
154	4	14	50	1672	11781
155	3	1	35	1684	12990
156	0	12	45	1696	9797
157	4	14	35	1708	53992
158	0	12	35	1720	16403
159	0	12	50	1732	26566
160	4	8	45	1744	2798
161	4	8	45	1756	8699
162	4	14	30	1768	50707
163	0	12	45	1780	15295
164	4	8	50	1792	3818
165	0	12	30	1804	7917
166	4	8	30	1816	5973
167	0	12	50	1828	19623
168	3	1	45	1840	10749
169	0	12	30	1852	17229
170	4	14	50	1864	18678
171	3	1	45	1876	17305
172	4	14	30	1888	15061
173	4	8	50	1900	3835
174	0	12	45	1912	8513
175	0	12	50	1924	1767
176	4	8	50	1936	3186
177	4	8	45	1948	49879
178	4	14	35	1960	12080
179	4	8	50	1972	8201
180	4	14	45	1984	44547
181	3	1	35	2000	30873
182	4	8	45	2010	16658
183	0	12	30	2020	3917
184	0	12	50	2030	374
185	4	8	30	2040	7191
186	3	1	45	2050	37852
187	4	8	45	2060	16643
188	3	1	45	2070	11752
189	3	1	35	2080	30069
190	4	14	30	2090	16848
191	0	12	30	2100	431
192	4	8	45	2110	3595
193	3	1	50	2120	7979
194	4	8	35	2130	4282
195	4	14	50	2140	3672
196	4	8	50	2150	4498
197	4	8	45	2160	2144
198	3	1	35	2170	5160
199	0	12	50	2180	4861
200	4	8	50	2190	328
201	0	12	45	2200	8475
202	4	8	50	2210	5663
203	3	1	45	2220	13563
204	4	14	35	2230	747
205	3	1	45	2240	17096
206	3	1	30	2250	25497
207	4	8	35	2260	16958
208	3	1	50	2270	7223
209	4	14	30	2280	8620
210	0	12	35	2290	7530
211	3	1	50	2300	11160
212	4	14	30	2310	9156
213	3	1	45	2320	4395
214	4	8	35	2330	32856
215	4	14	30	2340	5836
216	4	14	50	2350	23686
217	4	14	50	2360	21601
218	0	12	50	2400	14359
219	0	12	45	2410	30380
220	3	1	45	2420	10593
221	0	12	45	2430	17495
222	3	1	30	2440	3300
223	4	14	35	2450	16431
224	4	8	50	2460	131
225	4	14	45	2470	17366
226	0	12	50	2480	9849
227	4	8	35	2490	3918
228	0	12	45	2500	61296
229	0	12	45	2510	3721
230	3	1	30	2520	31400
231	4	14	35	2530	907
232	4	14	30	2540	18232
233	3	1	35	2550	4991
234	0	12	50	2560	7668
235	4	14	50	2570	11977
236	4	8	45	2580	13015
237	4	14	30	2590	1253
238	0	12	50	2600	3010
239	4	8	30	2610	7308
240	4	14	30	2620	13326
241	0	12	30	2630	4658
242	4	14	50	2640	5329
243	3	1	45	2650	1752
244	3	1	30	2660	10215
245	4	8	35	2670	2580
246	0	12	30	2680	14298
247	3	1	30	2690	51921
248	0	12	35	2700	11775
249	3	1	30	2710	42359
250	0	12	30	2720	9068
251	3	1	50	2730	11228
252	4	8	50	2740	12184
253	3	1	45	2750	8866
254	3	1	30	2760	24065
255	0	12	35	2770	7024
256	4	8	35	2780	4074
257	4	8	35	2790	17082
258	0	12	45	2800	13259
259	0	12	50	2811	7736
260	3	1	45	2822	3506
261	0	12	45	2833	13864
262	0	12	45	2844	17992
263	4	8	30	2855	2709
264	0	12	50	2866	13028
265	0	12	30	2877	6176
266	3	1	45	2888	27629
267	0	12	45	2899	2937
268	3	1	45	2910	31396
269	3	1	35	2921	6763
270	3	1	45	2932	22114
271	4	14	50	2943	19110
272	3	1	30	2954	13476
273	3	1	45	2965	4093
274	0	12	45	2976	5368
275	4	8	35	2987	4215
276	0	12	45	2998	7690
277	4	14	45	3009	1380
278	4	8	35	3020	2981
279	0	12	45	3031	31374
280	3	1	35	3042	1185
281	4	8	45	3053	11046
282	0	12	50	3064	19065
283	3	1	35	3075	806
284	4	14	45	3086	23857
285	0	12	30	3097	7021
286	3	1	35	3108	11812
287	4	8	35	3119	4701
288	0	12	35	3130	10780
289	0	12	45	3141	411
290	4	8	45	3152	5755
291	4	14	30	3163	36921
292	3	1	35	3200	11477
293	0	12	50	3208	24826
294	4	14	45	3216	2978
295	3	1	35	3224	67894
296	4	14	45	3232	13782
297	4	8	45	3240	2182
298	3	1	45	3248	12657
299	4	8	50	3256	2631
300	3	1	45	3264	6330
301	4	14	45	3272	8801
302	0	12	45	3280	1713
303	4	8	30	3288	3101
304	4	14	45	3296	3179
305	0	12	30	3304	21281
306	4	14	50	3312	43740
307	4	14	30	3320	5875
308	4	8	30	3328	2420
309	4	8	50	3336	12640
310	4	14	45	3344	58214
311	3	1	45	3352	2453
312	0	12	30	3360	10654
313	0	12	30	3368	19485
314	4	8	45	3376	5983
315	0	12	50	3384	19167
316	0	12	50	3392	34374
317	4	8	35	3400	15737
318	3	1	45	3408	7671
319	0	12	50	3416	3607
320	3	1	45	3424	25606
321	4	8	30	3432	13413
322	0	12	35	3440	18106
323	3	1	50	3448	28736
324	4	8	50	3456	696
325	3	1	45	3464	30191
326	0	12	35	3472	3276
327	3	1	30	3480	24311
328	4	14	30	3488	920
329	4	8	35	3496	5692
330	4	8	50	3504	16988
331	4	14	30	3512	4690
332	4	8	30	3520	12286
333	4	14	35	3528	296
334	3	1	50	3536	12165
335	4	14	45	3544	16719
336	4	8	30	3552	8095
337	3	1	50	3600	11744
338	3	1	50	3609	32513
339	3	1	35	3618	642
340	0	12	35	3627	8720
341	3	1	35	3636	3867
342	4	14	35	3645	1939
343	3	1	35	3654	46135
344	0	12	30	3663	849
345	4	14	50	3672	2789
346	3	1	50	3681	8559
347	3	1	35	3690	26389
348	3	1	35	3699	10343
349	3	1	45	3708	10207
350	3	1	35	3717	1726
351	4	8	30	3726	48381
352	4	14	50	3735	21966
353	4	8	50	3744	6765
354	4	14	35	3753	6978
355	0	12	45	3762	22781
356	3	1	35	3771	21901
357	3	1	45	3780	4981
358	0	12	30	3789	2295
359	4	8	50	3798	6449
360	4	14	50	3807	12789
361	4	8	45	3816	2673
362	0	12	50	3825	4634
363	0	12	45	3834	29425
364	4	14	50	3843	35611
365	0	12	35	3852	20344
366	0	12	45	3861	14907
367	4	8	50	3870	10092
368	4	8	30	3879	3013
369	3	1	50	3888	17435
370	4	14	50	3897	5732
371	4	8	50	3906	7223
372	4	14	45	3915	22641
373	4	14	30	3924	6686
374	0	12	45	3933	24348
375	4	14	30	3942	14011
376	4	8	45	3951	9664
377	4	8	50	3960	21154
378	4	8	50	3969	24396
379	3	1	50	3978	34276
380	0	12	50	4000	9110
381	4	8	30	4009	7579
382	4	14	50	4018	5823
383	0	12	45	4027	14041
384	3	1	30	4036	3511
385	0	12	45	4045	19412
386	0	12	30	4054	11330
387	4	14	30	4063	3395
388	4	14	50	4072	17492
389	4	8	35	4081	23743
390	0	12	35	4090	37280
391	3	1	35	4099	2219
392	3	1	45	4108	7814
393	4	8	50	4117	12327
394	4	14	45	4126	10740
395	4	14	45	4135	4954
396	3	1	45	4144	52871
397	4	14	50	4153	5104
398	4	14	35	4162	855
399	4	14	45	4171	6458
400	3	1	35	4180	12913
401	4	8	30	4189	46849
402	4	8	35	4198	16177
403	0	12	35	4207	26775
404	4	14	45	4216	2991
405	4	8	35	4225	21492
406	3	1	45	4234	3456
407	4	14	50	4243	8308
408	4	8	35	4252	13250
409	4	14	30	4261	23516
410	3	1	50	4270	5840
411	0	12	35	4279	195
412	0	12	50	4288	10623
413	3	1	35	4297	4624
414	4	8	30	4306	36459
415	4	8	45	4315	3040
416	4	8	45	4324	30225
417	4	14	35	4333	17604
418	4	8	45	4342	16523
419	4	14	35	4351	3356
420	0	12	30	4360	3815
421	0	12	35	4369	8576
422	4	8	50	4378	25986
423	0	12	45	4400	8129
424	4	8	45	4409	22900
425	0	12	35	4418	3011
426	4	14	35	4427	60290
427	4	8	50	4436	3973
428	0	12	45	4445	30635
429	4	8	50	4454	11589
430	0	12	45	4463	15488
431	3	1	50	4472	3180
432	3	1	35	4481	18300
433	4	8	30	4490	9571
434	4	14	45	4499	6377
435	3	1	45	4508	10699
436	0	12	50	4517	21624
437	4	14	45	4526	10857
438	0	12	50	4535	8543
439	4	8	45	4544	9801
440	4	8	30	4553	11364
441	0	12	35	4562	1728
442	3	1	50	4571	15824
443	4	14	50	4580	36041
444	3	1	45	4589	10081
445	4	14	50	4598	35395
446	4	8	45	4607	16540
447	4	14	35	4616	2327
448	0	12	45	4625	16329
449	4	8	50	4634	6074
450	4	8	50	4643	8647
451	3	1	35	4652	5616
452	3	1	35	4661	15872
453	0	12	30	4670	31784
454	4	14	35	4679	2044
455	4	8	50	4688	2393
456	4	14	35	4697	2479
457	4	8	45	4706	4344
458	3	1	50	4715	844
459	4	14	35	4724	109439
460	3	1	30	4733	22974
461	4	8	50	4742	58634
462	4	14	30	4751	12863
463	0	12	35	4760	783
464	4	14	45	4769	2597
465	0	12	30	4778	2146
466	3	1	30	4800	6426
467	4	14	45	4811	569
468	3	1	50	4822	40871
469	3	1	35	4833	8440
470	4	8	50	4844	9047
471	3	1	30	4855	7044
472	4	14	35	4866	4678
473	4	14	30	4877	3290
474	4	8	35	4888	18267
475	4	14	50	4899	1860
476	3	1	45	4910	24731
477	4	8	50	4921	38184
478	4	8	30	4932	42760
479	4	8	45	4943	32699
480	3	1	45	4954	11986
481	4	14	30	4965	29474
482	4	8	30	4976	13890
483	4	14	50	4987	12310
484	4	14	50	4998	1647
485	4	8	35	5009	6267
486	0	12	35	5020	12815
487	4	8	35	5031	27308
488	4	8	50	5042	6413
489	4	8	50	5053	3367
490	3	1	35	5064	6747
491	4	14	30	5075	11198
492	0	12	45	5086	9313
493	4	8	45	5097	8572
494	4	14	35	5108	19049
495	0	12	35	5119	12221
496	4	8	35	5130	12773
497	4	8	35	5141	13890
498	0	12	30	5152	21864
499	3	1	35	5163	6694
500	4	8	50	5174	13126
501	3	1	30	5185	15039
502	0	12	45	5200	3834
503	4	8	30	5211	4175
504	0	12	50	5222	34468
505	3	1	50	5233	1013
506	4	14	50	5244	695
507	3	1	35	5255	9370
508	3	1	50	5266	3216
509	0	12	45	5277	164
510	4	14	30	5288	6944
511	3	1	35	5299	4297
512	4	14	45	5310	5864
513	4	8	35	5321	3193
514	0	12	45	5332	10208
515	3	1	30	5343	40527
516	0	12	45	5354	8017
517	4	14	35	5365	253
518	0	12	35	5376	47920
519	4	8	35	5387	27955
520	0	12	45	5398	13669
521	0	12	50	5409	11486
522	4	8	50	5420	19517
523	0	12	50	5431	21095
524	4	14	30	5442	1090
525	4	8	45	5453	42216
526	3	1	35	5464	39417
527	4	8	50	5475	29195
528	0	12	45	5486	10771
529	4	8	30	5497	2536
530	4	8	45	5508	13128
531	0	12	30	5519	3702
532	0	12	50	5530	2847
533	3	1	45	5541	14227
534	0	12	45	5552	5953
535	0	12	45	5563	39993
536	3	1	35	5574	15839
537	4	14	50	5585	6907
538	3	1	50	5600	16920
539	4	8	30	5610	593
540	3	1	35	5620	5291
541	3	1	30	5630	1825
542	4	14	35	5640	16189
543	4	8	30	5650	6171
544	3	1	45	5660	29094
545	0	12	30	5670	1838
546	4	14	45	5680	3499
547	4	14	35	5690	4824
548	4	8	50	5700	45863
549	4	8	35	5710	23893
550	0	12	45	5720	2413
551	4	8	50	5730	12223
552	4	8	50	5740	15921
553	4	14	50	5750	40266
554	3	1	50	5760	23339
555	0	12	30	5770	779
556	4	8	35	5780	37603
557	4	14	45	5790	10483
558	3	1	30	5800	2862
559	3	1	35	5810	49789
560	4	14	35	5820	2534
561	4	8	30	5830	3646
562	3	1	45	5840	49033
563	4	8	50	5850	578
564	3	1	30	5860	9577
565	4	14	30	5870	2516
566	4	8	45	5880	1204
567	0	12	50	5890	20246
568	0	12	45	5900	32675
569	0	12	50	5910	12911
570	4	14	45	5920	5528
571	0	12	50	5930	712
572	4	8	35	5940	7216
573	3	1	35	5950	39169
574	4	14	50	5960	12570
575	4	8	35	5970	10055
576	4	8	35	5980	33370
577	4	14	45	5990	7769
578	3	1	35	6000	36020
579	3	1	50	6010	50467
580	4	8	30	6020	21071
581	4	14	30	6030	17007
582	0	12	50	6040	36158
583	4	14	35	6050	20059
584	4	8	45	6060	106
585	0	12	45	6070	415
586	3	1	30	6080	13737
587	4	8	50	6090	4470
588	0	12	45	6100	27574
589	0	12	45	6110	4886
590	3	1	35	6120	213
591	3	1	50	6130	2558
592	4	8	45	6140	3307
593	4	14	45	6150	19115
594	3	1	50	6160	35302
595	0	12	35	6170	1295
596	0	12	45	6180	2685
597	3	1	45	6190	14698
598	4	14	30	6200	32599
599	3	1	45	6210	18851
600	4	14	45	6220	587
601	4	14	45	6230	10419
602	3	1	50	6240	7909
603	0	12	50	6250	7890
604	4	8	45	6260	10562
605	4	14	45	6270	1623
606	0	12	45	6280	3003
607	3	1	45	6290	20184
608	4	14	50	6300	7522
609	0	12	35	6310	5726
610	4	14	45	6320	3015
611	4	8	45	6330	11742
612	4	8	35	6340	14107
613	4	14	35	6350	3700
614	4	8	30	6360	4045
615	0	12	30	6370	10834
616	4	8	30	6380	5894
617	3	1	35	6400	4365
618	4	14	35	6409	468
619	3	1	35	6418	8848
620	0	12	50	6427	13477
621	4	14	45	6436	28232
622	0	12	30	6445	36264
623	0	12	50	6454	14947
624	4	8	45	6463	12444
625	4	8	50	6472	2495
626	4	14	30	6481	31090
627	4	8	45	6490	17537
628	0	12	35	6499	382
629	4	14	45	6508	10049
630	4	8	50	6517	5985
631	4	14	45	6526	5141
632	0	12	35	6535	11578
633	4	14	45	6544	3621
634	4	14	35	6553	40669
635	3	1	35	6562	4676
636	0	12	35	6571	4916
637	4	14	30	6580	11294
638	3	1	45	6589	4209
639	4	8	50	6598	38550
640	4	14	30	6607	30837
641	4	14	45	6616	31396
642	4	8	50	6625	32479
643	0	12	35	6634	11765
644	0	12	50	6643	1533
645	4	8	45	6652	10875
646	4	8	45	6661	13202
647	4	8	35	6670	62825
648	3	1	35	6679	10272
649	4	8	45	6688	8118
650	3	1	30	6697	23487
651	4	8	30	6706	39580
652	3	1	35	6715	13580
653	0	12	45	6724	9416
654	3	1	50	6733	2097
655	4	14	50	6742	3717
656	4	14	35	6751	13966
657	3	1	50	6760	24441
658	4	14	30	6769	30218
659	4	14	50	6778	6619
660	4	14	35	6800	4385
661	4	14	50	6810	11261
662	3	1	35	6820	18901
663	0	12	35	6830	38297
664	3	1	45	6840	71841
665	4	14	50	6850	36359
666	0	12	30	6860	79
667	4	8	45	6870	7735
668	4	14	50	6880	5372
669	4	14	50	6890	56087
670	4	14	50	6900	4128
671	4	8	30	6910	25897
672	0	12	45	6920	119
673	3	1	35	6930	2022
674	3	1	35	6940	13515
675	0	12	35	6950	19796
676	4	8	45	6960	51531
677	4	14	50	6970	7537
678	4	14	50	6980	11600
679	0	12	30	6990	775
680	4	14	30	7000	13978
681	3	1	50	7010	33459
682	3	1	35	7020	3411
683	3	1	45	7030	15722
684	0	12	35	7040	19093
685	0	12	45	7050	8076
686	0	12	35	7060	19410
687	4	14	45	7070	1164
688	4	8	50	7080	1328
689	0	12	35	7090	20026
690	4	14	50	7100	17796
691	3	1	45	7110	10512
692	0	12	50	7120	17148
693	3	1	50	7130	35684
694	4	8	35	7140	17758
695	0	12	30	7150	6871
696	4	8	30	7160	2910
697	4	8	45	7170	51485
698	4	8	45	7180	12144
699	0	12	50	7200	3459
700	0	12	35	7208	10720
701	4	14	30	7216	3145
702	3	1	35	7224	19003
703	3	1	45	7232	11213
704	3	1	50	7240	2991
705	0	12	30	7248	54965
706	0	12	45	7256	38225
707	0	12	50	7264	9662
708	3	1	35	7272	33209
709	4	8	45	7280	8525
710	4	8	30	7288	4544
711	4	14	35	7296	3703
712	3	1	50	7304	4974
713	3	1	30	7312	25863
714	4	14	45	7320	22585
715	4	8	45	7328	7222
716	0	12	45	7336	6013
717	4	14	45	7344	1117
718	0	12	50	7352	3810
719	4	8	50	7360	14360
720	4	14	45	7368	3454
721	0	12	35	7376	43675
722	0	12	45	7384	5791
723	4	14	45	7392	13549
724	0	12	50	7400	5679
725	0	12	35	7408	21915
726	4	8	30	7416	2491
727	3	1	50	7424	1953
728	0	12	30	7432	9517
729	4	8	30	7440	3999
730	4	14	30	7448	12547
731	0	12	30	7456	1
732	4	8	35	7464	29703
733	3	1	50	7472	6199
734	4	14	45	7480	13099
735	4	14	30	7488	8283
736	4	14	35	7496	3202
737	0	12	50	7504	18646
738	4	14	50	7512	9715
739	4	14	35	7520	20890
740	0	12	50	7528	10712
741	0	12	35	7536	4590
742	4	8	35	7544	3483
743	4	14	35	7552	17575
744	4	14	30	7560	10059
745	4	14	35	7568	9994
746	0	12	45	7600	3860
747	4	8	45	7611	31029
748	3	1	30	7622	2343
749	0	12	45	7633	5871
750	0	12	45	7644	584
751	3	1	45	7655	1665
752	4	8	45	7666	22056
753	0	12	45	7677	44871
754	4	8	35	7688	4
755	4	14	50	7699	12902
756	4	14	35	7710	33241
757	4	14	50	7721	2115
758	3	1	45	7732	3671
759	3	1	35	7743	8846
760	4	14	50	7754	27757
761	4	8	50	7765	25227
762	0	12	50	7776	79
763	0	12	30	7787	16950
764	3	1	35	7798	32586
765	0	12	30	7809	4541
766	4	8	30	7820	7211
767	0	12	50	7831	46696
768	4	14	35	7842	4441
769	0	12	45	7853	6945
770	4	8	35	7864	3212
771	0	12	45	7875	15696
772	4	14	45	7886	15160
773	0	12	45	7897	10552
774	4	8	30	7908	1763
775	4	14	35	7919	46338
776	4	14	30	7930	21497
777	0	12	35	7941	16216
778	4	14	45	7952	1766
779	0	12	35	7963	28752
780	0	12	45	8000	12130
781	4	14	45	8007	5435
782	0	12	45	8014	61576
783	0	12	35	8021	2435
784	4	8	45	8028	3279
785	0	12	35	8035	9410
786	4	14	35	8042	4647
787	4	8	45	8049	37546
788	0	12	45	8056	6193
789	0	12	45	8063	87
790	4	14	45	8070	12058
791	0	12	35	8077	947
792	3	1	30	8084	10560
793	4	8	35	8091	494
794	0	12	35	8098	37734
795	3	1	30	8105	18984
796	4	14	35	8112	4485
797	0	12	35	8119	12505
798	4	8	50	8126	25519
799	3	1	50	8133	3967
800	3	1	35	8140	1716
801	4	14	50	8147	4999
802	3	1	30	8154	15222
803	3	1	35	8161	24528
804	3	1	30	8168	2141
805	0	12	50	8175	8463
806	3	1	50	8182	10665
807	0	12	30	8189	4929
808	4	14	45	8196	28838
809	3	1	50	8203	913
810	4	14	50	8210	26950
811	4	14	30	8217	4342
812	4	14	30	8224	312
813	4	8	30	8231	7413
814	4	8	50	8238	35797
815	4	14	35	8245	12270
816	4	8	30	8252	26968
817	0	12	45	8259	31896
818	4	14	45	8266	10098
819	4	8	30	8273	8850
820	4	8	45	8280	84949
821	4	14	35	8287	9815
822	4	14	30	8294	15693
823	3	1	45	8301	4326
824	0	12	30	8308	27687
825	4	8	50	8315	2124
826	4	8	45	8322	2448
827	4	8	35	8329	13951
828	0	12	30	8336	13784
829	3	1	50	8343	8432
830	4	14	50	8350	19280
831	4	14	50	8400	3505
832	4	14	35	8411	29320
833	4	8	45	8422	34591
834	3	1	30	8433	21096
835	0	12	50	8444	4884
836	4	8	35	8455	17943
837	3	1	35	8466	3462
838	4	8	30	8477	256
839	4	8	45	8488	23832
840	3	1	35	8499	50759
841	3	1	35	8510	69393
842	3	1	30	8521	1147
843	3	1	45	8532	4936
844	0	12	50	8543	3391
845	0	12	35	8554	5517
846	4	8	30	8565	622
847	0	12	30	8576	1906
848	0	12	45	8587	2360
849	0	12	30	8598	7389
850	4	8	50	8609	33933
851	4	14	45	8620	7665
852	0	12	45	8631	1235
853	4	14	50	8642	7448
854	0	12	35	8653	4068
855	3	1	50	8664	16489
856	0	12	45	8675	16496
857	4	14	35	8686	7568
858	3	1	35	8697	52040
859	0	12	35	8708	14
860	3	1	35	8719	5011
861	0	12	45	8730	37607
862	0	12	50	8741	18619
863	0	12	45	8752	8867
864	3	1	50	8763	7020
865	0	12	30	8800	15383
866	0	12	45	8811	8112
867	4	8	45	8822	2310
868	3	1	50	8833	16273
869	0	12	50	8844	15915
870	4	8	50	8855	31615
871	4	14	50	8866	15484
872	3	1	45	8877	30126
873	3	1	50	8888	18920
874	4	14	45	8899	10061
875	4	14	30	8910	130
876	0	12	35	8921	7890
877	0	12	35	8932	7128
878	3	1	50	8943	751
879	4	14	45	8954	12119
880	4	14	50	8965	1441
881	0	12	35	8976	479
882	4	8	50	8987	9412
883	4	14	30	8998	3723
884	0	12	50	9009	12065
885	0	12	35	9020	6162
886	3	1	30	9031	2090
887	4	14	45	9042	10091
888	0	12	30	9053	17277
889	4	14	35	9064	1496
890	0	12	30	9075	15469
891	3	1	50	9086	5645
892	4	14	30	9097	4249
893	0	12	50	9108	242
894	3	1	30	9119	11270
895	4	8	50	9130	878
896	4	8	35	9141	5689
897	4	8	35	9152	16513
898	4	14	50	9163	38582
899	0	12	50	9174	13628
900	4	14	50	9185	35900
901	4	14	45	9200	37451
902	3	1	30	9208	10279
903	4	14	45	9216	11315
904	3	1	30	9224	11364
905	3	1	30	9232	4817
906	4	8	30	9240	12176
907	3	1	45	9248	7669
908	0	12	30	9256	37732
909	4	8	30	9264	3902
910	3	1	35	9272	4686
911	4	14	35	9280	5342
912	4	8	45	9288	6431
913	3	1	45	9296	8998
914	4	8	35	9304	39390
915	4	8	30	9312	4377
916	4	14	45	9320	9858
917	4	8	50	9328	10464
918	0	12	50	9336	36198
919	3	1	45	9344	578
920	4	8	50	9352	10937
921	0	12	30	9360	42528
922	0	12	35	9368	10281
923	4	14	45	9376	12743
924	0	12	50	9384	168
925	4	14	50	9392	13284
926	4	14	50	9400	7825
927	4	8	45	9408	28620
928	4	14	50	9416	3329
929	4	8	45	9424	8533
930	4	8	50	9432	19743
931	3	1	30	9440	21900
932	4	8	45	9448	9542
933	3	1	30	9456	10234
934	4	14	50	9464	16222
935	4	14	30	9472	3222
936	3	1	35	9480	12974
937	4	8	30	9488	44414
938	0	12	50	9496	19216
939	3	1	50	9504	5026
940	3	1	30	9512	24730
941	0	12	35	9520	21655
942	4	14	35	9528	13222
943	3	1	30	9536	9389
944	4	8	50	9544	28865
945	0	12	50	9552	6547
946	0	12	35	9560	54238
947	4	8	35	9568	25998
948	4	14	35	9600	1691
949	4	8	30	9608	4953
950	3	1	30	9616	14401
951	0	12	45	9624	27365
952	4	8	45	9632	22042
953	0	12	30	9640	33242
954	3	1	50	9648	1301
955	4	14	45	9656	53202
956	4	14	30	9664	8984
957	3	1	35	9672	41427
958	3	1	50	9680	10979
959	4	14	30	9688	46239
960	3	1	30	9696	33036
961	0	12	35	9704	19262
962	4	14	50	9712	3429
963	3	1	45	9720	10838
964	0	12	35	9728	11333
965	4	14	30	9736	11358
966	3	1	45	9744	28796
967	4	14	45	9752	31284
968	3	1	50	9760	25198
969	4	8	35	9768	21085
970	3	1	45	9776	18422
971	4	8	45	9784	11819
972	4	8	50	9792	24295
973	4	8	50	9800	15750
974	0	12	45	9808	4575
975	4	8	45	9816	22410
976	0	12	45	9824	7330
977	4	8	35	9832	489
978	3	1	50	9840	20011
979	0	12	50	9848	17963
980	4	14	45	9856	14572
981	3	1	45	9864	14024
982	4	8	35	9872	21100
983	3	1	50	9880	40743
984	4	14	35	9888	27427
985	4	8	35	9896	35269
986	4	8	45	9904	97475
987	0	12	45	9912	13669
988	4	14	30	9920	8024
989	0	12	30	9928	17892
990	0	12	50	9936	22359
991	0	12	50	9944	15935
992	3	1	35	9952	9310
993	4	8	45	9960	22483
994	4	14	50	10000	8078
995	3	1	45	10012	1453
996	4	8	45	10024	12731
997	4	8	50	10036	1166
998	3	1	50	10048	44078
999	3	1	45	10060	6337
1000	4	8	35	10072	11128
1001	4	8	50	10084	1825
1002	3	1	35	10096	162
1003	4	8	30	10108	7342
1004	3	1	35	10120	13972
1005	0	12	45	10132	1181
1006	3	1	45	10144	624
1007	0	12	45	10156	2072
1008	0	12	35	10168	15738
1009	4	8	30	10180	6278
1010	3	1	30	10192	14521
1011	4	8	50	10204	8159
1012	0	12	35	10216	3796
1013	3	1	50	10228	27609
1014	0	12	45	10240	6809
1015	0	12	45	10252	5465
1016	3	1	30	10264	54796
1017	4	8	30	10276	5063
1018	4	14	30	10288	17843
1019	3	1	30	10300	15391
1020	3	1	45	10312	11432
1021	3	1	30	10324	4822
1022	4	14	35	10336	9980
1023	3	1	50	10348	2041
1024	4	8	35	10360	62204
1025	3	1	50	10400	874
1026	3	1	30	10409	1353
1027	0	12	30	10418	425
1028	4	8	50	10427	4179
1029	4	8	30	10436	2824
1030	0	12	30	10445	3667
1031	4	14	50	10454	5643
1032	4	14	35	10463	1575
1033	0	12	30	10472	7820
1034	3	1	45	10481	3047
1035	4	8	50	10490	10772
1036	4	14	30	10499	13641
1037	0	12	35	10508	7254
1038	4	14	35	10517	6629
1039	3	1	45	10526	22097
1040	3	1	45	10535	30506
1041	4	8	50	10544	33429
1042	4	14	30	10553	47414
1043	3	1	30	10562	1157
1044	3	1	50	10571	1276
1045	4	14	50	10580	6973
1046	0	12	45	10589	8699
1047	0	12	35	10598	15449
1048	4	8	30	10607	8389
1049	4	14	30	10616	1811
1050	0	12	35	10625	2034
1051	0	12	35	10634	5199
1052	4	8	45	10643	8124
1053	4	14	50	10652	6135
1054	0	12	30	10661	27128
1055	4	14	35	10670	4410
1056	4	8	35	10679	16513
1057	0	12	45	10688	35357
1058	0	12	45	10697	7869
1059	0	12	45	10706	12054
1060	4	8	45	10715	73847
1061	3	1	35	10724	193
1062	3	1	45	10733	35551
1063	4	14	35	10742	9984
1064	4	8	30	10751	2040
1065	3	1	35	10760	5690
1066	3	1	35	10769	5838
1067	0	12	30	10800	27851
1068	0	12	35	10811	16729
1069	3	1	45	10822	31080
1070	0	12	45	10833	20123
1071	3	1	50	10844	14777
1072	4	8	45	10855	43027
1073	0	12	45	10866	41119
1074	0	12	35	10877	23269
1075	0	12	45	10888	16096
1076	4	14	50	10899	5980
1077	4	8	35	10910	8021
1078	0	12	50	10921	705
1079	3	1	35	10932	15745
1080	3	1	35	10943	16072
1081	3	1	45	10954	9914
1082	4	14	30	10965	15405
1083	4	8	50	10976	2097
1084	0	12	45	10987	693
1085	0	12	45	10998	41958
1086	3	1	30	11009	36691
1087	4	14	45	11020	23885
1088	0	12	30	11031	13508
1089	4	14	30	11042	43123
1090	4	14	35	11053	29958
1091	4	14	35	11064	18401
1092	4	14	50	11075	59693
1093	3	1	50	11086	26568
1094	4	8	30	11097	22740
1095	4	14	35	11108	29264
1096	3	1	30	11119	66797
1097	4	14	45	11130	10590
1098	0	12	50	11141	47953
1099	4	14	45	11152	24037
1100	0	12	35	11163	779
1101	4	14	35	11200	14453
1102	4	14	50	11212	56499
1103	3	1	35	11224	12825
1104	4	14	45	11236	7943
1105	3	1	45	11248	11626
1106	3	1	50	11260	6779
1107	4	8	30	11272	10300
1108	4	14	35	11284	12849
1109	4	14	45	11296	3217
1110	4	14	35	11308	42336
1111	0	12	30	11320	4591
1112	0	12	50	11332	30051
1113	4	8	30	11344	22986
1114	3	1	35	11356	36130
1115	3	1	50	11368	12020
1116	4	14	35	11380	8008
1117	0	12	50	11392	23427
1118	3	1	50	11404	8764
1119	4	8	35	11416	3418
1120	0	12	35	11428	8179
1121	3	1	45	11440	12096
1122	0	12	30	11452	4698
1123	4	8	30	11464	20142
1124	3	1	35	11476	167
1125	0	12	30	11488	525
1126	3	1	50	11500	15774
1127	3	1	50	11512	2083
1128	4	14	35	11524	2882
1129	0	12	30	11536	41880
1130	3	1	35	11548	16784
1131	4	14	30	11560	28140
1132	0	12	35	11572	9397
1133	0	12	30	11600	4942
1134	4	8	30	11610	13829
1135	3	1	50	11620	636
1136	3	1	45	11630	10808
1137	0	12	45	11640	1106
1138	3	1	30	11650	21039
1139	3	1	50	11660	11943
1140	4	8	50	11670	13955
1141	4	8	50	11680	8836
1142	0	12	35	11690	4041
1143	4	8	35	11700	7855
1144	4	14	50	11710	54
1145	4	14	30	11720	14532
1146	4	14	45	11730	28951
1147	3	1	45	11740	3847
1148	0	12	45	11750	39349
1149	3	1	30	11760	4189
1150	0	12	50	11770	9438
1151	4	8	35	11780	3891
1152	0	12	50	11790	1030
1153	4	14	45	11800	22681
1154	4	14	35	11810	7575
1155	3	1	45	11820	11647
1156	4	14	30	11830	6656
1157	3	1	50	11840	4703
1158	4	14	30	11850	12458
1159	3	1	45	11860	7116
1160	4	14	45	11870	35258
1161	4	14	50	11880	4042
1162	4	8	45	11890	5933
1163	3	1	35	11900	15695
1164	0	12	35	11910	12163
1165	4	14	30	11920	1709
1166	4	14	50	11930	26177
1167	4	14	45	11940	13932
1168	0	12	30	11950	3245
1169	4	14	35	11960	31058
1170	4	14	30	12000	605
1171	4	14	50	12010	6335
1172	4	8	50	12020	606
1173	4	14	50	12030	36186
1174	4	14	35	12040	15081
1175	4	14	35	12050	59584
1176	3	1	35	12060	5873
1177	3	1	45	12070	32217
1178	4	8	35	12080	19951
1179	4	14	35	12090	8541
1180	4	8	45	12100	3491
1181	0	12	35	12110	8527
1182	4	8	35	12120	3722
1183	0	12	35	12130	43615
1184	0	12	30	12140	10505
1185	0	12	30	12150	9102
1186	3	1	30	12160	23196
1187	0	12	50	12170	18559
1188	4	8	50	12180	35113
1189	4	14	35	12190	1016
1190	3	1	50	12200	19192
1191	0	12	50	12210	4315
1192	0	12	35	12220	11939
1193	0	12	35	12230	7455
1194	4	14	35	12240	16184
1195	3	1	50	12250	7108
1196	4	14	30	12260	1946
1197	4	8	50	12270	14586
1198	0	12	30	12280	30957
1199	4	14	45	12290	37177
1200	4	14	30	12300	25086
1201	0	12	50	12310	4707
1202	3	1	45	12320	489
1203	0	12	30	12330	956
1204	3	1	50	12340	3435
1205	4	8	30	12350	2020
1206	4	14	35	12360	3149
1207	4	8	30	12370	2914
1208	0	12	30	12380	2549
1209	0	12	50	12390	8207
1210	4	14	35	12400	3768
1211	0	12	35	12410	10274
1212	4	8	45	12420	12496
1213	4	14	50	12430	2179
1214	0	12	30	12440	2846
1215	4	14	35	12450	10354
1216	4	8	45	12460	253
1217	4	8	35	12470	7528
1218	3	1	35	12480	2481
1219	4	14	35	12490	1660
1220	0	12	30	12500	6550
1221	4	14	30	12510	2022
1222	4	8	50	12520	18883
1223	0	12	45	12530	2082
1224	4	8	35	12540	2747
1225	4	14	35	12550	25806
1226	3	1	35	12560	25844
1227	4	8	35	12570	17485
1228	0	12	35	12580	4806
1229	4	8	35	12590	4639
1230	4	14	35	12600	31610
1231	0	12	35	12610	19757
1232	3	1	45	12620	175
1233	4	8	45	12630	26617
1234	0	12	30	12640	15570
1235	4	8	45	12650	45328
1236	3	1	45	12660	7725
1237	4	8	30	12670	2591
1238	4	8	35	12680	21632
1239	4	14	30	12690	7209
1240	0	12	45	12700	4713
1241	4	8	50	12710	14614
1242	0	12	50	12720	12396
1243	4	8	50	12730	10688
1244	4	14	30	12740	30539
1245	4	8	35	12750	4074
1246	3	1	35	12760	18965
1247	0	12	45	12770	8133
1248	4	14	35	12780	3761
1249	4	14	50	12800	2787
1250	0	12	35	12810	6721
1251	4	8	45	12820	21505
1252	3	1	45	12830	9696
1253	0	12	50	12840	22632
1254	3	1	45	12850	13360
1255	4	14	30	12860	17872
1256	3	1	30	12870	13211
1257	4	8	50	12880	38192
1258	4	14	45	12890	36883
1259	3	1	45	12900	7975
1260	3	1	45	12910	6111
1261	3	1	50	12920	11542
1262	0	12	45	12930	38013
1263	3	1	45	12940	36154
1264	0	12	45	12950	12423
1265	3	1	50	12960	11113
1266	3	1	50	12970	9944
1267	4	14	50	12980	21039
1268	4	14	50	12990	11258
1269	4	14	35	13000	4012
1270	4	8	45	13010	1570
1271	0	12	45	13020	32177
1272	4	14	30	13030	16083
1273	4	14	30	13040	24293
1274	3	1	45	13050	29665
1275	4	14	30	13060	21376
1276	3	1	35	13070	13863
1277	0	12	50	13080	3680
1278	4	8	45	13090	5042
1279	4	14	30	13100	43237
1280	0	12	50	13110	1798
1281	4	8	50	13120	8244
1282	4	8	30	13130	9718
1283	0	12	45	13140	1678
1284	4	8	30	13150	38295
1285	3	1	45	13160	2083
1286	3	1	45	13200	4701
1287	4	8	50	13210	4687
1288	4	14	30	13220	4484
1289	0	12	50	13230	47727
1290	3	1	35	13240	7624
1291	0	12	50	13250	10306
1292	4	8	35	13260	4587
1293	4	14	45	13270	6861
1294	0	12	35	13280	741
1295	3	1	50	13290	21630
1296	4	8	30	13300	18830
1297	4	8	30	13310	16506
1298	4	8	35	13320	47099
1299	0	12	30	13330	6917
1300	4	14	45	13340	22963
1301	4	14	45	13350	52676
1302	4	8	50	13360	35799
1303	0	12	50	13370	70320
1304	3	1	30	13380	1099
1305	4	14	50	13390	10366
1306	3	1	35	13400	1778
1307	4	14	35	13410	17912
1308	3	1	30	13420	39173
1309	4	14	35	13430	28259
1310	4	8	50	13440	1565
1311	4	8	35	13450	7055
1312	0	12	30	13460	16248
1313	4	14	45	13470	54733
1314	4	8	50	13480	5394
1315	0	12	50	13490	39406
1316	4	8	45	13500	967
1317	4	14	30	13510	26360
1318	4	8	35	13520	69394
1319	3	1	50	13530	8656
1320	0	12	30	13540	4519
1321	0	12	30	13550	3749
1322	0	12	50	13560	10683
1323	3	1	50	13600	12986
1324	0	12	30	13611	29598
1325	0	12	50	13622	15421
1326	4	14	30	13633	15350
1327	0	12	45	13644	5373
1328	4	14	50	13655	21288
1329	0	12	50	13666	1723
1330	4	8	50	13677	742
1331	4	8	30	13688	43979
1332	4	14	35	13699	4777
1333	0	12	45	13710	40275
1334	0	12	45	13721	3000
1335	4	8	35	13732	2478
1336	4	14	30	13743	11393
1337	4	8	30	13754	10085
1338	4	8	35	13765	539
1339	4	8	30	13776	9045
1340	4	14	30	13787	272
1341	4	14	35	13798	13920
1342	4	14	50	13809	6658
1343	4	14	45	13820	8589
1344	4	14	30	13831	31025
1345	4	8	30	13842	363
1346	0	12	45	13853	29034
1347	4	8	50	13864	5299
1348	4	8	50	13875	1033
1349	4	14	35	13886	2236
1350	0	12	30	13897	18360
1351	4	8	30	13908	34507
1352	4	14	50	13919	17104
1353	4	14	35	13930	12062
1354	4	14	30	13941	1773
1355	3	1	35	13952	12883
1356	4	14	50	13963	10331
1357	4	14	30	13974	6585
1358	4	14	50	14000	2504
1359	3	1	35	14010	9502
1360	0	12	45	14020	31454
1361	3	1	50	14030	27430
1362	4	14	45	14040	44464
1363	4	8	30	14050	26691
1364	4	8	45	14060	24495
1365	4	14	45	14070	2736
1366	3	1	50	14080	1657
1367	4	14	45	14090	20279
1368	3	1	30	14100	25458
1369	0	12	35	14110	2463
1370	4	8	50	14120	8318
1371	0	12	35	14130	14308
1372	4	8	50	14140	23815
1373	0	12	30	14150	12957
1374	3	1	50	14160	8198
1375	4	8	50	14170	17499
1376	4	8	35	14180	32460
1377	0	12	30	14190	1190
1378	3	1	45	14200	19247
1379	4	14	50	14210	27460
1380	4	14	35	14220	24333
1381	4	8	35	14230	6525
1382	3	1	50	14240	4030
1383	4	14	35	14250	14870
1384	0	12	50	14260	8703
1385	4	14	50	14270	2809
1386	4	8	35	14280	5241
1387	0	12	30	14290	20871
1388	0	12	45	14300	26947
1389	3	1	30	14310	15396
1390	3	1	45	14320	17631
1391	0	12	30	14330	3019
1392	4	8	35	14340	6233
1393	4	14	50	14350	14085
1394	4	8	45	14360	13573
1395	4	8	30	14370	3510
1396	4	14	45	14380	16487
1397	3	1	45	14400	12046
1398	4	8	50	14411	15982
1399	4	14	45	14422	19208
1400	3	1	35	14433	41243
1401	0	12	30	14444	2020
1402	3	1	45	14455	10637
1403	0	12	35	14466	40388
1404	3	1	45	14477	20657
1405	0	12	45	14488	1534
1406	0	12	35	14499	1864
1407	4	14	45	14510	1713
1408	0	12	35	14521	2201
1409	3	1	30	14532	9273
1410	0	12	30	14543	18458
1411	3	1	45	14554	8280
1412	4	8	35	14565	16244
1413	0	12	50	14576	6280
1414	3	1	30	14587	17562
1415	4	14	35	14598	11912
1416	4	14	30	14609	14549
1417	0	12	30	14620	6471
1418	4	8	35	14631	7957
1419	3	1	50	14642	15592
1420	3	1	35	14653	33642
1421	3	1	45	14664	7386
1422	3	1	30	14675	37503
1423	0	12	50	14686	3142
1424	4	8	50	14697	10306
1425	4	8	50	14708	4253
1426	3	1	30	14719	5001
1427	3	1	50	14730	3350
1428	4	14	45	14741	65391
1429	4	8	45	14752	3649
1430	3	1	30	14763	353
1431	4	14	50	14774	6636
1432	3	1	35	14785	9276
1433	3	1	50	14800	11
1434	0	12	45	14810	36246
1435	4	14	30	14820	17394
1436	3	1	45	14830	30275
1437	4	8	45	14840	5771
1438	4	8	45	14850	33947
1439	4	14	30	14860	6362
1440	4	14	35	14870	838
1441	3	1	45	14880	3131
1442	4	14	45	14890	14666
1443	3	1	35	14900	7507
1444	4	8	50	14910	43361
1445	4	14	30	14920	4899
1446	3	1	45	14930	12227
1447	4	8	45	14940	99613
1448	0	12	50	14950	40216
1449	4	8	30	14960	767
1450	4	8	30	14970	14651
1451	3	1	45	14980	5948
1452	4	8	30	14990	2360
1453	4	14	30	15000	146
1454	4	8	30	15010	27534
1455	0	12	45	15020	12929
1456	4	8	50	15030	3864
1457	3	1	50	15040	5875
1458	4	14	35	15050	9420
1459	4	8	50	15060	10824
1460	4	8	45	15070	27708
1461	4	8	35	15080	40629
1462	4	14	50	15090	2015
1463	4	14	50	15100	41354
1464	4	14	50	15110	8661
1465	4	8	35	15120	6770
1466	0	12	35	15130	53196
1467	3	1	35	15140	16211
1468	4	14	35	15150	8950
1469	4	14	50	15160	56
1470	0	12	50	15170	18021
1471	4	8	45	15180	5579
1472	3	1	35	15200	9638
1473	4	8	35	15206	1054
1474	3	1	35	15212	13562
1475	0	12	45	15218	19268
1476	3	1	30	15224	23486
1477	0	12	45	15230	12064
1478	3	1	30	15236	4493
1479	3	1	50	15242	3794
1480	3	1	35	15248	19217
1481	4	8	45	15254	5044
1482	4	8	50	15260	5033
1483	4	8	45	15266	44079
1484	4	14	45	15272	14829
1485	4	14	45	15278	19881
1486	3	1	45	15284	3617
1487	3	1	30	15290	9019
1488	4	8	50	15296	3168
1489	4	14	30	15302	6694
1490	4	8	35	15308	9514
1491	0	12	50	15314	12491
1492	3	1	30	15320	31210
1493	0	12	50	15326	7871
1494	3	1	45	15332	11253
1495	4	8	30	15338	2227
1496	3	1	45	15344	979
1497	0	12	50	15350	18011
1498	3	1	35	15356	50156
1499	0	12	35	15362	14205
1500	4	14	45	15368	5701
1501	0	12	30	15374	36419
1502	4	8	35	15380	13488
1503	4	8	30	15386	39536
1504	4	8	35	15392	7418
1505	0	12	45	15398	5829
1506	0	12	30	15404	31227
1507	4	14	45	15410	1219
1508	4	8	45	15416	9205
1509	0	12	35	15422	2063
1510	4	8	45	15428	24572
1511	4	8	30	15434	18485
1512	4	14	50	15440	1032
1513	0	12	45	15446	4262
1514	3	1	45	15452	25161
1515	0	12	50	15458	12869
1516	0	12	35	15464	16851
1517	3	1	35	15470	3213
1518	4	14	35	15476	6179
1519	0	12	35	15482	19622
1520	4	14	45	15488	2462
1521	4	8	30	15494	12186
1522	0	12	45	15500	9779
1523	4	14	30	15506	1448
1524	3	1	45	15512	12965
1525	0	12	50	15518	2299
1526	3	1	35	15524	9179
1527	3	1	45	15530	1057
1528	4	14	45	15536	13088
1529	0	12	35	15542	9323
1530	3	1	30	15600	16376
1531	3	1	30	15611	1579
1532	4	8	35	15622	13617
1533	3	1	45	15633	17091
1534	4	14	30	15644	38768
1535	4	8	30	15655	25895
1536	4	14	35	15666	19307
1537	0	12	50	15677	7001
1538	0	12	30	15688	13331
1539	4	14	50	15699	5680
1540	4	14	35	15710	30721
1541	3	1	30	15721	2209
1542	4	8	35	15732	80319
1543	0	12	35	15743	967
1544	3	1	35	15754	13034
1545	4	14	30	15765	23047
1546	0	12	30	15776	10445
1547	3	1	45	15787	15647
1548	4	8	30	15798	14504
1549	3	1	45	15809	48730
1550	4	8	45	15820	10425
1551	4	14	30	15831	33586
1552	0	12	45	15842	7020
1553	3	1	30	15853	4599
1554	0	12	45	15864	9443
1555	4	8	45	15875	23282
1556	4	14	35	15886	9277
1557	4	8	30	15897	10557
1558	3	1	35	15908	7146
1559	0	12	35	15919	4331
1560	4	8	30	15930	32493
1561	4	8	45	15941	25279
1562	0	12	50	15952	11567
1563	0	12	35	15963	87816
1564	3	1	35	15974	10472
1565	3	1	35	16000	18774
1566	0	12	50	16010	1900
1567	0	12	30	16020	8336
1568	4	8	35	16030	6230
1569	4	8	35	16040	74833
1570	0	12	45	16050	30546
1571	0	12	45	16060	5633
1572	3	1	30	16070	15339
1573	0	12	35	16080	348
1574	4	8	50	16090	30704
1575	4	8	45	16100	220
1576	0	12	45	16110	12414
1577	0	12	35	16120	8137
1578	4	8	50	16130	12057
1579	4	14	35	16140	25131
1580	0	12	50	16150	17001
1581	0	12	50	16160	26796
1582	0	12	35	16170	10094
1583	4	8	30	16180	14912
1584	4	14	45	16190	52688
1585	3	1	50	16200	23051
1586	3	1	45	16210	21482
1587	3	1	35	16220	6246
1588	4	8	50	16230	3783
1589	3	1	35	16240	2500
1590	3	1	50	16250	7185
1591	4	8	30	16260	3929
1592	4	8	45	16270	82365
1593	4	14	50	16280	6364
1594	4	8	50	16290	8995
1595	4	8	45	16300	979
1596	4	8	30	16310	15241
1597	0	12	30	16320	96050
1598	4	8	50	16330	13817
1599	4	14	30	16340	32220
1600	3	1	30	16350	16850
1601	4	14	50	16360	1218
1602	4	8	30	16400	5738
1603	0	12	50	16410	14877
1604	4	8	50	16420	1697
1605	4	8	30	16430	3214
1606	4	8	30	16440	4835
1607	4	14	35	16450	6494
1608	4	8	30	16460	8082
1609	4	14	50	16470	9053
1610	0	12	30	16480	4117
1611	4	14	50	16490	675
1612	0	12	30	16500	49166
1613	4	14	50	16510	13433
1614	0	12	35	16520	13983
1615	4	8	30	16530	924
1616	0	12	35	16540	6315
1617	4	14	50	16550	38253
1618	4	8	50	16560	537
1619	0	12	45	16570	20200
1620	0	12	50	16580	48530
1621	3	1	45	16590	24879
1622	4	14	30	16600	3481
1623	4	14	50	16610	3132
1624	3	1	35	16620	15861
1625	3	1	35	16630	16082
1626	3	1	50	16640	5766
1627	3	1	35	16650	5444
1628	4	14	35	16660	14324
1629	4	14	35	16670	25268
1630	4	14	45	16680	8157
1631	0	12	45	16690	12501
1632	3	1	45	16700	27464
1633	3	1	50	16710	17394
1634	0	12	30	16720	2430
1635	0	12	30	16730	13923
1636	4	14	45	16740	11454
1637	0	12	35	16750	31746
1638	4	14	30	16760	11271
1639	3	1	45	16770	24288
1640	0	12	50	16800	11167
1641	4	14	35	16811	8313
1642	0	12	35	16822	41795
1643	3	1	30	16833	24114
1644	4	8	35	16844	39976
1645	4	14	50	16855	6180
1646	4	8	30	16866	4905
1647	4	8	45	16877	8884
1648	3	1	45	16888	21894
1649	4	14	45	16899	7492
1650	4	8	35	16910	21142
1651	4	8	30	16921	19576
1652	4	14	35	16932	53421
1653	4	8	35	16943	31605
1654	3	1	30	16954	39380
1655	0	12	45	16965	31729
1656	0	12	50	16976	33631
1657	4	8	30	16987	2110
1658	4	8	35	16998	59988
1659	3	1	45	17009	10056
1660	3	1	30	17020	33846
1661	3	1	50	17031	57444
1662	4	14	50	17042	21684
1663	3	1	50	17053	14769
1664	4	14	30	17064	531
1665	0	12	35	17075	18468
1666	0	12	35	17086	3996
1667	4	8	35	17097	5499
1668	4	14	50	17108	8914
1669	0	12	35	17119	25
1670	3	1	45	17130	12594
1671	4	14	50	17141	9967
1672	0	12	50	17152	8248
1673	4	14	30	17163	4648
1674	4	14	50	17174	3865
1675	0	12	35	17200	12656
1676	4	8	30	17210	31708
1677	0	12	30	17220	8635
1678	4	8	35	17230	4818
1679	4	14	45	17240	5901
1680	4	8	35	17250	7391
1681	0	12	35	17260	33465
1682	0	12	45	17270	12526
1683	0	12	45	17280	3925
1684	3	1	50	17290	1000
1685	4	8	45	17300	18926
1686	4	8	35	17310	13791
1687	4	8	30	17320	51119
1688	4	14	45	17330	22062
1689	4	14	45	17340	5224
1690	4	14	35	17350	19443
1691	4	8	35	17360	7848
1692	4	14	30	17370	34749
1693	4	8	45	17380	636
1694	4	14	35	17390	37073
1695	3	1	30	17400	12080
1696	4	14	35	17410	17407
1697	3	1	45	17420	6263
1698	3	1	50	17430	21911
1699	4	8	30	17440	4245
1700	4	14	45	17450	1674
1701	0	12	45	17460	57892
1702	3	1	50	17470	109257
1703	3	1	30	17480	21795
1704	0	12	30	17490	28264
1705	4	8	35	17500	5026
1706	4	8	30	17510	5775
1707	0	12	30	17520	19937
1708	4	8	45	17530	16644
1709	3	1	50	17540	7343
1710	3	1	35	17550	2
1711	4	14	45	17560	9879
1712	0	12	45	17570	31865
1713	4	8	50	17600	17641
1714	4	8	30	17609	1626
1715	3	1	45	17618	46
1716	3	1	30	17627	8979
1717	4	14	30	17636	11896
1718	0	12	50	17645	12496
1719	3	1	45	17654	6625
1720	4	14	30	17663	1811
1721	3	1	35	17672	4861
1722	4	8	50	17681	12520
1723	4	14	30	17690	2573
1724	0	12	30	17699	5666
1725	4	8	30	17708	2735
1726	0	12	50	17717	13789
1727	3	1	30	17726	7236
1728	4	14	45	17735	6909
1729	4	8	45	17744	18464
1730	0	12	50	17753	34401
1731	4	14	45	17762	12363
1732	3	1	30	17771	17802
1733	0	12	35	17780	437
1734	0	12	50	17789	3753
1735	0	12	50	17798	8087
1736	3	1	45	17807	33605
1737	4	8	45	17816	25673
1738	4	14	45	17825	7868
1739	0	12	45	17834	25050
1740	0	12	35	17843	7925
1741	4	8	35	17852	32075
1742	0	12	45	17861	5992
1743	4	8	50	17870	7650
1744	0	12	30	17879	5220
1745	4	14	45	17888	4446
1746	0	12	50	17897	11883
1747	4	8	35	17906	3935
1748	0	12	45	17915	45651
1749	4	8	50	17924	36608
1750	4	14	30	17933	1695
1751	0	12	35	17942	2385
1752	3	1	45	17951	24361
1753	0	12	30	17960	8352
1754	3	1	30	17969	2155
1755	0	12	35	18000	29062
1756	3	1	45	18010	9005
1757	3	1	45	18020	30390
1758	3	1	30	18030	9440
1759	4	14	30	18040	17831
1760	0	12	45	18050	18841
1761	4	14	50	18060	44790
1762	0	12	35	18070	7182
1763	0	12	50	18080	52327
1764	4	8	50	18090	10602
1765	4	14	50	18100	9916
1766	4	8	35	18110	24924
1767	4	14	35	18120	28980
1768	0	12	50	18130	9826
1769	0	12	30	18140	19256
1770	0	12	50	18150	2142
1771	0	12	45	18160	15927
1772	4	14	45	18170	2340
1773	4	14	35	18180	22246
1774	3	1	35	18190	47444
1775	4	8	50	18200	4427
1776	4	8	45	18210	47808
1777	4	14	30	18220	2840
1778	3	1	30	18230	32664
1779	0	12	45	18240	915
1780	0	12	35	18250	16037
1781	4	14	35	18260	7129
1782	3	1	45	18270	8756
1783	3	1	50	18280	9628
1784	4	8	45	18290	14036
1785	0	12	45	18300	21863
1786	0	12	50	18310	22596
1787	4	8	30	18320	4918
1788	3	1	35	18330	36989
1789	4	14	45	18340	7435
1790	3	1	35	18350	54272
1791	4	14	30	18360	441
1792	4	14	35	18370	6975
1793	0	12	45	18380	20172
1794	0	12	50	18400	1669
1795	4	8	35	18410	9608
1796	0	12	50	18420	11206
1797	4	14	45	18430	6901
1798	0	12	50	18440	36145
1799	4	8	35	18450	27126
1800	3	1	30	18460	9660
1801	4	8	35	18470	18616
1802	0	12	35	18480	22778
1803	4	14	35	18490	4443
1804	0	12	50	18500	23740
1805	4	14	45	18510	10160
1806	0	12	50	18520	39
1807	3	1	35	18530	500
1808	3	1	50	18540	9806
1809	0	12	30	18550	34508
1810	3	1	45	18560	34996
1811	4	14	35	18570	4986
1812	0	12	35	18580	62733
1813	3	1	45	18590	7911
1814	3	1	50	18600	635
1815	0	12	30	18610	6465
1816	0	12	35	18620	11665
1817	4	8	35	18630	38438
1818	4	14	30	18640	7594
1819	0	12	30	18650	21524
1820	3	1	50	18660	19560
1821	0	12	35	18670	11903
1822	4	8	50	18680	43892
1823	0	12	30	18690	1459
1824	3	1	50	18700	21158
1825	0	12	50	18710	1651
1826	4	8	30	18720	5192
1827	4	14	30	18730	8702
1828	3	1	35	18740	16886
1829	4	8	50	18750	10994
1830	4	8	50	18760	21437
1831	3	1	50	18770	14630
1832	3	1	30	18780	4971
1833	4	8	50	18790	882
1834	3	1	35	18800	14754
1835	4	14	50	18811	46510
1836	3	1	30	18822	14676
1837	3	1	35	18833	3156
1838	4	8	30	18844	18178
1839	3	1	30	18855	1937
1840	4	14	50	18866	21711
1841	3	1	45	18877	20689
1842	4	14	30	18888	26271
1843	3	1	30	18899	268
1844	4	8	30	18910	10584
1845	3	1	50	18921	19188
1846	4	14	50	18932	771
1847	4	8	45	18943	52856
1848	4	8	50	18954	18112
1849	4	14	45	18965	23283
1850	0	12	30	18976	43443
1851	3	1	45	18987	14427
1852	0	12	45	18998	57478
1853	0	12	50	19009	2713
1854	3	1	45	19020	1881
1855	4	8	45	19031	42205
1856	4	14	45	19042	22307
1857	4	14	35	19053	17834
1858	4	8	45	19064	11379
1859	0	12	30	19075	17989
1860	4	8	35	19086	3430
1861	4	8	50	19097	13991
1862	4	14	50	19108	7619
1863	4	8	30	19119	52009
1864	4	14	35	19130	2528
1865	0	12	45	19141	5447
1866	0	12	35	19152	10
1867	3	1	45	19163	41764
1868	4	14	30	19174	24800
1869	4	14	50	19185	1572
1870	4	8	30	19200	21070
1871	4	8	50	19208	6615
1872	0	12	35	19216	4193
1873	4	8	50	19224	4901
1874	0	12	35	19232	92865
1875	0	12	35	19240	62546
1876	4	8	35	19248	20274
1877	3	1	45	19256	40217
1878	4	14	30	19264	14791
1879	4	14	30	19272	568
1880	4	8	30	19280	837
1881	0	12	35	19288	6026
1882	4	8	35	19296	21670
1883	4	14	45	19304	34647
1884	0	12	50	19312	13251
1885	3	1	35	19320	2487
1886	4	8	35	19328	15768
1887	3	1	35	19336	1883
1888	4	14	35	19344	45759
1889	0	12	50	19352	17926
1890	4	14	30	19360	3438
1891	4	14	45	19368	42189
1892	0	12	50	19376	17741
1893	4	8	50	19384	61
1894	0	12	50	19392	40625
1895	3	1	30	19400	2782
1896	3	1	45	19408	6811
1897	4	8	30	19416	29845
1898	4	14	50	19424	32696
1899	0	12	35	19432	3478
1900	3	1	35	19440	19151
1901	0	12	30	19448	2055
1902	4	8	35	19456	3087
1903	3	1	50	19464	14034
1904	4	8	45	19472	563
1905	4	14	30	19480	14468
1906	3	1	30	19488	7230
1907	4	14	45	19496	19727
1908	4	14	35	19504	2771
1909	4	8	30	19512	2246
1910	0	12	35	19520	3774
1911	0	12	50	19528	28632
1912	4	14	30	19536	1139
1913	3	1	35	19544	10280
1914	3	1	30	19552	15656
1915	0	12	50	19560	33804
1916	4	14	45	19600	29424
1917	0	12	35	19609	10885
1918	0	12	30	19618	8122
1919	0	12	30	19627	35
1920	4	14	30	19636	17344
1921	4	8	30	19645	35258
1922	3	1	35	19654	65921
1923	4	14	35	19663	1935
1924	4	14	50	19672	36874
1925	3	1	35	19681	26042
1926	0	12	30	19690	17670
1927	3	1	35	19699	4114
1928	0	12	30	19708	6716
1929	3	1	30	19717	29058
1930	3	1	45	19726	16048
1931	4	14	30	19735	33043
1932	4	14	50	19744	797
1933	4	14	45	19753	8384
1934	0	12	45	19762	6576
1935	4	8	50	19771	42644
1936	4	14	50	19780	2383
1937	4	14	35	19789	2748
1938	4	8	30	19798	30427
1939	4	8	45	19807	55075
1940	4	14	30	19816	24254
1941	4	8	50	19825	40052
1942	4	14	50	19834	48600
1943	3	1	30	19843	26716
1944	0	12	35	19852	9969
1945	3	1	35	19861	7151
1946	4	14	45	19870	31422
1947	3	1	35	19879	3490
1948	4	14	50	19888	7640
1949	0	12	50	19897	685
1950	4	14	45	19906	6137
1951	4	8	35	19915	30691
1952	0	12	50	19924	9480
1953	3	1	50	19933	32424
1954	0	12	30	19942	12203
1955	4	8	35	19951	26428
1956	4	8	50	19960	2354
1957	4	8	30	19969	1016
1958	3	1	50	19978	18423
1959	4	14	30	20000	4202
1960	3	1	30	20013	41783
1961	4	14	45	20026	2354
1962	4	14	45	20039	7285
1963	4	8	35	20052	6210
1964	4	14	45	20065	11019
1965	0	12	30	20078	6573
1966	4	8	50	20091	24546
1967	0	12	35	20104	17301
1968	3	1	50	20117	2357
1969	0	12	35	20130	18931
1970	4	8	50	20143	21597
1971	4	14	30	20156	18390
1972	4	14	30	20169	16475
1973	4	14	45	20182	8995
1974	4	8	50	20195	4012
1975	4	8	35	20208	21775
1976	3	1	30	20221	44375
1977	0	12	30	20234	3020
1978	4	14	50	20247	16805
1979	4	8	35	20260	12417
1980	4	14	50	20273	46097
1981	3	1	50	20286	10235
1982	4	14	45	20299	30042
1983	4	14	30	20312	5726
1984	3	1	45	20325	11701
1985	0	12	35	20338	24233
1986	3	1	35	20351	8885
1987	4	8	30	20364	3182
1988	3	1	35	20377	33176
1989	4	14	30	20400	12037
1990	4	14	50	20436	25246
1991	4	8	50	20472	1278
1992	0	12	35	20508	10280
1993	3	1	30	20544	15467
1994	4	14	45	20580	677
1995	4	14	35	20616	16503
1996	3	1	35	20652	12862
1997	4	8	45	20688	15924
1998	3	1	45	20724	6028
1999	4	14	35	20760	2169
