0	4	14	45	0	10678
1	4	8	50	8	9833
2	4	14	45	16	3379
3	4	14	50	24	8279
4	0	12	50	32	127
5	4	8	35	40	8918
6	3	1	35	48	7470
7	3	1	50	56	10828
8	3	1	30	64	9860
9	4	14	35	72	2647
10	4	8	45	80	10997
11	0	12	50	88	5487
12	3	1	30	96	22465
13	4	14	30	104	2077
14	4	14	35	112	327
15	4	8	45	120	2715
16	0	12	35	128	6227
17	0	12	50	136	10142
18	4	14	35	144	11959
19	4	14	50	152	615
20	4	14	45	160	14905
21	0	12	30	168	4084
22	3	1	30	176	21618
23	4	8	45	184	688
24	4	14	35	192	1626
25	0	12	35	200	6208
26	3	1	30	208	4637
27	4	8	35	216	6082
28	4	14	50	224	6233
29	4	8	50	232	9960
30	4	14	35	240	7221
31	4	14	30	248	6331
32	4	8	50	256	1997
33	3	1	50	264	5228
34	4	8	50	272	1173
35	4	8	45	280	304
36	0	12	35	288	4432
37	4	14	45	296	14675
38	0	12	30	304	1692
39	4	8	45	312	494
40	3	1	35	320	5037
41	0	12	35	328	235
42	4	8	45	336	25237
43	0	12	45	344	1484
44	0	12	30	352	1689
45	0	12	50	360	3228
46	0	12	50	400	4588
47	3	1	30	409	1740
48	3	1	30	418	5312
49	0	12	35	427	3454
50	4	14	45	436	2895
51	0	12	45	445	12937
52	4	14	30	454	7580
53	4	14	35	463	5564
54	3	1	35	472	3094
55	3	1	35	481	3287
56	3	1	50	490	11915
57	4	8	30	499	2431
58	0	12	35	508	4940
59	4	14	35	517	5171
60	4	14	30	526	2112
61	4	8	30	535	619
62	4	14	50	544	1790
63	4	8	35	553	44954
64	4	14	30	562	9299
65	4	8	45	571	1787
66	4	14	30	580	2577
67	0	12	35	589	4927
68	3	1	30	598	774
69	3	1	45	607	22
70	4	8	35	616	15871
71	0	12	45	625	9646
72	0	12	50	634	6003
73	3	1	50	643	10064
74	0	12	45	652	7469
75	4	14	35	661	13532
76	4	14	45	670	4673
77	3	1	45	679	11535
78	4	8	35	688	17812
79	3	1	45	697	15281
80	0	12	45	706	872
81	0	12	30	715	2241
82	4	14	35	724	386
83	4	14	45	733	1690
84	3	1	30	742	4199
85	4	14	50	751	12598
86	0	12	30	760	21804
87	3	1	35	800	10175
88	4	14	35	808	1385
89	3	1	35	816	12856
90	3	1	50	824	2439
91	3	1	35	832	1426
92	4	14	30	840	3818
93	0	12	50	848	10032
94	3	1	45	856	14076
95	4	8	35	864	3990
96	0	12	45	872	14108
97	0	12	30	880	25948
98	4	8	45	888	5264
99	4	14	45	896	36954
100	0	12	45	904	466
101	4	14	45	912	30044
102	4	14	30	920	872
103	4	14	35	928	5269
104	4	14	50	936	5359
105	3	1	30	944	7393
106	0	12	50	952	2558
107	0	12	30	960	18149
108	3	1	50	968	17978
109	3	1	50	976	5626
110	4	14	50	984	17992
111	0	12	30	992	88
112	0	12	45	1000	3695
113	4	8	50	1008	7508
114	4	14	50	1016	3731
115	3	1	50	1024	35164
116	3	1	45	1032	221
117	0	12	30	1040	80
118	3	1	35	1048	7093
119	0	12	30	1056	17978
120	0	12	45	1064	2471
121	4	8	45	1072	6490
122	0	12	50	1080	2863
123	4	14	45	1088	2770
124	4	14	45	1096	10775
125	3	1	30	1104	9608
126	4	8	35	1112	3097
127	0	12	30	1120	13420
128	0	12	35	1128	17506
129	4	14	30	1136	1927
130	3	1	50	1144	34862
131	4	14	45	1152	5254
132	4	8	50	1160	2643
133	3	1	50	1168	18579
134	4	8	50	1200	12691
135	0	12	30	1209	1083
136	0	12	30	1218	1216
137	4	14	50	1227	6655
138	0	12	50	1236	9692
139	4	14	50	1245	13087
140	3	1	30	1254	5859
141	0	12	50	1263	309
142	4	14	35	1272	13962
143	0	12	35	1281	8489
144	4	14	45	1290	18831
145	4	8	45	1299	2321
146	4	8	45	1308	12615
147	3	1	35	1317	11782
148	0	12	30	1326	3347
149	4	14	45	1335	14671
150	3	1	45	1344	3639
151	0	12	45	1353	13655
152	4	8	45	1362	3734
153	0	12	35	1371	7090
154	3	1	30	1380	10309
155	4	14	30	1389	5559
156	3	1	45	1398	9009
157	4	14	35	1407	13311
158	4	14	50	1416	10853
159	0	12	50	1425	12451
160	4	8	50	1434	2651
161	0	12	45	1443	4937
162	0	12	50	1452	69
163	4	14	45	1461	9119
164	0	12	30	1470	5836
165	0	12	35	1479	4262
166	4	14	35	1488	10461
167	3	1	50	1497	5048
168	4	14	50	1506	13433
169	4	14	45	1515	2259
170	3	1	50	1524	14997
171	3	1	50	1533	4966
172	4	14	30	1542	2942
173	4	14	45	1551	12213
174	4	8	30	1560	3761
175	0	12	45	1569	2068
176	3	1	30	1600	10483
177	0	12	35	1608	8328
178	0	12	50	1616	3924
179	4	8	30	1624	5357
180	0	12	35	1632	18891
181	3	1	50	1640	6393
182	4	14	30	1648	5098
183	4	8	50	1656	390
184	0	12	45	1664	15104
185	4	8	35	1672	1477
186	4	8	50	1680	918
187	0	12	35	1688	9462
188	4	14	45	1696	1564
189	3	1	50	1704	2790
190	3	1	35	1712	4796
191	0	12	45	1720	3209
192	4	14	50	1728	13820
193	4	14	50	1736	19547
194	3	1	30	1744	5923
195	3	1	35	1752	483
196	4	14	30	1760	237
197	0	12	50	1768	1255
198	0	12	35	1776	1170
199	4	14	35	1784	5417
200	3	1	35	1792	5909
201	4	14	50	1800	3149
202	4	14	35	1808	25213
203	4	8	35	1816	805
204	0	12	45	1824	40446
205	4	14	45	1832	18666
206	0	12	35	1840	5720
207	3	1	30	1848	7137
208	4	14	35	1856	1913
209	3	1	35	1864	5489
210	4	8	50	1872	11777
211	3	1	30	1880	233
212	4	14	35	1888	4397
213	4	8	50	1896	2348
214	4	14	45	1904	17192
215	3	1	50	1912	10529
216	0	12	45	1920	36269
217	3	1	30	1928	25951
218	3	1	30	1936	14248
219	3	1	45	1944	3436
220	3	1	45	1952	2905
221	3	1	50	1960	293
222	4	14	30	1968	2744
223	0	12	30	1976	5855
224	4	8	30	1984	12683
225	3	1	35	2000	5807
226	4	14	50	2010	8177
227	0	12	35	2020	4014
228	0	12	35	2030	2405
229	4	14	50	2040	3042
230	0	12	45	2050	1770
231	4	8	35	2060	7037
232	4	14	30	2070	5720
233	4	8	45	2080	18086
234	4	14	45	2090	27011
235	4	8	45	2100	6945
236	4	14	45	2110	7193
237	3	1	45	2120	3766
238	0	12	30	2130	444
239	0	12	50	2140	23294
240	4	8	30	2150	8578
241	4	14	45	2160	5842
242	4	8	30	2170	5244
243	4	8	35	2180	9142
244	4	8	30	2190	5936
245	4	14	35	2200	4387
246	0	12	30	2210	19052
247	4	8	30	2220	6713
248	4	14	35	2230	241
249	0	12	35	2240	12532
250	4	8	45	2250	575
251	4	8	30	2260	565
252	4	8	50	2270	3011
253	3	1	45	2280	12366
254	0	12	50	2290	1660
255	4	14	35	2300	5329
256	4	14	45	2310	285
257	3	1	35	2320	4612
258	0	12	30	2330	2861
259	3	1	35	2340	5193
260	0	12	50	2350	2439
261	0	12	50	2360	988
262	4	8	50	2370	3210
263	0	12	45	2380	18134
264	4	8	50	2400	2829
265	4	14	35	2409	1641
266	3	1	30	2418	5838
267	3	1	45	2427	5991
268	3	1	30	2436	2723
269	3	1	50	2445	2889
270	4	14	35	2454	1195
271	3	1	50	2463	7610
272	4	8	50	2472	18996
273	4	8	30	2481	17366
274	4	8	45	2490	9407
275	4	14	50	2499	12344
276	4	8	50	2508	6479
277	4	8	50	2517	7518
278	4	14	30	2526	42594
279	4	8	50	2535	3734
280	4	8	30	2544	7502
281	4	8	45	2553	600
282	0	12	30	2562	3631
283	0	12	30	2571	5055
284	4	8	30	2580	2268
285	4	14	45	2589	1116
286	0	12	45	2598	2532
287	4	8	35	2607	10297
288	0	12	50	2616	9855
289	4	14	35	2625	5224
290	4	8	30	2634	6304
291	0	12	30	2643	1346
292	4	8	45	2652	621
293	3	1	50	2661	6874
294	0	12	30	2670	9185
295	0	12	30	2679	6238
296	4	8	50	2688	1663
297	4	8	45	2697	7025
298	0	12	35	2706	3865
299	4	8	45	2715	3304
300	4	8	30	2724	18757
301	3	1	35	2733	3829
302	4	14	30	2742	2621
303	4	8	35	2751	10374
304	0	12	50	2760	8455
305	4	14	45	2769	4865
306	4	14	30	2800	1407
307	4	14	45	2813	4466
308	0	12	30	2826	801
309	4	8	50	2839	4102
310	3	1	45	2852	21410
311	3	1	45	2865	4437
312	4	14	35	2878	4682
313	3	1	35	2891	21011
314	4	8	35	2904	16259
315	3	1	30	2917	1691
316	4	14	50	2930	11134
317	4	8	45	2943	15849
318	3	1	35	2956	8385
319	4	8	35	2969	1467
320	4	14	45	2982	19639
321	0	12	45	2995	12640
322	4	8	50	3008	13668
323	3	1	50	3021	13244
324	0	12	50	3034	11346
325	4	14	30	3047	33020
326	0	12	35	3060	6194
327	4	14	30	3073	3208
328	4	8	50	3086	1816
329	0	12	35	3099	1299
330	4	8	30	3112	7301
331	0	12	30	3125	28226
332	4	8	45	3138	2050
333	3	1	35	3151	8553
334	0	12	45	3164	5062
335	3	1	45	3177	2071
336	3	1	45	3200	12595
337	4	14	45	3212	8135
338	4	14	30	3224	13542
339	3	1	45	3236	12534
340	0	12	35	3248	27778
341	0	12	50	3260	14841
342	0	12	35	3272	7923
343	4	14	50	3284	2935
344	4	8	50	3296	6358
345	4	14	35	3308	1018
346	0	12	50	3320	9953
347	4	14	30	3332	1273
348	4	8	45	3344	9835
349	4	8	30	3356	5421
350	4	8	35	3368	12491
351	4	14	35	3380	3151
352	3	1	35	3392	21874
353	3	1	50	3404	1941
354	3	1	30	3416	4416
355	0	12	45	3428	933
356	4	8	45	3440	6596
357	0	12	35	3452	5084
358	0	12	45	3464	27717
359	4	8	50	3476	8835
360	3	1	30	3488	19879
361	4	14	50	3500	14219
362	4	8	50	3512	2035
363	0	12	45	3524	23266
364	4	14	50	3536	12979
365	3	1	35	3548	25858
366	0	12	30	3560	1781
367	4	8	50	3600	12346
368	3	1	45	3610	4911
369	3	1	45	3620	8193
370	4	14	35	3630	4055
371	0	12	30	3640	960
372	3	1	35	3650	377
373	0	12	50	3660	15623
374	4	8	50	3670	1771
375	3	1	45	3680	585
376	4	14	30	3690	1446
377	4	8	50	3700	5735
378	4	8	50	3710	2416
379	0	12	45	3720	8137
380	3	1	30	3730	2540
381	4	8	35	3740	3978
382	4	8	45	3750	7801
383	0	12	45	3760	9927
384	4	14	30	3770	3567
385	4	8	50	3780	2550
386	4	8	50	3790	289
387	4	14	45	3800	85
388	4	14	35	3810	2116
389	4	14	50	3820	3555
390	0	12	50	3830	8785
391	3	1	30	3840	3114
392	3	1	30	3850	8858
393	3	1	35	3860	1275
394	4	14	35	3870	16610
395	0	12	45	3880	1188
396	3	1	30	3890	7717
397	0	12	50	3900	9194
398	4	14	30	3910	5617
399	4	14	35	3920	7090
400	4	14	30	3930	20194
401	4	14	30	3940	20773
402	0	12	35	3950	9327
403	3	1	50	3960	551
404	4	8	45	4000	794
405	0	12	30	4010	9042
406	4	8	50	4020	2622
407	4	8	35	4030	640
408	0	12	50	4040	135
409	4	14	35	4050	3491
410	0	12	45	4060	23150
411	0	12	50	4070	408
412	3	1	35	4080	1882
413	4	14	50	4090	3207
414	3	1	50	4100	4040
415	0	12	50	4110	5952
416	3	1	35	4120	1866
417	4	8	30	4130	5769
418	4	8	45	4140	7047
419	3	1	30	4150	6033
420	0	12	35	4160	20716
421	0	12	35	4170	1675
422	4	8	45	4180	6457
423	3	1	45	4190	842
424	3	1	50	4200	29311
425	4	8	30	4210	625
426	3	1	30	4220	4688
427	4	14	30	4230	18318
428	4	8	35	4240	32850
429	0	12	35	4250	500
430	4	14	45	4260	4807
431	4	14	30	4270	5266
432	4	8	45	4280	58
433	3	1	45	4290	8938
434	4	8	35	4300	10140
435	3	1	30	4310	3404
436	4	8	50	4320	9724
437	3	1	50	4330	6499
438	3	1	50	4340	7663
439	3	1	50	4350	9184
440	4	14	50	4360	40288
441	4	14	35	4370	25487
442	3	1	45	4380	40661
443	0	12	30	4400	16880
444	4	14	35	4411	4277
445	4	14	30	4422	7671
446	4	14	50	4433	957
447	3	1	30	4444	3314
448	0	12	45	4455	11118
449	3	1	35	4466	3443
450	4	8	35	4477	21268
451	0	12	50	4488	888
452	3	1	35	4499	820
453	4	8	50	4510	29483
454	3	1	30	4521	8698
455	3	1	45	4532	10501
456	3	1	35	4543	3716
457	4	8	45	4554	7101
458	0	12	30	4565	774
459	0	12	35	4576	156
460	3	1	50	4587	2127
461	3	1	50	4598	3834
462	0	12	30	4609	784
463	4	14	45	4620	25019
464	4	14	45	4631	18583
465	0	12	35	4642	4964
466	3	1	30	4653	348
467	0	12	50	4664	6157
468	3	1	45	4675	7570
469	4	14	45	4686	409
470	4	14	30	4697	13778
471	0	12	35	4708	8441
472	4	14	35	4719	18221
473	3	1	45	4730	18656
474	3	1	30	4741	6144
475	4	8	50	4752	27119
476	4	8	50	4763	1737
477	4	8	45	4800	8993
478	4	14	35	4811	9262
479	3	1	45	4822	3540
480	4	8	35	4833	26250
481	4	14	30	4844	881
482	4	14	45	4855	1279
483	3	1	50	4866	8035
484	3	1	30	4877	1120
485	3	1	45	4888	3404
486	0	12	50	4899	3886
487	0	12	50	4910	262
488	4	14	35	4921	80
489	3	1	50	4932	35114
490	0	12	45	4943	29500
491	4	14	30	4954	978
492	4	8	45	4965	4988
493	4	8	35	4976	7269
494	0	12	50	4987	4770
495	4	8	30	4998	7589
496	4	14	35	5009	16036
497	4	14	30	5020	306
498	0	12	35	5031	30093
499	3	1	30	5042	24262
500	0	12	50	5053	6829
501	3	1	50	5064	6862
502	0	12	45	5075	10397
503	0	12	50	5086	9656
504	3	1	35	5097	6013
505	4	8	50	5108	2606
506	4	8	45	5119	1861
507	0	12	45	5130	1731
508	3	1	45	5141	4621
509	4	8	30	5152	9540
510	4	8	50	5163	6138
511	4	8	50	5174	9539
512	3	1	35	5185	18628
513	4	8	35	5200	10613
514	4	14	30	5210	469
515	3	1	50	5220	1107
516	4	14	30	5230	2121
517	3	1	30	5240	4924
518	0	12	35	5250	13964
519	0	12	50	5260	6485
520	0	12	35	5270	645
521	3	1	35	5280	82
522	4	8	35	5290	5987
523	4	14	50	5300	7830
524	4	14	30	5310	623
525	0	12	50	5320	9800
526	3	1	50	5330	1665
527	3	1	50	5340	2859
528	4	8	45	5350	4837
529	4	8	30	5360	20550
530	4	8	35	5370	851
531	3	1	45	5380	1371
532	0	12	35	5390	9587
533	0	12	35	5400	10594
534	4	8	45	5410	12240
535	3	1	35	5420	3908
536	4	14	35	5430	3784
537	3	1	45	5440	4737
538	4	14	45	5450	890
539	4	8	35	5460	15317
540	4	8	30	5470	1196
541	0	12	35	5480	1687
542	4	8	30	5490	7201
543	3	1	30	5500	3008
544	4	8	50	5510	4810
545	3	1	50	5520	2610
546	4	8	50	5530	1911
547	0	12	35	5540	10454
548	3	1	35	5550	6212
549	3	1	30	5560	3084
550	4	8	50	5600	3821
551	4	8	35	5610	4162
552	3	1	45	5620	1907
553	4	14	35	5630	4376
554	3	1	45	5640	16588
555	3	1	45	5650	6639
556	4	8	45	5660	402
557	0	12	50	5670	870
558	4	8	50	5680	7866
559	3	1	45	5690	13814
560	4	14	50	5700	755
561	4	14	50	5710	19009
562	3	1	30	5720	10804
563	0	12	45	5730	5795
564	4	14	50	5740	7241
565	3	1	30	5750	3800
566	0	12	35	5760	50523
567	4	8	30	5770	1476
568	0	12	45	5780	24150
569	0	12	45	5790	8879
570	3	1	35	5800	11166
571	0	12	35	5810	12334
572	3	1	35	5820	3499
573	4	14	30	5830	28847
574	4	14	50	5840	4309
575	0	12	30	5850	17471
576	0	12	30	5860	4312
577	4	14	35	5870	1920
578	4	8	50	5880	1513
579	0	12	30	5890	12738
580	4	14	30	5900	5445
581	3	1	45	5910	4909
582	4	14	35	5920	11433
583	4	14	45	5930	1149
584	4	14	30	5940	6274
585	0	12	30	5950	9509
586	0	12	50	5960	23260
587	4	8	30	5970	2594
588	3	1	45	6000	15714
589	4	14	30	6010	1983
590	4	8	50	6020	3293
591	3	1	45	6030	2559
592	4	8	50	6040	13761
593	4	8	30	6050	2663
594	4	8	35	6060	11499
595	3	1	35	6070	2110
596	4	8	30	6080	4771
597	0	12	35	6090	650
598	3	1	35	6100	10123
599	4	14	45	6110	612
600	4	8	35	6120	2630
601	4	14	45	6130	359
602	4	14	45	6140	12046
603	4	8	45	6150	16296
604	4	14	45	6160	6706
605	4	8	35	6170	7207
606	3	1	50	6180	421
607	3	1	45	6190	2188
608	0	12	35	6200	38
609	3	1	45	6210	34649
610	3	1	35	6220	1273
611	3	1	30	6230	14442
612	4	14	50	6240	21360
613	0	12	45	6250	14148
614	4	14	35	6260	3184
615	4	8	35	6270	7987
616	4	14	35	6280	1268
617	3	1	35	6290	7473
618	4	8	35	6300	28563
619	3	1	45	6310	18434
620	3	1	30	6320	4535
621	4	14	35	6330	10217
622	4	14	35	6340	2954
623	0	12	45	6350	10521
624	4	14	50	6360	3238
625	4	14	50	6400	5209
626	4	14	45	6408	26831
627	4	8	35	6416	590
628	3	1	45	6424	1889
629	0	12	45	6432	1632
630	3	1	50	6440	4612
631	4	14	50	6448	3307
632	0	12	50	6456	5474
633	3	1	30	6464	830
634	3	1	50	6472	5810
635	4	14	35	6480	4779
636	3	1	50	6488	9126
637	3	1	45	6496	17725
638	0	12	30	6504	6682
639	3	1	45	6512	23931
640	3	1	30	6520	8263
641	4	8	35	6528	9794
642	4	8	45	6536	2541
643	0	12	30	6544	16502
644	4	8	45	6552	601
645	3	1	45	6560	5576
646	4	14	50	6568	3360
647	0	12	35	6576	38185
648	4	8	45	6584	24769
649	4	14	50	6592	1122
650	4	14	50	6600	713
651	4	14	50	6608	14769
652	4	14	30	6616	898
653	4	14	45	6624	13616
654	0	12	35	6632	8194
655	3	1	50	6640	6550
656	0	12	30	6648	10628
657	3	1	50	6656	381
658	3	1	50	6664	6154
659	4	14	45	6672	745
660	4	8	50	6680	7926
661	4	8	35	6688	31387
662	0	12	30	6696	235
663	4	14	50	6704	13728
664	4	14	45	6712	6364
665	3	1	45	6720	13225
666	4	8	35	6728	3324
667	0	12	50	6736	14274
668	3	1	50	6744	3004
669	4	14	50	6752	16871
670	4	14	35	6800	24142
671	4	8	45	6811	2362
672	3	1	35	6822	333
673	3	1	50	6833	178
674	0	12	45	6844	2367
675	0	12	50	6855	10377
676	4	8	50	6866	4768
677	3	1	35	6877	4580
678	4	14	30	6888	8610
679	0	12	35	6899	14222
680	0	12	30	6910	1165
681	3	1	30	6921	29047
682	4	14	45	6932	989
683	3	1	45	6943	662
684	0	12	45	6954	837
685	4	14	30	6965	7250
686	4	14	45	6976	2115
687	0	12	30	6987	9062
688	4	8	45	6998	4895
689	4	14	50	7009	25212
690	4	14	35	7020	10031
691	4	14	30	7031	8037
692	4	14	50	7042	3498
693	4	8	35	7053	5190
694	0	12	45	7064	3097
695	4	8	45	7075	8720
696	4	8	35	7086	9043
697	4	8	45	7097	4810
698	0	12	35	7108	3134
699	3	1	50	7119	2450
700	0	12	35	7130	1413
701	3	1	30	7141	5721
702	3	1	35	7152	9076
703	3	1	50	7163	633
704	0	12	35	7174	1585
705	3	1	30	7200	14156
706	0	12	45	7210	12928
707	4	8	30	7220	703
708	4	14	30	7230	6596
709	0	12	45	7240	19649
710	4	8	30	7250	932
711	4	8	50	7260	2844
712	4	14	45	7270	3920
713	3	1	35	7280	9784
714	4	14	45	7290	24524
715	4	14	45	7300	8518
716	4	8	50	7310	15954
717	4	8	35	7320	23880
718	4	14	30	7330	10209
719	0	12	45	7340	24409
720	3	1	50	7350	6867
721	4	8	30	7360	8680
722	3	1	30	7370	3752
723	3	1	50	7380	3519
724	4	14	45	7390	1433
725	0	12	35	7400	3052
726	4	8	45	7410	18535
727	4	8	50	7420	6632
728	4	8	30	7430	9658
729	4	14	50	7440	7178
730	4	14	45	7450	407
731	0	12	30	7460	46675
732	4	8	30	7470	947
733	4	8	30	7480	4024
734	4	14	50	7490	8846
735	4	8	50	7500	7839
736	0	12	50	7510	2797
737	4	8	50	7520	328
738	3	1	30	7530	18394
739	3	1	45	7540	2514
740	3	1	45	7550	12664
741	3	1	45	7560	1283
742	4	8	30	7600	989
743	4	8	30	7608	6272
744	3	1	50	7616	15026
745	3	1	35	7624	4294
746	0	12	35	7632	2263
747	4	8	35	7640	8365
748	4	8	45	7648	5937
749	4	8	50	7656	8768
750	4	14	50	7664	12872
751	0	12	50	7672	10405
752	3	1	45	7680	10505
753	0	12	50	7688	3715
754	0	12	50	7696	9309
755	4	14	30	7704	5541
756	0	12	50	7712	1174
757	0	12	35	7720	3114
758	3	1	30	7728	19456
759	4	14	30	7736	15877
760	0	12	35	7744	21068
761	4	14	45	7752	2172
762	4	14	30	7760	3864
763	0	12	35	7768	27848
764	0	12	50	7776	15997
765	4	8	50	7784	959
766	4	14	45	7792	1661
767	3	1	45	7800	38723
768	3	1	45	7808	298
769	4	8	50	7816	3188
770	3	1	50	7824	3571
771	4	14	50	7832	13885
772	3	1	30	7840	408
773	0	12	45	7848	4799
774	4	8	30	7856	1376
775	4	14	35	7864	4467
776	0	12	30	7872	6313
777	4	8	30	7880	14218
778	4	14	30	7888	5686
779	4	8	30	7896	11046
780	0	12	50	7904	587
781	0	12	30	7912	2331
782	4	14	35	7920	323
783	0	12	30	7928	286
784	4	14	50	7936	12577
785	3	1	45	7944	3108
786	4	8	45	7952	2474
787	0	12	35	7960	10782
788	0	12	30	7968	9838
789	0	12	50	8000	1483
790	4	8	30	8009	5357
791	0	12	35	8018	28773
792	4	14	45	8027	1096
793	3	1	30	8036	302
794	4	8	30	8045	3343
795	3	1	50	8054	6510
796	4	14	35	8063	11588
797	4	8	50	8072	1272
798	0	12	30	8081	9086
799	4	8	50	8090	10599
800	3	1	45	8099	2068
801	4	8	50	8108	2347
802	4	14	50	8117	7573
803	0	12	50	8126	1737
804	3	1	50	8135	2918
805	0	12	30	8144	29905
806	4	8	50	8153	9061
807	4	8	30	8162	2626
808	4	14	45	8171	1921
809	0	12	45	8180	2406
810	4	14	30	8189	24629
811	3	1	50	8198	2917
812	0	12	35	8207	13444
813	4	8	30	8216	1428
814	4	14	30	8225	12552
815	0	12	30	8234	8999
816	0	12	30	8243	1767
817	4	14	30	8252	3421
818	0	12	35	8261	1556
819	3	1	35	8270	6258
820	4	14	35	8279	15016
821	3	1	35	8288	4744
822	4	8	35	8297	2677
823	3	1	50	8306	16158
824	0	12	45	8315	14689
825	3	1	45	8324	3922
826	0	12	35	8333	9517
827	4	14	50	8342	102
828	4	14	45	8351	928
829	4	14	30	8360	7353
830	0	12	50	8369	8697
831	4	14	35	8400	4069
832	0	12	50	8412	1319
833	4	8	30	8424	11918
834	3	1	35	8436	5885
835	3	1	30	8448	13563
836	4	8	35	8460	8193
837	4	14	45	8472	14881
838	4	8	30	8484	10459
839	4	14	50	8496	13551
840	0	12	50	8508	8265
841	4	14	45	8520	34237
842	4	8	45	8532	5984
843	0	12	45	8544	4751
844	0	12	45	8556	1939
845	3	1	30	8568	1612
846	4	14	50	8580	1383
847	4	8	45	8592	26712
848	3	1	50	8604	2251
849	0	12	50	8616	8778
850	4	8	45	8628	3553
851	4	14	35	8640	4318
852	0	12	35	8652	28129
853	3	1	50	8664	1171
854	3	1	45	8676	17457
855	4	14	30	8688	12130
856	0	12	45	8700	28021
857	4	8	30	8712	10920
858	4	14	30	8724	3503
859	4	14	35	8736	20023
860	4	14	50	8748	2633
861	4	8	50	8760	8752
862	3	1	45	8772	1493
863	4	14	35	8784	7580
864	4	14	45	8800	7269
865	0	12	50	8811	6482
866	3	1	30	8822	1333
867	3	1	30	8833	319
868	3	1	45	8844	8233
869	4	8	30	8855	29606
870	4	14	50	8866	280
871	4	8	45	8877	3494
872	4	8	50	8888	7708
873	4	8	45	8899	3577
874	4	8	45	8910	18305
875	0	12	50	8921	15774
876	0	12	50	8932	20270
877	0	12	50	8943	14490
878	4	8	30	8954	8444
879	4	8	45	8965	8585
880	4	14	50	8976	2077
881	3	1	45	8987	10508
882	0	12	50	8998	11666
883	3	1	45	9009	4686
884	4	8	45	9020	2222
885	0	12	45	9031	2255
886	3	1	50	9042	4474
887	3	1	50	9053	127
888	4	14	45	9064	17470
889	3	1	30	9075	10786
890	4	8	45	9086	14997
891	0	12	30	9097	18125
892	4	14	35	9108	5381
893	4	8	50	9119	13342
894	4	14	30	9130	6137
895	3	1	50	9141	30892
896	4	8	30	9152	13537
897	3	1	30	9163	19664
898	0	12	50	9200	15227
899	0	12	45	9208	8631
900	0	12	30	9216	234
901	0	12	45	9224	1019
902	4	14	50	9232	3106
903	4	8	50	9240	2518
904	4	8	50	9248	7993
905	0	12	50	9256	38
906	3	1	45	9264	12822
907	3	1	50	9272	7526
908	0	12	35	9280	2170
909	4	8	45	9288	214
910	4	14	35	9296	15719
911	0	12	50	9304	1144
912	4	14	30	9312	777
913	4	8	45	9320	9540
914	0	12	35	9328	9355
915	0	12	30	9336	6377
916	4	8	50	9344	18245
917	4	14	50	9352	10383
918	3	1	50	9360	3693
919	4	14	30	9368	3461
920	4	8	30	9376	1085
921	0	12	30	9384	1185
922	3	1	45	9392	1316
923	4	14	45	9400	18614
924	4	14	45	9408	1102
925	4	14	50	9416	1189
926	3	1	35	9424	15971
927	4	14	30	9432	13165
928	4	8	35	9440	13940
929	4	14	45	9448	20163
930	4	14	50	9456	367
931	3	1	50	9464	50
932	4	14	50	9472	33930
933	0	12	45	9480	38607
934	4	8	45	9488	7935
935	3	1	30	9496	923
936	4	14	50	9504	4211
937	4	14	30	9512	5502
938	4	8	50	9520	13351
939	4	8	45	9528	2172
940	3	1	30	9536	4739
941	4	14	30	9544	13662
942	4	8	45	9552	12048
943	4	8	50	9560	15784
944	4	14	50	9568	16993
945	4	8	45	9576	9993
946	0	12	30	9584	13021
947	4	8	50	9600	12604
948	4	8	35	9614	1039
949	4	14	30	9628	34319
950	4	8	50	9642	677
951	4	8	30	9656	745
952	4	14	30	9670	6293
953	4	8	50	9684	5540
954	4	14	45	9698	6094
955	0	12	50	9712	17747
956	3	1	30	9726	27522
957	4	14	35	9740	4349
958	4	8	30	9754	1218
959	3	1	30	9768	5443
960	4	8	45	9782	1211
961	3	1	35	9796	38174
962	4	8	35	9810	12288
963	4	8	45	9824	3062
964	3	1	50	9838	31915
965	0	12	45	9852	15370
966	0	12	30	9866	1278
967	4	14	35	9880	848
968	4	14	50	9894	558
969	3	1	35	9908	6948
970	0	12	30	9922	1207
971	4	8	50	9936	4092
972	3	1	30	9950	19753
973	4	8	35	9964	1132
974	0	12	30	9978	18764
975	4	8	50	10000	2946
976	3	1	45	10013	3563
977	0	12	50	10026	2748
978	0	12	45	10039	177
979	3	1	50	10052	4295
980	4	14	50	10065	3258
981	0	12	45	10078	589
982	3	1	45	10091	9247
983	3	1	35	10104	14592
984	4	8	50	10117	14581
985	4	8	45	10130	24980
986	4	14	45	10143	4953
987	3	1	50	10156	5322
988	0	12	50	10169	4911
989	4	8	45	10182	10713
990	0	12	30	10195	1216
991	0	12	45	10208	36767
992	4	8	30	10221	3520
993	4	14	45	10234	3061
994	4	14	50	10247	818
995	0	12	45	10260	4863
996	3	1	50	10273	276
997	0	12	50	10286	4932
998	3	1	50	10299	16927
999	4	14	35	10312	218
1000	0	12	45	10325	6669
1001	0	12	45	10338	9710
1002	4	8	50	10351	10348
1003	4	14	30	10364	6237
1004	3	1	50	10377	14978
1005	0	12	30	10400	9133
1006	3	1	30	10414	1525
1007	3	1	45	10428	4257
1008	0	12	50	10442	7240
1009	3	1	45	10456	2039
1010	4	8	35	10470	6070
1011	4	8	35	10484	9044
1012	3	1	45	10498	4053
1013	3	1	35	10512	10353
1014	3	1	35	10526	1385
1015	4	8	30	10540	576
1016	4	14	50	10554	2925
1017	4	14	50	10568	23369
1018	0	12	45	10582	5226
1019	4	8	30	10596	206
1020	4	8	50	10610	3980
1021	3	1	30	10624	8673
1022	3	1	35	10638	8214
1023	3	1	35	10652	3197
1024	4	8	35	10666	4630
1025	0	12	35	10680	1301
1026	4	14	45	10694	363
1027	4	14	35	10708	7278
1028	3	1	35	10722	282
1029	0	12	35	10736	4764
1030	3	1	30	10750	2563
1031	3	1	45	10764	18364
1032	4	8	50	10778	4238
1033	4	8	35	10800	42438
1034	3	1	30	10810	15171
1035	3	1	30	10820	7989
1036	3	1	45	10830	3389
1037	4	14	45	10840	1242
1038	4	14	35	10850	39025
1039	4	8	50	10860	1372
1040	4	14	45	10870	12198
1041	4	8	30	10880	401
1042	4	8	50	10890	17687
1043	3	1	35	10900	2130
1044	4	14	35	10910	1847
1045	3	1	50	10920	4987
1046	4	8	30	10930	7179
1047	3	1	50	10940	7956
1048	0	12	35	10950	1384
1049	4	8	50	10960	225
1050	0	12	45	10970	1292
1051	4	14	30	10980	735
1052	4	14	30	10990	31503
1053	4	8	45	11000	15390
1054	3	1	35	11010	8061
1055	3	1	45	11020	18725
1056	4	8	30	11030	504
1057	4	14	45	11040	4036
1058	4	8	50	11050	860
1059	3	1	45	11060	9528
1060	0	12	35	11070	8091
1061	4	14	50	11080	6868
1062	4	14	30	11090	3797
1063	4	14	35	11100	1269
1064	4	14	45	11110	24110
1065	4	14	45	11120	8007
1066	4	14	35	11130	2472
1067	4	8	30	11140	4119
1068	0	12	30	11150	16698
1069	0	12	30	11160	5996
1070	3	1	35	11170	10302
1071	0	12	35	11180	1418
1072	4	14	35	11200	24587
1073	3	1	50	11211	3108
1074	4	8	45	11222	2229
1075	4	14	50	11233	3360
1076	0	12	30	11244	11806
1077	0	12	30	11255	4195
1078	3	1	50	11266	1053
1079	4	14	45	11277	29676
1080	3	1	35	11288	6526
1081	4	8	50	11299	4279
1082	4	14	50	11310	4617
1083	0	12	45	11321	56
1084	0	12	45	11332	2847
1085	4	14	30	11343	1649
1086	3	1	45	11354	20085
1087	0	12	30	11365	6519
1088	4	14	30	11376	3571
1089	4	14	45	11387	23372
1090	0	12	50	11398	6761
1091	4	14	30	11409	23836
1092	4	8	45	11420	341
1093	4	8	50	11431	2811
1094	4	8	45	11442	5894
1095	0	12	45	11453	1846
1096	4	8	50	11464	8894
1097	3	1	45	11475	10888
1098	3	1	45	11486	2659
1099	0	12	50	11497	6820
1100	4	14	35	11508	1765
1101	4	14	50	11519	1685
1102	3	1	45	11530	11224
1103	4	14	35	11541	7985
1104	4	14	35	11552	2895
1105	4	14	35	11563	34589
1106	4	14	45	11600	1151
1107	4	8	35	11610	8595
1108	4	14	30	11620	7548
1109	3	1	45	11630	2761
1110	4	8	35	11640	1135
1111	4	8	30	11650	8467
1112	0	12	45	11660	2549
1113	3	1	35	11670	1082
1114	4	14	30	11680	1191
1115	4	14	35	11690	2008
1116	0	12	30	11700	1185
1117	4	14	45	11710	3708
1118	4	14	45	11720	15033
1119	0	12	45	11730	11571
1120	4	8	30	11740	10005
1121	4	14	35	11750	9861
1122	3	1	30	11760	346
1123	0	12	45	11770	21255
1124	0	12	30	11780	25153
1125	4	14	35	11790	11930
1126	3	1	45	11800	1028
1127	3	1	35	11810	8570
1128	4	8	30	11820	12900
1129	4	8	50	11830	302
1130	3	1	30	11840	8916
1131	3	1	45	11850	225
1132	4	8	45	11860	1070
1133	3	1	30	11870	6381
1134	0	12	30	11880	12021
1135	3	1	35	11890	3668
1136	3	1	30	11900	8634
1137	4	14	35	11910	13162
1138	0	12	30	11920	9721
1139	0	12	35	11930	3000
1140	4	14	35	11940	428
1141	4	8	30	11950	2411
1142	0	12	30	11960	23440
1143	0	12	35	12000	564
1144	4	8	30	12011	13448
1145	4	14	50	12022	19959
1146	3	1	35	12033	9023
1147	4	14	35	12044	19749
1148	3	1	50	12055	1375
1149	3	1	30	12066	2846
1150	4	14	45	12077	566
1151	4	8	30	12088	2854
1152	3	1	50	12099	18132
1153	3	1	50	12110	5843
1154	4	14	45	12121	15730
1155	4	14	50	12132	5379
1156	4	8	50	12143	1277
1157	4	8	30	12154	13912
1158	4	14	30	12165	8980
1159	0	12	50	12176	6018
1160	0	12	50	12187	16085
1161	4	8	35	12198	5180
1162	4	14	30	12209	15609
1163	3	1	30	12220	6820
1164	4	14	45	12231	7740
1165	4	14	45	12242	883
1166	0	12	35	12253	6002
1167	3	1	45	12264	10276
1168	3	1	30	12275	3434
1169	0	12	50	12286	11776
1170	0	12	30	12297	6601
1171	0	12	45	12308	3211
1172	3	1	35	12319	8810
1173	3	1	35	12330	6117
1174	0	12	35	12341	9969
1175	4	14	50	12352	4832
1176	4	14	30	12363	11480
1177	4	8	45	12374	29254
1178	3	1	35	12400	986
1179	0	12	35	12408	321
1180	0	12	30	12416	830
1181	4	14	30	12424	1838
1182	4	14	45	12432	5537
1183	4	14	50	12440	5565
1184	4	8	35	12448	27708
1185	0	12	50	12456	3719
1186	4	14	50	12464	1127
1187	3	1	45	12472	7470
1188	4	14	35	12480	9359
1189	0	12	30	12488	2716
1190	4	8	35	12496	1989
1191	0	12	50	12504	14455
1192	4	14	35	12512	1136
1193	0	12	30	12520	1535
1194	0	12	35	12528	4734
1195	4	8	30	12536	6855
1196	4	8	50	12544	4118
1197	4	8	30	12552	3733
1198	4	8	50	12560	4756
1199	3	1	35	12568	9884
1200	3	1	35	12576	3950
1201	4	14	45	12584	24474
1202	4	8	35	12592	6682
1203	4	8	30	12600	3920
1204	4	8	50	12608	10700
1205	3	1	30	12616	10707
1206	3	1	45	12624	8009
1207	0	12	35	12632	3592
1208	4	8	45	12640	13114
1209	4	14	50	12648	4175
1210	0	12	45	12656	10405
1211	4	14	30	12664	1523
1212	3	1	50	12672	9856
1213	3	1	50	12680	8066
1214	4	14	50	12688	4498
1215	4	8	50	12696	8648
1216	4	8	45	12704	30234
1217	0	12	35	12712	3528
1218	0	12	45	12720	7430
1219	4	14	45	12728	2282
1220	0	12	50	12736	28903
1221	4	8	50	12744	20292
1222	4	14	35	12752	273
1223	4	8	50	12760	504
1224	4	14	35	12768	6393
1225	4	14	30	12776	10357
1226	4	8	30	12784	1767
1227	3	1	30	12792	5432
1228	4	8	50	12800	735
1229	4	14	30	12809	1177
1230	4	8	30	12818	419
1231	4	8	30	12827	3940
1232	0	12	50	12836	5972
1233	0	12	50	12845	4176
1234	3	1	50	12854	8391
1235	0	12	45	12863	1258
1236	4	8	45	12872	8152
1237	3	1	45	12881	951
1238	4	8	50	12890	11542
1239	4	14	30	12899	2100
1240	4	8	30	12908	10753
1241	3	1	45	12917	11746
1242	4	8	50	12926	12918
1243	4	14	45	12935	2661
1244	4	14	35	12944	6572
1245	3	1	35	12953	383
1246	3	1	30	12962	1091
1247	0	12	45	12971	5501
1248	0	12	35	12980	10917
1249	3	1	45	12989	12330
1250	4	14	35	12998	7297
1251	4	8	45	13007	374
1252	4	8	35	13016	11687
1253	4	8	30	13025	1784
1254	3	1	45	13034	10663
1255	4	8	45	13043	5061
1256	0	12	35	13052	20150
1257	4	14	45	13061	5627
1258	3	1	45	13070	14515
1259	3	1	50	13079	92
1260	4	8	30	13088	6204
1261	0	12	35	13097	1203
1262	3	1	35	13106	2560
1263	3	1	35	13115	8845
1264	4	8	50	13124	3515
1265	4	14	45	13133	3308
1266	3	1	35	13142	8338
1267	3	1	50	13151	2872
1268	0	12	50	13160	33856
1269	3	1	30	13169	2678
1270	4	14	30	13178	175
1271	4	14	30	13200	16023
1272	3	1	35	13210	7189
1273	4	8	45	13220	3747
1274	4	8	45	13230	5689
1275	4	8	35	13240	1818
1276	0	12	50	13250	1020
1277	4	14	50	13260	11111
1278	3	1	35	13270	5558
1279	0	12	30	13280	5601
1280	4	8	30	13290	7299
1281	0	12	45	13300	9656
1282	4	8	50	13310	11038
1283	3	1	35	13320	2875
1284	4	14	50	13330	6185
1285	0	12	35	13340	42
1286	4	14	50	13350	7761
1287	3	1	50	13360	3156
1288	3	1	35	13370	8878
1289	0	12	30	13380	1596
1290	0	12	35	13390	2050
1291	4	8	30	13400	1150
1292	4	14	50	13410	2572
1293	4	14	30	13420	11161
1294	4	8	30	13430	9406
1295	4	8	45	13440	7322
1296	4	14	30	13450	5477
1297	3	1	35	13460	1132
1298	4	8	50	13470	20980
1299	0	12	50	13480	2003
1300	4	14	30	13490	4079
1301	4	14	30	13500	13984
1302	4	14	45	13510	5736
1303	3	1	30	13520	4929
1304	4	14	45	13530	11559
1305	0	12	30	13540	10573
1306	4	14	30	13550	4823
1307	0	12	50	13560	4006
1308	0	12	35	13570	9395
1309	0	12	35	13580	6090
1310	4	8	45	13600	3434
1311	0	12	35	13610	1478
1312	4	8	30	13620	34
1313	4	8	45	13630	3246
1314	0	12	45	13640	4262
1315	0	12	35	13650	14591
1316	3	1	45	13660	3970
1317	0	12	30	13670	28600
1318	4	14	45	13680	1119
1319	4	8	35	13690	3449
1320	4	14	45	13700	10119
1321	0	12	35	13710	3101
1322	4	14	45	13720	7980
1323	0	12	50	13730	13062
1324	3	1	50	13740	482
1325	3	1	50	13750	17493
1326	4	14	35	13760	7133
1327	4	14	30	13770	14696
1328	4	14	35	13780	9180
1329	0	12	30	13790	19208
1330	4	8	30	13800	9837
1331	4	8	45	13810	35222
1332	3	1	30	13820	13865
1333	4	8	35	13830	2620
1334	4	8	50	13840	878
1335	4	8	50	13850	11847
1336	0	12	50	13860	1676
1337	4	14	45	13870	2721
1338	4	14	50	13880	6172
1339	4	14	45	13890	13084
1340	0	12	35	13900	6432
1341	4	14	30	13910	2060
1342	3	1	35	13920	8063
1343	3	1	30	13930	1182
1344	3	1	45	13940	14261
1345	4	14	50	13950	472
1346	4	14	30	13960	1110
1347	3	1	30	13970	22702
1348	3	1	45	13980	3314
1349	0	12	45	13990	15328
1350	3	1	50	14000	1868
1351	4	14	30	14010	5934
1352	4	14	45	14020	11
1353	0	12	45	14030	6884
1354	0	12	35	14040	5606
1355	4	14	45	14050	650
1356	4	14	45	14060	1731
1357	4	14	50	14070	9826
1358	0	12	35	14080	4106
1359	4	8	45	14090	16734
1360	0	12	50	14100	1237
1361	0	12	30	14110	7576
1362	0	12	35	14120	9940
1363	0	12	35	14130	12172
1364	3	1	30	14140	13959
1365	4	14	30	14150	3586
1366	3	1	35	14160	3391
1367	0	12	50	14170	10327
1368	4	14	45	14180	2086
1369	4	14	50	14190	8183
1370	0	12	35	14200	8387
1371	4	14	30	14210	868
1372	0	12	35	14220	4557
1373	0	12	30	14230	3148
1374	0	12	50	14240	12788
1375	0	12	45	14250	5398
1376	4	8	30	14260	9274
1377	4	8	35	14270	5446
1378	3	1	30	14280	28833
1379	3	1	30	14290	9
1380	3	1	50	14300	11352
1381	4	8	30	14310	8366
1382	0	12	45	14320	5569
1383	4	14	45	14330	14165
1384	4	8	30	14340	9659
1385	3	1	30	14350	1625
1386	3	1	50	14360	34302
1387	3	1	45	14370	2260
1388	0	12	30	14380	11951
1389	3	1	35	14400	210
1390	4	8	30	14408	6900
1391	4	8	30	14416	5260
1392	4	14	35	14424	17436
1393	3	1	30	14432	8658
1394	3	1	45	14440	8674
1395	0	12	35	14448	22558
1396	3	1	45	14456	5800
1397	4	8	30	14464	15360
1398	4	14	30	14472	2992
1399	3	1	35	14480	5087
1400	4	8	35	14488	9952
1401	4	14	30	14496	4149
1402	3	1	35	14504	9956
1403	4	14	45	14512	9597
1404	0	12	30	14520	1818
1405	3	1	50	14528	891
1406	4	14	45	14536	749
1407	3	1	45	14544	9018
1408	4	14	45	14552	12087
1409	0	12	45	14560	105
1410	4	8	45	14568	3977
1411	3	1	35	14576	9654
1412	4	8	45	14584	10606
1413	4	8	35	14592	4090
1414	4	14	50	14600	1008
1415	4	14	50	14608	5460
1416	4	14	35	14616	937
1417	4	8	45	14624	17066
1418	3	1	35	14632	672
1419	0	12	50	14640	8206
1420	4	8	35	14648	3760
1421	0	12	50	14656	836
1422	4	14	45	14664	23878
1423	4	8	35	14672	1821
1424	4	8	45	14680	516
1425	3	1	35	14688	1467
1426	0	12	50	14696	1946
1427	4	8	30	14704	11866
1428	4	8	35	14712	8713
1429	0	12	45	14720	15582
1430	3	1	50	14728	29521
1431	0	12	30	14736	14313
1432	3	1	35	14744	1604
1433	4	14	50	14752	5581
1434	0	12	45	14760	2733
1435	3	1	45	14768	3487
1436	3	1	45	14776	22075
1437	4	8	50	14784	12989
1438	3	1	35	14792	7878
1439	4	14	30	14800	7242
1440	4	14	35	14810	793
1441	4	14	30	14820	2970
1442	3	1	30	14830	5032
1443	0	12	35	14840	11498
1444	0	12	50	14850	8044
1445	4	14	50	14860	16770
1446	0	12	45	14870	11010
1447	4	8	50	14880	5333
1448	4	14	35	14890	6259
1449	3	1	45	14900	1463
1450	0	12	50	14910	14167
1451	0	12	50	14920	8043
1452	3	1	45	14930	11856
1453	4	14	30	14940	8884
1454	4	8	30	14950	803
1455	4	8	45	14960	7583
1456	0	12	45	14970	4859
1457	0	12	30	14980	5679
1458	4	8	30	14990	8089
1459	4	8	50	15000	290
1460	4	8	30	15010	17624
1461	4	8	45	15020	3042
1462	0	12	30	15030	101
1463	3	1	50	15040	20394
1464	4	8	50	15050	310
1465	0	12	35	15060	6547
1466	4	14	50	15070	5857
1467	4	8	50	15080	2113
1468	0	12	45	15090	940
1469	0	12	30	15100	11588
1470	4	8	35	15110	6531
1471	4	8	35	15120	2942
1472	4	14	35	15130	2355
1473	4	14	30	15140	5309
1474	4	8	35	15150	6336
1475	4	8	30	15160	536
1476	4	8	50	15170	8006
1477	3	1	30	15180	1656
1478	0	12	35	15200	6741
1479	4	8	50	15211	1640
1480	3	1	50	15222	4359
1481	4	14	50	15233	10454
1482	3	1	50	15244	2095
1483	4	14	45	15255	5486
1484	4	14	50	15266	223
1485	4	8	50	15277	3335
1486	4	8	35	15288	495
1487	4	14	35	15299	5724
1488	3	1	50	15310	4176
1489	4	14	30	15321	9039
1490	4	8	30	15332	18272
1491	4	8	35	15343	4473
1492	0	12	50	15354	1458
1493	4	8	45	15365	7148
1494	4	8	30	15376	9794
1495	4	8	50	15387	12041
1496	3	1	50	15398	2825
1497	0	12	30	15409	6300
1498	3	1	45	15420	10310
1499	4	14	35	15431	625
1500	0	12	50	15442	3544
1501	3	1	50	15453	5794
1502	0	12	35	15464	3769
1503	3	1	30	15475	12025
1504	4	8	35	15486	7516
1505	3	1	45	15497	5906
1506	4	8	45	15508	3812
1507	3	1	45	15519	2715
1508	3	1	45	15530	1054
1509	4	14	50	15541	249
1510	4	14	45	15552	31302
1511	4	8	35	15563	2498
1512	4	14	45	15574	22359
1513	4	14	30	15585	4793
1514	3	1	30	15600	7647
1515	3	1	30	15609	1396
1516	3	1	45	15618	718
1517	4	8	35	15627	5810
1518	3	1	30	15636	17974
1519	4	14	50	15645	9556
1520	4	14	30	15654	5526
1521	0	12	45	15663	64
1522	4	14	30	15672	13963
1523	0	12	45	15681	4552
1524	4	14	30	15690	16137
1525	4	14	50	15699	1111
1526	4	8	35	15708	1216
1527	4	8	45	15717	8731
1528	3	1	50	15726	12076
1529	4	14	45	15735	11725
1530	3	1	35	15744	11664
1531	4	8	45	15753	731
1532	0	12	45	15762	4968
1533	4	8	30	15771	5452
1534	4	8	50	15780	14058
1535	0	12	30	15789	18812
1536	3	1	35	15798	3490
1537	4	14	45	15807	4823
1538	4	8	30	15816	17451
1539	0	12	35	15825	5633
1540	0	12	35	15834	26127
1541	4	14	50	15843	11837
1542	4	8	45	15852	3922
1543	3	1	50	15861	3773
1544	4	14	35	15870	9550
1545	4	14	45	15879	7952
1546	3	1	50	15888	5378
1547	0	12	45	15897	10066
1548	3	1	35	15906	29587
1549	3	1	50	15915	6314
1550	4	14	35	15924	9423
1551	4	8	35	15933	12158
1552	4	8	30	15942	8415
1553	3	1	45	15951	220
1554	0	12	35	15960	6872
1555	4	14	35	16000	3444
1556	4	14	50	16011	9366
1557	0	12	50	16022	22745
1558	4	14	30	16033	19319
1559	3	1	45	16044	5223
1560	0	12	30	16055	3837
1561	4	14	50	16066	10036
1562	4	14	45	16077	5687
1563	3	1	30	16088	3501
1564	0	12	45	16099	2445
1565	3	1	30	16110	17849
1566	4	8	45	16121	13102
1567	3	1	45	16132	4705
1568	3	1	35	16143	7809
1569	3	1	30	16154	9924
1570	0	12	45	16165	13143
1571	4	14	50	16176	8021
1572	4	14	35	16187	7936
1573	4	8	50	16198	3938
1574	4	14	45	16209	10633
1575	0	12	30	16220	10372
1576	4	14	30	16231	7751
1577	0	12	30	16242	4773
1578	0	12	30	16253	10685
1579	4	14	35	16264	2164
1580	4	8	50	16275	8177
1581	4	8	45	16286	4430
1582	4	14	35	16297	9344
1583	0	12	30	16308	2123
1584	0	12	35	16319	640
1585	4	8	50	16330	34181
1586	4	14	45	16341	4591
1587	4	8	30	16352	4572
1588	0	12	45	16363	19986
1589	3	1	35	16374	5194
1590	4	8	30	16385	1935
1591	3	1	45	16400	4246
1592	0	12	45	16410	6250
1593	4	14	45	16420	4188
1594	0	12	30	16430	1063
1595	0	12	35	16440	2269
1596	4	14	35	16450	2446
1597	3	1	35	16460	269
1598	3	1	35	16470	956
1599	4	8	35	16480	13050
1600	3	1	30	16490	13912
1601	4	14	35	16500	366
1602	4	8	35	16510	777
1603	0	12	35	16520	2457
1604	4	8	30	16530	10753
1605	0	12	35	16540	486
1606	4	8	30	16550	1319
1607	4	14	35	16560	2430
1608	4	14	50	16570	2761
1609	0	12	30	16580	15170
1610	0	12	35	16590	10456
1611	3	1	45	16600	2201
1612	4	14	45	16610	1832
1613	4	14	50	16620	8956
1614	0	12	50	16630	14626
1615	4	14	35	16640	24946
1616	0	12	45	16650	208
1617	4	14	35	16660	2579
1618	3	1	50	16670	2599
1619	4	14	45	16680	2598
1620	4	14	35	16690	4869
1621	4	14	45	16700	3698
1622	3	1	50	16710	5987
1623	0	12	50	16720	1259
1624	0	12	50	16730	5479
1625	3	1	30	16740	4016
1626	3	1	35	16750	762
1627	0	12	45	16760	2003
1628	4	8	45	16770	2455
1629	3	1	35	16780	5359
1630	0	12	50	16800	4974
1631	4	8	45	16808	7081
1632	3	1	45	16816	3284
1633	4	14	50	16824	21589
1634	4	8	35	16832	4258
1635	4	8	45	16840	7239
1636	4	14	35	16848	3235
1637	3	1	50	16856	4421
1638	4	14	50	16864	5448
1639	4	14	50	16872	145
1640	0	12	45	16880	14365
1641	4	14	30	16888	1535
1642	3	1	30	16896	1238
1643	4	14	45	16904	562
1644	3	1	30	16912	11034
1645	3	1	45	16920	29305
1646	3	1	30	16928	1856
1647	4	8	45	16936	16237
1648	3	1	50	16944	6720
1649	0	12	50	16952	1478
1650	0	12	45	16960	2000
1651	4	14	50	16968	35286
1652	4	14	45	16976	11273
1653	4	14	45	16984	14433
1654	4	8	50	16992	3426
1655	3	1	35	17000	4842
1656	4	8	35	17008	5836
1657	4	8	35	17016	23488
1658	4	14	45	17024	11707
1659	3	1	30	17032	3378
1660	4	8	30	17040	27550
1661	4	8	35	17048	21328
1662	4	8	50	17056	48670
1663	0	12	45	17064	13023
1664	4	14	30	17072	3913
1665	3	1	50	17080	1225
1666	0	12	30	17088	18734
1667	4	14	50	17096	2539
1668	4	8	45	17104	2418
1669	4	14	30	17112	2236
1670	4	14	30	17120	7806
1671	4	8	50	17128	7354
1672	0	12	45	17136	12175
1673	3	1	50	17144	2402
1674	3	1	50	17152	4686
1675	4	14	35	17160	2641
1676	0	12	45	17168	2057
1677	3	1	35	17176	4914
1678	4	8	50	17200	4052
1679	4	8	35	17209	5897
1680	4	14	50	17218	1662
1681	4	8	45	17227	2011
1682	4	8	50	17236	8474
1683	4	8	50	17245	803
1684	4	8	45	17254	2484
1685	0	12	30	17263	5157
1686	4	8	50	17272	14257
1687	3	1	50	17281	5565
1688	4	8	50	17290	7022
1689	4	14	50	17299	25478
1690	0	12	30	17308	645
1691	3	1	50	17317	3898
1692	3	1	30	17326	8537
1693	0	12	50	17335	1294
1694	3	1	50	17344	409
1695	4	14	35	17353	18706
1696	3	1	35	17362	1557
1697	3	1	35	17371	3321
1698	4	14	35	17380	9141
1699	4	14	35	17389	7456
1700	4	8	35	17398	584
1701	4	14	35	17407	21878
1702	4	14	30	17416	7487
1703	4	14	45	17425	3137
1704	4	8	50	17434	6310
1705	3	1	50	17443	7741
1706	4	14	35	17452	1846
1707	0	12	45	17461	5484
1708	0	12	50	17470	3981
1709	3	1	45	17479	556
1710	4	8	45	17488	2063
1711	3	1	30	17497	485
1712	4	14	45	17506	6379
1713	4	8	35	17515	2269
1714	3	1	30	17524	1364
1715	0	12	35	17533	10955
1716	4	14	45	17542	2596
1717	0	12	50	17551	18597
1718	3	1	30	17560	6154
1719	3	1	50	17569	19411
1720	4	8	50	17578	2971
1721	4	8	30	17600	4120
1722	4	8	50	17609	9310
1723	4	8	45	17618	2879
1724	3	1	50	17627	1455
1725	4	8	30	17636	2168
1726	4	14	45	17645	23231
1727	4	14	45	17654	8003
1728	0	12	30	17663	1880
1729	4	14	45	17672	6208
1730	4	8	50	17681	881
1731	3	1	35	17690	17441
1732	3	1	50	17699	12038
1733	3	1	45	17708	12529
1734	0	12	50	17717	4797
1735	0	12	45	17726	2328
1736	4	8	35	17735	7626
1737	4	8	30	17744	3190
1738	4	14	50	17753	6386
1739	4	14	45	17762	8328
1740	4	8	50	17771	2507
1741	0	12	35	17780	3269
1742	3	1	30	17789	925
1743	4	14	35	17798	5824
1744	3	1	35	17807	10512
1745	3	1	30	17816	150
1746	3	1	30	17825	14473
1747	0	12	50	17834	4207
1748	4	8	45	17843	39230
1749	4	8	35	17852	2901
1750	4	14	45	17861	7875
1751	4	8	35	17870	2570
1752	4	14	35	17879	13000
1753	0	12	35	17888	11736
1754	4	8	35	17897	2807
1755	0	12	35	17906	8819
1756	3	1	35	17915	2273
1757	3	1	45	17924	2916
1758	4	8	50	17933	1376
1759	0	12	45	17942	2947
1760	4	14	35	17951	8988
1761	4	14	45	17960	6824
1762	0	12	35	17969	2702
1763	0	12	30	17978	15298
1764	4	8	45	18000	26341
1765	3	1	35	18010	3328
1766	4	14	35	18020	2638
1767	0	12	30	18030	11361
1768	4	8	35	18040	12715
1769	3	1	45	18050	18773
1770	4	14	30	18060	1125
1771	4	8	35	18070	23698
1772	4	8	30	18080	3474
1773	4	14	35	18090	17638
1774	4	8	30	18100	8231
1775	0	12	45	18110	29432
1776	4	14	50	18120	2777
1777	3	1	35	18130	1496
1778	4	14	35	18140	6769
1779	4	14	50	18150	1278
1780	3	1	30	18160	4102
1781	3	1	45	18170	6146
1782	3	1	30	18180	8166
1783	3	1	50	18190	18858
1784	0	12	50	18200	19578
1785	4	14	45	18210	14153
1786	4	14	50	18220	700
1787	3	1	35	18230	68
1788	4	8	30	18240	5468
1789	0	12	35	18250	12226
1790	3	1	30	18260	41
1791	3	1	50	18270	2956
1792	0	12	35	18280	1498
1793	4	14	35	18290	2213
1794	4	14	35	18300	28623
1795	4	8	35	18310	9503
1796	0	12	50	18320	400
1797	4	8	50	18330	2376
1798	4	8	50	18340	6465
1799	4	14	50	18350	3966
1800	3	1	45	18360	10708
1801	4	8	50	18370	648
1802	3	1	45	18380	7595
1803	3	1	50	18390	739
1804	4	8	35	18400	1519
1805	4	8	35	18410	9066
1806	0	12	35	18420	20461
1807	4	14	50	18430	19569
1808	4	14	35	18440	1084
1809	0	12	50	18450	3099
1810	0	12	45	18460	3755
1811	4	14	30	18470	639
1812	3	1	35	18480	10610
1813	4	8	50	18490	83
1814	4	8	45	18500	19003
1815	0	12	45	18510	1194
1816	0	12	45	18520	21768
1817	4	8	45	18530	3841
1818	0	12	30	18540	22348
1819	3	1	30	18550	1144
1820	4	14	35	18560	2371
1821	4	8	30	18570	2543
1822	4	14	30	18580	2443
1823	4	8	30	18590	103
1824	0	12	45	18600	18352
1825	0	12	35	18610	13818
1826	4	8	50	18620	12022
1827	3	1	50	18630	937
1828	4	14	50	18640	19975
1829	4	14	50	18650	23566
1830	0	12	45	18660	20821
1831	4	8	50	18670	296
1832	4	8	45	18680	7661
1833	0	12	35	18690	1588
1834	0	12	30	18700	4219
1835	4	8	30	18710	3124
1836	4	14	30	18720	20523
1837	0	12	30	18730	6413
1838	4	8	35	18740	10545
1839	4	14	45	18750	2147
1840	4	14	30	18760	19001
1841	4	14	30	18770	1495
1842	3	1	50	18780	17078
1843	0	12	30	18800	1528
1844	4	14	50	18809	4200
1845	3	1	30	18818	21088
1846	0	12	35	18827	6834
1847	4	14	35	18836	1398
1848	4	8	45	18845	3260
1849	4	14	50	18854	14336
1850	4	8	50	18863	11449
1851	3	1	35	18872	8807
1852	4	8	50	18881	3063
1853	4	14	45	18890	4371
1854	0	12	35	18899	1154
1855	4	8	45	18908	5009
1856	4	8	50	18917	13487
1857	4	8	45	18926	7334
1858	4	8	35	18935	1677
1859	4	8	30	18944	3455
1860	4	14	35	18953	18464
1861	3	1	45	18962	13369
1862	0	12	50	18971	43615
1863	0	12	45	18980	1581
1864	4	14	30	18989	4024
1865	4	14	45	18998	3303
1866	3	1	35	19007	4937
1867	3	1	50	19016	6468
1868	0	12	45	19025	7340
1869	4	14	45	19034	7011
1870	4	8	45	19043	1942
1871	0	12	35	19052	3860
1872	0	12	30	19061	8375
1873	0	12	45	19070	9721
1874	3	1	50	19079	2052
1875	4	14	35	19088	719
1876	3	1	30	19097	3962
1877	4	14	50	19106	747
1878	3	1	30	19115	7418
1879	4	8	45	19124	28265
1880	0	12	50	19133	2278
1881	4	8	35	19142	7679
1882	0	12	30	19151	11963
1883	0	12	30	19160	704
1884	3	1	30	19169	1651
1885	3	1	35	19200	2392
1886	4	14	30	19208	10132
1887	4	8	50	19216	1737
1888	4	14	30	19224	373
1889	4	14	45	19232	23132
1890	0	12	30	19240	5683
1891	3	1	45	19248	3119
1892	3	1	50	19256	3599
1893	0	12	35	19264	3845
1894	4	14	30	19272	3262
1895	4	8	35	19280	798
1896	4	14	30	19288	1536
1897	3	1	30	19296	9694
1898	0	12	30	19304	12064
1899	4	14	35	19312	582
1900	0	12	45	19320	5045
1901	3	1	35	19328	161
1902	4	14	50	19336	6565
1903	4	8	50	19344	11121
1904	4	8	35	19352	7694
1905	0	12	35	19360	3800
1906	3	1	30	19368	149
1907	0	12	30	19376	7632
1908	0	12	45	19384	1732
1909	4	8	30	19392	396
1910	3	1	35	19400	621
1911	4	8	50	19408	10343
1912	3	1	35	19416	43824
1913	4	14	45	19424	1970
1914	0	12	30	19432	868
1915	3	1	50	19440	2666
1916	4	8	35	19448	294
1917	4	14	50	19456	19390
1918	4	8	45	19464	39566
1919	4	8	50	19472	1177
1920	0	12	35	19480	7742
1921	0	12	35	19488	2466
1922	3	1	50	19496	5687
1923	0	12	50	19504	8537
1924	4	14	35	19512	625
1925	4	14	50	19520	17854
1926	3	1	35	19528	165
1927	0	12	45	19536	2488
1928	4	8	35	19544	3676
1929	4	8	45	19552	1126
1930	4	14	35	19600	19372
1931	0	12	30	19613	9325
1932	4	14	50	19626	2974
1933	4	14	50	19639	6111
1934	4	8	50	19652	5593
1935	3	1	35	19665	2068
1936	3	1	45	19678	471
1937	3	1	30	19691	201
1938	3	1	50	19704	5026
1939	3	1	45	19717	13214
1940	4	14	30	19730	2195
1941	3	1	30	19743	873
1942	4	8	35	19756	4
1943	3	1	30	19769	47196
1944	0	12	35	19782	16308
1945	3	1	30	19795	12224
1946	4	14	30	19808	3169
1947	3	1	30	19821	1243
1948	4	14	35	19834	2614
1949	4	8	35	19847	422
1950	4	14	30	19860	485
1951	4	14	35	19873	2445
1952	0	12	45	19886	9888
1953	3	1	30	19899	8213
1954	4	14	50	19912	4784
1955	4	14	30	19925	1809
1956	4	14	45	19938	5725
1957	3	1	50	19951	18736
1958	3	1	45	19964	9011
1959	3	1	35	20000	10331
1960	4	8	50	20010	3541
1961	4	8	45	20020	11126
1962	4	14	50	20030	2262
1963	3	1	30	20040	523
1964	4	8	45	20050	1180
1965	3	1	35	20060	3907
1966	3	1	30	20070	4288
1967	4	14	45	20080	4953
1968	3	1	45	20090	10051
1969	3	1	50	20100	16638
1970	4	14	30	20110	2052
1971	3	1	35	20120	90
1972	0	12	50	20130	4709
1973	4	14	30	20140	1632
1974	4	8	45	20150	18170
1975	4	8	35	20160	5816
1976	3	1	30	20170	2460
1977	0	12	50	20180	5732
1978	0	12	45	20190	12342
1979	4	8	35	20200	2763
1980	4	14	50	20210	6669
1981	0	12	35	20220	16732
1982	4	8	35	20230	35784
1983	0	12	30	20240	3050
1984	4	8	45	20250	601
1985	0	12	30	20260	8349
1986	4	14	35	20270	30835
1987	0	12	45	20280	8838
1988	4	14	50	20290	702
1989	4	8	50	20300	2859
1990	4	14	45	20310	10090
1991	0	12	50	20320	1331
1992	0	12	45	20330	3434
1993	0	12	45	20340	10818
1994	0	12	45	20350	4791
1995	3	1	45	20360	5369
1996	4	14	30	20370	15560
1997	3	1	30	20400	22143
1998	4	8	35	20533	15732
1999	3	1	30	20666	5282
