0	4	8	50	0	12213
1	4	8	35	8	2832
2	4	14	30	16	3485
3	4	14	50	24	4774
4	4	14	30	32	865
5	4	8	50	40	1549
6	4	14	35	48	474
7	0	12	50	56	7474
8	4	14	45	64	1356
9	4	8	50	72	4487
10	3	1	35	80	6847
11	0	12	45	88	1743
12	3	1	45	96	1691
13	4	14	35	104	3367
14	0	12	35	112	5206
15	3	1	35	120	1622
16	4	8	45	128	5009
17	3	1	45	136	517
18	4	14	30	144	246
19	4	8	35	152	9355
20	4	8	35	160	2460
21	4	14	35	168	2126
22	4	14	50	176	1998
23	4	14	45	184	1268
24	4	14	50	192	232
25	3	1	30	200	2967
26	4	8	35	208	737
27	4	14	30	216	777
28	4	14	30	224	16843
29	4	14	35	232	2489
30	4	8	35	240	1352
31	3	1	45	248	13706
32	4	8	30	256	9109
33	3	1	45	264	3674
34	4	14	35	272	13546
35	3	1	35	280	4969
36	0	12	30	288	659
37	3	1	50	296	9654
38	4	14	35	304	1516
39	4	8	50	312	1750
40	3	1	30	320	1860
41	4	14	45	328	1140
42	4	14	45	336	856
43	0	12	35	344	10765
44	4	14	50	352	12822
45	3	1	30	360	3891
46	4	8	45	368	6045
47	4	8	45	376	1476
48	3	1	50	384	1999
49	4	14	35	400	248
50	4	14	50	409	4285
51	4	14	30	418	7534
52	4	8	35	427	3091
53	0	12	50	436	5616
54	4	14	50	445	5313
55	4	14	30	454	1989
56	0	12	50	463	7561
57	4	14	45	472	3093
58	0	12	35	481	7006
59	4	8	35	490	7073
60	4	8	50	499	3470
61	3	1	45	508	2029
62	4	14	35	517	2995
63	4	14	45	526	809
64	4	8	50	535	2607
65	4	14	30	544	489
66	4	8	50	553	758
67	4	14	45	562	3967
68	4	8	50	571	383
69	4	8	45	580	4263
70	0	12	50	589	452
71	4	14	50	598	92
72	4	8	35	607	1823
73	3	1	50	616	5408
74	4	14	30	625	966
75	4	14	45	634	9031
76	0	12	30	643	1853
77	4	14	30	652	2514
78	4	14	45	661	1157
79	4	14	30	670	3729
80	3	1	50	679	7557
81	4	14	50	688	5031
82	0	12	45	697	10662
83	3	1	45	706	5024
84	4	14	50	715	12851
85	3	1	45	724	3213
86	3	1	45	733	1477
87	4	8	30	742	1808
88	4	8	35	751	7283
89	4	14	30	760	897
90	4	14	30	769	853
91	4	14	30	778	521
92	4	14	50	787	950
93	3	1	30	800	10040
94	0	12	30	807	14496
95	3	1	45	814	4634
96	4	8	35	821	3881
97	4	14	30	828	8457
98	4	8	45	835	12643
99	4	8	35	842	1442
100	4	14	35	849	3792
101	4	14	50	856	2992
102	4	14	35	863	564
103	3	1	45	870	1392
104	4	14	45	877	21585
105	3	1	45	884	2746
106	3	1	30	891	2494
107	4	8	30	898	5001
108	0	12	50	905	1840
109	0	12	30	912	5572
110	3	1	35	919	1594
111	4	14	50	926	6796
112	3	1	35	933	840
113	3	1	45	940	1115
114	3	1	50	947	3861
115	3	1	50	954	2503
116	4	14	45	961	9499
117	3	1	50	968	648
118	4	14	45	975	1120
119	4	14	45	982	76
120	4	8	50	989	1256
121	3	1	50	996	2050
122	4	14	50	1003	5628
123	4	8	30	1010	2283
124	3	1	50	1017	3578
125	4	8	45	1024	1942
126	0	12	45	1031	290
127	4	14	30	1038	2307
128	4	14	50	1045	2390
129	4	8	30	1052	1496
130	3	1	35	1059	3796
131	4	8	35	1066	4842
132	4	14	30	1073	8872
133	4	8	35	1080	9300
134	4	14	45	1087	2673
135	3	1	30	1094	12944
136	3	1	45	1101	14689
137	4	14	50	1108	13067
138	4	14	35	1115	4716
139	4	14	45	1122	9656
140	4	14	50	1129	11214
141	3	1	45	1136	6938
142	4	14	30	1143	4078
143	4	14	30	1150	2123
144	3	1	50	1157	1893
145	4	8	30	1164	2403
146	4	14	35	1171	7182
147	3	1	45	1178	2004
148	3	1	45	1185	3691
149	4	14	30	1200	749
150	4	14	45	1212	8472
151	4	8	50	1224	2876
152	4	14	50	1236	918
153	4	14	35	1248	1353
154	4	14	50	1260	734
155	4	14	30	1272	5964
156	3	1	45	1284	274
157	3	1	50	1296	5855
158	4	8	35	1308	9375
159	4	14	35	1320	2161
160	4	8	30	1332	2340
161	3	1	30	1344	5036
162	4	14	35	1356	6245
163	4	14	35	1368	6115
164	3	1	30	1380	8799
165	3	1	35	1392	1203
166	4	8	30	1404	2954
167	3	1	45	1416	3162
168	4	8	35	1428	4001
169	4	8	50	1440	1400
170	4	14	50	1452	1987
171	4	14	50	1464	621
172	4	14	30	1476	5013
173	3	1	30	1488	5651
174	4	14	35	1500	1758
175	4	8	50	1512	7293
176	4	14	45	1524	152
177	4	14	45	1536	870
178	4	14	50	1548	4342
179	4	14	35	1560	3954
180	3	1	30	1600	10070
181	4	14	30	1609	4417
182	4	8	30	1618	2653
183	4	14	45	1627	3219
184	0	12	35	1636	2368
185	4	8	30	1645	1313
186	4	8	30	1654	9054
187	3	1	35	1663	6473
188	3	1	35	1672	2573
189	3	1	35	1681	7749
190	4	14	35	1690	10644
191	3	1	35	1699	409
192	4	8	35	1708	8033
193	4	14	30	1717	5753
194	3	1	50	1726	1106
195	3	1	30	1735	324
196	0	12	30	1744	1169
197	4	14	45	1753	4758
198	4	8	30	1762	8180
199	4	8	45	1771	4084
200	4	8	45	1780	4768
201	4	14	50	1789	1765
202	4	14	35	1798	13452
203	3	1	50	1807	6854
204	3	1	45	1816	614
205	4	8	50	1825	1994
206	3	1	30	1834	1981
207	3	1	45	1843	1729
208	4	14	50	1852	5207
209	4	8	35	1861	1374
210	4	8	30	1870	9288
211	4	8	35	1879	2615
212	0	12	50	1888	260
213	4	14	45	1897	3500
214	4	8	45	1906	361
215	3	1	45	1915	103
216	3	1	30	1924	196
217	3	1	45	1933	2809
218	4	8	50	1942	163
219	3	1	30	1951	14630
220	4	14	35	1960	566
221	3	1	45	2000	860
222	0	12	50	2008	4754
223	4	14	45	2016	6999
224	3	1	35	2024	1310
225	3	1	30	2032	3029
226	4	8	35	2040	1857
227	4	8	35	2048	44
228	3	1	50	2056	1329
229	0	12	45	2064	9730
230	4	14	50	2072	1578
231	3	1	45	2080	4781
232	4	8	45	2088	512
233	4	8	45	2096	11005
234	3	1	35	2104	3647
235	4	14	30	2112	839
236	4	14	50	2120	674
237	3	1	45	2128	4014
238	3	1	50	2136	2484
239	4	8	30	2144	4397
240	4	14	30	2152	917
241	4	14	30	2160	9936
242	3	1	30	2168	5953
243	3	1	35	2176	4510
244	3	1	50	2184	4904
245	3	1	50	2192	376
246	3	1	45	2200	7330
247	0	12	30	2208	4286
248	4	14	45	2216	521
249	4	14	50	2224	4712
250	4	8	30	2232	2391
251	3	1	35	2240	3625
252	4	14	45	2248	1121
253	4	14	30	2256	10930
254	3	1	35	2264	4606
255	3	1	50	2272	4710
256	4	14	30	2280	251
257	3	1	50	2288	1746
258	4	14	50	2296	12369
259	3	1	30	2304	3407
260	4	14	50	2312	1005
261	0	12	35	2320	1310
262	4	8	50	2328	4094
263	4	8	45	2336	1080
264	4	14	45	2344	3733
265	4	14	45	2352	5138
266	0	12	30	2400	1605
267	4	8	35	2409	2938
268	4	14	30	2418	7426
269	4	8	30	2427	1693
270	4	14	45	2436	101
271	4	14	35	2445	11935
272	3	1	50	2454	1630
273	4	8	35	2463	4880
274	3	1	35	2472	3766
275	4	14	45	2481	2964
276	4	8	35	2490	8558
277	3	1	35	2499	523
278	4	14	50	2508	1705
279	4	14	30	2517	1740
280	4	8	35	2526	5230
281	4	14	45	2535	18
282	4	14	35	2544	16774
283	0	12	30	2553	4127
284	4	8	50	2562	6073
285	4	14	45	2571	243
286	4	14	50	2580	2649
287	3	1	30	2589	10545
288	3	1	30	2598	773
289	4	14	50	2607	2394
290	4	14	45	2616	4037
291	4	14	30	2625	8893
292	4	14	45	2634	8592
293	4	14	30	2643	1658
294	3	1	30	2652	976
295	4	8	35	2661	3837
296	3	1	30	2670	816
297	4	8	50	2679	1753
298	4	14	50	2688	2339
299	4	14	35	2697	1756
300	4	14	50	2706	1732
301	3	1	35	2715	2750
302	0	12	30	2724	5245
303	4	14	45	2733	694
304	4	8	35	2742	4868
305	4	8	50	2751	7135
306	4	14	30	2760	6220
307	3	1	35	2800	1204
308	3	1	35	2812	774
309	4	14	45	2824	228
310	3	1	35	2836	2588
311	4	14	45	2848	3007
312	3	1	30	2860	6016
313	4	8	50	2872	20200
314	3	1	45	2884	457
315	4	14	30	2896	902
316	4	14	45	2908	1977
317	0	12	50	2920	354
318	4	8	50	2932	2825
319	0	12	45	2944	5319
320	3	1	50	2956	2797
321	4	8	35	2968	49
322	4	14	30	2980	2496
323	4	8	30	2992	3341
324	3	1	35	3004	407
325	4	8	50	3016	3636
326	4	8	45	3028	113
327	4	14	50	3040	411
328	4	14	35	3052	3685
329	3	1	50	3064	4639
330	0	12	35	3076	2996
331	0	12	45	3088	704
332	3	1	35	3100	1662
333	0	12	50	3112	518
334	4	14	50	3124	1981
335	4	14	50	3136	1830
336	4	14	30	3148	14036
337	4	14	50	3160	9668
338	4	14	45	3172	9866
339	4	14	45	3200	2935
340	0	12	35	3209	2014
341	4	14	50	3218	12141
342	4	14	35	3227	7983
343	4	14	45	3236	826
344	4	8	30	3245	3989
345	0	12	50	3254	1780
346	3	1	50	3263	5803
347	4	14	45	3272	4204
348	4	14	35	3281	4626
349	4	8	35	3290	1270
350	4	8	30	3299	737
351	4	14	35	3308	1532
352	3	1	35	3317	4511
353	4	14	45	3326	5985
354	3	1	35	3335	1274
355	4	8	45	3344	844
356	4	8	50	3353	6545
357	4	8	35	3362	3490
358	4	14	35	3371	8205
359	4	14	50	3380	2410
360	4	8	45	3389	117
361	3	1	45	3398	3606
362	0	12	35	3407	5268
363	3	1	45	3416	2881
364	4	14	50	3425	2033
365	4	14	35	3434	654
366	3	1	45	3443	7902
367	3	1	30	3452	1901
368	3	1	30	3461	4750
369	3	1	50	3470	17488
370	3	1	45	3479	3607
371	4	8	35	3488	8344
372	4	14	50	3497	8000
373	4	14	35	3506	200
374	3	1	50	3515	686
375	4	8	35	3524	3702
376	4	8	50	3533	235
377	4	14	35	3542	1808
378	3	1	50	3551	4153
379	4	14	30	3560	2927
380	4	14	35	3569	2773
381	4	14	45	3600	3113
382	3	1	45	3610	545
383	4	14	45	3620	2413
384	3	1	50	3630	19
385	4	14	30	3640	1451
386	4	14	30	3650	12593
387	4	14	50	3660	5294
388	4	8	30	3670	7612
389	4	14	50	3680	2057
390	4	8	35	3690	1098
391	4	8	50	3700	2647
392	4	14	45	3710	4481
393	3	1	35	3720	3098
394	4	8	50	3730	8902
395	4	14	45	3740	5024
396	3	1	50	3750	6537
397	4	8	50	3760	6710
398	0	12	45	3770	907
399	3	1	35	3780	1885
400	4	14	35	3790	5544
401	4	14	45	3800	2118
402	4	8	30	3810	640
403	3	1	50	3820	1355
404	4	14	35	3830	7533
405	3	1	45	3840	14550
406	4	14	45	3850	2615
407	4	8	45	3860	11748
408	3	1	30	3870	2207
409	3	1	30	3880	502
410	4	8	35	3890	1870
411	4	8	45	3900	6392
412	4	14	35	3910	1649
413	3	1	45	3920	2496
414	3	1	50	3930	48
415	3	1	45	3940	2571
416	4	14	45	3950	415
417	4	8	45	3960	7651
418	4	14	45	3970	8999
419	4	14	30	3980	2744
420	4	14	35	4000	6018
421	3	1	45	4012	3474
422	3	1	45	4024	1323
423	4	14	50	4036	17883
424	4	14	45	4048	1466
425	4	14	50	4060	17047
426	4	8	50	4072	197
427	0	12	30	4084	1568
428	3	1	30	4096	832
429	4	14	35	4108	10652
430	3	1	30	4120	4117
431	4	14	50	4132	8073
432	4	8	45	4144	125
433	4	8	45	4156	2588
434	4	8	30	4168	3164
435	3	1	30	4180	2452
436	3	1	45	4192	2952
437	4	8	50	4204	502
438	4	8	45	4216	2440
439	3	1	30	4228	2993
440	3	1	35	4240	945
441	3	1	30	4252	5842
442	3	1	50	4264	6420
443	3	1	45	4276	1540
444	4	14	50	4288	1563
445	3	1	50	4300	7234
446	4	14	50	4312	8544
447	4	14	45	4324	5918
448	3	1	35	4336	1780
449	3	1	50	4348	182
450	3	1	45	4360	3104
451	3	1	50	4372	445
452	4	14	50	4400	922
453	4	8	35	4410	5241
454	4	8	35	4420	6238
455	0	12	35	4430	7839
456	4	8	35	4440	7038
457	4	14	35	4450	1848
458	3	1	30	4460	9402
459	4	14	50	4470	2196
460	4	14	50	4480	3435
461	3	1	45	4490	6780
462	4	14	45	4500	12773
463	3	1	30	4510	3285
464	4	14	45	4520	10143
465	0	12	30	4530	2699
466	4	8	50	4540	2133
467	3	1	50	4550	13346
468	3	1	35	4560	2941
469	4	14	30	4570	4391
470	4	8	50	4580	18262
471	4	14	35	4590	5189
472	4	8	50	4600	4553
473	4	14	35	4610	6436
474	4	14	45	4620	272
475	4	8	30	4630	5561
476	3	1	35	4640	13987
477	3	1	45	4650	10494
478	0	12	30	4660	6315
479	4	14	50	4670	969
480	4	8	30	4680	1910
481	4	8	35	4690	2169
482	3	1	50	4700	290
483	4	8	50	4710	1138
484	4	14	35	4720	3592
485	4	14	45	4730	2158
486	4	14	30	4740	1299
487	4	14	30	4750	7799
488	4	14	50	4760	485
489	0	12	50	4770	1429
490	4	14	45	4780	12459
491	3	1	45	4790	1546
492	4	14	30	4800	5172
493	4	14	35	4809	7090
494	3	1	50	4818	1536
495	3	1	30	4827	2411
496	4	14	30	4836	2377
497	3	1	30	4845	12637
498	4	14	50	4854	24198
499	3	1	35	4863	6440
500	0	12	30	4872	1953
501	0	12	35	4881	529
502	4	14	35	4890	11478
503	0	12	45	4899	2985
504	3	1	50	4908	6470
505	4	14	45	4917	3338
506	4	14	50	4926	2297
507	4	14	35	4935	299
508	4	14	50	4944	1565
509	4	8	30	4953	10664
510	3	1	45	4962	8952
511	4	14	45	4971	771
512	3	1	35	4980	1827
513	4	8	45	4989	5013
514	3	1	50	4998	1982
515	4	14	50	5007	2095
516	4	8	50	5016	1365
517	3	1	35	5025	2286
518	3	1	30	5034	9533
519	3	1	30	5043	3225
520	4	14	45	5052	1202
521	0	12	45	5061	317
522	4	14	45	5070	495
523	4	14	35	5079	1053
524	4	8	50	5088	385
525	4	14	35	5097	2416
526	4	14	50	5106	623
527	4	14	30	5115	921
528	4	14	30	5124	367
529	3	1	45	5133	2186
530	4	8	30	5142	1078
531	4	14	35	5151	480
532	3	1	35	5160	1164
533	3	1	35	5169	469
534	3	1	50	5200	2070
535	3	1	45	5209	2049
536	4	8	45	5218	1576
537	4	8	30	5227	3625
538	4	8	30	5236	258
539	4	14	35	5245	1815
540	3	1	30	5254	1169
541	4	8	45	5263	1884
542	4	8	30	5272	1567
543	4	14	45	5281	3468
544	0	12	30	5290	932
545	3	1	50	5299	300
546	4	14	50	5308	2423
547	4	14	45	5317	2781
548	0	12	45	5326	55
549	0	12	35	5335	3873
550	3	1	50	5344	477
551	4	14	45	5353	1825
552	3	1	30	5362	1117
553	0	12	35	5371	2265
554	0	12	35	5380	12019
555	4	14	30	5389	7598
556	3	1	45	5398	1094
557	4	14	50	5407	2209
558	4	14	45	5416	2268
559	4	14	30	5425	695
560	3	1	30	5434	5813
561	4	14	35	5443	6280
562	3	1	35	5452	3880
563	4	14	50	5461	4086
564	4	14	50	5470	3869
565	0	12	50	5479	1728
566	3	1	35	5488	2502
567	4	8	45	5497	4810
568	3	1	45	5506	390
569	4	14	50	5515	172
570	4	14	50	5524	20
571	0	12	45	5533	85
572	4	14	35	5542	288
573	4	8	35	5551	5444
574	4	8	45	5560	4093
575	3	1	30	5569	9663
576	4	14	50	5578	5037
577	3	1	45	5600	204
578	3	1	35	5610	2767
579	4	8	45	5620	4070
580	3	1	50	5630	2159
581	4	14	30	5640	3040
582	4	8	50	5650	6638
583	4	14	50	5660	1230
584	3	1	30	5670	3118
585	3	1	45	5680	9035
586	3	1	35	5690	231
587	3	1	45	5700	1753
588	4	14	30	5710	5646
589	3	1	50	5720	10796
590	3	1	35	5730	1331
591	3	1	45	5740	6797
592	4	14	45	5750	4533
593	3	1	30	5760	209
594	4	14	30	5770	2154
595	4	8	50	5780	3585
596	3	1	50	5790	11425
597	4	14	50	5800	2031
598	3	1	50	5810	2073
599	0	12	50	5820	154
600	4	14	50	5830	7653
601	4	14	35	5840	2965
602	4	14	30	5850	2117
603	4	14	35	5860	12690
604	4	8	30	5870	1021
605	0	12	50	5880	2029
606	4	14	45	5890	1058
607	4	8	50	5900	16272
608	4	14	50	5910	4788
609	4	14	50	5920	4911
610	3	1	50	5930	5624
611	4	14	45	5940	402
612	4	8	50	5950	5808
613	4	14	30	5960	9014
614	4	8	50	5970	3190
615	3	1	30	6000	4979
616	4	8	45	6011	2084
617	4	14	45	6022	7207
618	0	12	30	6033	1595
619	0	12	35	6044	278
620	4	8	45	6055	2592
621	3	1	30	6066	6078
622	4	14	30	6077	176
623	4	14	35	6088	1877
624	0	12	50	6099	2521
625	4	14	50	6110	2292
626	4	14	50	6121	6005
627	3	1	50	6132	461
628	4	14	50	6143	4038
629	4	14	35	6154	451
630	3	1	50	6165	1713
631	4	14	35	6176	3760
632	3	1	45	6187	2108
633	4	8	45	6198	7818
634	4	14	45	6209	1673
635	0	12	45	6220	5979
636	3	1	35	6231	100
637	4	14	30	6242	1591
638	4	8	45	6253	7804
639	3	1	45	6264	1224
640	4	8	30	6275	5728
641	4	14	35	6286	2218
642	0	12	30	6297	2943
643	4	14	30	6308	2017
644	0	12	45	6319	1082
645	4	14	45	6330	1685
646	4	14	50	6341	298
647	4	14	35	6352	108
648	0	12	45	6363	4517
649	4	8	45	6400	5304
650	4	14	45	6414	5528
651	0	12	35	6428	18213
652	4	8	50	6442	1794
653	4	14	45	6456	3526
654	4	14	50	6470	465
655	4	14	50	6484	2643
656	4	14	50	6498	5491
657	3	1	45	6512	806
658	4	14	35	6526	2835
659	4	8	45	6540	1670
660	4	14	50	6554	12809
661	3	1	50	6568	2993
662	4	8	50	6582	776
663	4	8	35	6596	1405
664	4	8	50	6610	9945
665	3	1	45	6624	165
666	3	1	50	6638	6963
667	4	14	45	6652	7001
668	4	14	35	6666	17851
669	3	1	30	6680	399
670	3	1	50	6694	2365
671	0	12	50	6708	6130
672	4	14	35	6722	442
673	3	1	45	6736	8137
674	3	1	35	6750	2487
675	3	1	30	6764	5280
676	0	12	45	6800	2799
677	4	14	45	6810	2720
678	0	12	45	6820	182
679	0	12	50	6830	1021
680	3	1	50	6840	3671
681	4	14	45	6850	570
682	3	1	45	6860	3031
683	0	12	45	6870	3296
684	4	14	50	6880	5876
685	4	14	35	6890	1329
686	3	1	35	6900	5604
687	4	14	35	6910	845
688	4	14	35	6920	2476
689	3	1	30	6930	1474
690	4	14	50	6940	35
691	4	8	50	6950	2273
692	4	14	35	6960	3491
693	4	8	30	6970	4218
694	3	1	30	6980	11156
695	4	14	50	6990	9169
696	4	14	30	7000	1821
697	4	14	50	7010	4518
698	3	1	50	7020	2261
699	3	1	30	7030	1391
700	4	14	30	7040	4428
701	4	8	30	7050	5340
702	3	1	45	7060	17594
703	3	1	50	7070	16736
704	4	14	30	7080	707
705	4	8	35	7090	2571
706	4	8	50	7100	3140
707	3	1	45	7110	5707
708	4	14	30	7120	899
709	3	1	45	7130	23873
710	0	12	45	7140	344
711	4	8	35	7150	11805
712	4	14	35	7160	6208
713	4	14	35	7200	2136
714	3	1	50	7211	3206
715	4	14	35	7222	2744
716	0	12	35	7233	4685
717	3	1	35	7244	2387
718	0	12	50	7255	3355
719	4	14	30	7266	899
720	4	14	30	7277	14360
721	3	1	45	7288	54
722	3	1	30	7299	2576
723	4	8	30	7310	15602
724	3	1	35	7321	1013
725	3	1	45	7332	1240
726	4	14	35	7343	3986
727	3	1	35	7354	20
728	4	8	50	7365	1144
729	4	14	30	7376	190
730	4	8	35	7387	1118
731	4	8	45	7398	1004
732	3	1	30	7409	1453
733	3	1	45	7420	351
734	0	12	50	7431	1210
735	4	14	30	7442	10647
736	4	8	45	7453	1209
737	3	1	45	7464	5800
738	3	1	35	7475	5737
739	4	14	35	7486	5980
740	4	14	45	7497	906
741	3	1	30	7508	5138
742	4	14	30	7519	5191
743	0	12	30	7530	4039
744	4	14	35	7541	8704
745	3	1	35	7552	2923
746	4	14	45	7563	4909
747	3	1	45	7574	2542
748	4	14	50	7585	4847
749	3	1	50	7600	698
750	3	1	35	7608	3659
751	3	1	35	7616	978
752	4	8	30	7624	2465
753	3	1	50	7632	645
754	4	14	35	7640	2911
755	4	14	35	7648	6047
756	4	14	50	7656	6558
757	4	14	45	7664	14557
758	3	1	30	7672	1683
759	0	12	30	7680	1614
760	3	1	45	7688	6136
761	3	1	50	7696	3231
762	4	14	30	7704	315
763	3	1	35	7712	5832
764	4	14	35	7720	10111
765	3	1	50	7728	3848
766	4	14	50	7736	1765
767	3	1	45	7744	25
768	3	1	45	7752	9362
769	4	14	30	7760	1266
770	4	14	30	7768	6746
771	4	8	50	7776	1450
772	3	1	35	7784	2196
773	4	14	30	7792	1856
774	4	14	35	7800	3783
775	0	12	50	7808	982
776	0	12	50	7816	642
777	4	14	35	7824	2223
778	4	14	50	7832	195
779	4	14	30	7840	1360
780	4	14	30	7848	6146
781	4	14	35	7856	411
782	4	14	50	7864	1709
783	4	14	30	7872	2466
784	4	8	45	7880	5571
785	4	14	45	7888	1288
786	3	1	35	7896	4058
787	4	14	45	7904	1923
788	4	8	30	7912	9352
789	3	1	30	7920	11
790	4	8	45	7928	1661
791	4	8	35	7936	108
792	3	1	50	7944	9482
793	3	1	30	7952	371
794	4	14	35	7960	4683
795	4	14	45	7968	3696
796	4	14	50	7976	1798
797	4	14	35	7984	6694
798	4	8	45	8000	2534
799	4	8	50	8009	3573
800	4	14	35	8018	2795
801	3	1	30	8027	643
802	3	1	45	8036	1132
803	4	14	50	8045	7604
804	3	1	45	8054	8321
805	3	1	45	8063	3445
806	0	12	30	8072	972
807	3	1	50	8081	3291
808	4	14	30	8090	1375
809	0	12	45	8099	8071
810	4	8	30	8108	5769
811	3	1	30	8117	337
812	4	14	50	8126	1921
813	4	8	30	8135	2555
814	4	14	50	8144	2220
815	4	14	50	8153	6877
816	4	8	50	8162	14731
817	4	14	30	8171	6273
818	3	1	30	8180	4062
819	4	14	50	8189	11958
820	4	14	35	8198	621
821	3	1	45	8207	6115
822	0	12	50	8216	4717
823	4	14	45	8225	4181
824	4	8	50	8234	9960
825	4	14	45	8243	7533
826	4	8	30	8252	1343
827	3	1	50	8261	6551
828	4	14	35	8270	17202
829	4	14	30	8279	9119
830	3	1	50	8288	286
831	3	1	35	8297	14330
832	3	1	45	8306	1912
833	4	14	45	8315	9612
834	4	8	35	8324	418
835	3	1	45	8333	1193
836	4	14	45	8342	3376
837	4	14	50	8351	7313
838	4	14	35	8360	2148
839	3	1	35	8369	1320
840	4	14	30	8378	5715
841	4	14	35	8387	9399
842	4	14	45	8400	283
843	0	12	30	8408	2518
844	4	14	50	8416	1720
845	4	14	45	8424	1965
846	3	1	50	8432	1841
847	4	14	50	8440	1028
848	0	12	35	8448	2866
849	4	14	45	8456	20945
850	4	8	35	8464	4947
851	3	1	45	8472	7383
852	3	1	50	8480	3522
853	3	1	30	8488	1899
854	4	14	35	8496	12347
855	4	14	35	8504	1101
856	3	1	50	8512	716
857	3	1	50	8520	5886
858	4	14	45	8528	2080
859	0	12	30	8536	3514
860	4	8	30	8544	387
861	0	12	50	8552	7457
862	4	14	35	8560	1532
863	3	1	45	8568	4320
864	4	14	30	8576	4367
865	4	14	50	8584	3022
866	4	8	30	8592	105
867	4	8	35	8600	4727
868	4	14	45	8608	3277
869	4	14	35	8616	13571
870	3	1	35	8624	8234
871	0	12	30	8632	335
872	4	8	45	8640	3688
873	4	8	30	8648	20625
874	4	14	50	8656	2160
875	3	1	45	8664	5136
876	4	8	50	8672	6454
877	4	14	50	8680	9003
878	3	1	50	8688	4576
879	3	1	30	8696	1009
880	4	8	50	8704	17760
881	3	1	30	8712	425
882	4	14	50	8720	7076
883	3	1	45	8728	717
884	4	14	30	8736	135
885	0	12	35	8744	3029
886	4	8	35	8752	8755
887	4	14	50	8760	2149
888	4	14	45	8800	12812
889	4	14	50	8808	11439
890	3	1	30	8816	3011
891	4	14	30	8824	494
892	4	14	50	8832	1142
893	4	14	45	8840	180
894	3	1	35	8848	2273
895	3	1	35	8856	7407
896	4	14	45	8864	2409
897	3	1	35	8872	10824
898	3	1	35	8880	505
899	3	1	45	8888	2309
900	4	8	35	8896	1937
901	3	1	45	8904	2134
902	4	14	50	8912	2561
903	4	14	35	8920	3226
904	4	14	30	8928	689
905	3	1	50	8936	2297
906	3	1	35	8944	2056
907	4	8	45	8952	1876
908	3	1	50	8960	5102
909	3	1	30	8968	4995
910	4	14	35	8976	718
911	4	14	45	8984	1100
912	4	14	50	8992	4000
913	0	12	45	9000	2138
914	3	1	30	9008	567
915	4	14	35	9016	1928
916	4	14	50	9024	1556
917	4	14	50	9032	1598
918	0	12	30	9040	3645
919	0	12	30	9048	4800
920	4	14	30	9056	4561
921	4	14	45	9064	125
922	3	1	30	9072	2434
923	4	14	50	9080	410
924	4	14	45	9088	4396
925	4	14	45	9096	2735
926	4	8	45	9104	3421
927	3	1	50	9112	1550
928	3	1	35	9120	2807
929	4	14	50	9128	3212
930	4	14	45	9136	7618
931	4	14	35	9144	4378
932	4	14	45	9152	2891
933	4	8	45	9160	1274
934	0	12	35	9200	2120
935	4	14	35	9212	725
936	3	1	30	9224	756
937	4	14	35	9236	3103
938	4	14	35	9248	6629
939	4	14	35	9260	1878
940	4	8	30	9272	3418
941	4	14	50	9284	92
942	3	1	50	9296	15368
943	0	12	30	9308	4326
944	4	14	30	9320	521
945	4	14	35	9332	6904
946	4	14	35	9344	364
947	4	8	50	9356	1782
948	3	1	45	9368	4236
949	4	14	35	9380	6862
950	0	12	35	9392	3439
951	4	14	50	9404	7493
952	3	1	30	9416	1931
953	3	1	35	9428	2152
954	4	8	35	9440	309
955	3	1	50	9452	354
956	3	1	35	9464	347
957	4	14	30	9476	640
958	4	8	30	9488	856
959	4	8	45	9500	1366
960	3	1	50	9512	3153
961	4	8	50	9524	6863
962	0	12	50	9536	1268
963	4	8	30	9548	973
964	3	1	45	9560	9010
965	4	14	45	9600	2575
966	4	8	45	9613	92
967	4	14	50	9626	4848
968	3	1	50	9639	3005
969	3	1	35	9652	8130
970	3	1	45	9665	1567
971	3	1	45	9678	4926
972	4	14	35	9691	3065
973	3	1	50	9704	17278
974	0	12	30	9717	2343
975	4	14	50	9730	775
976	4	14	50	9743	2989
977	4	14	30	9756	14704
978	4	14	50	9769	2191
979	4	14	45	9782	983
980	0	12	35	9795	3739
981	4	14	45	9808	5912
982	4	14	35	9821	2934
983	3	1	30	9834	906
984	4	14	50	9847	6786
985	0	12	45	9860	9170
986	4	8	50	9873	187
987	3	1	45	9886	3212
988	3	1	50	9899	2612
989	3	1	45	9912	4230
990	4	8	50	9925	7352
991	3	1	35	9938	2190
992	3	1	35	9951	1745
993	4	14	50	9964	1776
994	4	8	45	10000	4563
995	3	1	30	10008	2656
996	3	1	45	10016	3158
997	4	14	30	10024	1255
998	4	14	30	10032	5385
999	4	14	30	10040	145
1000	4	14	30	10048	4769
1001	3	1	50	10056	2540
1002	4	8	35	10064	8764
1003	0	12	30	10072	100
1004	3	1	35	10080	776
1005	4	8	35	10088	7475
1006	4	14	35	10096	640
1007	0	12	30	10104	1142
1008	4	8	50	10112	458
1009	4	14	30	10120	5941
1010	3	1	35	10128	4184
1011	3	1	50	10136	960
1012	3	1	45	10144	5336
1013	4	8	30	10152	7890
1014	3	1	35	10160	2842
1015	3	1	35	10168	5141
1016	0	12	50	10176	5229
1017	4	14	30	10184	6562
1018	4	14	50	10192	6361
1019	3	1	35	10200	219
1020	3	1	45	10208	900
1021	4	8	45	10216	5089
1022	3	1	30	10224	4235
1023	4	14	45	10232	6788
1024	4	8	45	10240	776
1025	4	8	35	10248	10321
1026	4	14	45	10256	4029
1027	3	1	45	10264	988
1028	0	12	45	10272	1912
1029	4	14	35	10280	8133
1030	3	1	30	10288	1522
1031	4	14	50	10296	3740
1032	4	14	35	10304	4169
1033	4	14	30	10312	277
1034	0	12	30	10320	1192
1035	4	14	50	10328	3144
1036	4	14	45	10336	2421
1037	4	14	45	10344	5146
1038	3	1	50	10352	95
1039	4	14	45	10400	86
1040	4	14	35	10407	2805
1041	3	1	50	10414	1841
1042	0	12	30	10421	9519
1043	4	8	50	10428	16862
1044	4	14	45	10435	4850
1045	3	1	50	10442	1308
1046	0	12	50	10449	842
1047	4	14	35	10456	11724
1048	4	8	50	10463	11361
1049	4	14	45	10470	1683
1050	3	1	30	10477	12454
1051	4	14	35	10484	1312
1052	4	14	35	10491	1636
1053	4	14	45	10498	4449
1054	3	1	30	10505	444
1055	0	12	30	10512	9401
1056	4	14	35	10519	1955
1057	3	1	45	10526	6795
1058	4	14	30	10533	8312
1059	3	1	30	10540	423
1060	3	1	30	10547	2547
1061	3	1	45	10554	3419
1062	0	12	35	10561	403
1063	3	1	45	10568	3387
1064	4	14	30	10575	1029
1065	3	1	30	10582	1004
1066	4	14	30	10589	7100
1067	0	12	30	10596	1873
1068	4	14	50	10603	3419
1069	4	8	50	10610	1163
1070	3	1	35	10617	525
1071	4	8	35	10624	3057
1072	4	8	50	10631	2388
1073	3	1	30	10638	5189
1074	4	14	35	10645	4791
1075	4	14	45	10652	2967
1076	3	1	35	10659	26
1077	4	14	45	10666	383
1078	4	8	35	10673	19266
1079	0	12	45	10680	9475
1080	0	12	50	10687	2547
1081	4	14	30	10694	742
1082	3	1	45	10701	3877
1083	4	14	35	10708	1273
1084	4	14	35	10715	126
1085	4	8	30	10722	3548
1086	4	14	30	10729	957
1087	0	12	45	10736	2863
1088	4	8	50	10743	4453
1089	0	12	50	10750	419
1090	3	1	30	10757	1626
1091	4	14	50	10800	11087
1092	4	8	45	10808	8117
1093	4	14	45	10816	6675
1094	4	8	35	10824	825
1095	0	12	50	10832	787
1096	3	1	45	10840	6040
1097	4	14	45	10848	3916
1098	4	8	35	10856	9167
1099	4	8	35	10864	4703
1100	3	1	50	10872	4713
1101	3	1	30	10880	2000
1102	4	8	35	10888	11455
1103	3	1	30	10896	3050
1104	0	12	35	10904	889
1105	0	12	45	10912	9042
1106	4	14	30	10920	6921
1107	4	8	50	10928	9351
1108	4	14	45	10936	999
1109	4	14	50	10944	2625
1110	0	12	50	10952	2094
1111	4	8	35	10960	6053
1112	4	8	50	10968	1325
1113	4	14	50	10976	2826
1114	4	8	50	10984	5323
1115	4	8	45	10992	1264
1116	3	1	30	11000	5806
1117	0	12	35	11008	686
1118	4	14	35	11016	145
1119	4	14	45	11024	1840
1120	4	8	45	11032	4275
1121	3	1	45	11040	605
1122	4	8	50	11048	10757
1123	3	1	50	11056	4807
1124	4	14	30	11064	1524
1125	3	1	50	11072	13703
1126	4	8	35	11080	18951
1127	4	14	30	11088	4428
1128	4	14	30	11096	3224
1129	4	8	35	11104	692
1130	4	14	35	11112	639
1131	4	14	45	11120	945
1132	4	14	50	11128	1167
1133	3	1	30	11136	7151
1134	3	1	30	11144	758
1135	0	12	35	11152	700
1136	4	14	45	11160	2118
1137	0	12	45	11168	957
1138	3	1	30	11176	1858
1139	3	1	35	11200	199
1140	4	14	30	11208	3784
1141	4	8	35	11216	408
1142	4	14	30	11224	2520
1143	4	14	30	11232	28957
1144	4	14	45	11240	720
1145	4	8	35	11248	3693
1146	0	12	50	11256	3320
1147	4	8	50	11264	183
1148	4	14	50	11272	577
1149	4	14	50	11280	4485
1150	4	14	35	11288	1555
1151	4	14	30	11296	1523
1152	4	14	45	11304	1865
1153	4	14	50	11312	6729
1154	4	14	35	11320	3113
1155	3	1	45	11328	9125
1156	3	1	35	11336	2518
1157	3	1	30	11344	1931
1158	3	1	45	11352	1476
1159	3	1	35	11360	3203
1160	4	14	50	11368	2217
1161	4	14	30	11376	3519
1162	4	14	30	11384	2955
1163	4	14	35	11392	3551
1164	4	8	30	11400	383
1165	4	14	35	11408	2698
1166	3	1	45	11416	1355
1167	4	8	35	11424	1336
1168	4	8	30	11432	930
1169	4	14	30	11440	1937
1170	0	12	30	11448	2048
1171	4	14	50	11456	14346
1172	3	1	50	11464	1205
1173	4	14	45	11472	2090
1174	3	1	45	11480	563
1175	4	14	35	11488	368
1176	4	8	45	11496	1766
1177	4	14	30	11504	5196
1178	4	8	45	11512	2574
1179	4	8	45	11520	14642
1180	3	1	45	11528	283
1181	4	8	50	11536	577
1182	4	8	35	11544	775
1183	4	8	35	11552	1854
1184	4	8	45	11560	9098
1185	4	14	50	11568	5648
1186	4	14	50	11600	2887
1187	4	14	50	11610	3884
1188	4	8	50	11620	11572
1189	4	14	50	11630	3121
1190	4	14	50	11640	677
1191	4	14	30	11650	930
1192	3	1	30	11660	167
1193	4	14	45	11670	7418
1194	4	8	35	11680	6045
1195	4	8	30	11690	1114
1196	3	1	50	11700	4976
1197	4	8	30	11710	73
1198	4	8	50	11720	15231
1199	3	1	35	11730	45
1200	4	14	45	11740	7555
1201	4	14	30	11750	6400
1202	4	14	45	11760	12538
1203	0	12	45	11770	3269
1204	0	12	30	11780	1644
1205	4	14	45	11790	3258
1206	4	14	50	11800	7234
1207	4	14	45	11810	677
1208	4	14	35	11820	5295
1209	4	8	35	11830	384
1210	4	8	50	11840	6629
1211	0	12	50	11850	409
1212	4	14	35	11860	582
1213	4	14	35	11870	2919
1214	4	8	35	11880	942
1215	4	8	30	11890	597
1216	4	14	45	11900	1533
1217	3	1	45	11910	2062
1218	4	8	50	11920	8951
1219	4	14	30	11930	5435
1220	0	12	45	11940	697
1221	4	14	50	11950	4707
1222	4	14	30	11960	368
1223	4	8	45	11970	1681
1224	3	1	50	11980	2255
1225	3	1	35	11990	1923
1226	3	1	35	12000	822
1227	0	12	30	12009	1873
1228	0	12	30	12018	11507
1229	4	14	50	12027	19865
1230	4	14	35	12036	1271
1231	3	1	45	12045	61
1232	4	8	50	12054	6647
1233	3	1	35	12063	24386
1234	3	1	45	12072	3237
1235	4	14	30	12081	2375
1236	3	1	30	12090	1603
1237	3	1	30	12099	254
1238	4	14	50	12108	2079
1239	3	1	50	12117	14010
1240	4	14	35	12126	9079
1241	3	1	45	12135	1539
1242	0	12	50	12144	10360
1243	4	8	30	12153	1389
1244	4	8	30	12162	9539
1245	4	8	45	12171	1682
1246	4	14	30	12180	11026
1247	3	1	30	12189	6608
1248	4	14	35	12198	1955
1249	4	8	45	12207	3312
1250	4	14	45	12216	7458
1251	4	14	35	12225	717
1252	4	8	50	12234	485
1253	4	8	50	12243	999
1254	3	1	35	12252	288
1255	0	12	30	12261	10609
1256	4	8	45	12270	2062
1257	0	12	45	12279	9946
1258	0	12	35	12288	246
1259	0	12	50	12297	338
1260	4	14	50	12306	1267
1261	3	1	45	12315	2144
1262	3	1	35	12324	4204
1263	4	14	30	12333	3872
1264	4	8	45	12342	479
1265	4	14	50	12351	11514
1266	4	14	45	12360	1214
1267	3	1	30	12400	1720
1268	4	8	50	12414	2583
1269	4	14	35	12428	900
1270	0	12	35	12442	2936
1271	3	1	45	12456	4076
1272	0	12	45	12470	871
1273	4	8	30	12484	5805
1274	4	14	35	12498	351
1275	0	12	35	12512	784
1276	4	14	35	12526	1897
1277	4	14	50	12540	531
1278	3	1	45	12554	17936
1279	4	14	50	12568	962
1280	4	14	35	12582	4057
1281	4	14	45	12596	1256
1282	0	12	35	12610	4565
1283	4	14	35	12624	1148
1284	4	14	50	12638	5736
1285	3	1	45	12652	6976
1286	4	8	30	12666	2257
1287	4	8	30	12680	9464
1288	4	14	35	12694	2102
1289	3	1	30	12708	16188
1290	4	14	35	12722	4696
1291	4	14	35	12736	5814
1292	4	8	50	12750	4866
1293	4	14	50	12764	282
1294	3	1	50	12778	10467
1295	4	8	50	12800	2668
1296	0	12	30	12810	888
1297	4	14	45	12820	2023
1298	4	14	35	12830	12295
1299	4	8	50	12840	6423
1300	4	14	50	12850	3371
1301	3	1	50	12860	1831
1302	3	1	30	12870	171
1303	4	14	35	12880	2175
1304	4	14	50	12890	5578
1305	3	1	50	12900	4269
1306	4	14	30	12910	4916
1307	4	14	30	12920	2788
1308	3	1	35	12930	1763
1309	0	12	30	12940	4232
1310	3	1	50	12950	3188
1311	0	12	45	12960	511
1312	4	8	50	12970	1532
1313	4	14	45	12980	5879
1314	3	1	30	12990	4329
1315	4	14	30	13000	6134
1316	4	14	35	13010	2838
1317	4	8	45	13020	4658
1318	0	12	30	13030	6536
1319	0	12	50	13040	2725
1320	0	12	35	13050	729
1321	3	1	35	13060	2410
1322	4	14	45	13070	1644
1323	4	14	35	13080	453
1324	3	1	50	13090	2851
1325	4	14	30	13100	17392
1326	4	14	45	13110	870
1327	3	1	35	13120	5981
1328	4	8	30	13130	1351
1329	4	14	50	13140	2018
1330	3	1	30	13150	8762
1331	4	14	45	13160	557
1332	3	1	35	13200	572
1333	3	1	45	13212	5821
1334	4	14	30	13224	1840
1335	4	14	45	13236	1095
1336	4	14	45	13248	5624
1337	3	1	35	13260	7139
1338	3	1	45	13272	971
1339	0	12	30	13284	6665
1340	3	1	30	13296	9256
1341	4	14	45	13308	4766
1342	4	14	30	13320	2367
1343	3	1	50	13332	6866
1344	4	14	35	13344	3611
1345	3	1	45	13356	1505
1346	4	14	45	13368	2781
1347	0	12	45	13380	1574
1348	0	12	35	13392	6844
1349	3	1	45	13404	17529
1350	4	8	35	13416	518
1351	3	1	30	13428	3560
1352	4	14	30	13440	3857
1353	4	14	30	13452	3295
1354	4	14	30	13464	8641
1355	4	14	45	13476	199
1356	4	8	30	13488	12317
1357	4	14	35	13500	4004
1358	3	1	35	13512	2630
1359	3	1	45	13524	119
1360	4	14	35	13536	3309
1361	3	1	35	13548	2355
1362	4	14	35	13560	2377
1363	0	12	45	13572	2739
1364	4	8	30	13600	1849
1365	4	8	30	13611	580
1366	3	1	30	13622	449
1367	4	8	30	13633	2218
1368	0	12	35	13644	942
1369	3	1	50	13655	9122
1370	3	1	30	13666	446
1371	4	8	45	13677	11346
1372	4	14	35	13688	3
1373	4	14	45	13699	746
1374	4	14	30	13710	3426
1375	4	14	50	13721	1640
1376	4	14	45	13732	11444
1377	4	8	30	13743	1859
1378	4	14	45	13754	15213
1379	4	14	50	13765	235
1380	0	12	45	13776	6328
1381	3	1	30	13787	2399
1382	4	8	50	13798	2642
1383	3	1	35	13809	7176
1384	4	8	45	13820	3607
1385	4	14	30	13831	9196
1386	4	14	30	13842	3178
1387	4	14	50	13853	1457
1388	4	14	30	13864	14946
1389	4	14	45	13875	13142
1390	4	14	50	13886	2038
1391	4	14	50	13897	9176
1392	3	1	45	13908	277
1393	4	8	50	13919	8255
1394	4	14	30	13930	1110
1395	4	8	30	13941	2508
1396	4	14	50	13952	3228
1397	0	12	30	13963	8228
1398	0	12	30	14000	1612
1399	4	14	50	14008	565
1400	4	8	35	14016	3051
1401	4	14	50	14024	2121
1402	3	1	30	14032	3464
1403	3	1	50	14040	5638
1404	4	14	45	14048	4480
1405	4	8	45	14056	320
1406	4	14	30	14064	4667
1407	4	14	30	14072	751
1408	3	1	45	14080	8274
1409	4	14	35	14088	4089
1410	3	1	50	14096	3673
1411	3	1	45	14104	2469
1412	4	14	45	14112	4613
1413	4	8	50	14120	992
1414	4	8	45	14128	5834
1415	0	12	50	14136	1941
1416	3	1	45	14144	4060
1417	4	8	30	14152	4178
1418	3	1	35	14160	1556
1419	3	1	35	14168	1007
1420	3	1	50	14176	5123
1421	4	14	50	14184	362
1422	4	8	35	14192	20677
1423	4	8	45	14200	134
1424	3	1	45	14208	1177
1425	3	1	45	14216	2854
1426	3	1	35	14224	12524
1427	3	1	30	14232	4419
1428	0	12	35	14240	5600
1429	4	14	30	14248	1262
1430	4	8	35	14256	1348
1431	3	1	45	14264	13
1432	3	1	30	14272	6709
1433	4	14	50	14280	1952
1434	3	1	35	14288	547
1435	4	14	50	14296	3122
1436	3	1	50	14304	5411
1437	4	14	50	14312	4
1438	4	8	30	14320	6740
1439	0	12	50	14328	2389
1440	3	1	30	14336	1200
1441	4	14	30	14344	1160
1442	4	14	50	14352	11887
1443	4	8	50	14360	2478
1444	4	14	45	14368	1836
1445	3	1	30	14376	6574
1446	3	1	35	14384	2525
1447	4	8	45	14392	725
1448	4	8	45	14400	8130
1449	3	1	45	14412	2188
1450	0	12	45	14424	740
1451	3	1	35	14436	4211
1452	3	1	35	14448	3427
1453	4	14	45	14460	3075
1454	4	14	35	14472	712
1455	4	8	30	14484	636
1456	4	14	35	14496	3446
1457	4	8	50	14508	5612
1458	3	1	30	14520	308
1459	0	12	35	14532	2635
1460	0	12	35	14544	874
1461	4	8	30	14556	2580
1462	4	8	50	14568	7870
1463	4	14	35	14580	2915
1464	3	1	50	14592	26495
1465	3	1	45	14604	1018
1466	4	14	50	14616	3085
1467	4	14	50	14628	1078
1468	4	14	50	14640	3624
1469	3	1	50	14652	649
1470	3	1	35	14664	12913
1471	0	12	45	14676	623
1472	3	1	35	14688	1656
1473	4	14	30	14700	2244
1474	4	8	45	14712	1128
1475	0	12	45	14724	348
1476	4	14	50	14736	5126
1477	4	14	30	14748	2994
1478	4	14	35	14760	3529
1479	4	14	35	14772	877
1480	4	14	45	14784	7084
1481	3	1	35	14800	8929
1482	4	14	50	14811	4383
1483	4	14	50	14822	5100
1484	4	14	50	14833	2368
1485	4	14	45	14844	263
1486	3	1	30	14855	6746
1487	4	8	45	14866	3088
1488	4	8	30	14877	6822
1489	4	8	45	14888	11119
1490	4	14	35	14899	1807
1491	3	1	50	14910	8283
1492	3	1	35	14921	5148
1493	4	14	50	14932	810
1494	4	14	50	14943	2351
1495	4	14	35	14954	2955
1496	4	8	35	14965	3420
1497	0	12	35	14976	2084
1498	4	14	35	14987	3543
1499	4	14	35	14998	983
1500	0	12	45	15009	449
1501	4	14	30	15020	2230
1502	3	1	35	15031	18924
1503	3	1	35	15042	1218
1504	3	1	45	15053	1305
1505	4	14	45	15064	9816
1506	0	12	35	15075	8476
1507	4	8	30	15086	1514
1508	3	1	45	15097	19506
1509	4	14	45	15108	3332
1510	4	8	45	15119	9312
1511	3	1	45	15130	667
1512	0	12	30	15141	3136
1513	0	12	35	15152	16399
1514	3	1	45	15163	117
1515	3	1	45	15174	4743
1516	4	8	30	15185	5917
1517	4	14	50	15200	2716
1518	0	12	45	15208	1340
1519	3	1	45	15216	9760
1520	3	1	30	15224	5917
1521	3	1	35	15232	3965
1522	4	8	45	15240	135
1523	4	14	45	15248	4851
1524	3	1	45	15256	2279
1525	3	1	35	15264	6818
1526	3	1	35	15272	415
1527	3	1	45	15280	2014
1528	4	14	30	15288	86
1529	4	14	50	15296	14283
1530	3	1	35	15304	1203
1531	0	12	45	15312	5602
1532	4	14	50	15320	1757
1533	3	1	35	15328	1955
1534	3	1	35	15336	3444
1535	4	14	45	15344	1090
1536	0	12	45	15352	1605
1537	3	1	50	15360	892
1538	4	14	50	15368	1747
1539	3	1	45	15376	967
1540	4	14	35	15384	5432
1541	0	12	30	15392	1813
1542	3	1	35	15400	11272
1543	4	14	35	15408	2668
1544	3	1	30	15416	202
1545	4	14	30	15424	828
1546	4	14	30	15432	3395
1547	4	14	45	15440	964
1548	4	14	30	15448	1969
1549	0	12	30	15456	6461
1550	3	1	45	15464	846
1551	4	8	50	15472	477
1552	4	14	35	15480	1710
1553	4	8	30	15488	524
1554	4	8	35	15496	814
1555	4	14	30	15504	9121
1556	4	8	30	15512	5607
1557	4	8	45	15520	1699
1558	4	14	50	15528	3527
1559	3	1	35	15536	345
1560	4	14	35	15544	873
1561	4	8	35	15552	7399
1562	4	8	35	15560	1264
1563	4	14	30	15568	8690
1564	4	14	45	15576	71
1565	4	14	35	15600	861
1566	3	1	30	15612	2760
1567	4	14	30	15624	2650
1568	3	1	30	15636	384
1569	0	12	50	15648	2403
1570	4	14	35	15660	2112
1571	4	14	30	15672	3415
1572	3	1	30	15684	2955
1573	3	1	35	15696	4667
1574	4	8	35	15708	7992
1575	4	14	30	15720	791
1576	4	14	30	15732	2903
1577	3	1	45	15744	1479
1578	4	14	30	15756	993
1579	4	14	35	15768	7232
1580	0	12	30	15780	2986
1581	0	12	50	15792	1330
1582	4	14	30	15804	7488
1583	4	14	45	15816	670
1584	4	14	30	15828	11614
1585	4	14	35	15840	4678
1586	4	14	50	15852	77
1587	4	14	30	15864	5404
1588	4	14	45	15876	5647
1589	4	8	35	15888	6051
1590	3	1	45	15900	6518
1591	4	14	35	15912	1016
1592	4	8	30	15924	2754
1593	3	1	50	15936	18667
1594	3	1	30	15948	2691
1595	3	1	45	15960	3400
1596	0	12	30	16000	1129
1597	4	8	50	16008	2941
1598	0	12	45	16016	6768
1599	4	14	30	16024	4193
1600	3	1	30	16032	4912
1601	4	14	45	16040	9739
1602	3	1	45	16048	2393
1603	3	1	50	16056	969
1604	4	8	45	16064	2665
1605	4	8	30	16072	4248
1606	3	1	35	16080	1025
1607	0	12	50	16088	4748
1608	4	14	35	16096	1092
1609	4	14	45	16104	1097
1610	3	1	30	16112	1846
1611	4	8	35	16120	1969
1612	3	1	30	16128	2985
1613	3	1	50	16136	2086
1614	4	14	45	16144	1020
1615	0	12	30	16152	783
1616	0	12	50	16160	3034
1617	4	8	30	16168	8834
1618	3	1	35	16176	465
1619	0	12	30	16184	1230
1620	4	14	50	16192	97
1621	4	8	50	16200	8206
1622	4	14	50	16208	374
1623	0	12	45	16216	140
1624	4	8	50	16224	2217
1625	4	14	35	16232	1272
1626	3	1	50	16240	895
1627	0	12	45	16248	4684
1628	4	14	30	16256	7609
1629	3	1	50	16264	787
1630	4	8	35	16272	315
1631	4	8	45	16280	166
1632	3	1	35	16288	5331
1633	3	1	30	16296	978
1634	0	12	50	16304	1088
1635	3	1	30	16312	1152
1636	3	1	45	16320	16734
1637	4	14	45	16328	1169
1638	0	12	45	16336	452
1639	3	1	45	16344	5863
1640	0	12	35	16352	231
1641	4	14	30	16400	725
1642	4	8	35	16410	2223
1643	4	14	30	16420	4078
1644	3	1	50	16430	1376
1645	3	1	35	16440	1729
1646	4	14	45	16450	1895
1647	4	8	30	16460	4437
1648	4	8	35	16470	1974
1649	4	14	45	16480	6114
1650	4	14	50	16490	6339
1651	4	14	35	16500	4462
1652	0	12	45	16510	10954
1653	0	12	30	16520	602
1654	3	1	30	16530	494
1655	3	1	45	16540	723
1656	4	14	35	16550	9750
1657	3	1	35	16560	2472
1658	4	14	50	16570	2059
1659	3	1	50	16580	3962
1660	4	14	35	16590	5274
1661	4	14	50	16600	1192
1662	4	14	45	16610	2992
1663	4	14	45	16620	6692
1664	3	1	50	16630	4619
1665	4	8	45	16640	1
1666	3	1	45	16650	7993
1667	4	8	30	16660	882
1668	4	14	35	16670	2641
1669	3	1	50	16680	2408
1670	4	8	45	16690	5560
1671	3	1	35	16700	4751
1672	3	1	50	16710	877
1673	4	14	45	16720	8506
1674	4	14	30	16730	6088
1675	4	8	30	16740	3533
1676	4	14	45	16750	1065
1677	3	1	50	16760	916
1678	4	14	45	16770	981
1679	0	12	45	16800	5363
1680	4	14	30	16810	11491
1681	4	8	50	16820	4472
1682	3	1	45	16830	1132
1683	4	8	50	16840	13637
1684	4	8	30	16850	10
1685	3	1	50	16860	12174
1686	3	1	50	16870	2623
1687	3	1	45	16880	3344
1688	4	14	45	16890	12605
1689	4	14	35	16900	3780
1690	4	14	50	16910	85
1691	4	8	45	16920	5255
1692	4	8	50	16930	5904
1693	4	14	50	16940	1256
1694	3	1	35	16950	5739
1695	4	14	35	16960	5618
1696	4	8	30	16970	923
1697	4	8	45	16980	4925
1698	4	8	30	16990	2967
1699	3	1	35	17000	1281
1700	4	14	50	17010	1619
1701	4	14	35	17020	8244
1702	4	14	50	17030	2083
1703	4	8	30	17040	454
1704	4	8	45	17050	342
1705	4	8	30	17060	700
1706	4	14	50	17070	997
1707	4	8	45	17080	694
1708	3	1	45	17090	1094
1709	3	1	30	17100	2911
1710	4	8	50	17110	1811
1711	3	1	30	17120	50
1712	4	14	45	17130	193
1713	4	14	50	17140	2037
1714	3	1	50	17150	12669
1715	0	12	50	17160	16993
1716	4	14	30	17170	39
1717	3	1	35	17200	5862
1718	4	14	35	17209	1496
1719	3	1	45	17218	5898
1720	3	1	30	17227	4274
1721	3	1	30	17236	4306
1722	3	1	50	17245	10273
1723	4	14	35	17254	11670
1724	4	14	35	17263	991
1725	4	14	50	17272	1095
1726	4	8	30	17281	2866
1727	0	12	45	17290	4312
1728	4	14	35	17299	2005
1729	4	14	35	17308	12083
1730	3	1	50	17317	557
1731	4	8	50	17326	3609
1732	4	14	45	17335	953
1733	4	14	35	17344	6268
1734	3	1	45	17353	8355
1735	4	8	45	17362	325
1736	3	1	50	17371	2913
1737	0	12	30	17380	1524
1738	4	8	35	17389	3512
1739	4	14	35	17398	12214
1740	4	8	35	17407	2668
1741	4	14	35	17416	2301
1742	4	14	45	17425	1950
1743	4	14	30	17434	1271
1744	0	12	35	17443	7530
1745	4	14	45	17452	442
1746	4	14	45	17461	3695
1747	3	1	35	17470	4494
1748	3	1	35	17479	6636
1749	4	14	50	17488	2967
1750	0	12	45	17497	657
1751	4	8	45	17506	10675
1752	3	1	45	17515	306
1753	3	1	35	17524	114
1754	4	14	50	17533	3488
1755	4	8	30	17542	6233
1756	3	1	45	17551	13528
1757	3	1	30	17560	5352
1758	3	1	50	17569	140
1759	4	14	45	17578	694
1760	4	14	30	17587	4663
1761	4	8	30	17600	3211
1762	4	8	30	17610	2381
1763	4	14	35	17620	5965
1764	3	1	45	17630	5077
1765	3	1	50	17640	3742
1766	4	14	35	17650	1451
1767	0	12	30	17660	4908
1768	4	14	30	17670	84
1769	4	14	50	17680	496
1770	3	1	50	17690	1071
1771	4	14	30	17700	237
1772	0	12	30	17710	10
1773	4	14	35	17720	3063
1774	0	12	45	17730	10106
1775	4	8	35	17740	1812
1776	4	14	45	17750	153
1777	4	8	50	17760	297
1778	3	1	30	17770	12590
1779	3	1	35	17780	8092
1780	3	1	30	17790	436
1781	3	1	35	17800	4561
1782	3	1	45	17810	1652
1783	4	14	35	17820	8187
1784	4	14	50	17830	14192
1785	4	14	30	17840	2601
1786	4	14	45	17850	7670
1787	4	14	30	17860	1120
1788	0	12	35	17870	170
1789	4	8	35	17880	13903
1790	4	8	45	17890	3543
1791	4	8	35	17900	406
1792	3	1	45	17910	1236
1793	4	8	45	17920	5796
1794	0	12	30	17930	1978
1795	4	8	45	17940	9436
1796	4	8	50	17950	1000
1797	3	1	45	17960	4738
1798	3	1	45	18000	3887
1799	0	12	50	18014	511
1800	3	1	30	18028	3398
1801	3	1	35	18042	3677
1802	4	8	45	18056	4274
1803	3	1	50	18070	8604
1804	4	8	35	18084	1025
1805	3	1	50	18098	1241
1806	0	12	45	18112	10466
1807	4	8	30	18126	20
1808	3	1	35	18140	2791
1809	3	1	50	18154	3887
1810	4	14	45	18168	1975
1811	3	1	30	18182	7046
1812	4	14	50	18196	11932
1813	4	14	50	18210	3530
1814	4	14	35	18224	426
1815	0	12	45	18238	7232
1816	4	14	30	18252	6051
1817	3	1	50	18266	1594
1818	4	8	30	18280	135
1819	3	1	30	18294	19567
1820	0	12	50	18308	5531
1821	0	12	45	18322	566
1822	3	1	50	18336	339
1823	3	1	45	18350	951
1824	3	1	30	18364	4234
1825	3	1	35	18378	2994
1826	4	14	30	18400	3694
1827	3	1	45	18409	1788
1828	4	8	45	18418	2801
1829	3	1	45	18427	10911
1830	4	14	50	18436	9699
1831	0	12	30	18445	1279
1832	3	1	50	18454	1946
1833	3	1	30	18463	1363
1834	3	1	50	18472	3969
1835	3	1	45	18481	5513
1836	4	14	50	18490	2977
1837	4	8	30	18499	5544
1838	4	14	50	18508	12595
1839	4	14	45	18517	124
1840	3	1	45	18526	7666
1841	4	14	30	18535	2699
1842	3	1	35	18544	8088
1843	4	14	35	18553	3210
1844	0	12	35	18562	6450
1845	3	1	50	18571	7685
1846	4	14	50	18580	258
1847	4	14	45	18589	6596
1848	3	1	45	18598	3959
1849	4	8	30	18607	1092
1850	3	1	50	18616	1965
1851	3	1	50	18625	4344
1852	3	1	50	18634	4714
1853	4	8	50	18643	871
1854	4	14	50	18652	1811
1855	4	14	30	18661	8957
1856	4	14	45	18670	250
1857	4	8	50	18679	3949
1858	4	14	45	18688	12583
1859	0	12	35	18697	1968
1860	4	14	35	18706	809
1861	4	14	45	18715	3780
1862	4	8	45	18724	1777
1863	4	8	50	18733	494
1864	4	8	45	18742	16507
1865	4	14	50	18751	5669
1866	3	1	35	18760	3893
1867	4	14	30	18769	4579
1868	4	8	30	18778	10327
1869	4	8	35	18800	156
1870	4	8	35	18808	3391
1871	4	8	35	18816	4138
1872	3	1	50	18824	3704
1873	3	1	30	18832	1950
1874	3	1	50	18840	7213
1875	0	12	35	18848	226
1876	3	1	35	18856	678
1877	3	1	30	18864	146
1878	4	8	30	18872	398
1879	4	14	50	18880	1179
1880	3	1	50	18888	5488
1881	3	1	30	18896	503
1882	4	8	35	18904	85
1883	3	1	50	18912	4793
1884	0	12	35	18920	737
1885	0	12	35	18928	6901
1886	4	14	45	18936	995
1887	4	8	45	18944	90
1888	4	14	50	18952	826
1889	3	1	50	18960	156
1890	3	1	50	18968	8419
1891	3	1	30	18976	999
1892	4	14	30	18984	3517
1893	4	14	50	18992	516
1894	0	12	30	19000	2407
1895	3	1	35	19008	5771
1896	4	14	30	19016	9336
1897	4	8	50	19024	1349
1898	0	12	35	19032	1236
1899	4	14	45	19040	1411
1900	4	14	45	19048	1793
1901	4	14	50	19056	361
1902	4	14	45	19064	1366
1903	4	14	35	19072	1404
1904	4	8	50	19080	4485
1905	0	12	30	19088	2568
1906	3	1	35	19096	3980
1907	3	1	45	19104	6353
1908	4	8	35	19112	8212
1909	3	1	35	19120	5256
1910	4	14	50	19128	2514
1911	4	8	50	19136	1853
1912	4	14	30	19144	1952
1913	3	1	45	19152	3779
1914	3	1	50	19160	4860
1915	4	14	30	19168	17534
1916	4	14	50	19176	549
1917	4	8	50	19200	655
1918	3	1	30	19210	9923
1919	4	14	30	19220	6013
1920	0	12	50	19230	1477
1921	3	1	30	19240	4877
1922	4	14	35	19250	4176
1923	3	1	30	19260	2563
1924	3	1	35	19270	1605
1925	4	8	50	19280	12420
1926	4	14	45	19290	2926
1927	3	1	50	19300	7427
1928	4	8	50	19310	1024
1929	0	12	35	19320	5910
1930	0	12	50	19330	9157
1931	4	14	30	19340	386
1932	4	14	50	19350	3614
1933	3	1	50	19360	11368
1934	4	14	45	19370	1401
1935	4	14	50	19380	3453
1936	4	14	30	19390	1209
1937	4	14	30	19400	2361
1938	4	8	50	19410	8267
1939	3	1	35	19420	385
1940	3	1	50	19430	18654
1941	4	14	45	19440	1688
1942	3	1	45	19450	553
1943	4	8	45	19460	917
1944	3	1	35	19470	10968
1945	3	1	35	19480	904
1946	3	1	35	19490	125
1947	4	14	30	19500	982
1948	3	1	30	19510	5095
1949	3	1	35	19520	2020
1950	4	8	30	19530	1605
1951	3	1	50	19540	9921
1952	4	14	30	19550	833
1953	4	14	30	19560	1525
1954	3	1	45	19570	3494
1955	0	12	45	19580	5215
1956	3	1	45	19590	2052
1957	3	1	30	19600	1167
1958	4	8	45	19611	5249
1959	3	1	30	19622	1102
1960	4	14	45	19633	945
1961	4	8	45	19644	1647
1962	3	1	30	19655	610
1963	4	14	35	19666	5516
1964	3	1	45	19677	48
1965	4	8	50	19688	17432
1966	4	14	30	19699	1235
1967	4	14	35	19710	347
1968	3	1	35	19721	1110
1969	4	14	35	19732	3008
1970	4	8	35	19743	1168
1971	3	1	35	19754	373
1972	3	1	35	19765	5185
1973	4	14	35	19776	5627
1974	4	14	50	19787	13885
1975	3	1	30	19798	2904
1976	4	8	30	19809	6885
1977	4	14	45	19820	7470
1978	4	14	50	19831	374
1979	4	8	45	19842	1593
1980	0	12	45	19853	3742
1981	4	14	35	19864	206
1982	3	1	50	19875	652
1983	4	14	45	19886	4049
1984	4	8	50	19897	5202
1985	3	1	50	19908	3486
1986	4	8	30	19919	1541
1987	4	14	45	19930	2089
1988	4	14	45	19941	3419
1989	3	1	35	19952	2794
1990	4	14	35	19963	4335
1991	3	1	45	19974	5188
1992	4	8	30	19985	2915
1993	3	1	45	20000	265
1994	4	8	50	20057	415
1995	3	1	30	20114	328
1996	3	1	30	20171	7802
1997	4	8	30	20228	2089
1998	3	1	35	20285	263
1999	3	1	30	20342	2995
