0	0	12	45	0	22367
1	0	12	50	10	11169
2	0	12	50	20	888
3	3	1	50	30	7185
4	3	1	45	40	9417
5	0	12	50	50	12400
6	0	12	45	60	1099
7	0	12	45	70	9250
8	0	12	45	80	7766
9	4	14	35	90	8585
10	3	1	50	100	4502
11	0	12	45	110	4952
12	4	14	30	120	25901
13	0	12	30	130	2204
14	4	14	50	140	5512
15	4	14	45	150	7648
16	3	1	30	160	11608
17	4	14	35	170	1978
18	0	12	45	180	4323
19	3	1	35	190	7982
20	4	8	30	200	1600
21	3	1	50	210	1632
22	4	8	45	220	248
23	0	12	30	230	13581
24	0	12	30	240	18
25	3	1	45	250	1250
26	0	12	50	260	5422
27	0	12	45	270	20587
28	0	12	50	280	9857
29	3	1	45	290	780
30	4	8	35	300	2328
31	4	14	50	310	713
32	3	1	35	320	5308
33	0	12	45	330	1124
34	4	14	35	340	4184
35	4	14	45	350	421
36	3	1	30	360	2035
37	4	14	35	370	192
38	3	1	50	380	19361
39	3	1	30	390	3169
40	3	1	50	400	6713
41	0	12	45	409	4112
42	4	14	30	418	11416
43	3	1	45	427	1676
44	4	14	30	436	6683
45	4	14	45	445	484
46	3	1	50	454	2281
47	4	8	45	463	278
48	4	14	30	472	3880
49	3	1	30	481	207
50	3	1	50	490	6221
51	4	8	45	499	9193
52	0	12	50	508	5865
53	3	1	30	517	3901
54	4	8	35	526	1631
55	3	1	45	535	8030
56	3	1	30	544	9778
57	0	12	50	553	1659
58	3	1	50	562	7126
59	4	14	30	571	5553
60	4	14	50	580	1958
61	0	12	30	589	1337
62	4	14	45	598	23296
63	4	8	30	607	5558
64	3	1	30	616	3470
65	4	14	50	625	3224
66	4	8	30	634	22091
67	4	14	35	643	10147
68	4	8	45	652	9818
69	4	14	30	661	4569
70	4	8	45	670	3402
71	4	14	50	679	10419
72	4	8	35	688	2319
73	3	1	45	697	653
74	4	14	45	706	385
75	0	12	45	715	8035
76	3	1	50	724	2939
77	4	14	50	733	9559
78	0	12	30	742	1523
79	0	12	35	751	15576
80	0	12	50	760	12326
81	4	14	30	769	4784
82	0	12	45	778	4056
83	3	1	50	800	8885
84	0	12	45	809	3882
85	0	12	45	818	4629
86	3	1	30	827	4020
87	4	14	35	836	693
88	3	1	30	845	16210
89	4	8	45	854	8672
90	4	8	35	863	1837
91	3	1	35	872	283
92	0	12	35	881	2462
93	3	1	50	890	2646
94	3	1	30	899	848
95	3	1	45	908	3849
96	4	8	50	917	4363
97	3	1	50	926	1700
98	0	12	45	935	9796
99	4	14	30	944	1774
100	4	8	45	953	650
101	3	1	35	962	4166
102	0	12	30	971	1647
103	4	14	50	980	17210
104	4	8	45	989	5516
105	3	1	30	998	10341
106	0	12	30	1007	3734
107	3	1	35	1016	4411
108	4	14	45	1025	3224
109	0	12	50	1034	4160
110	0	12	50	1043	2588
111	3	1	30	1052	43
112	4	14	50	1061	104
113	4	8	35	1070	8808
114	4	14	30	1079	7897
115	0	12	45	1088	7832
116	4	14	45	1097	7395
117	0	12	50	1106	1390
118	0	12	45	1115	818
119	4	8	35	1124	13905
120	0	12	50	1133	15740
121	3	1	50	1142	12046
122	0	12	35	1151	12862
123	0	12	30	1160	250
124	3	1	50	1169	1881
125	4	14	35	1200	2932
126	4	14	45	1208	4008
127	3	1	45	1216	19934
128	4	14	35	1224	21312
129	0	12	50	1232	5331
130	4	14	45	1240	1500
131	4	14	50	1248	908
132	4	14	35	1256	29055
133	0	12	50	1264	20711
134	3	1	50	1272	10379
135	3	1	45	1280	2783
136	4	14	30	1288	2221
137	4	8	45	1296	4766
138	4	8	35	1304	1127
139	3	1	45	1312	6383
140	0	12	45	1320	463
141	0	12	45	1328	20592
142	0	12	45	1336	7092
143	3	1	35	1344	3402
144	4	8	50	1352	3206
145	3	1	30	1360	1778
146	3	1	35	1368	175
147	3	1	50	1376	5021
148	4	14	45	1384	5881
149	3	1	45	1392	3094
150	4	14	30	1400	8691
151	0	12	50	1408	2225
152	4	8	35	1416	761
153	3	1	35	1424	14006
154	4	14	30	1432	2389
155	4	14	45	1440	1623
156	4	8	30	1448	5771
157	0	12	50	1456	1332
158	4	8	50	1464	6724
159	3	1	35	1472	1449
160	4	14	35	1480	2441
161	4	8	45	1488	4152
162	3	1	30	1496	4781
163	3	1	45	1504	10526
164	4	8	30	1512	1961
165	0	12	50	1520	1413
166	4	14	50	1528	91
167	4	14	50	1536	301
168	4	14	45	1544	17616
169	0	12	45	1552	2684
170	4	8	35	1560	3262
171	3	1	50	1568	1048
172	4	14	45	1600	217
173	3	1	50	1609	3839
174	4	8	45	1618	10530
175	4	14	35	1627	19277
176	4	8	30	1636	1134
177	3	1	50	1645	3586
178	4	14	30	1654	5916
179	4	14	50	1663	76
180	0	12	50	1672	2657
181	0	12	45	1681	15182
182	4	14	50	1690	2485
183	0	12	45	1699	5041
184	4	8	50	1708	10412
185	3	1	50	1717	14536
186	3	1	45	1726	129
187	4	8	50	1735	559
188	4	8	50	1744	6126
189	4	14	30	1753	5286
190	0	12	45	1762	8397
191	4	14	35	1771	701
192	4	14	50	1780	12437
193	4	14	30	1789	18838
194	3	1	30	1798	2319
195	3	1	30	1807	5133
196	4	8	45	1816	3251
197	3	1	50	1825	12076
198	0	12	30	1834	1002
199	0	12	30	1843	1369
200	4	14	30	1852	1657
201	4	14	45	1861	23427
202	4	14	30	1870	5805
203	3	1	30	1879	1840
204	0	12	30	1888	24617
205	4	8	30	1897	5570
206	4	8	35	1906	1924
207	3	1	45	1915	6240
208	0	12	45	1924	474
209	4	14	50	1933	2760
210	3	1	45	1942	401
211	3	1	30	1951	1102
212	4	8	50	1960	5093
213	3	1	30	1969	6495
214	4	8	35	2000	11660
215	3	1	50	2009	3205
216	3	1	45	2018	1048
217	3	1	35	2027	23742
218	0	12	50	2036	19
219	3	1	35	2045	2749
220	4	8	30	2054	1253
221	4	8	30	2063	15638
222	4	8	30	2072	3157
223	4	14	45	2081	2689
224	4	14	30	2090	5609
225	3	1	30	2099	2218
226	4	14	30	2108	2022
227	4	14	45	2117	492
228	4	14	50	2126	989
229	3	1	45	2135	1743
230	3	1	50	2144	4677
231	3	1	30	2153	2191
232	3	1	45	2162	2106
233	3	1	30	2171	3298
234	4	14	45	2180	8852
235	4	8	30	2189	2848
236	0	12	35	2198	2143
237	0	12	50	2207	467
238	4	14	35	2216	5275
239	0	12	45	2225	1481
240	0	12	45	2234	6079
241	4	14	30	2243	2816
242	0	12	30	2252	78
243	4	8	50	2261	1896
244	0	12	35	2270	4416
245	3	1	35	2279	5283
246	3	1	35	2288	4636
247	4	8	45	2297	1436
248	3	1	45	2306	631
249	4	14	30	2315	14234
250	0	12	35	2324	3213
251	4	14	30	2333	3452
252	3	1	30	2342	11929
253	4	8	50	2351	9259
254	4	14	50	2360	93
255	4	8	30	2369	2271
256	4	8	45	2378	5072
257	4	14	45	2387	1796
258	3	1	50	2400	6415
259	3	1	30	2408	6732
260	3	1	30	2416	2302
261	3	1	50	2424	1305
262	3	1	45	2432	4094
263	3	1	50	2440	10418
264	4	8	30	2448	10541
265	4	14	35	2456	8530
266	0	12	35	2464	12324
267	4	14	45	2472	969
268	3	1	45	2480	13243
269	0	12	35	2488	3910
270	4	8	45	2496	723
271	4	8	50	2504	534
272	3	1	30	2512	3024
273	0	12	35	2520	9207
274	3	1	50	2528	7869
275	4	8	30	2536	10088
276	4	8	50	2544	14667
277	4	14	30	2552	892
278	3	1	30	2560	11005
279	4	8	45	2568	133
280	0	12	45	2576	8840
281	3	1	45	2584	456
282	4	8	30	2592	23156
283	4	14	45	2600	1688
284	4	8	35	2608	10903
285	3	1	45	2616	657
286	0	12	30	2624	3509
287	0	12	50	2632	4277
288	3	1	30	2640	3138
289	3	1	35	2648	3654
290	4	14	45	2656	9880
291	4	8	50	2664	254
292	4	8	50	2672	3250
293	4	8	35	2680	14484
294	3	1	35	2688	13823
295	3	1	45	2696	3494
296	0	12	35	2704	12727
297	4	8	35	2712	1257
298	0	12	50	2720	3517
299	4	8	30	2728	8619
300	3	1	30	2736	7502
301	3	1	45	2744	2955
302	3	1	30	2752	2339
303	4	8	30	2760	5822
304	4	8	45	2768	9456
305	3	1	35	2800	2397
306	4	8	50	2809	254
307	3	1	45	2818	491
308	4	14	30	2827	343
309	4	8	45	2836	1351
310	4	14	35	2845	3084
311	4	8	35	2854	3397
312	4	8	35	2863	3252
313	4	8	35	2872	6044
314	3	1	35	2881	14031
315	4	14	45	2890	1690
316	0	12	50	2899	1464
317	4	14	30	2908	1720
318	0	12	45	2917	25749
319	3	1	35	2926	7714
320	4	14	30	2935	2277
321	4	14	45	2944	2696
322	0	12	45	2953	8126
323	0	12	30	2962	3413
324	0	12	50	2971	6679
325	0	12	50	2980	447
326	0	12	30	2989	6597
327	0	12	45	2998	3986
328	4	8	50	3007	12941
329	0	12	30	3016	2047
330	4	8	50	3025	16288
331	4	14	45	3034	7726
332	4	14	35	3043	7118
333	4	8	30	3052	487
334	4	14	45	3061	2211
335	4	8	50	3070	2886
336	4	14	35	3079	8326
337	4	14	50	3088	2657
338	4	8	50	3097	3609
339	3	1	50	3106	4257
340	4	8	50	3115	385
341	3	1	45	3124	2717
342	4	8	45	3133	3631
343	0	12	45	3142	1381
344	3	1	30	3151	334
345	3	1	30	3160	2819
346	4	14	35	3169	5854
347	0	12	45	3178	9179
348	3	1	30	3200	42
349	3	1	50	3211	6379
350	4	8	50	3222	1528
351	4	8	30	3233	5978
352	4	8	45	3244	1359
353	3	1	35	3255	7638
354	4	8	50	3266	3548
355	3	1	45	3277	2599
356	3	1	30	3288	6249
357	3	1	50	3299	13189
358	4	8	35	3310	17924
359	0	12	50	3321	7665
360	3	1	35	3332	6515
361	0	12	35	3343	4873
362	0	12	45	3354	1296
363	4	14	30	3365	8728
364	0	12	50	3376	1870
365	0	12	50	3387	6796
366	3	1	30	3398	8030
367	4	14	35	3409	2497
368	3	1	45	3420	2371
369	0	12	35	3431	4424
370	0	12	30	3442	4100
371	4	8	50	3453	11743
372	4	8	35	3464	9574
373	4	8	50	3475	3902
374	4	8	45	3486	6495
375	4	8	45	3497	18165
376	3	1	50	3508	14313
377	4	14	50	3519	4610
378	4	8	50	3530	2865
379	3	1	45	3541	2110
380	4	8	35	3552	3574
381	4	14	35	3563	12901
382	4	8	45	3600	3904
383	4	14	30	3611	1565
384	3	1	30	3622	398
385	4	14	45	3633	2165
386	3	1	50	3644	4420
387	4	8	50	3655	22050
388	0	12	30	3666	5990
389	0	12	30	3677	18835
390	3	1	45	3688	7962
391	0	12	45	3699	11855
392	3	1	35	3710	3148
393	0	12	50	3721	7872
394	0	12	35	3732	11215
395	0	12	35	3743	4232
396	4	8	50	3754	1117
397	3	1	35	3765	6979
398	0	12	50	3776	16666
399	3	1	35	3787	2833
400	4	14	30	3798	6083
401	0	12	30	3809	1992
402	4	8	50	3820	3663
403	3	1	45	3831	3985
404	4	8	50	3842	1042
405	0	12	50	3853	2735
406	0	12	50	3864	10759
407	4	14	45	3875	7737
408	0	12	50	3886	363
409	4	14	35	3897	4097
410	0	12	45	3908	3518
411	4	14	30	3919	705
412	0	12	50	3930	4271
413	3	1	50	3941	6350
414	4	14	45	3952	1908
415	3	1	30	3963	9052
416	3	1	45	3974	485
417	4	8	45	4000	20049
418	0	12	30	4009	7268
419	4	8	30	4018	20099
420	3	1	50	4027	1021
421	4	8	30	4036	8640
422	4	14	30	4045	7406
423	3	1	45	4054	2770
424	3	1	45	4063	9276
425	4	14	35	4072	6027
426	3	1	45	4081	3592
427	0	12	35	4090	412
428	4	8	35	4099	6004
429	4	8	30	4108	1011
430	4	14	50	4117	9128
431	4	14	35	4126	1494
432	3	1	30	4135	5473
433	4	14	45	4144	20
434	3	1	45	4153	6461
435	0	12	35	4162	1090
436	3	1	45	4171	3337
437	4	14	30	4180	29804
438	4	8	30	4189	436
439	3	1	30	4198	7188
440	3	1	50	4207	3802
441	3	1	35	4216	9557
442	0	12	30	4225	14853
443	0	12	50	4234	881
444	4	14	35	4243	4317
445	4	14	35	4252	5867
446	0	12	45	4261	2603
447	4	14	45	4270	8444
448	4	8	35	4279	3677
449	4	8	35	4288	415
450	3	1	50	4297	3355
451	0	12	30	4306	1379
452	4	8	35	4315	25322
453	4	14	45	4324	21651
454	0	12	45	4333	1489
455	3	1	50	4342	12435
456	4	8	30	4351	5114
457	4	14	30	4360	546
458	4	14	50	4369	7192
459	3	1	35	4400	4475
460	4	8	35	4410	14833
461	0	12	35	4420	8742
462	3	1	30	4430	580
463	4	14	45	4440	14038
464	4	14	35	4450	7495
465	4	8	30	4460	1515
466	0	12	30	4470	4310
467	4	8	35	4480	4231
468	0	12	30	4490	30372
469	4	14	35	4500	674
470	0	12	45	4510	2605
471	3	1	45	4520	531
472	0	12	35	4530	13491
473	3	1	50	4540	24
474	3	1	30	4550	4105
475	4	14	45	4560	2676
476	0	12	50	4570	11271
477	3	1	30	4580	5096
478	4	14	35	4590	11660
479	3	1	30	4600	1067
480	4	14	50	4610	1985
481	3	1	30	4620	7129
482	4	14	50	4630	5622
483	0	12	30	4640	5001
484	3	1	35	4650	7784
485	4	14	45	4660	5151
486	3	1	30	4670	1608
487	4	14	45	4680	5892
488	4	14	30	4690	9181
489	4	14	45	4700	9228
490	4	14	30	4710	5388
491	3	1	35	4720	2488
492	0	12	30	4730	2094
493	3	1	50	4740	4717
494	0	12	45	4750	9156
495	3	1	35	4760	7270
496	4	14	30	4770	7313
497	4	8	45	4780	73
498	0	12	35	4800	3303
499	3	1	30	4808	2053
500	4	14	35	4816	708
501	3	1	35	4824	11227
502	4	14	35	4832	8601
503	4	8	30	4840	2602
504	0	12	50	4848	7525
505	4	14	35	4856	2526
506	4	14	45	4864	2234
507	3	1	35	4872	23869
508	0	12	35	4880	3893
509	0	12	50	4888	11793
510	3	1	30	4896	163
511	3	1	50	4904	7
512	0	12	50	4912	1570
513	4	8	45	4920	4599
514	3	1	35	4928	1678
515	3	1	35	4936	1493
516	0	12	35	4944	1037
517	4	8	30	4952	4488
518	0	12	35	4960	1167
519	0	12	50	4968	884
520	3	1	30	4976	26594
521	0	12	35	4984	13080
522	4	8	30	4992	7690
523	0	12	45	5000	1402
524	4	14	30	5008	4324
525	3	1	30	5016	76
526	3	1	35	5024	9367
527	4	8	45	5032	2584
528	3	1	35	5040	1501
529	4	14	50	5048	9456
530	0	12	45	5056	6393
531	3	1	35	5064	10808
532	3	1	50	5072	967
533	0	12	30	5080	5022
534	4	14	45	5088	317
535	0	12	35	5096	3432
536	4	14	45	5104	16281
537	4	8	50	5112	1776
538	0	12	35	5120	11413
539	4	14	30	5128	2898
540	0	12	50	5136	1850
541	4	14	45	5144	1756
542	3	1	30	5152	961
543	4	14	30	5200	15430
544	4	8	45	5210	8519
545	4	8	35	5220	5369
546	3	1	35	5230	694
547	4	14	45	5240	8543
548	4	14	35	5250	2144
549	4	8	35	5260	4956
550	4	8	50	5270	4704
551	4	8	50	5280	1173
552	4	8	30	5290	10823
553	0	12	45	5300	2024
554	4	14	50	5310	2154
555	3	1	30	5320	1525
556	4	8	35	5330	791
557	3	1	50	5340	4832
558	3	1	30	5350	10932
559	3	1	45	5360	7264
560	4	8	50	5370	4837
561	4	8	30	5380	19453
562	0	12	30	5390	8559
563	4	8	45	5400	6914
564	4	14	35	5410	1372
565	4	14	50	5420	1279
566	0	12	50	5430	11474
567	4	14	50	5440	6531
568	4	8	50	5450	3967
569	3	1	50	5460	9911
570	4	14	45	5470	2026
571	4	14	45	5480	13968
572	4	8	45	5490	6761
573	0	12	35	5500	9471
574	4	14	50	5510	12318
575	3	1	45	5520	7951
576	4	8	35	5530	8056
577	3	1	50	5540	9622
578	3	1	30	5550	3589
579	3	1	45	5560	15326
580	4	14	50	5570	14025
581	4	14	50	5580	188
582	3	1	30	5600	304
583	0	12	50	5611	6457
584	4	8	50	5622	1724
585	3	1	45	5633	3897
586	4	8	30	5644	46601
587	4	8	35	5655	11910
588	4	8	30	5666	1849
589	0	12	45	5677	10532
590	4	14	30	5688	2244
591	0	12	50	5699	2873
592	3	1	45	5710	3247
593	3	1	50	5721	966
594	4	8	30	5732	10619
595	3	1	50	5743	2178
596	3	1	35	5754	4087
597	4	8	35	5765	3741
598	4	14	50	5776	7618
599	3	1	45	5787	5011
600	0	12	35	5798	8061
601	4	14	35	5809	3542
602	4	8	45	5820	1932
603	4	8	35	5831	4065
604	3	1	45	5842	1934
605	3	1	35	5853	6145
606	4	14	35	5864	4180
607	0	12	50	5875	255
608	0	12	45	5886	3213
609	0	12	35	5897	5027
610	4	8	45	5908	3988
611	3	1	35	5919	2355
612	0	12	45	5930	651
613	0	12	45	5941	14865
614	3	1	45	5952	9614
615	4	8	30	5963	4436
616	4	14	30	5974	14543
617	0	12	30	5985	636
618	4	14	50	6000	3419
619	4	8	50	6007	7784
620	4	8	50	6014	1282
621	3	1	45	6021	27427
622	3	1	50	6028	3044
623	0	12	30	6035	6413
624	4	14	50	6042	4114
625	3	1	45	6049	14188
626	0	12	50	6056	3976
627	4	14	50	6063	4494
628	4	14	35	6070	19961
629	4	8	30	6077	5025
630	4	14	30	6084	1649
631	0	12	30	6091	1928
632	4	14	30	6098	498
633	4	14	35	6105	12922
634	4	8	30	6112	1213
635	0	12	45	6119	3669
636	4	8	30	6126	8450
637	0	12	45	6133	4889
638	4	8	30	6140	2902
639	4	14	35	6147	5631
640	3	1	35	6154	22372
641	4	8	30	6161	19015
642	0	12	45	6168	3564
643	0	12	45	6175	7181
644	4	14	30	6182	2507
645	4	8	50	6189	26205
646	0	12	30	6196	1951
647	3	1	30	6203	4181
648	4	14	30	6210	2585
649	0	12	50	6217	2200
650	3	1	45	6224	2995
651	3	1	30	6231	2997
652	4	8	35	6238	180
653	4	8	50	6245	29248
654	4	8	50	6252	2808
655	3	1	50	6259	8304
656	4	8	45	6266	294
657	0	12	45	6273	5786
658	3	1	45	6280	33023
659	0	12	30	6287	2768
660	4	8	35	6294	1020
661	0	12	35	6301	22020
662	4	8	45	6308	484
663	4	14	35	6315	11281
664	4	8	35	6322	2377
665	4	8	35	6329	1419
666	3	1	30	6336	1686
667	0	12	35	6343	1482
668	3	1	45	6350	7920
669	4	8	30	6357	2502
670	0	12	30	6364	8742
671	3	1	35	6400	2622
672	3	1	30	6409	7578
673	0	12	35	6418	10478
674	3	1	35	6427	8336
675	0	12	45	6436	1603
676	3	1	30	6445	4681
677	4	8	30	6454	7225
678	4	8	50	6463	2270
679	4	8	50	6472	4266
680	4	8	35	6481	5938
681	4	8	50	6490	24321
682	4	14	45	6499	1169
683	3	1	35	6508	6420
684	3	1	35	6517	1148
685	4	8	50	6526	11265
686	3	1	45	6535	1688
687	4	8	30	6544	548
688	3	1	35	6553	4282
689	4	14	35	6562	3411
690	4	14	50	6571	3161
691	4	8	45	6580	882
692	3	1	30	6589	4944
693	4	8	30	6598	83
694	4	8	30	6607	3613
695	3	1	50	6616	8
696	4	14	35	6625	12743
697	4	8	30	6634	5505
698	4	14	35	6643	2779
699	4	8	45	6652	841
700	3	1	45	6661	8136
701	0	12	50	6670	363
702	0	12	45	6679	8792
703	4	8	30	6688	54
704	4	14	50	6697	4658
705	4	14	35	6706	238
706	4	14	30	6715	6762
707	4	8	50	6724	1368
708	4	14	35	6733	1659
709	0	12	30	6742	900
710	4	14	50	6751	1397
711	4	14	45	6760	2564
712	3	1	45	6800	2171
713	0	12	50	6810	4004
714	3	1	45	6820	8111
715	4	14	45	6830	1145
716	0	12	50	6840	9579
717	3	1	35	6850	3273
718	0	12	50	6860	6710
719	4	14	35	6870	3924
720	4	14	50	6880	20183
721	4	8	30	6890	1028
722	4	8	50	6900	7402
723	4	14	30	6910	2133
724	3	1	30	6920	16085
725	3	1	45	6930	5971
726	4	14	30	6940	9441
727	4	8	50	6950	7291
728	3	1	35	6960	2802
729	0	12	45	6970	8301
730	0	12	30	6980	2622
731	0	12	50	6990	17004
732	3	1	45	7000	2396
733	4	14	35	7010	1221
734	4	14	30	7020	8730
735	4	8	45	7030	5058
736	4	8	35	7040	1441
737	4	8	35	7050	1104
738	4	14	35	7060	746
739	4	14	50	7070	872
740	4	8	45	7080	1125
741	0	12	45	7090	253
742	3	1	45	7100	11217
743	4	8	35	7110	2780
744	4	14	45	7120	1536
745	0	12	35	7130	382
746	3	1	50	7140	10738
747	3	1	30	7150	463
748	3	1	45	7160	1909
749	4	8	45	7170	1959
750	4	8	30	7180	1369
751	4	8	30	7190	3696
752	4	8	30	7200	15726
753	4	14	30	7212	13283
754	3	1	50	7224	1085
755	0	12	45	7236	5272
756	3	1	50	7248	2583
757	0	12	35	7260	3807
758	4	14	30	7272	484
759	4	8	35	7284	14420
760	4	14	30	7296	1695
761	3	1	35	7308	21606
762	3	1	45	7320	10659
763	3	1	50	7332	4066
764	0	12	50	7344	9230
765	4	14	30	7356	1859
766	0	12	50	7368	112
767	4	14	35	7380	763
768	0	12	45	7392	7646
769	4	8	30	7404	1129
770	3	1	30	7416	19334
771	3	1	35	7428	5954
772	4	14	50	7440	2169
773	4	8	30	7452	4631
774	3	1	45	7464	2218
775	3	1	30	7476	15468
776	3	1	35	7488	2242
777	4	14	45	7500	2474
778	0	12	45	7512	456
779	3	1	45	7524	12228
780	0	12	45	7536	9578
781	4	8	50	7548	7601
782	3	1	35	7560	3380
783	0	12	50	7572	596
784	4	14	35	7584	4728
785	3	1	30	7600	13471
786	4	14	45	7608	84
787	4	14	45	7616	3463
788	0	12	35	7624	113
789	3	1	35	7632	1204
790	3	1	45	7640	1488
791	0	12	50	7648	8171
792	3	1	35	7656	569
793	4	8	30	7664	1395
794	4	14	50	7672	13195
795	4	14	35	7680	1326
796	4	8	30	7688	1418
797	0	12	50	7696	2617
798	4	8	35	7704	5285
799	0	12	45	7712	19232
800	4	14	45	7720	265
801	4	14	45	7728	7500
802	3	1	45	7736	2621
803	4	8	35	7744	638
804	4	14	35	7752	2300
805	4	14	50	7760	5129
806	3	1	35	7768	1021
807	4	14	30	7776	2959
808	4	8	35	7784	5228
809	0	12	50	7792	1657
810	3	1	35	7800	1912
811	3	1	35	7808	72
812	0	12	45	7816	3030
813	4	8	35	7824	1397
814	0	12	50	7832	714
815	3	1	30	7840	4503
816	0	12	50	7848	4684
817	3	1	45	7856	7995
818	4	14	45	7864	17623
819	4	8	50	7872	13307
820	4	14	35	7880	1746
821	4	8	35	7888	5203
822	3	1	50	7896	637
823	4	8	30	7904	4640
824	3	1	35	7912	18207
825	4	8	35	7920	1462
826	0	12	50	7928	4643
827	4	8	45	7936	605
828	4	8	30	7944	6278
829	4	14	35	7952	704
830	0	12	50	7960	7500
831	3	1	45	7968	19058
832	3	1	30	7976	8374
833	0	12	30	8000	724
834	4	14	30	8011	10508
835	4	8	50	8022	525
836	4	14	35	8033	2718
837	0	12	50	8044	2400
838	4	8	45	8055	8979
839	0	12	45	8066	21155
840	0	12	50	8077	8027
841	4	14	35	8088	5878
842	4	8	30	8099	11666
843	0	12	45	8110	9013
844	0	12	30	8121	14376
845	4	14	35	8132	1397
846	0	12	35	8143	2559
847	0	12	30	8154	12860
848	4	8	35	8165	600
849	4	8	45	8176	2689
850	3	1	35	8187	6408
851	4	14	45	8198	3858
852	0	12	30	8209	3130
853	4	14	45	8220	7113
854	0	12	30	8231	7363
855	4	8	30	8242	3734
856	0	12	50	8253	5692
857	0	12	35	8264	10139
858	3	1	30	8275	968
859	3	1	50	8286	646
860	3	1	50	8297	219
861	0	12	45	8308	374
862	3	1	50	8319	8095
863	3	1	30	8330	3819
864	0	12	30	8341	4502
865	4	14	50	8352	2267
866	0	12	30	8363	1803
867	0	12	35	8400	1994
868	3	1	30	8410	2881
869	4	14	50	8420	172
870	4	14	50	8430	1071
871	4	14	30	8440	1431
872	4	8	50	8450	19325
873	4	14	50	8460	22481
874	4	8	30	8470	1000
875	4	14	30	8480	5932
876	0	12	30	8490	7701
877	3	1	35	8500	2343
878	4	8	30	8510	5959
879	4	14	50	8520	8179
880	4	8	50	8530	12199
881	4	14	50	8540	6403
882	0	12	35	8550	4
883	0	12	45	8560	2034
884	0	12	50	8570	3635
885	0	12	30	8580	1640
886	4	8	35	8590	4813
887	3	1	45	8600	358
888	4	14	30	8610	3134
889	4	8	30	8620	2706
890	0	12	30	8630	3822
891	3	1	30	8640	4775
892	3	1	45	8650	1195
893	3	1	45	8660	6724
894	4	8	45	8670	16369
895	4	14	30	8680	6782
896	4	8	35	8690	12925
897	4	14	50	8700	2926
898	4	14	45	8710	1722
899	0	12	35	8720	5412
900	4	14	35	8730	17756
901	0	12	50	8740	399
902	3	1	30	8750	4175
903	4	8	35	8760	415
904	4	8	45	8800	1321
905	4	14	35	8809	3523
906	3	1	50	8818	4332
907	4	8	35	8827	3374
908	3	1	45	8836	4670
909	4	8	50	8845	493
910	0	12	30	8854	8091
911	3	1	35	8863	2049
912	3	1	35	8872	1233
913	4	14	30	8881	3114
914	4	8	50	8890	1592
915	3	1	30	8899	2866
916	0	12	30	8908	369
917	4	8	35	8917	3620
918	3	1	35	8926	99
919	4	14	50	8935	2043
920	3	1	35	8944	8637
921	4	8	45	8953	1351
922	4	8	30	8962	12521
923	0	12	50	8971	110
924	3	1	50	8980	4887
925	0	12	50	8989	5722
926	4	8	35	8998	192
927	3	1	30	9007	2022
928	4	8	35	9016	255
929	4	8	50	9025	3882
930	3	1	50	9034	8174
931	0	12	30	9043	2465
932	3	1	50	9052	460
933	0	12	45	9061	215
934	4	14	45	9070	9537
935	0	12	30	9079	9798
936	4	8	50	9088	1008
937	3	1	50	9097	16293
938	3	1	50	9106	565
939	4	8	35	9115	62
940	3	1	35	9124	7743
941	0	12	30	9133	777
942	0	12	30	9142	4367
943	3	1	35	9151	2384
944	0	12	30	9160	5848
945	3	1	45	9169	1203
946	0	12	45	9178	2705
947	3	1	35	9187	8970
948	4	8	50	9200	3488
949	3	1	45	9208	4855
950	3	1	30	9216	5764
951	4	14	30	9224	3383
952	4	8	45	9232	2768
953	0	12	45	9240	19446
954	3	1	50	9248	10677
955	3	1	50	9256	8234
956	3	1	45	9264	1253
957	4	8	30	9272	3959
958	3	1	45	9280	4276
959	4	8	50	9288	5246
960	4	8	30	9296	3191
961	4	14	45	9304	1553
962	4	14	30	9312	2949
963	4	8	45	9320	399
964	4	14	50	9328	2447
965	0	12	50	9336	3099
966	4	14	45	9344	1456
967	4	8	45	9352	978
968	4	14	45	9360	5633
969	0	12	50	9368	3356
970	4	8	35	9376	1530
971	3	1	30	9384	807
972	4	14	35	9392	2706
973	0	12	30	9400	36
974	0	12	35	9408	4977
975	3	1	35	9416	6153
976	0	12	35	9424	6922
977	3	1	50	9432	4764
978	4	14	50	9440	3020
979	0	12	30	9448	2824
980	4	14	30	9456	1739
981	3	1	50	9464	1772
982	0	12	35	9472	11196
983	4	14	45	9480	4004
984	3	1	50	9488	11756
985	3	1	50	9496	2252
986	4	14	45	9504	20526
987	4	8	30	9512	719
988	3	1	50	9520	1369
989	4	8	50	9528	304
990	3	1	35	9536	5745
991	0	12	45	9544	6679
992	4	14	35	9552	3311
993	0	12	30	9600	4243
994	4	14	30	9608	5464
995	4	14	50	9616	4120
996	0	12	50	9624	7927
997	4	14	35	9632	3616
998	4	14	35	9640	29731
999	0	12	35	9648	1484
1000	3	1	30	9656	20330
1001	3	1	30	9664	1433
1002	3	1	50	9672	1095
1003	4	8	50	9680	75
1004	4	8	35	9688	2399
1005	0	12	50	9696	4057
1006	0	12	45	9704	421
1007	0	12	35	9712	2710
1008	0	12	35	9720	3036
1009	0	12	45	9728	1263
1010	4	8	35	9736	383
1011	4	14	50	9744	6138
1012	4	8	30	9752	549
1013	4	8	35	9760	865
1014	4	8	50	9768	2413
1015	3	1	35	9776	1023
1016	4	14	30	9784	2895
1017	0	12	35	9792	13902
1018	3	1	50	9800	1379
1019	0	12	30	9808	133
1020	0	12	30	9816	3437
1021	4	8	35	9824	649
1022	4	14	50	9832	17566
1023	3	1	50	9840	4918
1024	3	1	45	9848	10035
1025	0	12	45	9856	4840
1026	3	1	50	9864	7259
1027	3	1	35	9872	11632
1028	4	8	30	9880	3148
1029	4	8	45	9888	415
1030	4	8	35	9896	14329
1031	4	8	30	9904	1582
1032	4	14	35	9912	4858
1033	4	14	45	9920	1164
1034	3	1	30	9928	3157
1035	4	8	50	9936	240
1036	0	12	50	9944	558
1037	3	1	45	9952	10731
1038	4	8	35	10000	1027
1039	3	1	50	10012	2748
1040	3	1	30	10024	1687
1041	4	14	30	10036	5555
1042	4	8	50	10048	7549
1043	3	1	35	10060	85
1044	0	12	45	10072	26301
1045	3	1	35	10084	22297
1046	4	14	45	10096	5261
1047	4	8	50	10108	2053
1048	4	14	30	10120	1160
1049	0	12	45	10132	3489
1050	0	12	45	10144	725
1051	4	14	45	10156	10693
1052	0	12	35	10168	1704
1053	3	1	30	10180	21233
1054	0	12	30	10192	9168
1055	0	12	45	10204	11956
1056	4	14	35	10216	1855
1057	0	12	30	10228	5609
1058	4	14	30	10240	1340
1059	4	8	45	10252	8973
1060	3	1	50	10264	9355
1061	4	8	35	10276	1427
1062	3	1	35	10288	18626
1063	3	1	45	10300	2404
1064	3	1	30	10312	1985
1065	4	14	30	10324	10635
1066	0	12	35	10336	535
1067	3	1	35	10348	14530
1068	4	14	30	10360	7748
1069	0	12	30	10372	2071
1070	3	1	35	10384	421
1071	0	12	45	10400	4791
1072	3	1	30	10409	8177
1073	0	12	50	10418	10914
1074	4	8	50	10427	9000
1075	4	8	50	10436	10714
1076	0	12	45	10445	2933
1077	4	8	35	10454	16160
1078	3	1	35	10463	5090
1079	4	14	30	10472	10868
1080	4	8	30	10481	20995
1081	0	12	50	10490	3185
1082	4	14	30	10499	6842
1083	0	12	35	10508	20527
1084	4	8	30	10517	18352
1085	4	8	50	10526	477
1086	0	12	50	10535	25015
1087	4	8	30	10544	5263
1088	4	14	35	10553	2998
1089	4	8	45	10562	4731
1090	3	1	35	10571	8904
1091	0	12	50	10580	3941
1092	4	14	35	10589	6007
1093	0	12	45	10598	2882
1094	0	12	50	10607	5174
1095	4	8	50	10616	203
1096	0	12	50	10625	6276
1097	4	14	35	10634	2923
1098	4	14	30	10643	7910
1099	0	12	35	10652	1027
1100	3	1	30	10661	13256
1101	4	8	30	10670	6700
1102	3	1	50	10679	4990
1103	3	1	30	10688	12918
1104	4	8	30	10697	2802
1105	4	14	50	10706	4978
1106	4	8	45	10715	550
1107	0	12	35	10724	3160
1108	0	12	35	10733	1294
1109	3	1	35	10742	18061
1110	0	12	50	10751	3888
1111	4	8	50	10760	2435
1112	4	8	45	10800	216
1113	4	14	30	10810	2712
1114	4	14	45	10820	9842
1115	4	8	30	10830	2846
1116	4	8	30	10840	4548
1117	3	1	30	10850	26448
1118	4	8	35	10860	2840
1119	4	8	30	10870	1378
1120	3	1	30	10880	11208
1121	3	1	30	10890	4175
1122	4	14	30	10900	4377
1123	3	1	45	10910	1187
1124	4	8	45	10920	4386
1125	3	1	45	10930	5295
1126	0	12	35	10940	14966
1127	3	1	35	10950	2702
1128	0	12	50	10960	1806
1129	0	12	30	10970	8164
1130	4	8	30	10980	1217
1131	4	8	35	10990	6
1132	3	1	30	11000	1338
1133	3	1	50	11010	3211
1134	4	8	30	11020	17549
1135	0	12	50	11030	2115
1136	3	1	30	11040	11275
1137	0	12	30	11050	9551
1138	4	14	30	11060	5410
1139	4	8	30	11070	2957
1140	0	12	35	11080	26964
1141	0	12	35	11090	5134
1142	0	12	50	11100	2965
1143	0	12	30	11110	3506
1144	0	12	45	11120	426
1145	0	12	45	11130	3475
1146	3	1	30	11140	3544
1147	4	14	30	11150	1879
1148	4	8	50	11160	5138
1149	3	1	50	11170	1339
1150	4	14	45	11180	4182
1151	3	1	45	11200	6488
1152	4	8	50	11211	51
1153	4	8	30	11222	4494
1154	4	8	30	11233	2242
1155	4	14	50	11244	2954
1156	4	8	30	11255	1008
1157	4	14	30	11266	2917
1158	4	8	45	11277	2727
1159	4	14	45	11288	9276
1160	4	14	45	11299	6237
1161	3	1	30	11310	7746
1162	0	12	35	11321	971
1163	4	14	30	11332	3593
1164	4	8	35	11343	8742
1165	4	14	45	11354	3876
1166	4	14	45	11365	861
1167	4	14	50	11376	5820
1168	4	8	30	11387	3240
1169	3	1	45	11398	4268
1170	4	14	50	11409	4535
1171	4	8	30	11420	7967
1172	3	1	30	11431	3001
1173	0	12	35	11442	26502
1174	0	12	50	11453	1463
1175	3	1	50	11464	1892
1176	3	1	30	11475	708
1177	3	1	50	11486	469
1178	4	8	50	11497	706
1179	0	12	50	11508	493
1180	4	14	35	11519	906
1181	4	8	30	11530	6273
1182	4	8	35	11541	9286
1183	4	8	30	11552	370
1184	4	8	45	11563	1658
1185	3	1	35	11600	4438
1186	4	14	45	11609	29349
1187	0	12	30	11618	6702
1188	0	12	45	11627	650
1189	3	1	30	11636	4891
1190	3	1	50	11645	921
1191	3	1	50	11654	3721
1192	4	14	35	11663	3385
1193	0	12	35	11672	9877
1194	3	1	45	11681	8146
1195	4	8	30	11690	1837
1196	4	14	50	11699	3325
1197	0	12	50	11708	16827
1198	3	1	50	11717	6752
1199	4	8	30	11726	5388
1200	0	12	50	11735	2191
1201	4	14	35	11744	10462
1202	4	8	30	11753	11448
1203	3	1	30	11762	411
1204	4	14	50	11771	6645
1205	3	1	35	11780	8740
1206	4	14	45	11789	1865
1207	4	8	45	11798	125
1208	4	8	30	11807	2233
1209	3	1	35	11816	253
1210	0	12	45	11825	1950
1211	4	14	30	11834	496
1212	3	1	30	11843	1921
1213	0	12	45	11852	2023
1214	4	14	35	11861	6243
1215	4	8	35	11870	36993
1216	4	8	45	11879	16656
1217	4	14	35	11888	563
1218	3	1	35	11897	1406
1219	3	1	50	11906	1680
1220	0	12	30	11915	3963
1221	4	14	45	11924	3707
1222	3	1	30	11933	4382
1223	4	14	50	11942	11791
1224	0	12	50	11951	2740
1225	0	12	30	11960	424
1226	4	8	45	11969	2172
1227	3	1	45	12000	5297
1228	3	1	45	12012	1687
1229	3	1	45	12024	18294
1230	4	14	50	12036	11187
1231	4	8	35	12048	1131
1232	0	12	30	12060	3063
1233	0	12	50	12072	4383
1234	4	14	30	12084	8896
1235	0	12	50	12096	2270
1236	4	14	30	12108	9563
1237	4	14	30	12120	7658
1238	4	8	30	12132	2967
1239	4	14	35	12144	3861
1240	4	14	45	12156	1770
1241	3	1	30	12168	21423
1242	3	1	50	12180	2696
1243	4	8	35	12192	380
1244	4	8	35	12204	1970
1245	4	14	45	12216	389
1246	0	12	45	12228	1250
1247	4	14	50	12240	939
1248	0	12	30	12252	1049
1249	0	12	35	12264	8195
1250	0	12	45	12276	2368
1251	0	12	45	12288	2455
1252	4	8	35	12300	7866
1253	4	14	50	12312	3385
1254	4	8	50	12324	694
1255	4	8	30	12336	11186
1256	4	8	35	12348	2199
1257	3	1	35	12360	28790
1258	4	8	35	12372	7216
1259	4	14	50	12384	5519
1260	0	12	45	12400	3733
1261	0	12	30	12409	6850
1262	4	14	30	12418	8962
1263	3	1	45	12427	2660
1264	4	14	45	12436	1310
1265	3	1	35	12445	670
1266	3	1	30	12454	6829
1267	4	8	35	12463	8455
1268	0	12	35	12472	4321
1269	3	1	35	12481	2418
1270	4	8	35	12490	1346
1271	3	1	35	12499	1465
1272	4	8	35	12508	7212
1273	4	14	30	12517	7955
1274	3	1	35	12526	26935
1275	4	8	30	12535	4299
1276	0	12	45	12544	625
1277	0	12	45	12553	3662
1278	4	8	35	12562	5204
1279	0	12	30	12571	2172
1280	4	14	35	12580	12726
1281	3	1	50	12589	1038
1282	3	1	35	12598	3330
1283	4	8	30	12607	4162
1284	3	1	30	12616	5909
1285	3	1	30	12625	4270
1286	0	12	50	12634	3493
1287	0	12	30	12643	20778
1288	4	14	50	12652	3156
1289	3	1	50	12661	15782
1290	4	14	45	12670	49
1291	4	8	45	12679	9812
1292	4	8	50	12688	129
1293	3	1	30	12697	9329
1294	3	1	45	12706	68
1295	4	14	45	12715	5131
1296	4	14	30	12724	1311
1297	0	12	35	12733	22
1298	3	1	50	12742	12020
1299	4	14	30	12751	1148
1300	0	12	45	12760	2900
1301	4	14	35	12769	3398
1302	3	1	45	12800	5990
1303	3	1	50	12812	10587
1304	4	14	30	12824	4709
1305	3	1	30	12836	694
1306	4	14	35	12848	6069
1307	3	1	35	12860	33169
1308	0	12	45	12872	3504
1309	4	14	50	12884	5463
1310	0	12	45	12896	8223
1311	0	12	50	12908	11380
1312	0	12	50	12920	3183
1313	4	8	35	12932	3023
1314	4	14	45	12944	7666
1315	3	1	50	12956	2177
1316	3	1	45	12968	1764
1317	4	8	50	12980	1930
1318	0	12	45	12992	7893
1319	0	12	35	13004	6970
1320	3	1	45	13016	6549
1321	4	8	50	13028	7446
1322	3	1	35	13040	2552
1323	4	8	35	13052	5282
1324	4	14	50	13064	2345
1325	4	14	45	13076	3023
1326	4	8	45	13088	1304
1327	3	1	30	13100	14492
1328	0	12	35	13112	7705
1329	4	14	45	13124	3206
1330	3	1	30	13136	2271
1331	0	12	35	13148	599
1332	3	1	50	13160	5375
1333	3	1	35	13172	3123
1334	0	12	35	13184	15192
1335	0	12	50	13200	3560
1336	4	14	35	13208	4495
1337	4	14	45	13216	5456
1338	3	1	30	13224	18802
1339	4	14	50	13232	4368
1340	4	14	50	13240	12373
1341	4	8	35	13248	3536
1342	0	12	45	13256	4482
1343	0	12	30	13264	10009
1344	3	1	35	13272	1204
1345	3	1	45	13280	1033
1346	0	12	50	13288	2998
1347	0	12	45	13296	5893
1348	4	14	45	13304	419
1349	4	14	50	13312	7363
1350	4	8	30	13320	2314
1351	4	8	30	13328	15247
1352	0	12	45	13336	1905
1353	4	8	45	13344	1176
1354	0	12	45	13352	4278
1355	3	1	50	13360	6695
1356	0	12	50	13368	539
1357	0	12	30	13376	283
1358	3	1	50	13384	4221
1359	4	14	45	13392	960
1360	4	8	35	13400	14716
1361	0	12	35	13408	7761
1362	4	8	50	13416	1911
1363	4	8	30	13424	173
1364	4	8	50	13432	1992
1365	0	12	30	13440	6314
1366	3	1	30	13448	1791
1367	3	1	35	13456	36
1368	4	8	50	13464	3869
1369	3	1	45	13472	1918
1370	3	1	45	13480	9005
1371	3	1	50	13488	6429
1372	4	14	50	13496	2302
1373	0	12	45	13504	1448
1374	0	12	35	13512	10099
1375	4	8	30	13520	1482
1376	4	8	35	13528	1224
1377	3	1	35	13536	4596
1378	4	14	30	13544	3099
1379	0	12	30	13552	1084
1380	3	1	45	13560	15
1381	4	8	30	13568	5062
1382	3	1	35	13576	11117
1383	0	12	45	13600	98
1384	3	1	45	13610	591
1385	0	12	50	13620	3004
1386	4	14	50	13630	10389
1387	0	12	30	13640	3203
1388	3	1	50	13650	13575
1389	4	8	45	13660	1711
1390	4	14	50	13670	2693
1391	3	1	30	13680	3936
1392	4	8	50	13690	579
1393	3	1	45	13700	9916
1394	3	1	45	13710	5545
1395	4	14	45	13720	954
1396	4	14	45	13730	1135
1397	4	14	45	13740	4133
1398	3	1	35	13750	4515
1399	4	8	30	13760	4542
1400	0	12	45	13770	13822
1401	3	1	45	13780	2939
1402	3	1	50	13790	976
1403	0	12	30	13800	9471
1404	4	8	30	13810	15942
1405	3	1	30	13820	6516
1406	3	1	35	13830	5535
1407	0	12	50	13840	356
1408	4	8	30	13850	2713
1409	3	1	35	13860	2062
1410	4	8	35	13870	4012
1411	3	1	45	13880	4801
1412	4	8	30	13890	6174
1413	3	1	45	13900	2492
1414	0	12	50	13910	943
1415	0	12	35	13920	2530
1416	4	8	50	13930	12847
1417	0	12	30	13940	1779
1418	3	1	35	13950	16352
1419	0	12	50	13960	13169
1420	0	12	35	13970	10558
1421	3	1	50	13980	11164
1422	0	12	45	13990	699
1423	4	14	30	14000	1546
1424	4	14	45	14012	14585
1425	4	14	35	14024	2105
1426	4	8	30	14036	5001
1427	0	12	35	14048	4283
1428	4	8	30	14060	5670
1429	4	8	45	14072	6599
1430	4	8	35	14084	285
1431	3	1	50	14096	6966
1432	4	14	50	14108	37
1433	4	8	50	14120	12358
1434	0	12	35	14132	1848
1435	0	12	30	14144	5729
1436	3	1	35	14156	3265
1437	3	1	35	14168	304
1438	4	14	45	14180	542
1439	4	14	35	14192	3388
1440	3	1	45	14204	9404
1441	4	14	50	14216	8698
1442	3	1	50	14228	306
1443	4	14	35	14240	5573
1444	4	14	35	14252	8573
1445	0	12	35	14264	9992
1446	4	8	30	14276	10937
1447	4	14	30	14288	8368
1448	3	1	45	14300	6526
1449	3	1	30	14312	1799
1450	4	8	50	14324	1844
1451	3	1	35	14336	14848
1452	0	12	30	14348	4971
1453	3	1	45	14360	6133
1454	4	8	45	14372	7285
1455	4	8	50	14384	343
1456	4	8	50	14400	1948
1457	3	1	45	14411	15383
1458	4	8	35	14422	12807
1459	4	8	45	14433	6029
1460	4	8	30	14444	611
1461	4	8	50	14455	580
1462	3	1	45	14466	3546
1463	4	14	45	14477	7158
1464	4	8	50	14488	1681
1465	4	14	45	14499	9682
1466	4	14	50	14510	4718
1467	4	14	30	14521	8822
1468	4	8	35	14532	466
1469	4	14	50	14543	4533
1470	3	1	30	14554	15490
1471	4	14	45	14565	10739
1472	4	8	45	14576	1120
1473	4	14	30	14587	4194
1474	3	1	30	14598	613
1475	0	12	45	14609	387
1476	4	14	50	14620	9495
1477	4	8	30	14631	4219
1478	0	12	50	14642	3772
1479	3	1	35	14653	639
1480	3	1	35	14664	3669
1481	3	1	30	14675	10073
1482	3	1	45	14686	11272
1483	4	14	50	14697	2604
1484	4	14	50	14708	3090
1485	4	14	30	14719	840
1486	4	8	50	14730	790
1487	0	12	35	14741	2734
1488	4	14	30	14752	1114
1489	3	1	45	14763	1410
1490	3	1	30	14774	2473
1491	4	14	45	14800	4119
1492	0	12	50	14810	1101
1493	3	1	50	14820	3613
1494	4	8	35	14830	2443
1495	0	12	45	14840	7207
1496	4	8	30	14850	2305
1497	4	14	35	14860	2613
1498	3	1	35	14870	2682
1499	0	12	45	14880	19251
1500	4	8	35	14890	1858
1501	3	1	30	14900	424
1502	4	8	50	14910	6787
1503	3	1	50	14920	854
1504	4	14	30	14930	2445
1505	3	1	35	14940	3389
1506	4	8	45	14950	8211
1507	4	8	50	14960	373
1508	0	12	35	14970	4698
1509	4	8	30	14980	6138
1510	3	1	50	14990	1815
1511	0	12	50	15000	8876
1512	3	1	50	15010	3655
1513	4	14	30	15020	9099
1514	4	14	35	15030	1164
1515	4	14	50	15040	2000
1516	4	14	35	15050	1686
1517	3	1	45	15060	593
1518	0	12	45	15070	2090
1519	4	8	50	15080	724
1520	4	8	50	15090	6788
1521	3	1	35	15100	1179
1522	4	14	50	15110	5508
1523	4	14	45	15120	12025
1524	0	12	45	15130	1282
1525	4	14	35	15140	3348
1526	3	1	45	15150	6566
1527	3	1	50	15160	7591
1528	4	8	50	15200	1106
1529	4	8	35	15210	3045
1530	3	1	35	15220	8163
1531	0	12	45	15230	3494
1532	4	14	50	15240	936
1533	0	12	30	15250	4245
1534	4	8	50	15260	10802
1535	4	14	30	15270	2957
1536	0	12	35	15280	877
1537	4	14	50	15290	7520
1538	4	14	50	15300	105
1539	4	8	45	15310	21227
1540	4	8	45	15320	2917
1541	0	12	50	15330	391
1542	0	12	50	15340	10391
1543	3	1	30	15350	4517
1544	4	14	50	15360	17785
1545	3	1	35	15370	5002
1546	0	12	50	15380	247
1547	4	8	50	15390	2938
1548	3	1	35	15400	1937
1549	4	8	35	15410	314
1550	4	8	35	15420	3632
1551	3	1	35	15430	1528
1552	4	14	45	15440	364
1553	0	12	45	15450	1700
1554	3	1	50	15460	1989
1555	3	1	50	15470	552
1556	3	1	30	15480	3782
1557	4	8	30	15490	10032
1558	4	8	35	15500	16913
1559	0	12	45	15510	14258
1560	4	14	45	15520	8722
1561	3	1	50	15530	168
1562	4	14	30	15540	13350
1563	3	1	30	15550	939
1564	3	1	45	15560	13638
1565	3	1	35	15570	10277
1566	4	8	50	15580	5929
1567	3	1	45	15600	17869
1568	4	8	30	15611	17487
1569	4	14	30	15622	9285
1570	3	1	45	15633	957
1571	4	14	45	15644	4537
1572	4	14	50	15655	478
1573	3	1	30	15666	2343
1574	0	12	35	15677	7826
1575	4	8	30	15688	5716
1576	3	1	45	15699	2634
1577	0	12	50	15710	446
1578	4	14	50	15721	14921
1579	3	1	30	15732	5914
1580	3	1	45	15743	2938
1581	0	12	45	15754	1954
1582	0	12	35	15765	3498
1583	4	14	35	15776	749
1584	4	14	50	15787	17281
1585	0	12	30	15798	4385
1586	4	8	50	15809	2892
1587	4	14	30	15820	13680
1588	4	8	35	15831	1529
1589	4	14	50	15842	8242
1590	0	12	30	15853	15275
1591	4	14	30	15864	2348
1592	4	8	35	15875	8927
1593	3	1	30	15886	701
1594	4	8	50	15897	1373
1595	4	14	45	15908	2653
1596	0	12	45	15919	1126
1597	4	8	45	15930	6800
1598	0	12	35	15941	5997
1599	4	8	35	15952	826
1600	4	8	35	15963	16671
1601	3	1	30	16000	574
1602	4	14	50	16010	3494
1603	4	14	30	16020	4025
1604	4	14	45	16030	14031
1605	3	1	50	16040	15430
1606	4	14	35	16050	962
1607	0	12	45	16060	7981
1608	0	12	30	16070	4380
1609	4	8	45	16080	6613
1610	0	12	35	16090	7913
1611	3	1	35	16100	3023
1612	3	1	35	16110	13541
1613	4	14	30	16120	2256
1614	3	1	30	16130	4402
1615	3	1	30	16140	4020
1616	3	1	35	16150	5290
1617	0	12	45	16160	8937
1618	4	14	35	16170	1347
1619	3	1	45	16180	2853
1620	0	12	35	16190	3448
1621	3	1	45	16200	7856
1622	4	8	30	16210	7727
1623	3	1	30	16220	1330
1624	4	14	30	16230	12043
1625	4	14	45	16240	10411
1626	4	8	30	16250	8473
1627	0	12	50	16260	20363
1628	4	8	30	16270	758
1629	0	12	45	16280	2784
1630	0	12	35	16290	3512
1631	0	12	50	16300	6786
1632	0	12	45	16310	3476
1633	4	8	35	16320	9309
1634	0	12	50	16330	7006
1635	0	12	45	16340	2105
1636	4	8	50	16350	10868
1637	0	12	30	16360	18350
1638	0	12	50	16370	1443
1639	0	12	50	16380	122
1640	0	12	45	16390	2775
1641	4	8	35	16400	6246
1642	4	14	30	16408	2864
1643	4	14	50	16416	4886
1644	3	1	45	16424	86
1645	3	1	45	16432	4475
1646	4	8	50	16440	3357
1647	3	1	35	16448	3704
1648	0	12	30	16456	5355
1649	3	1	50	16464	7559
1650	4	8	30	16472	8856
1651	0	12	50	16480	3031
1652	3	1	35	16488	3888
1653	3	1	45	16496	1754
1654	0	12	30	16504	7058
1655	4	14	45	16512	1398
1656	0	12	50	16520	2745
1657	0	12	45	16528	1666
1658	0	12	50	16536	5854
1659	4	14	30	16544	499
1660	0	12	50	16552	1097
1661	4	14	45	16560	1203
1662	3	1	35	16568	5756
1663	4	14	45	16576	952
1664	4	8	35	16584	1527
1665	4	14	35	16592	340
1666	4	8	45	16600	18757
1667	0	12	50	16608	680
1668	3	1	30	16616	5877
1669	3	1	35	16624	1521
1670	4	8	35	16632	6328
1671	4	8	35	16640	6012
1672	4	14	50	16648	4935
1673	3	1	35	16656	1196
1674	4	8	30	16664	48
1675	4	14	30	16672	9368
1676	4	14	45	16680	2588
1677	4	8	35	16688	1096
1678	4	14	45	16696	1225
1679	0	12	35	16704	2492
1680	3	1	45	16712	3016
1681	4	14	45	16720	2103
1682	0	12	50	16728	2829
1683	3	1	35	16736	3088
1684	4	14	45	16744	5494
1685	4	14	45	16752	286
1686	4	8	45	16760	1341
1687	3	1	50	16768	1236
1688	4	8	35	16776	608
1689	4	8	30	16800	3936
1690	4	14	45	16809	15849
1691	0	12	30	16818	5409
1692	0	12	30	16827	2402
1693	0	12	45	16836	862
1694	4	14	30	16845	11506
1695	4	8	50	16854	1253
1696	3	1	50	16863	183
1697	4	14	35	16872	1589
1698	4	8	35	16881	2423
1699	4	14	30	16890	19171
1700	0	12	30	16899	5058
1701	0	12	30	16908	2325
1702	4	14	30	16917	10850
1703	3	1	45	16926	2738
1704	0	12	35	16935	400
1705	4	14	50	16944	895
1706	0	12	50	16953	10844
1707	4	14	30	16962	2106
1708	4	8	35	16971	1689
1709	0	12	50	16980	13903
1710	0	12	50	16989	11688
1711	3	1	35	16998	1339
1712	0	12	30	17007	357
1713	4	14	45	17016	1997
1714	4	8	35	17025	6927
1715	4	8	30	17034	12307
1716	3	1	50	17043	9832
1717	4	14	30	17052	1448
1718	4	14	30	17061	4751
1719	3	1	45	17070	1177
1720	3	1	50	17079	11580
1721	4	14	50	17088	8815
1722	4	14	45	17097	64
1723	4	8	50	17106	929
1724	3	1	50	17115	2099
1725	0	12	30	17124	356
1726	0	12	30	17133	2165
1727	4	14	35	17142	3338
1728	3	1	30	17151	2382
1729	4	14	35	17160	10274
1730	4	8	35	17169	8565
1731	4	14	35	17178	750
1732	0	12	50	17200	10801
1733	0	12	35	17210	1534
1734	4	14	35	17220	8825
1735	4	8	45	17230	459
1736	0	12	35	17240	3693
1737	3	1	35	17250	58
1738	3	1	50	17260	2473
1739	4	14	45	17270	3710
1740	3	1	45	17280	1419
1741	3	1	35	17290	14076
1742	4	8	45	17300	16957
1743	0	12	35	17310	1301
1744	4	8	35	17320	5863
1745	0	12	35	17330	7826
1746	4	14	30	17340	4610
1747	4	8	45	17350	286
1748	4	14	35	17360	3577
1749	3	1	50	17370	23984
1750	3	1	30	17380	2895
1751	3	1	45	17390	10142
1752	4	14	35	17400	6945
1753	4	14	50	17410	1004
1754	0	12	35	17420	660
1755	4	8	30	17430	9648
1756	4	8	45	17440	2231
1757	3	1	35	17450	7077
1758	4	14	45	17460	442
1759	4	14	35	17470	41
1760	4	14	45	17480	10833
1761	4	8	45	17490	3157
1762	0	12	50	17500	20718
1763	4	8	30	17510	3329
1764	4	14	45	17520	914
1765	0	12	45	17530	8079
1766	3	1	35	17540	2727
1767	4	14	45	17550	10710
1768	4	14	30	17560	4315
1769	4	14	50	17570	5665
1770	4	8	50	17600	3183
1771	0	12	45	17609	9542
1772	4	8	35	17618	12557
1773	4	14	35	17627	538
1774	4	14	30	17636	20566
1775	4	14	45	17645	18046
1776	3	1	30	17654	10601
1777	4	14	30	17663	10148
1778	4	14	45	17672	4401
1779	4	8	45	17681	5016
1780	4	8	50	17690	4421
1781	3	1	35	17699	1776
1782	0	12	50	17708	22781
1783	0	12	30	17717	2549
1784	0	12	35	17726	3444
1785	4	14	45	17735	17352
1786	4	14	50	17744	3392
1787	0	12	30	17753	6847
1788	4	14	30	17762	776
1789	3	1	30	17771	21155
1790	0	12	30	17780	8643
1791	4	8	30	17789	8742
1792	3	1	45	17798	16729
1793	3	1	35	17807	2411
1794	0	12	50	17816	5893
1795	0	12	50	17825	9699
1796	4	8	35	17834	16484
1797	4	14	45	17843	4340
1798	0	12	45	17852	330
1799	0	12	45	17861	12913
1800	4	8	50	17870	2709
1801	4	14	45	17879	7304
1802	4	8	45	17888	4578
1803	4	14	45	17897	10925
1804	4	8	30	17906	5062
1805	3	1	35	17915	5300
1806	0	12	35	17924	16771
1807	0	12	30	17933	5496
1808	0	12	45	17942	1239
1809	0	12	50	17951	1000
1810	3	1	30	17960	21156
1811	4	8	35	18000	4097
1812	3	1	45	18011	1138
1813	3	1	30	18022	4214
1814	3	1	45	18033	3986
1815	0	12	35	18044	5196
1816	4	8	45	18055	3390
1817	0	12	50	18066	5840
1818	0	12	45	18077	27107
1819	0	12	50	18088	1315
1820	4	8	50	18099	2208
1821	3	1	30	18110	6926
1822	4	14	45	18121	7442
1823	0	12	50	18132	4689
1824	4	14	45	18143	11296
1825	4	14	45	18154	6208
1826	3	1	50	18165	11698
1827	4	14	50	18176	4734
1828	4	14	35	18187	3700
1829	3	1	30	18198	1090
1830	3	1	30	18209	88
1831	3	1	45	18220	2263
1832	3	1	45	18231	8614
1833	4	14	30	18242	6064
1834	4	14	45	18253	1362
1835	4	8	30	18264	10203
1836	0	12	45	18275	7690
1837	0	12	35	18286	901
1838	4	14	30	18297	8982
1839	3	1	50	18308	11390
1840	3	1	35	18319	33
1841	4	14	45	18330	10701
1842	4	14	45	18341	4086
1843	4	14	30	18352	20624
1844	4	14	30	18363	73882
1845	3	1	50	18374	1875
1846	3	1	45	18385	5412
1847	0	12	35	18400	3413
1848	4	14	50	18414	11203
1849	0	12	45	18428	283
1850	4	14	30	18442	2769
1851	4	8	45	18456	2258
1852	4	14	50	18470	4476
1853	0	12	45	18484	11663
1854	4	14	50	18498	5145
1855	4	14	45	18512	6810
1856	4	14	30	18526	29998
1857	0	12	50	18540	28573
1858	0	12	50	18554	27804
1859	4	8	35	18568	15559
1860	0	12	45	18582	7832
1861	4	8	45	18596	2996
1862	0	12	50	18610	902
1863	4	8	35	18624	124
1864	3	1	45	18638	897
1865	0	12	35	18652	6408
1866	4	14	50	18666	7917
1867	4	14	45	18680	4616
1868	3	1	45	18694	2151
1869	4	8	35	18708	6616
1870	4	14	45	18722	11665
1871	0	12	35	18736	2073
1872	0	12	45	18750	11224
1873	3	1	50	18764	897
1874	4	8	45	18778	1273
1875	4	8	30	18800	3877
1876	3	1	45	18811	1270
1877	0	12	35	18822	8149
1878	4	8	45	18833	4689
1879	0	12	50	18844	5197
1880	0	12	30	18855	310
1881	4	8	45	18866	3307
1882	4	14	30	18877	7229
1883	4	14	45	18888	3207
1884	3	1	50	18899	9548
1885	0	12	45	18910	7243
1886	4	14	50	18921	9320
1887	4	8	50	18932	14136
1888	0	12	30	18943	373
1889	0	12	30	18954	4461
1890	4	8	30	18965	10429
1891	0	12	50	18976	7878
1892	0	12	35	18987	969
1893	3	1	45	18998	11423
1894	3	1	35	19009	775
1895	0	12	50	19020	5688
1896	3	1	50	19031	7073
1897	4	8	30	19042	3847
1898	0	12	35	19053	10594
1899	4	14	45	19064	2526
1900	3	1	30	19075	4602
1901	4	14	30	19086	355
1902	3	1	50	19097	852
1903	3	1	35	19108	1171
1904	0	12	50	19119	1258
1905	3	1	50	19130	484
1906	4	8	50	19141	3783
1907	4	8	50	19152	2935
1908	4	14	30	19163	6573
1909	4	8	50	19174	630
1910	0	12	50	19200	4013
1911	4	14	45	19210	1728
1912	4	14	30	19220	3577
1913	4	14	30	19230	3174
1914	0	12	35	19240	12469
1915	3	1	50	19250	2184
1916	4	8	35	19260	7082
1917	4	8	30	19270	7756
1918	4	14	45	19280	1522
1919	4	8	30	19290	3456
1920	0	12	45	19300	12143
1921	3	1	50	19310	10545
1922	4	14	35	19320	3882
1923	4	8	35	19330	8996
1924	0	12	30	19340	11142
1925	4	14	50	19350	807
1926	4	14	50	19360	926
1927	3	1	30	19370	31752
1928	4	14	45	19380	106
1929	0	12	50	19390	5186
1930	4	14	30	19400	9185
1931	4	8	45	19410	7583
1932	0	12	50	19420	14718
1933	4	8	50	19430	1328
1934	4	8	45	19440	268
1935	4	8	30	19450	29584
1936	4	14	50	19460	2065
1937	4	8	45	19470	4439
1938	3	1	50	19480	1528
1939	4	14	30	19490	7612
1940	4	14	45	19500	1593
1941	3	1	50	19510	3080
1942	3	1	45	19520	1642
1943	3	1	35	19530	19391
1944	0	12	30	19540	225
1945	3	1	45	19550	5117
1946	0	12	45	19560	1986
1947	0	12	35	19570	8043
1948	4	8	30	19580	22420
1949	0	12	35	19590	10160
1950	4	14	35	19600	15127
1951	4	8	45	19610	20450
1952	3	1	35	19620	1720
1953	3	1	35	19630	2975
1954	4	14	30	19640	3875
1955	0	12	30	19650	7387
1956	0	12	45	19660	5221
1957	0	12	35	19670	2637
1958	4	8	35	19680	2434
1959	4	8	30	19690	392
1960	4	14	30	19700	16356
1961	3	1	45	19710	3840
1962	4	8	35	19720	2764
1963	3	1	35	19730	546
1964	3	1	45	19740	2279
1965	4	14	35	19750	8825
1966	3	1	45	19760	2460
1967	3	1	30	19770	1729
1968	3	1	35	19780	2744
1969	4	14	35	19790	12826
1970	3	1	50	19800	83
1971	4	14	50	19810	1117
1972	4	14	35	19820	4166
1973	4	14	45	19830	4223
1974	4	8	35	19840	1373
1975	3	1	50	19850	3767
1976	0	12	35	19860	5320
1977	0	12	30	19870	4352
1978	0	12	35	19880	8078
1979	3	1	45	19890	1888
1980	4	14	30	19900	11146
1981	4	14	45	19910	3112
1982	0	12	30	19920	113
1983	4	14	30	19930	1350
1984	4	8	35	19940	6456
1985	4	8	35	19950	10181
1986	3	1	30	19960	3789
1987	4	8	45	19970	4440
1988	4	8	50	19980	7699
1989	0	12	45	20000	2454
1990	4	8	35	20036	3182
1991	3	1	45	20072	16451
1992	0	12	35	20108	1259
1993	4	8	45	20144	1056
1994	0	12	30	20180	9202
1995	0	12	30	20216	8576
1996	0	12	35	20252	197
1997	4	14	35	20288	992
1998	0	12	45	20324	6203
1999	4	8	50	20360	1860
