0	3	1	50	0	7888
1	4	14	45	8	20848
2	4	8	45	16	6966
3	0	12	35	24	97
4	4	8	30	32	5177
5	4	14	45	40	7845
6	3	1	50	48	10161
7	4	8	45	56	830
8	0	12	35	64	14611
9	3	1	30	72	2250
10	4	14	45	80	2051
11	0	12	45	88	5625
12	4	14	35	96	690
13	4	8	50	104	23565
14	4	8	50	112	8130
15	4	8	30	120	17580
16	0	12	30	128	654
17	4	8	50	136	1155
18	4	8	35	144	3463
19	4	8	35	152	13609
20	3	1	35	160	844
21	4	14	35	168	2039
22	4	8	45	176	50284
23	4	14	30	184	21113
24	3	1	35	192	7996
25	4	8	30	200	37843
26	4	8	50	208	7310
27	4	8	50	216	3081
28	4	14	45	224	30730
29	3	1	45	232	2452
30	4	8	30	240	3091
31	4	8	50	248	77841
32	3	1	45	256	6905
33	4	14	50	264	412
34	4	8	50	272	58014
35	4	8	45	280	8128
36	0	12	35	288	15863
37	0	12	45	296	12921
38	4	14	35	304	1327
39	4	8	50	312	22669
40	3	1	50	320	1411
41	4	8	45	328	3721
42	0	12	50	336	6403
43	0	12	50	344	45758
44	4	14	30	352	12571
45	3	1	30	360	3133
46	0	12	35	368	6603
47	4	8	30	376	9252
48	0	12	50	400	944
49	3	1	45	408	43681
50	0	12	50	416	12943
51	4	8	30	424	19022
52	4	8	45	432	3279
53	3	1	30	440	5756
54	3	1	50	448	10134
55	4	14	35	456	4725
56	4	8	30	464	21928
57	3	1	35	472	11378
58	4	8	30	480	8848
59	4	14	30	488	5993
60	3	1	50	496	287
61	4	8	50	504	5072
62	4	8	50	512	1867
63	3	1	50	520	8787
64	0	12	50	528	34568
65	4	8	50	536	2072
66	3	1	30	544	33112
67	4	14	45	552	268
68	0	12	30	560	24265
69	4	14	35	568	1
70	4	8	50	576	434
71	0	12	35	584	6006
72	3	1	45	592	52134
73	0	12	35	600	6168
74	3	1	35	608	10052
75	4	8	45	616	19391
76	3	1	45	624	16292
77	4	8	50	632	83
78	0	12	30	640	2361
79	0	12	35	648	3558
80	0	12	50	656	9165
81	4	14	45	664	30127
82	4	8	30	672	1961
83	4	8	30	680	35714
84	4	8	45	688	8931
85	4	14	30	696	6788
86	4	14	30	704	17092
87	4	14	45	712	698
88	4	8	50	720	7472
89	4	8	45	728	13179
90	4	14	35	736	12697
91	3	1	50	744	1545
92	4	14	45	752	1777
93	4	14	30	760	14921
94	3	1	30	768	20923
95	0	12	50	800	17442
96	4	14	50	807	1569
97	4	8	50	814	26969
98	4	14	30	821	415
99	4	8	35	828	8093
100	0	12	30	835	4163
101	4	8	50	842	6151
102	0	12	30	849	13297
103	0	12	45	856	943
104	4	8	50	863	33407
105	0	12	45	870	3713
106	4	14	45	877	19807
107	4	8	30	884	21784
108	0	12	45	891	20165
109	0	12	30	898	17582
110	0	12	45	905	10488
111	0	12	35	912	21421
112	4	8	35	919	6827
113	0	12	45	926	3695
114	3	1	30	933	23510
115	3	1	30	940	1329
116	0	12	50	947	2587
117	0	12	50	954	2604
118	4	8	35	961	61988
119	4	8	45	968	8606
120	4	8	45	975	6116
121	3	1	35	982	25456
122	4	8	45	989	9813
123	3	1	45	996	2693
124	4	14	50	1003	5117
125	4	14	30	1010	29540
126	4	8	45	1017	3550
127	3	1	35	1024	3865
128	4	8	35	1031	10319
129	4	8	35	1038	19376
130	4	8	50	1045	13624
131	4	8	50	1052	22639
132	3	1	50	1059	43306
133	3	1	45	1066	13980
134	0	12	35	1073	39706
135	4	14	30	1080	1712
136	3	1	45	1087	3435
137	0	12	35	1094	938
138	4	14	30	1101	130
139	4	8	50	1108	3593
140	0	12	35	1115	11736
141	3	1	30	1122	30630
142	4	14	30	1129	3337
143	0	12	45	1136	14231
144	4	8	50	1143	1050
145	4	14	30	1150	20621
146	0	12	35	1157	13936
147	3	1	50	1164	24725
148	0	12	50	1200	22974
149	4	14	50	1212	15284
150	0	12	50	1224	10192
151	4	14	50	1236	31491
152	0	12	35	1248	27635
153	3	1	35	1260	8861
154	4	14	45	1272	1148
155	4	8	45	1284	6393
156	4	14	30	1296	22179
157	3	1	45	1308	7590
158	0	12	45	1320	15640
159	3	1	45	1332	285
160	4	14	30	1344	120
161	4	8	35	1356	9128
162	4	14	45	1368	3619
163	3	1	35	1380	152
164	4	14	35	1392	1135
165	3	1	50	1404	15906
166	4	8	45	1416	23534
167	4	14	45	1428	16436
168	0	12	35	1440	4307
169	4	14	30	1452	15537
170	0	12	45	1464	23251
171	0	12	45	1476	1516
172	0	12	45	1488	2444
173	0	12	35	1500	15960
174	0	12	30	1512	26263
175	4	14	45	1524	7782
176	3	1	35	1536	12170
177	4	8	50	1548	23946
178	4	8	45	1560	1496
179	0	12	50	1572	8972
180	4	14	50	1600	3101
181	3	1	45	1609	5804
182	4	8	35	1618	6595
183	4	8	45	1627	23305
184	4	8	35	1636	3116
185	3	1	50	1645	16693
186	4	8	35	1654	35564
187	0	12	35	1663	7191
188	3	1	30	1672	10900
189	3	1	45	1681	9593
190	4	14	50	1690	4118
191	0	12	50	1699	18179
192	4	14	50	1708	5110
193	4	8	45	1717	52409
194	4	8	50	1726	3431
195	4	14	30	1735	1148
196	4	14	35	1744	13005
197	4	8	45	1753	3138
198	4	8	35	1762	11124
199	3	1	50	1771	5159
200	4	8	45	1780	39039
201	0	12	45	1789	33985
202	4	8	45	1798	10155
203	4	8	50	1807	1623
204	4	14	35	1816	23963
205	4	14	35	1825	7252
206	3	1	35	1834	16315
207	4	14	50	1843	2156
208	4	8	30	1852	12068
209	0	12	30	1861	11424
210	4	14	35	1870	17938
211	3	1	35	1879	46037
212	4	8	50	1888	5197
213	0	12	50	1897	2705
214	4	14	50	1906	19058
215	0	12	45	1915	11818
216	4	14	30	1924	1396
217	4	8	30	1933	6206
218	0	12	50	1942	18385
219	4	8	45	1951	4969
220	4	8	45	1960	18499
221	4	8	30	2000	6301
222	0	12	45	2007	1936
223	3	1	50	2014	16693
224	4	14	35	2021	6862
225	4	14	45	2028	945
226	0	12	50	2035	17737
227	4	14	30	2042	2632
228	3	1	45	2049	8005
229	4	8	30	2056	19114
230	4	14	30	2063	20281
231	4	8	45	2070	6273
232	4	14	45	2077	3609
233	3	1	50	2084	17521
234	3	1	30	2091	9994
235	3	1	30	2098	4053
236	4	8	30	2105	20088
237	0	12	35	2112	4216
238	3	1	30	2119	58466
239	3	1	50	2126	17908
240	4	14	45	2133	95
241	4	8	35	2140	18382
242	3	1	30	2147	20351
243	3	1	50	2154	48731
244	4	14	30	2161	17883
245	4	8	35	2168	4488
246	4	14	30	2175	6717
247	3	1	50	2182	1879
248	3	1	45	2189	2552
249	4	8	30	2196	11680
250	4	14	50	2203	47825
251	4	8	35	2210	3579
252	4	8	50	2217	7092
253	0	12	45	2224	3698
254	4	8	35	2231	9947
255	4	14	35	2238	9657
256	0	12	30	2245	18849
257	3	1	45	2252	20564
258	4	8	35	2259	14092
259	0	12	45	2266	18640
260	4	14	45	2273	13734
261	4	14	30	2280	9483
262	4	8	35	2287	13587
263	4	14	30	2294	21808
264	0	12	50	2301	19227
265	4	8	50	2308	5517
266	3	1	50	2315	15217
267	3	1	30	2322	10516
268	4	8	45	2329	12149
269	0	12	50	2336	8536
270	4	14	45	2343	20184
271	4	14	45	2350	20157
272	4	14	50	2357	6361
273	3	1	50	2364	105
274	4	8	30	2400	4825
275	0	12	30	2408	25
276	3	1	50	2416	10756
277	4	8	45	2424	2181
278	4	14	45	2432	45008
279	3	1	50	2440	1581
280	4	14	45	2448	12498
281	3	1	50	2456	11833
282	4	8	35	2464	64
283	4	8	45	2472	23994
284	3	1	30	2480	20264
285	4	8	50	2488	9786
286	0	12	50	2496	38904
287	4	14	50	2504	62565
288	4	8	35	2512	2742
289	4	14	45	2520	149
290	3	1	30	2528	8187
291	3	1	35	2536	59049
292	4	14	50	2544	11155
293	4	8	45	2552	2735
294	4	14	35	2560	1178
295	4	14	35	2568	7431
296	0	12	30	2576	1346
297	4	14	30	2584	46376
298	4	8	30	2592	2443
299	4	8	35	2600	6252
300	3	1	45	2608	10799
301	0	12	50	2616	22370
302	0	12	35	2624	8518
303	4	8	50	2632	13769
304	3	1	45	2640	19815
305	0	12	35	2648	2204
306	3	1	35	2656	22481
307	4	14	50	2664	6903
308	3	1	45	2672	32638
309	4	8	30	2680	9890
310	0	12	45	2688	38894
311	3	1	35	2696	11798
312	4	14	30	2704	22241
313	3	1	45	2712	10057
314	0	12	50	2720	1829
315	0	12	50	2728	674
316	3	1	45	2736	9343
317	0	12	45	2744	20126
318	4	8	50	2752	270
319	4	14	30	2760	3308
320	4	8	30	2800	6284
321	4	14	50	2811	15452
322	4	8	45	2822	5724
323	3	1	50	2833	11747
324	3	1	50	2844	175
325	0	12	30	2855	20664
326	0	12	45	2866	2802
327	4	8	35	2877	2792
328	4	14	45	2888	29618
329	3	1	50	2899	24431
330	4	14	30	2910	27152
331	4	14	45	2921	11389
332	0	12	45	2932	48223
333	3	1	30	2943	10138
334	4	14	30	2954	9062
335	3	1	50	2965	19441
336	4	8	45	2976	1516
337	0	12	45	2987	4677
338	3	1	50	2998	696
339	4	8	50	3009	12509
340	4	14	45	3020	14904
341	4	8	50	3031	8894
342	0	12	35	3042	748
343	0	12	30	3053	12356
344	3	1	30	3064	634
345	4	14	45	3075	24359
346	3	1	30	3086	1941
347	0	12	35	3097	462
348	4	8	45	3108	774
349	3	1	45	3119	475
350	4	8	45	3130	30417
351	4	14	35	3141	4161
352	4	8	35	3152	37681
353	3	1	50	3163	34431
354	4	14	35	3174	77732
355	4	14	50	3200	24420
356	4	14	30	3211	7518
357	4	8	35	3222	25847
358	3	1	30	3233	13233
359	4	8	35	3244	52024
360	0	12	45	3255	38483
361	4	8	30	3266	12220
362	4	14	35	3277	8862
363	0	12	45	3288	802
364	4	8	30	3299	13140
365	4	8	50	3310	5131
366	3	1	50	3321	12389
367	4	8	50	3332	3824
368	3	1	35	3343	457
369	4	8	30	3354	4972
370	4	14	30	3365	32978
371	3	1	30	3376	2953
372	4	8	50	3387	16961
373	4	14	50	3398	5637
374	0	12	35	3409	9053
375	0	12	30	3420	25870
376	3	1	35	3431	13075
377	4	8	35	3442	16004
378	0	12	45	3453	10207
379	4	14	30	3464	1891
380	4	8	50	3475	13373
381	4	14	35	3486	2243
382	0	12	45	3497	1881
383	4	8	50	3508	25089
384	0	12	30	3519	35645
385	4	14	50	3530	11081
386	4	8	35	3541	12812
387	4	8	45	3552	474
388	3	1	45	3563	10181
389	0	12	35	3574	12972
390	4	14	45	3585	4923
391	4	14	30	3600	3210
392	4	8	45	3610	12761
393	0	12	35	3620	864
394	4	8	30	3630	13973
395	3	1	45	3640	901
396	4	8	35	3650	15
397	0	12	45	3660	65559
398	3	1	30	3670	45484
399	0	12	35	3680	14588
400	4	8	45	3690	3055
401	4	8	35	3700	25095
402	4	8	50	3710	4
403	4	14	45	3720	15415
404	3	1	35	3730	1303
405	4	14	45	3740	14550
406	3	1	35	3750	9223
407	4	8	35	3760	10462
408	3	1	35	3770	6403
409	3	1	35	3780	1456
410	4	8	45	3790	2763
411	4	8	45	3800	15670
412	4	8	50	3810	4472
413	4	14	50	3820	8863
414	0	12	35	3830	4540
415	0	12	35	3840	18671
416	0	12	35	3850	8167
417	3	1	35	3860	12454
418	0	12	45	3870	1479
419	4	8	30	3880	775
420	4	14	45	3890	14123
421	0	12	35	3900	11149
422	3	1	30	3910	14488
423	3	1	30	3920	5671
424	3	1	35	3930	32
425	4	14	30	3940	14497
426	0	12	35	3950	9945
427	0	12	45	3960	13946
428	3	1	50	3970	13938
429	4	8	50	3980	7335
430	4	14	50	3990	25739
431	3	1	45	4000	13227
432	3	1	35	4009	17080
433	4	14	35	4018	24421
434	4	8	35	4027	30464
435	4	14	45	4036	19041
436	4	8	35	4045	2237
437	4	8	50	4054	6575
438	3	1	45	4063	17820
439	0	12	45	4072	3390
440	4	8	35	4081	825
441	0	12	50	4090	927
442	4	14	30	4099	11777
443	4	14	35	4108	7342
444	3	1	45	4117	7285
445	3	1	50	4126	11221
446	3	1	35	4135	30858
447	4	8	50	4144	1706
448	0	12	50	4153	16853
449	0	12	45	4162	27497
450	4	8	30	4171	10372
451	3	1	50	4180	5271
452	0	12	30	4189	25423
453	4	8	30	4198	29553
454	4	8	50	4207	141
455	4	8	35	4216	11601
456	4	14	30	4225	2315
457	4	14	45	4234	11729
458	4	8	30	4243	15298
459	3	1	30	4252	6163
460	4	14	30	4261	1798
461	4	8	50	4270	22697
462	4	14	45	4279	27027
463	0	12	45	4288	37525
464	4	14	35	4297	3157
465	4	14	50	4306	9260
466	3	1	35	4315	42068
467	4	8	35	4324	6996
468	4	8	35	4333	11031
469	0	12	50	4342	8797
470	3	1	30	4351	11575
471	4	14	35	4360	894
472	0	12	50	4369	24694
473	4	14	50	4400	24465
474	4	14	50	4408	66554
475	3	1	45	4416	11529
476	0	12	30	4424	46854
477	3	1	50	4432	3346
478	4	14	35	4440	30546
479	4	14	35	4448	6035
480	4	8	50	4456	18042
481	3	1	45	4464	6764
482	0	12	45	4472	32386
483	4	8	30	4480	18620
484	0	12	50	4488	25311
485	0	12	50	4496	8994
486	3	1	45	4504	18618
487	4	8	35	4512	22317
488	4	8	45	4520	23389
489	0	12	50	4528	4302
490	0	12	45	4536	11609
491	3	1	45	4544	9486
492	0	12	50	4552	14500
493	4	14	35	4560	5579
494	4	8	35	4568	1357
495	0	12	35	4576	2941
496	4	8	30	4584	2374
497	4	14	45	4592	13271
498	0	12	50	4600	3078
499	4	14	50	4608	29909
500	4	14	45	4616	12176
501	0	12	50	4624	7888
502	0	12	35	4632	9094
503	0	12	30	4640	3213
504	4	8	45	4648	3941
505	3	1	45	4656	8482
506	4	8	30	4664	7921
507	0	12	30	4672	120
508	4	8	30	4680	30116
509	3	1	30	4688	6016
510	0	12	35	4696	12254
511	4	8	35	4704	32276
512	4	14	35	4712	14534
513	4	8	45	4720	4721
514	4	8	35	4728	11738
515	0	12	45	4736	14783
516	4	8	35	4744	29784
517	4	8	45	4752	1354
518	4	14	45	4760	967
519	3	1	45	4768	14604
520	4	8	35	4776	16621
521	4	8	30	4800	1611
522	4	14	50	4811	10530
523	4	8	35	4822	4277
524	0	12	35	4833	27584
525	0	12	45	4844	903
526	4	14	45	4855	5554
527	0	12	35	4866	8328
528	3	1	45	4877	17267
529	4	14	45	4888	18100
530	4	8	45	4899	6912
531	4	8	45	4910	4465
532	3	1	50	4921	206
533	4	14	45	4932	51
534	0	12	50	4943	17014
535	4	8	50	4954	4209
536	3	1	30	4965	27576
537	0	12	45	4976	14360
538	0	12	35	4987	8514
539	3	1	30	4998	5579
540	3	1	45	5009	542
541	4	8	35	5020	18066
542	4	14	30	5031	31177
543	4	14	45	5042	7467
544	4	14	45	5053	12998
545	4	14	30	5064	13971
546	3	1	35	5075	22312
547	3	1	30	5086	5659
548	3	1	30	5097	16531
549	0	12	50	5108	6103
550	3	1	30	5119	4296
551	0	12	45	5130	906
552	4	14	50	5141	10746
553	4	8	35	5152	8867
554	3	1	45	5163	2201
555	4	8	35	5200	8604
556	0	12	30	5209	27342
557	3	1	30	5218	3159
558	4	14	50	5227	4901
559	4	8	30	5236	2790
560	4	14	50	5245	1758
561	0	12	45	5254	48735
562	3	1	45	5263	3406
563	3	1	45	5272	1809
564	4	8	35	5281	37598
565	4	14	45	5290	4789
566	3	1	45	5299	29587
567	0	12	45	5308	14363
568	0	12	50	5317	10058
569	4	14	45	5326	4772
570	4	8	35	5335	19849
571	4	8	50	5344	2960
572	0	12	30	5353	10954
573	4	8	45	5362	14675
574	4	14	50	5371	12934
575	4	14	50	5380	42737
576	3	1	30	5389	2679
577	0	12	35	5398	1546
578	3	1	50	5407	12205
579	4	8	30	5416	2855
580	4	8	30	5425	3109
581	0	12	45	5434	62462
582	3	1	35	5443	16761
583	4	8	45	5452	5433
584	0	12	35	5461	7796
585	4	8	30	5470	5451
586	3	1	50	5479	15239
587	0	12	35	5488	8190
588	0	12	50	5497	21744
589	4	14	35	5506	3387
590	0	12	50	5515	6096
591	0	12	30	5524	13233
592	0	12	45	5533	5402
593	3	1	35	5542	4290
594	4	14	35	5551	3223
595	4	8	30	5560	761
596	4	14	45	5569	9084
597	0	12	45	5600	18479
598	4	8	30	5610	8483
599	4	14	50	5620	4848
600	0	12	45	5630	17784
601	3	1	45	5640	1898
602	3	1	30	5650	19835
603	3	1	35	5660	6530
604	4	14	35	5670	10698
605	4	8	30	5680	1030
606	4	14	35	5690	7713
607	4	8	35	5700	26056
608	4	8	35	5710	23829
609	4	14	45	5720	2617
610	3	1	35	5730	4482
611	0	12	45	5740	17987
612	4	14	35	5750	10790
613	3	1	50	5760	1582
614	4	14	50	5770	46485
615	3	1	30	5780	1834
616	3	1	35	5790	3138
617	4	8	50	5800	25751
618	4	8	30	5810	13023
619	4	14	35	5820	10737
620	4	8	50	5830	11297
621	3	1	30	5840	6544
622	4	14	45	5850	23697
623	4	8	35	5860	4655
624	4	14	45	5870	31883
625	4	8	35	5880	1819
626	4	8	30	5890	23264
627	4	8	50	5900	4245
628	3	1	30	5910	7619
629	4	8	50	5920	10942
630	0	12	35	5930	6972
631	4	8	35	5940	6423
632	3	1	35	5950	11425
633	3	1	50	5960	4383
634	4	8	35	5970	6934
635	3	1	35	5980	1025
636	4	8	45	6000	2469
637	0	12	50	6008	4858
638	4	8	35	6016	17855
639	3	1	35	6024	6039
640	4	8	45	6032	26589
641	0	12	45	6040	21489
642	3	1	30	6048	11993
643	4	8	35	6056	12282
644	0	12	50	6064	32661
645	0	12	30	6072	11663
646	0	12	50	6080	934
647	4	8	50	6088	3276
648	4	14	35	6096	4652
649	0	12	30	6104	1182
650	4	14	45	6112	21355
651	4	8	50	6120	12525
652	3	1	35	6128	1580
653	4	8	45	6136	29658
654	3	1	50	6144	15380
655	4	8	45	6152	5214
656	4	14	50	6160	4027
657	4	8	45	6168	8008
658	3	1	45	6176	8076
659	4	8	30	6184	7158
660	0	12	30	6192	3077
661	4	8	35	6200	2325
662	4	14	30	6208	6452
663	0	12	35	6216	3686
664	3	1	35	6224	16893
665	4	8	50	6232	27303
666	4	8	35	6240	2128
667	4	8	35	6248	4061
668	4	8	35	6256	13848
669	0	12	35	6264	27309
670	4	8	45	6272	37418
671	3	1	35	6280	27302
672	4	14	45	6288	1383
673	4	14	50	6296	3722
674	3	1	45	6304	14462
675	0	12	35	6312	17994
676	4	14	30	6320	18640
677	4	8	35	6328	2989
678	0	12	35	6336	5878
679	4	14	45	6344	4420
680	0	12	45	6352	816
681	4	14	35	6360	11521
682	3	1	45	6400	45057
683	4	8	30	6411	5664
684	3	1	35	6422	17477
685	3	1	45	6433	18887
686	4	14	50	6444	4127
687	0	12	45	6455	14388
688	4	14	50	6466	10511
689	4	14	45	6477	1085
690	4	14	45	6488	19122
691	0	12	50	6499	14409
692	4	8	30	6510	22225
693	0	12	30	6521	4714
694	3	1	35	6532	2225
695	0	12	35	6543	15053
696	4	8	35	6554	6480
697	3	1	45	6565	5495
698	4	14	30	6576	25991
699	4	14	50	6587	452
700	3	1	45	6598	7374
701	4	14	35	6609	18602
702	4	14	35	6620	9697
703	3	1	50	6631	6622
704	4	14	35	6642	1782
705	4	8	35	6653	32629
706	3	1	30	6664	9292
707	4	14	45	6675	23314
708	4	14	30	6686	2907
709	3	1	45	6697	34952
710	4	8	45	6708	9960
711	4	8	45	6719	801
712	0	12	30	6730	1259
713	4	14	30	6741	2405
714	4	8	45	6752	5805
715	4	8	45	6763	11270
716	3	1	45	6774	2671
717	4	8	50	6785	485
718	4	8	30	6800	8259
719	4	14	45	6808	39416
720	3	1	30	6816	11182
721	0	12	50	6824	7484
722	4	8	45	6832	14592
723	3	1	50	6840	10939
724	4	8	50	6848	1270
725	0	12	50	6856	3560
726	0	12	30	6864	667
727	4	14	45	6872	18389
728	4	8	35	6880	1230
729	3	1	35	6888	50897
730	3	1	50	6896	5346
731	4	8	35	6904	6558
732	3	1	30	6912	4898
733	4	8	35	6920	5175
734	4	8	50	6928	22691
735	4	8	30	6936	3907
736	4	14	50	6944	778
737	0	12	50	6952	9648
738	3	1	50	6960	3264
739	0	12	30	6968	21467
740	0	12	35	6976	3512
741	4	14	30	6984	6837
742	4	8	45	6992	7924
743	4	8	35	7000	12188
744	4	8	30	7008	8871
745	4	8	50	7016	15809
746	0	12	45	7024	10978
747	3	1	30	7032	12996
748	3	1	45	7040	34034
749	0	12	45	7048	9857
750	4	8	45	7056	8687
751	0	12	45	7064	5689
752	0	12	35	7072	24470
753	4	14	35	7080	30738
754	4	8	50	7088	6762
755	4	8	50	7096	63712
756	3	1	50	7104	1055
757	4	8	45	7112	37532
758	4	8	50	7120	4692
759	3	1	45	7128	25577
760	0	12	30	7136	25436
761	4	14	45	7144	16879
762	3	1	35	7152	17087
763	4	8	50	7200	3129
764	4	14	45	7209	10586
765	0	12	30	7218	1850
766	4	14	45	7227	15688
767	3	1	45	7236	16602
768	3	1	30	7245	4852
769	4	14	35	7254	1339
770	4	8	50	7263	9481
771	3	1	50	7272	12498
772	3	1	30	7281	19401
773	0	12	30	7290	13112
774	4	14	35	7299	14804
775	3	1	50	7308	2262
776	4	14	35	7317	47370
777	4	14	30	7326	815
778	0	12	45	7335	943
779	4	14	30	7344	5512
780	0	12	30	7353	12850
781	3	1	30	7362	5984
782	0	12	50	7371	22190
783	0	12	50	7380	9247
784	0	12	45	7389	7628
785	3	1	35	7398	48169
786	0	12	50	7407	9613
787	4	14	50	7416	6379
788	0	12	45	7425	30232
789	4	14	30	7434	23091
790	4	14	35	7443	2584
791	3	1	35	7452	1353
792	4	14	30	7461	3118
793	4	14	35	7470	5296
794	4	14	50	7479	36672
795	4	8	50	7488	8287
796	4	8	50	7497	13490
797	4	14	45	7506	3512
798	4	8	45	7515	637
799	0	12	50	7524	5729
800	3	1	35	7533	32
801	4	8	30	7542	22774
802	0	12	50	7551	4784
803	4	14	35	7560	21677
804	4	14	50	7600	169
805	3	1	50	7612	24306
806	3	1	45	7624	10299
807	4	14	35	7636	2755
808	4	14	30	7648	2889
809	3	1	30	7660	3596
810	4	8	45	7672	173
811	3	1	45	7684	223
812	0	12	50	7696	25502
813	4	8	50	7708	37296
814	3	1	35	7720	3043
815	3	1	50	7732	8015
816	3	1	45	7744	29218
817	3	1	35	7756	3011
818	0	12	30	7768	17081
819	4	8	35	7780	11122
820	0	12	35	7792	10750
821	0	12	50	7804	4577
822	3	1	30	7816	21250
823	3	1	30	7828	7814
824	0	12	30	7840	29144
825	3	1	35	7852	6947
826	4	14	50	7864	6500
827	3	1	45	7876	7056
828	4	8	30	7888	14928
829	3	1	35	7900	2829
830	4	8	50	7912	8240
831	0	12	45	7924	15575
832	3	1	45	7936	169
833	4	14	50	7948	14287
834	4	8	45	7960	5460
835	4	14	30	8000	19751
836	4	8	35	8007	792
837	4	8	45	8014	82
838	0	12	50	8021	8889
839	3	1	50	8028	11066
840	4	14	45	8035	6247
841	0	12	45	8042	5095
842	4	14	45	8049	2652
843	4	8	35	8056	12964
844	4	8	45	8063	21965
845	0	12	45	8070	2312
846	4	8	45	8077	3075
847	3	1	30	8084	3834
848	4	8	50	8091	1710
849	4	8	30	8098	7521
850	3	1	30	8105	10592
851	3	1	35	8112	7242
852	3	1	45	8119	8190
853	4	14	30	8126	7119
854	0	12	45	8133	18606
855	4	8	45	8140	13884
856	3	1	50	8147	246
857	4	8	50	8154	22784
858	3	1	30	8161	30909
859	4	8	35	8168	10252
860	4	14	50	8175	7170
861	4	14	50	8182	1691
862	3	1	30	8189	8160
863	4	8	50	8196	47
864	4	8	30	8203	17236
865	4	8	50	8210	4066
866	4	14	50	8217	53
867	4	8	50	8224	2449
868	4	14	30	8231	10690
869	3	1	35	8238	6472
870	0	12	45	8245	6606
871	4	8	30	8252	28311
872	4	8	35	8259	14395
873	3	1	35	8266	2046
874	4	8	45	8273	2653
875	0	12	45	8280	3384
876	4	8	30	8287	1517
877	0	12	45	8294	2225
878	0	12	35	8301	12224
879	0	12	35	8308	16008
880	4	8	50	8315	2881
881	4	8	45	8322	1875
882	0	12	50	8329	4483
883	4	14	30	8336	3389
884	4	14	30	8343	11728
885	3	1	35	8350	535
886	4	8	30	8357	3171
887	3	1	35	8400	10030
888	4	14	35	8408	28646
889	4	14	30	8416	13673
890	0	12	30	8424	18550
891	0	12	35	8432	2884
892	4	14	35	8440	1039
893	4	14	45	8448	35667
894	3	1	50	8456	1985
895	0	12	50	8464	3847
896	4	8	45	8472	22974
897	4	8	50	8480	2593
898	0	12	30	8488	27430
899	0	12	45	8496	9641
900	0	12	45	8504	2247
901	0	12	45	8512	508
902	3	1	30	8520	13817
903	4	14	45	8528	15103
904	0	12	45	8536	519
905	0	12	30	8544	13704
906	4	8	50	8552	16849
907	0	12	30	8560	4947
908	4	8	45	8568	3438
909	0	12	50	8576	9373
910	0	12	35	8584	10038
911	3	1	30	8592	22845
912	0	12	35	8600	2848
913	3	1	50	8608	2489
914	4	14	45	8616	5374
915	3	1	35	8624	4368
916	4	14	30	8632	20559
917	3	1	50	8640	3409
918	3	1	45	8648	5741
919	3	1	45	8656	15213
920	4	14	50	8664	681
921	4	8	45	8672	6913
922	4	8	45	8680	3883
923	0	12	50	8688	28856
924	3	1	30	8696	11930
925	0	12	30	8704	2824
926	3	1	50	8712	20748
927	3	1	50	8720	16630
928	0	12	45	8728	50
929	4	8	50	8736	30931
930	3	1	50	8744	5994
931	4	14	35	8752	30994
932	0	12	35	8760	3792
933	0	12	45	8800	1088
934	4	14	45	8809	10010
935	0	12	35	8818	2264
936	3	1	35	8827	7413
937	4	8	35	8836	10870
938	4	14	45	8845	2733
939	3	1	30	8854	34352
940	4	8	35	8863	4097
941	4	8	30	8872	26972
942	0	12	50	8881	4581
943	4	14	35	8890	5468
944	3	1	45	8899	1441
945	3	1	50	8908	32965
946	4	14	30	8917	27
947	0	12	35	8926	27119
948	4	14	30	8935	10635
949	4	14	35	8944	22559
950	4	8	50	8953	7274
951	3	1	45	8962	11154
952	4	14	30	8971	20190
953	3	1	45	8980	2377
954	0	12	50	8989	8246
955	4	14	30	8998	15840
956	4	14	50	9007	17376
957	4	8	30	9016	17853
958	4	8	35	9025	1078
959	0	12	35	9034	21452
960	3	1	35	9043	23447
961	3	1	30	9052	54
962	0	12	35	9061	4871
963	0	12	45	9070	4718
964	4	8	50	9079	1935
965	0	12	30	9088	12338
966	4	8	50	9097	10410
967	0	12	45	9106	1596
968	3	1	30	9115	11660
969	3	1	30	9124	2514
970	4	14	50	9133	22314
971	4	8	45	9142	3041
972	4	14	35	9151	535
973	4	14	45	9160	6901
974	0	12	30	9169	6731
975	3	1	50	9178	2104
976	0	12	45	9200	1541
977	4	8	35	9213	28959
978	4	8	35	9226	19105
979	4	14	35	9239	14214
980	0	12	30	9252	2788
981	4	8	35	9265	31390
982	4	14	50	9278	2121
983	0	12	30	9291	2047
984	0	12	30	9304	7605
985	4	14	35	9317	18608
986	0	12	30	9330	1403
987	4	8	50	9343	1147
988	4	14	50	9356	10690
989	4	14	45	9369	21469
990	4	8	45	9382	6271
991	4	8	35	9395	13928
992	0	12	50	9408	8556
993	3	1	30	9421	5564
994	0	12	50	9434	1060
995	4	14	35	9447	4020
996	0	12	45	9460	9870
997	0	12	30	9473	58369
998	3	1	35	9486	2936
999	4	8	35	9499	7637
1000	0	12	30	9512	5278
1001	3	1	35	9525	25217
1002	3	1	35	9538	3843
1003	0	12	50	9551	6105
1004	0	12	45	9564	37
1005	4	14	30	9577	3147
1006	3	1	35	9600	9897
1007	4	14	35	9611	5673
1008	4	8	35	9622	16656
1009	3	1	30	9633	4916
1010	3	1	35	9644	11369
1011	4	8	35	9655	23130
1012	0	12	50	9666	45592
1013	4	8	30	9677	5968
1014	4	14	30	9688	11778
1015	0	12	50	9699	32151
1016	3	1	30	9710	22175
1017	4	14	30	9721	2334
1018	4	14	45	9732	23225
1019	4	8	45	9743	5374
1020	0	12	50	9754	9111
1021	0	12	50	9765	8051
1022	4	8	50	9776	9186
1023	4	14	45	9787	18651
1024	4	8	45	9798	18279
1025	3	1	45	9809	2056
1026	4	8	50	9820	15022
1027	0	12	30	9831	13396
1028	3	1	50	9842	5220
1029	4	8	50	9853	1874
1030	4	8	30	9864	10999
1031	0	12	45	9875	1647
1032	4	14	50	9886	14185
1033	4	14	50	9897	4728
1034	4	14	30	9908	4954
1035	3	1	50	9919	4799
1036	4	14	30	9930	12694
1037	4	14	30	9941	17290
1038	0	12	45	9952	2002
1039	4	8	50	9963	3273
1040	0	12	30	10000	3078
1041	0	12	50	10009	15873
1042	0	12	45	10018	5000
1043	4	8	50	10027	3508
1044	4	8	30	10036	2990
1045	0	12	30	10045	9649
1046	0	12	35	10054	14818
1047	3	1	50	10063	1506
1048	4	14	30	10072	16434
1049	0	12	50	10081	1995
1050	0	12	35	10090	7006
1051	4	8	35	10099	5811
1052	0	12	45	10108	1763
1053	0	12	45	10117	23261
1054	4	8	45	10126	33532
1055	0	12	35	10135	24214
1056	0	12	45	10144	5037
1057	4	14	45	10153	7972
1058	4	14	30	10162	11510
1059	4	8	30	10171	22420
1060	4	8	35	10180	8724
1061	4	8	30	10189	26391
1062	4	8	45	10198	291
1063	4	14	35	10207	11171
1064	0	12	50	10216	15983
1065	3	1	50	10225	7939
1066	3	1	35	10234	2108
1067	0	12	50	10243	12665
1068	3	1	50	10252	661
1069	0	12	35	10261	4205
1070	0	12	50	10270	3918
1071	4	14	30	10279	989
1072	4	14	45	10288	280
1073	4	8	45	10297	11513
1074	0	12	45	10306	1737
1075	4	14	30	10315	19217
1076	4	14	30	10324	1922
1077	0	12	50	10333	3965
1078	4	8	45	10342	10073
1079	0	12	45	10351	3128
1080	4	8	30	10360	7138
1081	4	14	50	10400	10877
1082	4	8	30	10411	31366
1083	4	8	30	10422	2670
1084	4	8	45	10433	14541
1085	0	12	45	10444	2924
1086	4	14	30	10455	57440
1087	4	14	35	10466	21790
1088	3	1	30	10477	5868
1089	3	1	50	10488	7645
1090	4	8	30	10499	51964
1091	0	12	45	10510	2198
1092	4	14	50	10521	1900
1093	3	1	45	10532	4419
1094	0	12	45	10543	15365
1095	3	1	50	10554	4934
1096	4	14	30	10565	14839
1097	4	8	30	10576	15933
1098	0	12	50	10587	8744
1099	4	14	30	10598	16009
1100	3	1	45	10609	5959
1101	0	12	45	10620	706
1102	4	14	50	10631	798
1103	3	1	50	10642	7177
1104	4	14	30	10653	24918
1105	0	12	30	10664	5413
1106	4	8	50	10675	5369
1107	4	14	50	10686	8801
1108	4	14	30	10697	15331
1109	3	1	45	10708	1816
1110	4	8	30	10719	15234
1111	0	12	45	10730	760
1112	4	8	30	10741	29920
1113	3	1	45	10752	5878
1114	0	12	50	10763	6074
1115	4	8	35	10774	30400
1116	0	12	30	10785	39359
1117	4	14	45	10800	20876
1118	3	1	50	10810	28059
1119	4	14	30	10820	8802
1120	3	1	50	10830	8135
1121	3	1	30	10840	4695
1122	3	1	45	10850	3697
1123	4	14	30	10860	10480
1124	4	14	30	10870	4431
1125	4	14	35	10880	1414
1126	4	14	30	10890	32379
1127	4	8	50	10900	15064
1128	4	8	50	10910	27023
1129	4	8	45	10920	19172
1130	4	14	50	10930	1115
1131	3	1	30	10940	6394
1132	0	12	50	10950	17323
1133	3	1	35	10960	21365
1134	3	1	30	10970	21847
1135	0	12	45	10980	5955
1136	4	14	50	10990	9103
1137	3	1	35	11000	7768
1138	3	1	50	11010	4714
1139	0	12	35	11020	4972
1140	4	14	50	11030	23214
1141	0	12	30	11040	7662
1142	4	14	30	11050	1479
1143	4	14	45	11060	3394
1144	4	8	45	11070	16738
1145	4	8	45	11080	31152
1146	4	14	35	11090	3452
1147	4	8	35	11100	17083
1148	3	1	45	11110	29008
1149	3	1	35	11120	19402
1150	3	1	50	11130	5635
1151	0	12	45	11140	25974
1152	3	1	30	11150	21364
1153	0	12	50	11160	72868
1154	0	12	35	11170	3361
1155	4	14	35	11200	839
1156	4	8	50	11208	18843
1157	4	14	50	11216	7891
1158	4	14	45	11224	1828
1159	4	14	45	11232	17299
1160	0	12	30	11240	6754
1161	0	12	50	11248	12452
1162	4	8	50	11256	11767
1163	4	8	35	11264	30871
1164	3	1	45	11272	636
1165	4	14	30	11280	4382
1166	0	12	50	11288	4236
1167	4	14	50	11296	1078
1168	4	14	35	11304	9562
1169	4	14	35	11312	72
1170	3	1	35	11320	5910
1171	4	8	50	11328	7981
1172	4	8	45	11336	8306
1173	4	8	45	11344	9969
1174	0	12	30	11352	13097
1175	3	1	45	11360	247
1176	4	14	50	11368	2795
1177	3	1	50	11376	227
1178	3	1	35	11384	21287
1179	4	8	45	11392	5801
1180	0	12	50	11400	23693
1181	3	1	50	11408	2286
1182	4	14	35	11416	19567
1183	4	14	45	11424	1175
1184	4	14	50	11432	6596
1185	4	14	35	11440	2731
1186	4	14	50	11448	10457
1187	4	14	30	11456	17441
1188	4	8	50	11464	10615
1189	4	14	45	11472	17660
1190	4	14	45	11480	10971
1191	4	14	30	11488	612
1192	4	14	45	11496	4899
1193	3	1	35	11504	9891
1194	0	12	35	11512	28734
1195	3	1	30	11520	2825
1196	3	1	35	11528	22526
1197	3	1	50	11536	2563
1198	0	12	30	11544	2598
1199	3	1	45	11552	7090
1200	4	8	50	11560	11865
1201	0	12	45	11568	2150
1202	4	8	50	11576	2827
1203	3	1	35	11584	28224
1204	4	14	50	11600	6383
1205	0	12	30	11610	26377
1206	3	1	50	11620	5846
1207	4	8	45	11630	3729
1208	4	14	45	11640	4867
1209	3	1	45	11650	3041
1210	4	14	35	11660	23574
1211	4	14	50	11670	17804
1212	4	8	35	11680	12651
1213	4	8	30	11690	17025
1214	4	14	50	11700	27908
1215	4	8	30	11710	3563
1216	4	8	45	11720	22106
1217	3	1	30	11730	9101
1218	4	8	45	11740	8336
1219	4	14	35	11750	22614
1220	4	14	35	11760	15461
1221	0	12	45	11770	9091
1222	4	8	50	11780	8288
1223	4	14	45	11790	18102
1224	0	12	45	11800	6267
1225	4	14	35	11810	4970
1226	3	1	30	11820	1957
1227	3	1	35	11830	33378
1228	4	8	35	11840	12788
1229	4	8	30	11850	7272
1230	4	14	35	11860	2285
1231	0	12	30	11870	187
1232	3	1	50	11880	20854
1233	0	12	45	11890	5817
1234	0	12	50	11900	16897
1235	0	12	30	11910	14331
1236	0	12	50	11920	39756
1237	0	12	30	11930	27555
1238	4	14	50	11940	13702
1239	3	1	45	11950	9160
1240	0	12	35	11960	20437
1241	4	8	30	11970	4531
1242	0	12	35	11980	6804
1243	3	1	30	12000	5416
1244	4	14	35	12012	28988
1245	4	14	45	12024	20983
1246	3	1	45	12036	6094
1247	4	8	45	12048	10331
1248	4	14	35	12060	12916
1249	3	1	30	12072	12662
1250	4	8	35	12084	5511
1251	0	12	30	12096	4546
1252	0	12	30	12108	14114
1253	4	8	50	12120	5106
1254	3	1	35	12132	15356
1255	0	12	30	12144	1220
1256	3	1	50	12156	13133
1257	4	8	35	12168	6769
1258	3	1	45	12180	8270
1259	0	12	45	12192	914
1260	4	8	50	12204	16093
1261	0	12	45	12216	7122
1262	0	12	35	12228	11349
1263	4	8	35	12240	25337
1264	4	14	35	12252	621
1265	4	14	30	12264	22317
1266	4	8	30	12276	35735
1267	4	8	50	12288	3734
1268	0	12	30	12300	31
1269	4	14	45	12312	2756
1270	0	12	35	12324	4166
1271	0	12	45	12336	34201
1272	4	14	35	12348	22833
1273	4	14	50	12360	40893
1274	3	1	50	12400	368
1275	3	1	30	12411	6326
1276	0	12	35	12422	1243
1277	3	1	45	12433	1747
1278	4	14	35	12444	24306
1279	0	12	30	12455	10433
1280	4	8	50	12466	33951
1281	4	8	45	12477	10219
1282	4	14	50	12488	3923
1283	4	14	30	12499	43
1284	0	12	50	12510	1082
1285	4	14	30	12521	23427
1286	4	14	30	12532	4697
1287	0	12	30	12543	7790
1288	4	8	35	12554	13026
1289	0	12	50	12565	12898
1290	4	8	35	12576	387
1291	4	14	45	12587	9122
1292	4	8	35	12598	6157
1293	3	1	35	12609	11218
1294	0	12	45	12620	19042
1295	0	12	45	12631	5549
1296	4	8	50	12642	14563
1297	3	1	30	12653	9685
1298	4	14	50	12664	4501
1299	0	12	30	12675	824
1300	3	1	45	12686	25136
1301	4	8	50	12697	1682
1302	0	12	35	12708	10258
1303	0	12	50	12719	7260
1304	4	8	45	12730	5328
1305	0	12	50	12741	6663
1306	4	8	45	12752	7495
1307	4	8	30	12763	15476
1308	4	14	50	12774	4564
1309	0	12	35	12785	4489
1310	0	12	50	12800	76649
1311	0	12	30	12814	9054
1312	4	8	50	12828	9935
1313	3	1	45	12842	29893
1314	4	14	50	12856	1705
1315	0	12	35	12870	2166
1316	0	12	45	12884	2217
1317	4	8	30	12898	11238
1318	4	8	45	12912	18883
1319	0	12	30	12926	2564
1320	4	14	30	12940	8816
1321	0	12	30	12954	7654
1322	4	14	35	12968	11150
1323	0	12	35	12982	5057
1324	4	8	30	12996	2285
1325	4	8	50	13010	17169
1326	4	14	30	13024	9339
1327	0	12	30	13038	3348
1328	3	1	30	13052	2256
1329	3	1	30	13066	12943
1330	0	12	35	13080	14726
1331	3	1	35	13094	9437
1332	4	14	50	13108	20758
1333	4	14	30	13122	19414
1334	4	8	35	13136	14606
1335	0	12	50	13150	19938
1336	0	12	30	13164	79096
1337	4	14	30	13200	20910
1338	4	8	45	13207	12430
1339	4	14	50	13214	12950
1340	4	8	45	13221	6001
1341	3	1	50	13228	10974
1342	4	8	30	13235	2108
1343	4	8	30	13242	5172
1344	0	12	50	13249	12958
1345	4	8	35	13256	8366
1346	4	8	45	13263	41834
1347	4	14	50	13270	7943
1348	4	14	45	13277	7729
1349	0	12	35	13284	11939
1350	0	12	30	13291	2700
1351	0	12	45	13298	1196
1352	0	12	35	13305	17183
1353	4	14	45	13312	1539
1354	4	8	30	13319	9477
1355	3	1	45	13326	6236
1356	4	8	35	13333	8949
1357	0	12	50	13340	3147
1358	3	1	45	13347	3951
1359	4	14	50	13354	10925
1360	4	8	50	13361	25983
1361	4	8	35	13368	2997
1362	4	14	50	13375	9668
1363	4	8	50	13382	12820
1364	4	14	50	13389	11153
1365	4	8	45	13396	7256
1366	0	12	30	13403	14734
1367	3	1	50	13410	17194
1368	0	12	30	13417	2878
1369	4	14	50	13424	4668
1370	0	12	35	13431	2186
1371	0	12	45	13438	5055
1372	4	14	45	13445	39536
1373	3	1	45	13452	1706
1374	3	1	45	13459	19245
1375	4	8	30	13466	30469
1376	4	14	50	13473	4460
1377	4	8	35	13480	3531
1378	0	12	35	13487	13807
1379	0	12	50	13494	13354
1380	0	12	30	13501	18813
1381	4	14	30	13508	699
1382	0	12	45	13515	17562
1383	4	8	50	13522	9349
1384	3	1	30	13529	7359
1385	4	14	45	13536	11361
1386	4	8	50	13543	18355
1387	0	12	35	13550	14538
1388	3	1	30	13557	3542
1389	4	14	45	13600	4256
1390	3	1	45	13610	4017
1391	0	12	30	13620	17526
1392	4	8	45	13630	9432
1393	3	1	45	13640	582
1394	4	8	30	13650	17892
1395	0	12	30	13660	2271
1396	3	1	50	13670	565
1397	4	14	35	13680	8431
1398	4	8	30	13690	16395
1399	3	1	35	13700	2776
1400	0	12	30	13710	19014
1401	3	1	50	13720	2798
1402	3	1	45	13730	3791
1403	4	14	45	13740	1986
1404	4	14	50	13750	7477
1405	4	14	45	13760	23398
1406	4	8	30	13770	1698
1407	3	1	45	13780	11885
1408	0	12	50	13790	4655
1409	0	12	50	13800	11769
1410	3	1	45	13810	1196
1411	4	14	50	13820	3788
1412	4	14	35	13830	9506
1413	3	1	45	13840	11273
1414	3	1	45	13850	19690
1415	4	8	45	13860	21168
1416	0	12	50	13870	7227
1417	4	8	50	13880	145
1418	4	14	45	13890	2647
1419	0	12	35	13900	59910
1420	0	12	45	13910	13318
1421	0	12	50	13920	57
1422	0	12	45	13930	8456
1423	4	8	35	13940	29528
1424	4	8	30	13950	462
1425	0	12	30	13960	6102
1426	4	14	50	13970	19280
1427	0	12	50	13980	29654
1428	0	12	45	14000	5312
1429	4	8	45	14009	11814
1430	3	1	35	14018	24953
1431	4	14	45	14027	19662
1432	0	12	35	14036	8560
1433	3	1	50	14045	7777
1434	4	14	50	14054	25091
1435	4	8	35	14063	10510
1436	4	8	45	14072	18485
1437	4	8	50	14081	11485
1438	3	1	50	14090	967
1439	3	1	45	14099	11016
1440	3	1	45	14108	7848
1441	3	1	30	14117	2018
1442	4	14	45	14126	5749
1443	3	1	35	14135	11952
1444	0	12	30	14144	2734
1445	3	1	45	14153	166
1446	0	12	45	14162	2992
1447	3	1	50	14171	32836
1448	4	14	30	14180	3312
1449	0	12	45	14189	35071
1450	0	12	35	14198	15276
1451	4	8	50	14207	415
1452	0	12	45	14216	4395
1453	4	8	45	14225	16719
1454	4	8	50	14234	9219
1455	0	12	35	14243	18735
1456	3	1	30	14252	14537
1457	4	8	30	14261	5286
1458	3	1	35	14270	1463
1459	4	14	50	14279	807
1460	4	14	45	14288	720
1461	0	12	30	14297	2926
1462	3	1	30	14306	3790
1463	3	1	30	14315	14256
1464	4	8	45	14324	16634
1465	3	1	50	14333	4095
1466	4	14	35	14342	17160
1467	4	8	45	14351	873
1468	3	1	50	14360	15834
1469	0	12	30	14369	3023
1470	0	12	30	14378	526
1471	4	14	50	14400	21728
1472	4	14	30	14410	32724
1473	0	12	30	14420	10914
1474	4	8	50	14430	8637
1475	3	1	45	14440	8698
1476	0	12	30	14450	11741
1477	4	8	35	14460	24963
1478	0	12	35	14470	14890
1479	3	1	35	14480	291
1480	0	12	35	14490	2351
1481	0	12	50	14500	23963
1482	4	8	50	14510	13461
1483	4	14	50	14520	6362
1484	4	8	35	14530	28420
1485	0	12	35	14540	22063
1486	4	14	30	14550	8294
1487	3	1	50	14560	17038
1488	0	12	30	14570	33924
1489	3	1	35	14580	1082
1490	4	14	30	14590	25569
1491	0	12	35	14600	6733
1492	3	1	45	14610	8346
1493	4	14	30	14620	149
1494	4	14	50	14630	9382
1495	3	1	35	14640	3671
1496	4	14	50	14650	25841
1497	0	12	35	14660	13882
1498	0	12	50	14670	25509
1499	3	1	30	14680	29531
1500	3	1	35	14690	3501
1501	3	1	30	14700	1957
1502	4	14	30	14710	2714
1503	3	1	50	14720	224
1504	4	14	45	14730	28030
1505	4	8	35	14740	25804
1506	4	8	50	14750	1256
1507	0	12	35	14760	14829
1508	4	14	50	14770	3270
1509	4	14	35	14780	249
1510	0	12	30	14800	2178
1511	0	12	50	14808	21062
1512	0	12	50	14816	12442
1513	4	14	50	14824	1141
1514	3	1	35	14832	26179
1515	3	1	45	14840	2588
1516	3	1	35	14848	9374
1517	3	1	30	14856	23538
1518	4	8	50	14864	18660
1519	4	8	30	14872	28765
1520	4	14	50	14880	18732
1521	0	12	45	14888	29
1522	4	8	35	14896	1662
1523	0	12	35	14904	12476
1524	4	8	30	14912	5012
1525	0	12	45	14920	11407
1526	0	12	30	14928	4900
1527	0	12	50	14936	30644
1528	0	12	30	14944	676
1529	4	14	35	14952	3445
1530	3	1	45	14960	11986
1531	4	14	50	14968	33481
1532	4	8	35	14976	62313
1533	4	8	30	14984	19088
1534	4	14	30	14992	17684
1535	3	1	30	15000	333
1536	4	8	50	15008	13009
1537	3	1	50	15016	12797
1538	0	12	35	15024	8517
1539	0	12	50	15032	276
1540	3	1	35	15040	16235
1541	3	1	45	15048	18707
1542	3	1	50	15056	8799
1543	4	8	50	15064	30345
1544	3	1	35	15072	30347
1545	3	1	30	15080	667
1546	4	14	35	15088	18388
1547	3	1	45	15096	6340
1548	0	12	45	15104	1605
1549	0	12	35	15112	5140
1550	4	14	30	15120	15338
1551	0	12	50	15128	298
1552	4	14	35	15136	27242
1553	4	14	45	15144	42755
1554	4	14	35	15152	1596
1555	3	1	50	15160	3462
1556	0	12	50	15200	256
1557	4	14	50	15210	9743
1558	4	8	50	15220	13564
1559	4	14	50	15230	4105
1560	0	12	30	15240	9536
1561	4	8	50	15250	2341
1562	4	14	35	15260	12755
1563	0	12	45	15270	54140
1564	0	12	45	15280	5909
1565	0	12	35	15290	3096
1566	3	1	45	15300	21454
1567	3	1	45	15310	22703
1568	4	14	50	15320	4625
1569	0	12	35	15330	23571
1570	4	8	50	15340	9116
1571	0	12	35	15350	26097
1572	3	1	50	15360	5190
1573	4	8	30	15370	17429
1574	3	1	50	15380	2199
1575	0	12	30	15390	5
1576	4	8	50	15400	7911
1577	0	12	45	15410	2815
1578	4	8	30	15420	15543
1579	3	1	50	15430	4064
1580	0	12	35	15440	21230
1581	3	1	45	15450	31054
1582	4	14	35	15460	19132
1583	0	12	50	15470	14705
1584	4	14	35	15480	9011
1585	3	1	50	15490	11211
1586	4	14	35	15500	513
1587	3	1	50	15510	276
1588	3	1	50	15520	13364
1589	4	8	35	15530	8815
1590	4	8	35	15540	74
1591	4	8	30	15550	1341
1592	4	8	30	15560	46189
1593	0	12	45	15570	2958
1594	0	12	45	15580	7721
1595	4	8	35	15590	9968
1596	3	1	35	15600	1741
1597	3	1	35	15608	9076
1598	0	12	30	15616	9095
1599	4	8	30	15624	14163
1600	0	12	45	15632	3003
1601	0	12	45	15640	32757
1602	3	1	45	15648	1139
1603	4	14	35	15656	3702
1604	4	14	45	15664	20330
1605	4	14	45	15672	21628
1606	3	1	50	15680	13429
1607	3	1	35	15688	1680
1608	0	12	45	15696	19564
1609	3	1	30	15704	1590
1610	0	12	30	15712	17524
1611	0	12	35	15720	20058
1612	4	8	45	15728	21251
1613	3	1	30	15736	5926
1614	3	1	45	15744	7399
1615	4	8	45	15752	11721
1616	4	8	45	15760	5741
1617	4	14	45	15768	35516
1618	0	12	35	15776	7414
1619	3	1	50	15784	18264
1620	4	8	50	15792	2463
1621	4	14	50	15800	19921
1622	4	14	50	15808	2345
1623	3	1	35	15816	19286
1624	4	14	50	15824	23050
1625	4	14	50	15832	6670
1626	3	1	35	15840	28588
1627	4	8	35	15848	1707
1628	0	12	35	15856	4135
1629	0	12	35	15864	11092
1630	4	8	50	15872	24059
1631	4	14	35	15880	36473
1632	4	14	35	15888	13589
1633	0	12	30	15896	407
1634	3	1	30	15904	817
1635	4	14	45	15912	27018
1636	4	14	50	15920	21565
1637	0	12	30	15928	9097
1638	0	12	35	15936	26501
1639	0	12	45	15944	14171
1640	4	14	50	15952	32566
1641	4	8	50	15960	29052
1642	4	8	30	15968	2960
1643	0	12	45	15976	9515
1644	4	8	35	16000	16753
1645	0	12	30	16008	2590
1646	0	12	35	16016	3874
1647	4	14	30	16024	10668
1648	3	1	50	16032	17038
1649	3	1	30	16040	22848
1650	4	14	50	16048	2440
1651	4	14	50	16056	2483
1652	4	8	30	16064	867
1653	3	1	30	16072	16618
1654	0	12	30	16080	8492
1655	0	12	50	16088	6363
1656	4	8	50	16096	16985
1657	0	12	35	16104	4127
1658	0	12	35	16112	6371
1659	4	14	50	16120	5928
1660	0	12	35	16128	31477
1661	0	12	45	16136	9338
1662	4	8	30	16144	21932
1663	0	12	35	16152	2691
1664	0	12	35	16160	3593
1665	4	8	45	16168	20294
1666	4	8	50	16176	1730
1667	4	8	45	16184	19103
1668	0	12	50	16192	4696
1669	3	1	30	16200	10001
1670	4	8	45	16208	18685
1671	4	8	35	16216	22670
1672	4	14	35	16224	717
1673	0	12	45	16232	17527
1674	3	1	30	16240	22606
1675	4	14	50	16248	3848
1676	3	1	50	16256	10735
1677	4	14	35	16264	11933
1678	0	12	30	16272	578
1679	3	1	45	16280	12922
1680	4	14	35	16288	1956
1681	4	14	35	16296	4605
1682	4	14	35	16304	5628
1683	3	1	35	16312	6967
1684	4	8	45	16320	6520
1685	3	1	30	16328	13613
1686	4	8	35	16336	25686
1687	0	12	35	16344	31591
1688	4	14	50	16352	8961
1689	3	1	30	16400	12747
1690	3	1	50	16413	1776
1691	4	14	45	16426	9401
1692	4	14	45	16439	1527
1693	0	12	45	16452	8324
1694	4	14	30	16465	17407
1695	3	1	30	16478	5989
1696	4	14	50	16491	896
1697	4	8	50	16504	214
1698	0	12	30	16517	4088
1699	0	12	50	16530	33126
1700	4	14	35	16543	741
1701	3	1	50	16556	7835
1702	4	14	30	16569	3695
1703	4	14	50	16582	2569
1704	0	12	35	16595	765
1705	4	8	45	16608	4899
1706	0	12	45	16621	1655
1707	4	8	35	16634	4311
1708	4	14	50	16647	27829
1709	0	12	30	16660	3180
1710	3	1	30	16673	20598
1711	3	1	35	16686	1631
1712	4	14	30	16699	3355
1713	3	1	50	16712	16762
1714	0	12	35	16725	3283
1715	4	8	30	16738	11259
1716	4	8	35	16751	2183
1717	4	14	50	16764	6104
1718	3	1	45	16777	18261
1719	3	1	35	16800	10421
1720	4	14	30	16809	32490
1721	0	12	45	16818	2770
1722	4	8	45	16827	3782
1723	4	8	45	16836	13286
1724	4	14	30	16845	6701
1725	3	1	30	16854	3389
1726	3	1	45	16863	15681
1727	3	1	45	16872	9790
1728	0	12	45	16881	27
1729	4	14	30	16890	7284
1730	0	12	30	16899	2714
1731	0	12	30	16908	10225
1732	3	1	35	16917	5010
1733	0	12	35	16926	1403
1734	4	14	35	16935	10978
1735	0	12	45	16944	13339
1736	0	12	30	16953	661
1737	4	14	35	16962	2405
1738	4	8	50	16971	5711
1739	4	14	30	16980	1053
1740	3	1	45	16989	9569
1741	4	14	30	16998	10426
1742	0	12	35	17007	321
1743	3	1	50	17016	4165
1744	0	12	30	17025	21550
1745	0	12	35	17034	125
1746	0	12	35	17043	4266
1747	4	8	50	17052	5484
1748	4	14	30	17061	3628
1749	3	1	30	17070	2047
1750	4	8	45	17079	3082
1751	4	14	50	17088	13421
1752	3	1	30	17097	3231
1753	3	1	50	17106	14785
1754	0	12	45	17115	41
1755	3	1	50	17124	23066
1756	4	8	30	17133	2815
1757	4	8	35	17142	10862
1758	4	14	45	17151	17372
1759	3	1	35	17160	20293
1760	4	14	50	17169	11173
1761	4	8	50	17178	10159
1762	4	8	50	17200	4271
1763	0	12	45	17208	7099
1764	0	12	30	17216	370
1765	4	8	30	17224	3401
1766	4	14	30	17232	18488
1767	3	1	50	17240	1720
1768	3	1	35	17248	1995
1769	4	14	50	17256	10083
1770	4	8	50	17264	9717
1771	4	8	30	17272	50206
1772	3	1	50	17280	243
1773	4	14	45	17288	14353
1774	4	14	50	17296	376
1775	4	14	30	17304	5219
1776	4	14	30	17312	2376
1777	3	1	50	17320	45312
1778	4	8	45	17328	21659
1779	4	14	50	17336	6484
1780	3	1	45	17344	35219
1781	0	12	50	17352	5401
1782	3	1	45	17360	4225
1783	3	1	35	17368	22406
1784	3	1	45	17376	3112
1785	0	12	30	17384	9040
1786	4	8	50	17392	4939
1787	0	12	45	17400	12029
1788	4	14	45	17408	1356
1789	0	12	45	17416	16432
1790	3	1	35	17424	7435
1791	3	1	50	17432	7352
1792	0	12	50	17440	6469
1793	4	14	35	17448	9934
1794	4	14	35	17456	7804
1795	0	12	45	17464	46009
1796	3	1	30	17472	3960
1797	0	12	45	17480	10407
1798	3	1	45	17488	3659
1799	3	1	30	17496	10617
1800	4	8	35	17504	3053
1801	4	8	45	17512	2172
1802	3	1	35	17520	2884
1803	4	14	35	17528	14151
1804	0	12	30	17536	11050
1805	0	12	45	17544	3321
1806	4	8	30	17552	12706
1807	4	14	45	17560	9277
1808	3	1	50	17568	13578
1809	4	8	45	17576	12622
1810	3	1	45	17600	13451
1811	4	14	35	17608	3168
1812	0	12	50	17616	17126
1813	0	12	50	17624	5121
1814	0	12	50	17632	24373
1815	4	14	50	17640	3348
1816	4	14	30	17648	3847
1817	4	14	35	17656	7262
1818	4	8	30	17664	2952
1819	0	12	50	17672	8346
1820	0	12	30	17680	28819
1821	3	1	45	17688	1988
1822	3	1	30	17696	324
1823	3	1	50	17704	6280
1824	0	12	45	17712	1352
1825	3	1	30	17720	1223
1826	4	8	35	17728	10072
1827	4	14	35	17736	7328
1828	4	14	35	17744	2973
1829	4	14	30	17752	646
1830	4	8	50	17760	891
1831	4	14	45	17768	10989
1832	0	12	30	17776	15031
1833	3	1	35	17784	3425
1834	4	8	35	17792	2570
1835	0	12	50	17800	18237
1836	3	1	35	17808	1932
1837	3	1	35	17816	11125
1838	4	8	35	17824	3350
1839	3	1	30	17832	51830
1840	3	1	30	17840	25056
1841	4	8	35	17848	19251
1842	3	1	45	17856	37369
1843	3	1	30	17864	7309
1844	4	8	30	17872	892
1845	4	14	50	17880	3133
1846	3	1	50	17888	14370
1847	4	14	50	17896	861
1848	4	14	45	17904	14217
1849	0	12	35	17912	3209
1850	4	8	35	17920	14611
1851	4	14	50	17928	21055
1852	3	1	45	17936	5389
1853	3	1	50	17944	17208
1854	3	1	50	17952	13589
1855	4	14	50	18000	895
1856	3	1	35	18012	1795
1857	0	12	45	18024	19692
1858	3	1	50	18036	10581
1859	3	1	50	18048	8434
1860	3	1	35	18060	13442
1861	3	1	45	18072	2619
1862	4	14	35	18084	4609
1863	3	1	45	18096	11768
1864	0	12	45	18108	10384
1865	4	14	30	18120	925
1866	4	14	35	18132	8752
1867	4	8	35	18144	8601
1868	3	1	35	18156	2015
1869	4	14	50	18168	1099
1870	0	12	45	18180	1194
1871	0	12	50	18192	13303
1872	4	8	50	18204	2835
1873	4	14	30	18216	3158
1874	4	8	50	18228	11773
1875	3	1	50	18240	1404
1876	4	14	50	18252	2635
1877	0	12	30	18264	10141
1878	0	12	45	18276	4909
1879	4	8	45	18288	25122
1880	4	14	30	18300	6107
1881	4	8	35	18312	8287
1882	0	12	50	18324	17268
1883	4	14	50	18336	50233
1884	3	1	45	18348	5140
1885	4	8	30	18360	3366
1886	0	12	50	18372	3261
1887	4	8	35	18384	36586
1888	4	14	45	18400	10143
1889	3	1	45	18409	1545
1890	3	1	35	18418	12336
1891	3	1	45	18427	5032
1892	4	14	45	18436	222
1893	3	1	45	18445	16108
1894	4	14	45	18454	4503
1895	0	12	45	18463	13671
1896	3	1	30	18472	7847
1897	4	14	50	18481	4816
1898	3	1	35	18490	25155
1899	3	1	50	18499	71789
1900	0	12	45	18508	14937
1901	0	12	45	18517	2475
1902	4	8	35	18526	29534
1903	4	14	45	18535	11196
1904	4	14	50	18544	1809
1905	4	8	45	18553	415
1906	4	8	50	18562	11504
1907	4	14	35	18571	1677
1908	4	8	50	18580	1761
1909	0	12	30	18589	10052
1910	4	14	30	18598	24931
1911	4	8	35	18607	10084
1912	4	14	50	18616	7629
1913	4	8	30	18625	14821
1914	3	1	45	18634	1344
1915	4	8	50	18643	2309
1916	3	1	45	18652	6814
1917	0	12	35	18661	4880
1918	0	12	30	18670	3884
1919	3	1	45	18679	4886
1920	4	14	30	18688	21712
1921	4	8	50	18697	9994
1922	3	1	50	18706	33989
1923	0	12	50	18715	412
1924	0	12	35	18724	7071
1925	3	1	50	18733	16741
1926	0	12	35	18742	12653
1927	3	1	35	18751	7656
1928	0	12	35	18760	30082
1929	0	12	35	18769	34838
1930	4	14	50	18800	11945
1931	0	12	50	18810	24167
1932	3	1	50	18820	14187
1933	3	1	45	18830	4954
1934	0	12	50	18840	2160
1935	3	1	45	18850	2866
1936	0	12	50	18860	10526
1937	0	12	30	18870	2038
1938	4	14	30	18880	22358
1939	4	8	30	18890	4528
1940	0	12	30	18900	11866
1941	4	8	45	18910	1365
1942	0	12	35	18920	20317
1943	4	14	35	18930	39
1944	4	14	45	18940	3389
1945	0	12	30	18950	920
1946	3	1	45	18960	24673
1947	4	8	35	18970	4438
1948	0	12	30	18980	12022
1949	4	8	50	18990	1780
1950	3	1	50	19000	3399
1951	4	8	45	19010	1891
1952	4	14	50	19020	666
1953	4	14	45	19030	9386
1954	4	14	50	19040	2109
1955	4	14	45	19050	1904
1956	3	1	45	19060	3376
1957	0	12	45	19070	25533
1958	3	1	30	19080	2111
1959	4	8	30	19090	5887
1960	0	12	30	19100	5783
1961	3	1	45	19110	1879
1962	3	1	50	19120	2858
1963	0	12	45	19130	2549
1964	0	12	35	19140	33144
1965	3	1	30	19150	99
1966	4	14	45	19160	24955
1967	4	8	30	19200	1701
1968	4	8	35	19212	9435
1969	0	12	50	19224	26870
1970	4	8	30	19236	10728
1971	4	8	45	19248	3892
1972	0	12	35	19260	8064
1973	4	14	50	19272	39305
1974	3	1	45	19284	14710
1975	3	1	35	19296	15654
1976	0	12	45	19308	16595
1977	3	1	35	19320	33340
1978	4	8	35	19332	18596
1979	0	12	35	19344	5571
1980	4	14	30	19356	25457
1981	3	1	30	19368	5031
1982	3	1	30	19380	21905
1983	3	1	45	19392	18203
1984	3	1	35	19404	14385
1985	4	8	30	19416	7954
1986	4	8	50	19428	20085
1987	4	14	30	19440	1961
1988	3	1	50	19452	2338
1989	4	8	30	19464	217
1990	4	14	30	19476	41036
1991	4	14	35	19488	14574
1992	4	8	50	19500	63217
1993	3	1	50	19512	7328
1994	0	12	50	19524	32243
1995	4	8	35	19536	7917
1996	3	1	45	19548	27113
1997	0	12	45	19560	11759
1998	3	1	30	19572	824
1999	0	12	35	19584	3259
