0	3	1	40	0	6905
1	3	1	10	9	10075
2	4	14	40	18	2587
3	4	14	10	27	6545
4	3	1	10	36	5517
5	4	14	20	45	1739
6	4	8	40	54	2101
7	4	14	40	63	1924
8	3	1	40	72	2846
9	3	1	10	81	5390
10	4	14	10	90	8044
11	3	1	10	99	5100
12	4	14	10	108	3467
13	4	14	10	117	4646
14	4	14	30	126	1992
15	4	14	10	135	5476
16	3	1	10	144	7950
17	4	14	40	153	4666
18	4	14	30	162	16152
19	3	1	40	171	2147
20	3	1	20	180	4598
21	4	14	10	189	147
22	4	14	40	198	680
23	0	12	10	207	804
24	4	14	20	216	5140
25	4	14	40	225	2583
26	4	14	30	234	5124
27	4	14	40	243	286
28	4	14	40	252	826
29	4	8	40	261	1289
30	4	14	20	270	1189
31	4	8	20	279	9337
32	0	12	10	288	2708
33	3	1	40	297	557
34	3	1	30	306	10544
35	4	14	10	315	2761
36	4	14	40	324	11742
37	3	1	20	333	1165
38	4	14	30	342	2612
39	4	14	40	351	814
40	4	14	40	360	352
41	4	14	20	369	6838
42	4	14	30	378	15764
43	4	8	30	400	6800
44	3	1	10	411	2558
45	4	8	20	422	4349
46	3	1	10	433	3186
47	4	8	30	444	238
48	4	14	40	455	591
49	4	8	20	466	1591
50	3	1	30	477	541
51	4	14	30	488	2507
52	4	14	10	499	2320
53	4	8	10	510	279
54	4	14	10	521	4933
55	0	12	30	532	1847
56	3	1	10	543	9906
57	3	1	40	554	1693
58	3	1	40	565	680
59	4	8	10	576	7230
60	3	1	20	587	5517
61	4	14	40	598	7507
62	4	14	30	609	3236
63	0	12	20	620	2335
64	4	8	10	631	19077
65	3	1	30	642	2554
66	3	1	40	653	1562
67	4	14	40	664	955
68	3	1	40	675	6912
69	4	14	20	686	4784
70	3	1	30	697	7545
71	4	14	40	708	7057
72	3	1	30	719	1416
73	4	14	20	730	15340
74	4	14	20	741	9590
75	3	1	20	752	3948
76	3	1	10	763	1448
77	4	14	40	774	1614
78	4	8	40	800	2811
79	3	1	20	808	8032
80	4	8	30	816	14772
81	4	8	30	824	1613
82	4	14	20	832	324
83	3	1	10	840	4231
84	0	12	30	848	401
85	4	14	20	856	3168
86	4	14	30	864	18805
87	4	14	40	872	8968
88	4	14	10	880	6962
89	4	14	10	888	2011
90	4	14	10	896	2732
91	4	14	40	904	3898
92	3	1	30	912	4766
93	0	12	10	920	20351
94	3	1	20	928	3235
95	4	14	40	936	893
96	4	8	20	944	2644
97	4	14	40	952	5260
98	4	14	20	960	4198
99	0	12	20	968	2747
100	3	1	40	976	1122
101	4	14	30	984	12690
102	4	8	20	992	3698
103	3	1	20	1000	7039
104	4	14	30	1008	4114
105	4	14	10	1016	2770
106	3	1	10	1024	1183
107	4	14	40	1032	8353
108	4	14	40	1040	1805
109	4	14	40	1048	2451
110	4	14	20	1056	1109
111	4	8	30	1064	457
112	4	14	40	1072	10120
113	3	1	30	1080	1883
114	3	1	30	1088	8773
115	4	14	10	1096	306
116	0	12	40	1104	1591
117	4	8	30	1112	474
118	4	8	40	1120	598
119	3	1	40	1128	4121
120	3	1	20	1136	4212
121	4	8	20	1144	872
122	3	1	30	1152	432
123	3	1	10	1160	1177
124	3	1	30	1168	3954
125	4	14	10	1176	263
126	0	12	30	1200	4338
127	3	1	30	1210	2115
128	3	1	40	1220	620
129	3	1	30	1230	2416
130	4	8	30	1240	8072
131	4	8	10	1250	1841
132	3	1	10	1260	1248
133	0	12	20	1270	3058
134	4	14	30	1280	7235
135	4	14	40	1290	3625
136	3	1	30	1300	2423
137	4	14	20	1310	2930
138	0	12	30	1320	5752
139	3	1	40	1330	5755
140	4	14	20	1340	1196
141	0	12	10	1350	1313
142	4	8	10	1360	1598
143	3	1	40	1370	3667
144	3	1	40	1380	2218
145	4	8	40	1390	395
146	3	1	30	1400	8075
147	3	1	40	1410	183
148	4	14	10	1420	598
149	3	1	20	1430	3390
150	4	14	40	1440	559
151	3	1	10	1450	16272
152	4	8	30	1460	2007
153	3	1	30	1470	9830
154	4	8	10	1480	4936
155	4	14	20	1490	2604
156	0	12	40	1500	6535
157	4	14	40	1510	1530
158	4	14	20	1520	2214
159	4	8	10	1530	77
160	4	8	40	1540	6876
161	4	14	40	1550	1044
162	3	1	40	1560	7103
163	3	1	40	1570	862
164	4	14	10	1580	16870
165	4	14	10	1600	7842
166	4	14	30	1607	7771
167	4	14	10	1614	50
168	4	14	20	1621	677
169	4	14	40	1628	2614
170	4	14	30	1635	13691
171	4	8	30	1642	225
172	4	14	10	1649	4026
173	3	1	20	1656	84
174	4	14	10	1663	3312
175	4	14	20	1670	4
176	4	14	20	1677	760
177	0	12	20	1684	10144
178	0	12	10	1691	550
179	3	1	10	1698	645
180	4	14	40	1705	4246
181	4	8	30	1712	2315
182	4	14	30	1719	9751
183	4	8	30	1726	11262
184	4	8	20	1733	2107
185	4	14	10	1740	229
186	3	1	40	1747	196
187	4	8	20	1754	2313
188	3	1	30	1761	1525
189	0	12	10	1768	3385
190	4	14	20	1775	974
191	3	1	30	1782	1564
192	3	1	30	1789	2271
193	4	8	40	1796	4280
194	0	12	20	1803	4775
195	4	8	40	1810	307
196	3	1	10	1817	391
197	0	12	10	1824	725
198	4	8	30	1831	3784
199	4	8	40	1838	510
200	4	8	40	1845	2336
201	3	1	20	1852	894
202	4	14	30	1859	3392
203	0	12	20	1866	2638
204	4	14	20	1873	18144
205	3	1	10	1880	11934
206	4	14	10	1887	5156
207	4	8	30	1894	15147
208	3	1	40	1901	2383
209	0	12	20	1908	8
210	4	14	10	1915	4552
211	3	1	10	1922	15075
212	4	8	30	1929	130
213	3	1	30	1936	509
214	3	1	20	1943	5043
215	4	14	20	1950	4717
216	4	8	30	1957	3808
217	4	14	10	2000	1835
218	4	8	30	2008	1394
219	4	14	10	2016	1057
220	4	14	10	2024	1024
221	4	8	40	2032	363
222	4	14	40	2040	4562
223	4	8	20	2048	4061
224	4	14	20	2056	906
225	3	1	20	2064	2295
226	3	1	30	2072	5217
227	4	14	40	2080	242
228	4	14	10	2088	1212
229	3	1	30	2096	604
230	0	12	20	2104	2408
231	4	14	10	2112	16352
232	3	1	30	2120	8716
233	3	1	30	2128	148
234	0	12	40	2136	5188
235	4	14	40	2144	5555
236	4	8	40	2152	453
237	4	14	20	2160	5180
238	3	1	40	2168	1604
239	4	8	20	2176	10951
240	4	14	30	2184	374
241	3	1	10	2192	81
242	4	8	20	2200	1221
243	4	8	40	2208	8532
244	3	1	40	2216	5559
245	4	14	40	2224	236
246	3	1	10	2232	768
247	3	1	10	2240	9958
248	0	12	10	2248	10914
249	4	14	10	2256	778
250	4	14	10	2264	902
251	4	14	30	2272	618
252	4	14	30	2280	4348
253	4	14	30	2288	3823
254	3	1	40	2296	7249
255	4	8	20	2304	2392
256	4	14	40	2312	871
257	4	8	40	2320	1119
258	4	14	20	2328	1934
259	4	8	30	2336	7645
260	0	12	20	2344	529
261	0	12	30	2352	4924
262	4	14	30	2360	1366
263	4	14	30	2368	944
264	3	1	30	2376	2957
265	0	12	30	2400	10310
266	4	14	30	2411	6227
267	4	8	10	2422	1398
268	4	14	20	2433	14540
269	4	14	40	2444	758
270	3	1	10	2455	2078
271	0	12	30	2466	9139
272	4	14	20	2477	986
273	3	1	20	2488	1247
274	4	14	30	2499	909
275	4	8	40	2510	100
276	4	14	30	2521	1651
277	4	14	10	2532	2104
278	4	14	20	2543	855
279	4	14	40	2554	1440
280	4	8	30	2565	407
281	4	14	20	2576	918
282	3	1	10	2587	4421
283	4	8	10	2598	2305
284	4	14	20	2609	1572
285	3	1	10	2620	4621
286	0	12	20	2631	2161
287	4	14	10	2642	1354
288	4	14	30	2653	16559
289	4	14	20	2664	1577
290	4	14	10	2675	2299
291	4	14	10	2686	7963
292	4	8	10	2697	929
293	4	14	40	2708	7753
294	3	1	20	2719	3127
295	4	14	10	2730	5438
296	0	12	10	2741	829
297	3	1	30	2752	1652
298	4	14	10	2763	1575
299	4	14	40	2774	3634
300	4	8	20	2785	5851
301	4	14	30	2800	366
302	0	12	40	2813	2938
303	4	14	20	2826	3695
304	4	14	40	2839	1213
305	0	12	30	2852	5923
306	3	1	30	2865	3444
307	0	12	10	2878	336
308	4	14	20	2891	3510
309	4	8	20	2904	4153
310	4	14	40	2917	1106
311	4	14	40	2930	5099
312	4	14	20	2943	13572
313	3	1	30	2956	6531
314	4	8	10	2969	532
315	4	14	20	2982	1742
316	4	14	10	2995	5208
317	3	1	30	3008	1167
318	4	14	20	3021	702
319	3	1	40	3034	849
320	3	1	40	3047	4083
321	4	14	40	3060	4016
322	3	1	30	3073	7395
323	3	1	10	3086	1612
324	4	14	40	3099	269
325	4	14	40	3112	36
326	4	14	20	3125	503
327	4	8	20	3138	582
328	4	14	30	3151	205
329	4	14	40	3164	4705
330	3	1	20	3177	2934
331	4	14	20	3200	14192
332	3	1	10	3211	2992
333	4	14	40	3222	554
334	3	1	10	3233	851
335	4	14	40	3244	1072
336	3	1	40	3255	271
337	4	14	30	3266	1377
338	4	14	20	3277	3835
339	4	14	40	3288	7761
340	3	1	20	3299	801
341	3	1	20	3310	15484
342	4	14	30	3321	13546
343	4	8	10	3332	1965
344	3	1	30	3343	2683
345	3	1	20	3354	1817
346	3	1	30	3365	12837
347	4	14	30	3376	249
348	4	14	20	3387	799
349	0	12	40	3398	405
350	3	1	30	3409	707
351	4	14	20	3420	4061
352	4	14	40	3431	3350
353	4	8	40	3442	869
354	4	8	10	3453	4266
355	4	14	10	3464	632
356	4	14	20	3475	12777
357	4	8	30	3486	1610
358	4	14	20	3497	6054
359	4	8	40	3508	694
360	4	14	40	3519	4007
361	4	14	40	3530	3198
362	4	8	40	3541	847
363	4	14	20	3552	2753
364	4	14	10	3563	4394
365	4	14	30	3574	1709
366	3	1	10	3585	764
367	4	8	40	3600	3667
368	3	1	20	3609	5785
369	4	14	10	3618	1137
370	4	14	20	3627	3841
371	4	14	10	3636	1136
372	4	14	30	3645	4191
373	4	14	10	3654	4099
374	4	8	20	3663	468
375	3	1	20	3672	4215
376	3	1	30	3681	4399
377	4	14	30	3690	231
378	4	8	30	3699	12731
379	4	8	10	3708	263
380	3	1	10	3717	10690
381	3	1	20	3726	2158
382	4	8	10	3735	4602
383	3	1	10	3744	231
384	0	12	40	3753	1042
385	3	1	10	3762	3352
386	3	1	10	3771	13698
387	4	8	20	3780	3769
388	3	1	20	3789	4848
389	3	1	30	3798	2030
390	4	8	30	3807	3803
391	3	1	10	3816	674
392	4	14	30	3825	11340
393	4	14	10	3834	1611
394	4	14	40	3843	2199
395	4	14	30	3852	6325
396	4	14	30	3861	3003
397	3	1	40	3870	19843
398	0	12	20	3879	4498
399	3	1	40	3888	961
400	4	14	30	3897	1870
401	4	8	10	3906	3909
402	3	1	20	3915	4419
403	0	12	40	3924	3497
404	4	14	40	3933	8923
405	4	14	10	3942	2489
406	4	8	40	3951	4409
407	4	14	30	3960	5
408	3	1	20	4000	1185
409	4	14	10	4006	756
410	4	14	30	4012	1242
411	3	1	40	4018	1700
412	4	8	10	4024	688
413	4	14	40	4030	8049
414	4	8	40	4036	6110
415	4	14	20	4042	5465
416	4	8	40	4048	96
417	4	14	20	4054	2697
418	4	8	10	4060	1437
419	4	14	30	4066	1580
420	4	8	20	4072	5045
421	4	14	30	4078	383
422	4	8	20	4084	2295
423	3	1	20	4090	4208
424	4	14	20	4096	12971
425	4	8	30	4102	5184
426	4	8	30	4108	6536
427	3	1	20	4114	841
428	4	8	40	4120	1152
429	4	14	20	4126	9530
430	0	12	10	4132	2770
431	4	14	20	4138	3515
432	4	8	30	4144	974
433	4	14	30	4150	739
434	3	1	30	4156	3225
435	3	1	10	4162	9352
436	3	1	40	4168	2006
437	3	1	30	4174	516
438	3	1	30	4180	14851
439	3	1	20	4186	5135
440	4	14	20	4192	13597
441	3	1	20	4198	1395
442	4	8	40	4204	10828
443	3	1	10	4210	602
444	3	1	30	4216	7763
445	4	14	10	4222	4315
446	4	14	40	4228	6512
447	3	1	10	4234	2518
448	3	1	20	4240	2171
449	3	1	20	4246	9445
450	4	14	30	4252	51
451	3	1	40	4258	1072
452	4	8	40	4264	1621
453	4	8	10	4270	242
454	4	14	10	4276	5440
455	4	8	10	4282	750
456	4	8	40	4288	1978
457	3	1	40	4294	5104
458	4	14	20	4300	758
459	3	1	10	4306	11348
460	4	14	40	4312	4579
461	0	12	40	4318	2728
462	4	8	10	4324	4866
463	4	14	20	4330	2205
464	3	1	20	4336	3227
465	4	14	20	4342	392
466	4	14	20	4348	2067
467	3	1	20	4400	3273
468	4	14	30	4410	10928
469	4	14	10	4420	1834
470	3	1	30	4430	2577
471	4	8	20	4440	6064
472	3	1	40	4450	3186
473	3	1	10	4460	533
474	3	1	10	4470	16326
475	4	14	10	4480	7700
476	4	14	40	4490	512
477	3	1	40	4500	2660
478	4	8	30	4510	509
479	0	12	30	4520	1461
480	0	12	30	4530	259
481	4	14	30	4540	1862
482	3	1	30	4550	805
483	4	14	10	4560	1332
484	4	14	10	4570	3156
485	4	14	10	4580	465
486	3	1	40	4590	4245
487	0	12	10	4600	1501
488	4	8	10	4610	6323
489	4	14	40	4620	5547
490	4	14	20	4630	1165
491	4	8	20	4640	4775
492	0	12	30	4650	3230
493	4	14	30	4660	1913
494	4	14	40	4670	3702
495	4	14	20	4680	5451
496	4	14	30	4690	3298
497	0	12	30	4700	9957
498	4	14	40	4710	1327
499	4	14	30	4720	4567
500	3	1	20	4730	6193
501	3	1	10	4740	6462
502	0	12	30	4750	10005
503	4	14	30	4760	2395
504	3	1	40	4770	777
505	4	8	20	4780	1601
506	4	14	20	4790	3066
507	3	1	20	4800	3027
508	4	8	30	4812	10292
509	4	14	10	4824	4091
510	3	1	20	4836	2155
511	4	14	40	4848	7897
512	4	14	10	4860	3750
513	4	14	30	4872	6192
514	4	8	40	4884	1559
515	0	12	10	4896	1623
516	3	1	10	4908	4999
517	3	1	20	4920	8669
518	4	14	30	4932	219
519	0	12	40	4944	824
520	4	14	10	4956	3866
521	4	8	30	4968	3636
522	4	14	40	4980	3786
523	4	14	30	4992	2008
524	3	1	10	5004	3146
525	3	1	20	5016	1451
526	4	8	10	5028	1650
527	3	1	10	5040	9883
528	4	14	40	5052	270
529	3	1	40	5064	2226
530	4	14	30	5076	761
531	3	1	10	5088	2708
532	4	8	10	5100	1430
533	4	14	20	5112	2217
534	4	14	30	5124	2899
535	3	1	10	5136	590
536	3	1	20	5148	899
537	4	14	40	5160	7081
538	4	14	20	5172	50
539	4	14	20	5184	4624
540	4	8	30	5200	3077
541	4	14	20	5211	408
542	4	8	10	5222	1359
543	4	8	40	5233	5468
544	3	1	10	5244	10987
545	3	1	30	5255	1450
546	4	14	40	5266	3702
547	4	14	10	5277	12829
548	0	12	20	5288	8408
549	3	1	20	5299	3407
550	4	14	20	5310	1967
551	4	8	30	5321	1449
552	3	1	30	5332	13183
553	3	1	30	5343	9079
554	4	14	20	5354	1366
555	3	1	20	5365	1411
556	4	14	20	5376	7578
557	4	8	10	5387	6122
558	3	1	10	5398	1885
559	3	1	30	5409	524
560	4	8	40	5420	4372
561	4	14	20	5431	2397
562	3	1	10	5442	2633
563	4	14	10	5453	8884
564	3	1	10	5464	767
565	4	14	10	5475	7040
566	4	14	30	5486	10169
567	3	1	30	5497	195
568	4	14	30	5508	1758
569	4	14	30	5519	1531
570	4	14	40	5530	447
571	4	14	20	5541	6619
572	4	8	10	5552	12102
573	4	14	40	5563	1478
574	4	14	30	5600	1438
575	4	14	10	5607	1525
576	4	8	10	5614	2097
577	4	8	30	5621	313
578	4	8	30	5628	8264
579	3	1	40	5635	1020
580	4	8	30	5642	5641
581	3	1	10	5649	1563
582	3	1	30	5656	7946
583	4	8	30	5663	7878
584	4	14	40	5670	368
585	3	1	30	5677	487
586	3	1	40	5684	3599
587	3	1	10	5691	5583
588	3	1	40	5698	4936
589	4	14	40	5705	201
590	4	14	10	5712	6750
591	4	14	40	5719	53
592	3	1	20	5726	3981
593	4	14	20	5733	3271
594	3	1	40	5740	3180
595	3	1	30	5747	7868
596	4	14	30	5754	9209
597	4	14	10	5761	8415
598	4	14	30	5768	2841
599	0	12	10	5775	729
600	4	14	30	5782	4015
601	4	14	20	5789	2451
602	0	12	30	5796	8589
603	0	12	10	5803	1645
604	3	1	20	5810	2872
605	0	12	40	5817	1270
606	4	8	40	5824	1158
607	4	14	40	5831	1569
608	4	8	10	5838	916
609	4	14	20	5845	1006
610	3	1	20	5852	831
611	3	1	20	5859	4746
612	4	14	30	5866	3063
613	0	12	30	5873	8652
614	4	14	40	5880	3360
615	3	1	20	5887	3750
616	3	1	30	5894	5206
617	4	8	40	5901	1457
618	4	14	40	5908	10615
619	3	1	30	5915	1998
620	4	8	10	5922	1899
621	4	14	30	5929	4102
622	4	8	10	5936	245
623	4	14	10	5943	1644
624	4	14	10	5950	1766
625	3	1	40	5957	8233
626	4	14	30	5964	5492
627	4	14	10	6000	2715
628	0	12	10	6007	1172
629	4	8	40	6014	12903
630	4	14	40	6021	4870
631	4	14	10	6028	9118
632	3	1	10	6035	7771
633	4	14	10	6042	167
634	4	14	10	6049	6085
635	0	12	20	6056	20826
636	0	12	40	6063	2102
637	4	14	30	6070	1651
638	3	1	30	6077	9406
639	4	8	30	6084	2883
640	3	1	10	6091	3044
641	0	12	20	6098	2560
642	4	14	20	6105	2245
643	3	1	10	6112	409
644	4	8	40	6119	2082
645	3	1	40	6126	112
646	4	14	40	6133	3001
647	4	8	10	6140	7990
648	3	1	40	6147	1484
649	3	1	10	6154	1663
650	4	14	20	6161	3375
651	3	1	20	6168	365
652	3	1	40	6175	6692
653	3	1	20	6182	654
654	3	1	30	6189	6533
655	3	1	40	6196	4827
656	4	14	10	6203	6992
657	4	14	20	6210	4193
658	4	14	10	6217	17782
659	4	14	20	6224	1941
660	4	8	20	6231	718
661	0	12	20	6238	5677
662	3	1	40	6245	2770
663	3	1	40	6252	2
664	4	8	20	6259	3980
665	3	1	30	6266	2841
666	0	12	10	6273	291
667	4	14	20	6280	610
668	3	1	10	6287	9174
669	4	14	20	6294	1824
670	0	12	40	6301	2132
671	3	1	10	6308	11128
672	4	14	20	6315	399
673	0	12	40	6322	489
674	4	8	30	6329	239
675	4	14	30	6336	163
676	0	12	30	6343	2233
677	3	1	30	6350	1117
678	4	14	10	6400	2003
679	4	14	10	6409	8299
680	4	14	20	6418	986
681	4	8	10	6427	3623
682	4	14	20	6436	627
683	4	8	40	6445	8682
684	4	14	10	6454	4893
685	4	14	10	6463	3668
686	4	14	20	6472	4479
687	4	14	30	6481	2226
688	3	1	30	6490	6982
689	4	8	10	6499	1666
690	3	1	10	6508	2402
691	3	1	10	6517	3416
692	3	1	30	6526	3221
693	4	14	20	6535	5622
694	3	1	40	6544	96
695	0	12	40	6553	830
696	3	1	10	6562	8233
697	4	14	10	6571	6849
698	4	8	10	6580	3812
699	4	14	40	6589	1993
700	4	14	30	6598	476
701	4	14	30	6607	5945
702	3	1	20	6616	10362
703	4	8	10	6625	2506
704	0	12	20	6634	149
705	4	14	10	6643	8192
706	3	1	20	6652	7207
707	4	14	40	6661	874
708	3	1	30	6670	690
709	4	14	20	6679	12375
710	4	14	30	6688	7308
711	4	8	40	6697	8227
712	4	14	30	6706	550
713	4	8	30	6715	2911
714	4	8	20	6724	10155
715	3	1	30	6733	5274
716	4	14	20	6742	9381
717	4	14	20	6751	3533
718	3	1	10	6760	4843
719	3	1	20	6800	737
720	3	1	40	6810	7862
721	3	1	30	6820	21
722	3	1	10	6830	1076
723	4	14	10	6840	5658
724	4	8	30	6850	1284
725	4	8	10	6860	12276
726	4	14	40	6870	12416
727	0	12	20	6880	1332
728	4	14	40	6890	3193
729	4	8	30	6900	2920
730	4	14	30	6910	347
731	4	8	30	6920	1322
732	0	12	10	6930	1047
733	0	12	30	6940	969
734	4	8	20	6950	1808
735	4	14	40	6960	359
736	0	12	40	6970	2358
737	4	14	30	6980	1862
738	4	8	20	6990	2084
739	3	1	30	7000	3915
740	3	1	10	7010	1465
741	4	14	40	7020	2737
742	4	14	40	7030	9002
743	4	14	10	7040	358
744	4	14	40	7050	893
745	4	14	40	7060	16725
746	4	14	30	7070	242
747	3	1	10	7080	7371
748	0	12	10	7090	64
749	4	14	10	7100	1198
750	4	14	20	7110	2458
751	4	14	30	7120	4267
752	4	14	20	7130	2553
753	4	14	20	7140	33924
754	4	8	10	7150	4598
755	3	1	10	7160	14516
756	4	8	20	7170	3257
757	3	1	30	7200	4506
758	3	1	20	7210	649
759	3	1	40	7220	13156
760	4	14	40	7230	7723
761	4	14	30	7240	91
762	4	14	30	7250	3114
763	3	1	30	7260	4001
764	3	1	40	7270	5978
765	3	1	20	7280	1084
766	4	14	30	7290	10556
767	4	8	10	7300	2569
768	4	14	20	7310	6141
769	4	14	30	7320	255
770	4	14	30	7330	1289
771	4	8	40	7340	148
772	4	8	40	7350	14044
773	4	14	30	7360	824
774	4	14	30	7370	10381
775	4	8	10	7380	6804
776	4	14	40	7390	9878
777	4	14	30	7400	1188
778	0	12	30	7410	9526
779	3	1	40	7420	1176
780	4	8	10	7430	11456
781	3	1	30	7440	9
782	3	1	10	7450	12242
783	4	14	10	7460	2875
784	4	8	20	7470	504
785	4	14	10	7480	3123
786	3	1	30	7490	1153
787	4	14	40	7500	4970
788	4	8	40	7510	398
789	0	12	10	7520	1754
790	4	8	40	7530	0
791	4	14	20	7540	2568
792	4	8	20	7550	11074
793	4	14	40	7560	105
794	4	14	10	7570	4838
795	3	1	30	7580	1832
796	0	12	10	7600	1641
797	0	12	20	7609	319
798	4	8	30	7618	1196
799	4	14	10	7627	3233
800	3	1	40	7636	7745
801	4	14	10	7645	4882
802	4	14	10	7654	1777
803	4	8	30	7663	1146
804	4	8	20	7672	331
805	4	14	40	7681	2531
806	4	14	40	7690	4113
807	3	1	20	7699	2547
808	4	8	30	7708	813
809	4	8	40	7717	1023
810	4	14	40	7726	1193
811	4	8	20	7735	320
812	0	12	10	7744	5834
813	4	14	40	7753	10
814	4	14	40	7762	3429
815	0	12	40	7771	170
816	4	14	30	7780	4853
817	4	14	40	7789	1165
818	4	14	10	7798	1456
819	3	1	20	7807	3633
820	3	1	30	7816	1611
821	4	8	20	7825	5314
822	4	14	10	7834	300
823	0	12	30	7843	7461
824	4	14	40	7852	9589
825	4	14	20	7861	4784
826	4	14	10	7870	5956
827	4	8	10	7879	1453
828	3	1	40	7888	8014
829	0	12	20	7897	879
830	4	14	30	7906	2848
831	4	8	20	7915	1425
832	4	14	40	7924	1536
833	4	14	10	7933	7050
834	4	14	40	7942	6544
835	4	14	10	7951	19956
836	3	1	20	7960	7966
837	4	14	20	7969	1496
838	4	14	40	8000	465
839	0	12	10	8010	5772
840	4	14	30	8020	3258
841	3	1	30	8030	1446
842	3	1	10	8040	2279
843	4	8	40	8050	920
844	3	1	30	8060	11585
845	4	14	40	8070	1570
846	4	14	30	8080	275
847	4	14	10	8090	805
848	4	14	40	8100	1570
849	4	8	30	8110	352
850	4	14	40	8120	328
851	3	1	40	8130	618
852	3	1	20	8140	10469
853	4	14	40	8150	10949
854	4	14	40	8160	2554
855	4	14	20	8170	495
856	4	8	10	8180	14386
857	4	14	20	8190	3221
858	4	14	30	8200	1935
859	3	1	40	8210	11530
860	4	14	10	8220	4318
861	3	1	20	8230	49
862	4	8	40	8240	5239
863	4	14	20	8250	2845
864	3	1	10	8260	3599
865	4	8	20	8270	737
866	4	14	40	8280	1406
867	4	8	40	8290	2004
868	4	8	10	8300	3101
869	3	1	30	8310	268
870	4	14	40	8320	4947
871	4	14	30	8330	6477
872	4	8	20	8340	5054
873	3	1	30	8350	3298
874	3	1	20	8360	7736
875	3	1	20	8370	1160
876	4	8	30	8400	17274
877	0	12	20	8409	5110
878	3	1	20	8418	4365
879	4	14	40	8427	737
880	4	14	30	8436	5777
881	3	1	40	8445	9751
882	4	14	30	8454	5197
883	3	1	20	8463	819
884	0	12	10	8472	257
885	3	1	10	8481	273
886	0	12	20	8490	832
887	4	14	40	8499	6372
888	4	8	10	8508	2114
889	4	8	10	8517	250
890	4	14	40	8526	2055
891	3	1	20	8535	252
892	4	14	40	8544	8663
893	3	1	40	8553	7903
894	4	8	30	8562	2000
895	4	14	10	8571	973
896	4	14	40	8580	1900
897	3	1	40	8589	2430
898	4	14	40	8598	5256
899	4	14	10	8607	6282
900	3	1	40	8616	5316
901	4	14	30	8625	2260
902	4	14	30	8634	4673
903	0	12	30	8643	1075
904	4	8	30	8652	2345
905	3	1	30	8661	1369
906	3	1	20	8670	72
907	4	8	20	8679	225
908	4	14	20	8688	10967
909	4	14	20	8697	3253
910	3	1	40	8706	5022
911	0	12	40	8715	595
912	4	8	30	8724	9798
913	4	14	10	8733	2044
914	3	1	30	8742	1072
915	4	8	20	8751	1083
916	0	12	30	8760	1408
917	3	1	30	8769	4636
918	4	14	20	8778	2090
919	4	8	10	8800	681
920	4	14	30	8808	7884
921	3	1	20	8816	6395
922	4	14	20	8824	8243
923	4	14	30	8832	2706
924	4	14	10	8840	3413
925	4	14	20	8848	4600
926	4	14	20	8856	2304
927	4	8	40	8864	2681
928	4	14	30	8872	875
929	4	8	20	8880	9794
930	4	14	10	8888	6197
931	4	8	40	8896	456
932	3	1	10	8904	2322
933	4	14	20	8912	5120
934	3	1	10	8920	4510
935	4	8	30	8928	1908
936	4	8	30	8936	107
937	3	1	10	8944	15167
938	4	14	20	8952	6999
939	3	1	30	8960	3804
940	4	14	30	8968	643
941	4	14	40	8976	3011
942	4	14	30	8984	642
943	3	1	10	8992	571
944	4	8	20	9000	16792
945	4	14	40	9008	3595
946	4	14	40	9016	322
947	4	14	10	9024	3766
948	4	14	20	9032	15450
949	4	14	20	9040	3743
950	4	8	10	9048	4320
951	4	14	10	9056	3717
952	3	1	30	9064	1125
953	4	8	20	9072	12433
954	4	8	30	9080	3014
955	4	14	10	9088	7312
956	4	14	10	9096	3809
957	4	8	30	9104	5365
958	3	1	40	9112	3446
959	3	1	10	9120	2911
960	3	1	40	9128	707
961	3	1	10	9136	12586
962	3	1	20	9144	1104
963	3	1	10	9152	839
964	3	1	30	9160	1794
965	4	8	30	9168	2248
966	0	12	40	9176	1444
967	4	8	40	9184	2328
968	4	14	20	9200	455
969	4	14	30	9210	281
970	4	14	20	9220	9037
971	4	14	30	9230	3400
972	3	1	30	9240	917
973	3	1	30	9250	711
974	4	14	30	9260	8351
975	0	12	40	9270	3440
976	3	1	30	9280	827
977	3	1	10	9290	618
978	3	1	20	9300	8167
979	3	1	30	9310	1207
980	4	14	30	9320	1236
981	4	14	30	9330	357
982	3	1	10	9340	11959
983	3	1	30	9350	8117
984	4	14	10	9360	15370
985	4	14	30	9370	23
986	4	8	40	9380	2555
987	3	1	20	9390	445
988	4	14	20	9400	1184
989	4	14	30	9410	1098
990	4	14	40	9420	9315
991	4	14	40	9430	7388
992	4	14	40	9440	23471
993	4	14	40	9450	4565
994	4	14	40	9460	8502
995	3	1	30	9470	10813
996	4	8	20	9480	5118
997	4	14	20	9490	5779
998	4	14	10	9500	2317
999	4	8	40	9510	767
1000	4	14	30	9520	3636
1001	4	14	40	9530	4200
1002	4	14	40	9540	1487
1003	4	8	10	9550	3821
1004	0	12	20	9560	392
1005	4	14	40	9570	1913
1006	4	14	40	9600	4855
1007	4	14	20	9609	3981
1008	4	8	20	9618	7930
1009	4	14	40	9627	1298
1010	4	14	10	9636	558
1011	4	14	30	9645	10781
1012	3	1	40	9654	5516
1013	3	1	10	9663	1368
1014	3	1	40	9672	3678
1015	3	1	20	9681	1250
1016	4	14	30	9690	592
1017	4	8	30	9699	8741
1018	4	14	20	9708	12610
1019	3	1	30	9717	1977
1020	4	14	20	9726	1611
1021	4	14	40	9735	762
1022	4	8	40	9744	2066
1023	3	1	40	9753	16343
1024	4	8	20	9762	3777
1025	3	1	20	9771	3097
1026	0	12	30	9780	175
1027	3	1	40	9789	1204
1028	4	8	40	9798	4624
1029	4	8	40	9807	1227
1030	4	14	40	9816	1497
1031	3	1	30	9825	8187
1032	4	14	30	9834	7835
1033	3	1	10	9843	4195
1034	4	14	20	9852	11699
1035	4	8	40	9861	720
1036	4	8	30	9870	9390
1037	3	1	20	9879	10125
1038	3	1	10	9888	1404
1039	0	12	30	9897	717
1040	3	1	10	9906	97
1041	4	8	20	9915	7442
1042	4	14	40	9924	4830
1043	4	14	20	9933	7078
1044	4	14	30	9942	3364
1045	3	1	30	9951	4981
1046	3	1	40	9960	7004
1047	3	1	40	9969	1285
1048	4	14	40	10000	4332
1049	3	1	40	10009	11
1050	4	14	10	10018	2783
1051	4	14	10	10027	2248
1052	4	8	20	10036	6833
1053	4	14	10	10045	236
1054	4	14	40	10054	549
1055	4	8	20	10063	14317
1056	4	8	40	10072	11726
1057	4	14	30	10081	914
1058	4	8	10	10090	1853
1059	3	1	10	10099	5592
1060	4	8	40	10108	822
1061	3	1	30	10117	3161
1062	4	8	30	10126	9664
1063	4	14	30	10135	2724
1064	0	12	30	10144	1093
1065	4	14	20	10153	766
1066	3	1	30	10162	3956
1067	4	14	20	10171	8891
1068	0	12	40	10180	2509
1069	4	8	30	10189	7587
1070	0	12	30	10198	520
1071	0	12	20	10207	375
1072	4	14	20	10216	1420
1073	3	1	10	10225	6481
1074	0	12	30	10234	1725
1075	3	1	40	10243	128
1076	4	14	20	10252	9570
1077	4	8	10	10261	2865
1078	4	8	20	10270	4434
1079	4	8	20	10279	5051
1080	0	12	40	10288	10069
1081	0	12	30	10297	6144
1082	3	1	10	10306	1185
1083	4	8	40	10315	6920
1084	4	14	40	10324	3179
1085	4	14	30	10333	5992
1086	3	1	30	10342	611
1087	3	1	20	10351	1585
1088	4	14	40	10360	4797
1089	4	8	20	10400	1452
1090	4	14	30	10410	7094
1091	4	14	30	10420	1585
1092	4	14	30	10430	17113
1093	4	14	30	10440	2890
1094	4	14	30	10450	398
1095	3	1	40	10460	1024
1096	0	12	40	10470	5034
1097	4	8	40	10480	1156
1098	3	1	20	10490	5348
1099	3	1	10	10500	12086
1100	3	1	10	10510	7033
1101	4	14	20	10520	1097
1102	0	12	40	10530	1427
1103	4	8	40	10540	47
1104	4	14	20	10550	665
1105	3	1	10	10560	2284
1106	4	8	10	10570	3331
1107	3	1	20	10580	2776
1108	3	1	30	10590	5484
1109	3	1	20	10600	910
1110	3	1	10	10610	2248
1111	0	12	30	10620	2889
1112	4	14	40	10630	1348
1113	4	14	20	10640	194
1114	4	14	40	10650	8144
1115	4	14	30	10660	3841
1116	0	12	40	10670	918
1117	3	1	20	10680	8566
1118	3	1	40	10690	5391
1119	3	1	10	10700	4865
1120	3	1	20	10710	1318
1121	0	12	30	10720	6603
1122	3	1	30	10730	5098
1123	4	14	40	10740	535
1124	4	8	20	10750	5397
1125	3	1	30	10760	3009
1126	4	14	40	10770	13693
1127	4	8	20	10780	3552
1128	3	1	40	10800	139
1129	4	14	40	10811	7997
1130	3	1	10	10822	3341
1131	4	14	40	10833	5560
1132	4	14	20	10844	3372
1133	4	14	40	10855	1056
1134	0	12	30	10866	10028
1135	4	8	40	10877	2080
1136	4	14	30	10888	3309
1137	4	14	30	10899	7490
1138	4	14	40	10910	310
1139	4	14	30	10921	650
1140	0	12	10	10932	12447
1141	3	1	20	10943	8268
1142	3	1	40	10954	1913
1143	4	8	20	10965	6104
1144	4	8	20	10976	8568
1145	4	8	40	10987	540
1146	4	8	10	10998	12142
1147	4	14	10	11009	1452
1148	3	1	40	11020	2565
1149	4	14	40	11031	6160
1150	4	14	10	11042	4812
1151	3	1	30	11053	4341
1152	4	8	20	11064	282
1153	0	12	30	11075	21
1154	0	12	30	11086	1351
1155	4	14	30	11097	1478
1156	4	14	40	11108	21806
1157	4	14	30	11119	2710
1158	4	8	20	11130	203
1159	4	14	20	11141	4039
1160	3	1	40	11152	13619
1161	3	1	20	11163	1365
1162	3	1	40	11200	2162
1163	4	14	20	11210	7756
1164	3	1	30	11220	5896
1165	3	1	10	11230	469
1166	4	14	40	11240	4990
1167	4	14	40	11250	2657
1168	3	1	30	11260	1049
1169	3	1	30	11270	2688
1170	0	12	40	11280	758
1171	4	8	10	11290	6954
1172	3	1	30	11300	52
1173	4	8	20	11310	7291
1174	0	12	20	11320	14042
1175	3	1	10	11330	19620
1176	3	1	10	11340	2106
1177	3	1	10	11350	3935
1178	3	1	10	11360	6902
1179	3	1	10	11370	583
1180	4	14	10	11380	1225
1181	4	14	40	11390	1683
1182	4	14	20	11400	3794
1183	4	14	40	11410	3971
1184	0	12	30	11420	2450
1185	4	14	30	11430	2538
1186	3	1	10	11440	3335
1187	4	8	10	11450	2805
1188	0	12	20	11460	4979
1189	3	1	30	11470	6506
1190	0	12	10	11480	3514
1191	4	14	20	11490	1542
1192	3	1	10	11500	3802
1193	4	14	30	11510	5211
1194	3	1	20	11520	1464
1195	4	14	20	11530	2544
1196	4	8	30	11540	2998
1197	3	1	40	11550	7381
1198	3	1	30	11560	14632
1199	4	14	40	11570	1727
1200	3	1	10	11600	2737
1201	4	14	20	11609	5278
1202	4	14	20	11618	3304
1203	3	1	20	11627	1978
1204	4	14	20	11636	3048
1205	4	8	20	11645	1438
1206	4	14	30	11654	6289
1207	3	1	10	11663	3602
1208	4	14	40	11672	4497
1209	4	8	10	11681	3238
1210	3	1	30	11690	671
1211	3	1	40	11699	1287
1212	4	8	20	11708	2083
1213	3	1	10	11717	25
1214	4	8	40	11726	8542
1215	4	14	40	11735	4936
1216	0	12	10	11744	1428
1217	3	1	20	11753	2824
1218	4	8	40	11762	6215
1219	4	14	10	11771	1839
1220	0	12	20	11780	783
1221	0	12	40	11789	4336
1222	4	8	20	11798	4501
1223	4	8	10	11807	12940
1224	4	14	20	11816	2438
1225	4	14	10	11825	2362
1226	4	14	20	11834	838
1227	4	14	20	11843	16243
1228	4	8	10	11852	1921
1229	4	14	10	11861	10512
1230	3	1	20	11870	1630
1231	0	12	30	11879	5266
1232	4	14	10	11888	6103
1233	4	8	20	11897	1844
1234	0	12	40	11906	160
1235	3	1	30	11915	27079
1236	0	12	20	11924	3844
1237	3	1	10	11933	5673
1238	4	8	10	11942	610
1239	4	8	40	11951	7644
1240	4	8	30	11960	1417
1241	4	14	40	11969	8717
1242	4	14	40	11978	6903
1243	0	12	20	12000	575
1244	3	1	20	12007	5282
1245	3	1	10	12014	5523
1246	4	14	20	12021	6265
1247	4	8	40	12028	921
1248	4	8	10	12035	4555
1249	3	1	20	12042	5370
1250	3	1	20	12049	10119
1251	3	1	30	12056	4468
1252	0	12	40	12063	2267
1253	4	14	20	12070	1591
1254	4	14	30	12077	6061
1255	4	8	10	12084	584
1256	4	14	10	12091	4810
1257	4	14	30	12098	922
1258	3	1	30	12105	1670
1259	4	14	30	12112	2553
1260	4	14	10	12119	2461
1261	3	1	30	12126	556
1262	4	8	40	12133	7315
1263	0	12	30	12140	1704
1264	3	1	40	12147	352
1265	3	1	30	12154	1092
1266	3	1	10	12161	23910
1267	3	1	30	12168	985
1268	0	12	40	12175	5630
1269	4	14	40	12182	75
1270	3	1	20	12189	307
1271	4	14	10	12196	977
1272	4	14	20	12203	765
1273	4	14	40	12210	1026
1274	4	8	40	12217	4045
1275	3	1	20	12224	4989
1276	4	8	40	12231	421
1277	4	8	20	12238	4049
1278	3	1	10	12245	4133
1279	4	8	20	12252	3830
1280	3	1	20	12259	85
1281	4	14	30	12266	695
1282	4	8	20	12273	4924
1283	4	14	30	12280	801
1284	0	12	40	12287	434
1285	4	14	10	12294	4006
1286	3	1	30	12301	3582
1287	0	12	30	12308	10312
1288	4	14	10	12315	350
1289	3	1	20	12322	8385
1290	3	1	30	12329	350
1291	3	1	20	12336	2603
1292	4	8	20	12343	683
1293	3	1	10	12350	11258
1294	0	12	20	12357	2063
1295	4	8	30	12400	9364
1296	4	14	40	12411	3294
1297	4	14	20	12422	3050
1298	4	14	30	12433	457
1299	3	1	30	12444	2049
1300	4	8	10	12455	763
1301	4	14	20	12466	6873
1302	3	1	40	12477	9596
1303	4	8	10	12488	3070
1304	3	1	40	12499	1867
1305	4	8	30	12510	3432
1306	4	14	20	12521	2641
1307	4	14	10	12532	10102
1308	4	14	40	12543	3648
1309	4	14	30	12554	217
1310	3	1	10	12565	6823
1311	4	14	20	12576	3471
1312	4	14	20	12587	354
1313	4	8	30	12598	3669
1314	4	14	30	12609	5043
1315	0	12	20	12620	2953
1316	4	8	30	12631	13
1317	3	1	30	12642	1712
1318	4	14	20	12653	17028
1319	4	8	10	12664	2305
1320	4	8	30	12675	2295
1321	4	14	30	12686	22363
1322	4	14	40	12697	3816
1323	4	14	20	12708	837
1324	3	1	30	12719	4192
1325	4	14	40	12730	2318
1326	4	8	30	12741	3501
1327	0	12	40	12752	9454
1328	0	12	40	12763	2989
1329	4	14	10	12800	7445
1330	4	14	30	12810	5078
1331	4	14	20	12820	2639
1332	3	1	10	12830	740
1333	3	1	30	12840	1071
1334	4	14	30	12850	5902
1335	4	14	30	12860	198
1336	3	1	30	12870	6281
1337	4	14	20	12880	4010
1338	3	1	10	12890	1153
1339	0	12	30	12900	1675
1340	4	8	20	12910	6052
1341	4	8	10	12920	653
1342	3	1	30	12930	298
1343	3	1	10	12940	7270
1344	4	14	20	12950	7438
1345	3	1	40	12960	8935
1346	3	1	20	12970	8864
1347	4	8	20	12980	2026
1348	0	12	40	12990	854
1349	0	12	20	13000	1215
1350	4	8	20	13010	2877
1351	4	14	20	13020	1351
1352	3	1	30	13030	1996
1353	4	14	20	13040	408
1354	4	14	40	13050	2945
1355	4	14	40	13060	225
1356	4	14	40	13070	1678
1357	3	1	30	13080	866
1358	3	1	10	13090	604
1359	3	1	10	13100	1044
1360	4	14	10	13110	464
1361	4	14	20	13120	5982
1362	3	1	10	13130	100
1363	3	1	10	13140	796
1364	3	1	40	13150	8250
1365	4	14	10	13160	1241
1366	4	14	20	13200	8842
1367	3	1	10	13210	25
1368	4	14	40	13220	2117
1369	0	12	30	13230	1643
1370	4	8	30	13240	6568
1371	0	12	30	13250	561
1372	3	1	20	13260	454
1373	0	12	10	13270	5664
1374	0	12	10	13280	22519
1375	4	14	20	13290	1276
1376	3	1	20	13300	220
1377	4	14	20	13310	3524
1378	4	8	10	13320	5161
1379	4	14	40	13330	1218
1380	4	14	30	13340	2989
1381	3	1	30	13350	4267
1382	4	14	40	13360	1228
1383	3	1	30	13370	4466
1384	4	14	40	13380	1640
1385	4	8	20	13390	20661
1386	0	12	10	13400	1756
1387	4	8	20	13410	586
1388	4	8	20	13420	1985
1389	4	8	30	13430	2113
1390	3	1	40	13440	3002
1391	4	14	10	13450	2514
1392	4	8	20	13460	2691
1393	3	1	40	13470	3415
1394	0	12	10	13480	10205
1395	3	1	10	13490	2096
1396	4	8	10	13500	5644
1397	4	14	30	13510	7659
1398	4	14	30	13520	517
1399	3	1	10	13530	816
1400	4	8	30	13540	452
1401	4	14	40	13550	5268
1402	4	8	40	13560	3879
1403	4	14	20	13600	4300
1404	3	1	10	13609	1388
1405	3	1	20	13618	10718
1406	0	12	30	13627	251
1407	4	14	10	13636	3603
1408	4	14	20	13645	14703
1409	0	12	10	13654	4390
1410	4	14	10	13663	3585
1411	3	1	40	13672	2387
1412	4	8	10	13681	6675
1413	0	12	30	13690	4379
1414	4	14	20	13699	6331
1415	3	1	40	13708	12387
1416	4	14	30	13717	5824
1417	3	1	30	13726	7729
1418	4	8	10	13735	108
1419	3	1	30	13744	6685
1420	3	1	40	13753	655
1421	4	14	40	13762	354
1422	0	12	10	13771	1761
1423	4	14	10	13780	2448
1424	4	8	10	13789	58
1425	3	1	40	13798	7712
1426	4	14	20	13807	1822
1427	0	12	10	13816	1629
1428	4	14	30	13825	2515
1429	4	14	10	13834	5069
1430	3	1	40	13843	1421
1431	4	14	20	13852	5338
1432	3	1	20	13861	1719
1433	4	14	30	13870	5969
1434	3	1	10	13879	2601
1435	3	1	10	13888	4591
1436	4	14	40	13897	1812
1437	4	8	30	13906	1659
1438	3	1	30	13915	4083
1439	4	14	40	13924	1769
1440	4	14	20	13933	26
1441	4	14	20	13942	1276
1442	4	8	10	13951	3815
1443	4	8	40	13960	2805
1444	3	1	10	13969	7898
1445	3	1	20	13978	194
1446	4	14	30	13987	2250
1447	0	12	30	14000	23954
1448	4	14	40	14009	2469
1449	3	1	30	14018	2321
1450	3	1	30	14027	1622
1451	3	1	20	14036	3503
1452	4	14	20	14045	4794
1453	4	14	30	14054	5357
1454	3	1	10	14063	1193
1455	4	14	10	14072	4520
1456	3	1	20	14081	12061
1457	3	1	20	14090	1923
1458	4	14	40	14099	667
1459	3	1	40	14108	133
1460	4	14	10	14117	1474
1461	4	14	30	14126	501
1462	4	8	10	14135	6237
1463	3	1	40	14144	5063
1464	4	14	10	14153	4510
1465	3	1	30	14162	2381
1466	4	14	40	14171	4539
1467	4	14	40	14180	1613
1468	3	1	40	14189	1973
1469	4	14	40	14198	4197
1470	3	1	20	14207	4590
1471	4	14	10	14216	1401
1472	3	1	30	14225	2620
1473	4	8	30	14234	23640
1474	4	14	40	14243	1790
1475	4	8	30	14252	1556
1476	4	14	20	14261	590
1477	4	14	30	14270	8060
1478	3	1	40	14279	1542
1479	4	14	10	14288	5731
1480	4	14	10	14297	1963
1481	4	8	10	14306	2741
1482	0	12	10	14315	11561
1483	3	1	10	14324	581
1484	4	14	30	14333	1340
1485	4	14	40	14342	16187
1486	4	14	20	14351	748
1487	0	12	10	14360	2646
1488	3	1	30	14369	5363
1489	4	14	20	14378	731
1490	4	14	20	14387	1557
1491	4	8	10	14400	5115
1492	4	14	40	14410	1020
1493	3	1	40	14420	3803
1494	4	8	30	14430	748
1495	4	14	20	14440	1601
1496	4	8	40	14450	3625
1497	4	14	10	14460	1523
1498	4	8	40	14470	3258
1499	4	14	40	14480	4771
1500	4	8	20	14490	11069
1501	4	14	30	14500	7529
1502	4	8	40	14510	10866
1503	4	14	40	14520	15901
1504	4	14	10	14530	2353
1505	4	8	40	14540	1170
1506	4	14	40	14550	483
1507	3	1	10	14560	2298
1508	4	8	20	14570	116
1509	4	14	40	14580	336
1510	4	8	10	14590	5
1511	3	1	20	14600	2768
1512	4	14	20	14610	150
1513	3	1	30	14620	3191
1514	3	1	20	14630	6030
1515	4	14	10	14640	14
1516	4	14	40	14650	19620
1517	3	1	40	14660	663
1518	3	1	30	14670	1836
1519	3	1	30	14680	1070
1520	4	14	10	14690	9183
1521	4	14	30	14700	8593
1522	4	14	10	14710	6338
1523	4	14	20	14720	3167
1524	4	8	20	14730	1062
1525	3	1	10	14740	7885
1526	4	14	30	14750	1658
1527	0	12	10	14760	148
1528	0	12	40	14770	397
1529	4	14	40	14780	3824
1530	4	14	40	14800	1941
1531	4	14	40	14808	22632
1532	4	14	20	14816	6513
1533	4	14	30	14824	908
1534	4	14	40	14832	4965
1535	4	8	30	14840	4461
1536	0	12	10	14848	911
1537	4	14	30	14856	10639
1538	0	12	10	14864	311
1539	4	8	10	14872	372
1540	3	1	40	14880	100
1541	3	1	10	14888	287
1542	3	1	10	14896	1300
1543	4	8	10	14904	12553
1544	4	14	30	14912	292
1545	4	14	10	14920	5823
1546	3	1	30	14928	2300
1547	4	14	40	14936	22
1548	3	1	40	14944	433
1549	3	1	40	14952	6900
1550	4	14	20	14960	1185
1551	4	14	20	14968	5268
1552	4	8	20	14976	4251
1553	4	14	30	14984	1429
1554	3	1	40	14992	10228
1555	4	8	40	15000	713
1556	4	14	20	15008	15413
1557	3	1	30	15016	2189
1558	4	14	30	15024	844
1559	0	12	40	15032	956
1560	4	14	40	15040	1464
1561	3	1	20	15048	5835
1562	4	14	10	15056	140
1563	3	1	30	15064	4319
1564	4	8	40	15072	12340
1565	4	8	20	15080	11317
1566	0	12	10	15088	368
1567	4	14	30	15096	3172
1568	4	14	30	15104	6775
1569	4	14	10	15112	7124
1570	3	1	10	15120	2628
1571	3	1	30	15128	5591
1572	4	14	40	15136	3519
1573	4	8	30	15144	3947
1574	4	8	30	15152	7409
1575	3	1	10	15160	4234
1576	3	1	30	15168	1131
1577	4	8	40	15176	8968
1578	4	14	10	15200	4581
1579	3	1	40	15210	5159
1580	3	1	10	15220	2981
1581	3	1	20	15230	1859
1582	4	14	40	15240	31
1583	3	1	30	15250	977
1584	4	8	10	15260	368
1585	4	8	40	15270	2750
1586	3	1	30	15280	2805
1587	4	8	30	15290	1741
1588	4	14	40	15300	9555
1589	4	8	20	15310	5157
1590	4	14	40	15320	8627
1591	3	1	10	15330	1944
1592	4	14	40	15340	430
1593	4	8	40	15350	2036
1594	4	8	10	15360	4240
1595	3	1	10	15370	793
1596	4	8	30	15380	2147
1597	4	8	40	15390	1474
1598	4	8	20	15400	3184
1599	4	8	30	15410	2483
1600	3	1	30	15420	2579
1601	4	8	20	15430	4797
1602	3	1	40	15440	7513
1603	4	14	20	15450	0
1604	3	1	20	15460	6901
1605	4	8	40	15470	1743
1606	4	14	10	15480	4636
1607	4	14	40	15490	4954
1608	3	1	30	15500	217
1609	3	1	10	15510	7175
1610	4	14	30	15520	177
1611	4	14	30	15530	592
1612	4	14	40	15540	5522
1613	4	14	10	15550	817
1614	3	1	30	15560	1853
1615	3	1	40	15570	2820
1616	3	1	30	15600	5603
1617	3	1	10	15608	6704
1618	4	14	40	15616	2699
1619	3	1	30	15624	2352
1620	4	8	20	15632	2086
1621	3	1	10	15640	10351
1622	0	12	30	15648	6265
1623	4	14	10	15656	1851
1624	3	1	40	15664	5020
1625	3	1	10	15672	71
1626	4	14	20	15680	5691
1627	4	8	10	15688	4696
1628	3	1	20	15696	7688
1629	4	14	20	15704	328
1630	4	14	10	15712	2916
1631	0	12	30	15720	4068
1632	4	14	30	15728	8397
1633	0	12	10	15736	4495
1634	3	1	30	15744	2324
1635	3	1	10	15752	608
1636	0	12	20	15760	9673
1637	3	1	40	15768	1392
1638	4	14	10	15776	1224
1639	4	14	40	15784	4146
1640	0	12	20	15792	1908
1641	4	14	40	15800	781
1642	4	14	20	15808	1449
1643	0	12	20	15816	1369
1644	4	8	30	15824	1018
1645	0	12	30	15832	2062
1646	4	8	10	15840	2284
1647	4	14	30	15848	6374
1648	4	8	20	15856	541
1649	4	8	20	15864	2280
1650	3	1	20	15872	8944
1651	4	8	40	15880	7464
1652	4	8	40	15888	9371
1653	4	8	30	15896	3612
1654	4	14	10	15904	628
1655	4	14	20	15912	1236
1656	0	12	30	15920	3898
1657	4	14	20	15928	4054
1658	4	8	20	15936	5222
1659	3	1	30	15944	1821
1660	0	12	30	15952	153
1661	4	14	30	15960	397
1662	3	1	40	15968	5039
1663	3	1	40	15976	4245
1664	4	8	20	16000	606
1665	4	14	10	16008	1221
1666	0	12	20	16016	12948
1667	4	14	40	16024	1331
1668	4	14	20	16032	3673
1669	3	1	30	16040	1491
1670	3	1	40	16048	7413
1671	4	8	20	16056	1379
1672	4	14	10	16064	7
1673	4	14	20	16072	1113
1674	0	12	20	16080	1346
1675	4	14	10	16088	5407
1676	0	12	30	16096	2145
1677	3	1	30	16104	4170
1678	3	1	30	16112	854
1679	0	12	30	16120	6842
1680	3	1	30	16128	4195
1681	4	14	10	16136	1534
1682	4	8	10	16144	10
1683	4	14	10	16152	145
1684	4	8	20	16160	16950
1685	4	14	40	16168	1701
1686	4	14	40	16176	713
1687	4	14	10	16184	452
1688	4	14	10	16192	967
1689	4	8	40	16200	3690
1690	0	12	30	16208	2966
1691	4	8	20	16216	4329
1692	3	1	10	16224	2142
1693	4	14	30	16232	403
1694	4	14	10	16240	1449
1695	3	1	10	16248	2351
1696	4	14	30	16256	12166
1697	4	14	10	16264	3443
1698	4	14	20	16272	2282
1699	3	1	40	16280	14501
1700	4	8	10	16288	1341
1701	3	1	30	16296	4431
1702	3	1	10	16304	7376
1703	3	1	10	16312	3748
1704	4	14	10	16320	1439
1705	0	12	10	16328	21
1706	4	14	30	16336	8216
1707	4	14	30	16344	279
1708	4	14	20	16352	2580
1709	4	14	30	16360	15832
1710	4	14	20	16400	6108
1711	3	1	10	16410	4186
1712	4	14	10	16420	874
1713	3	1	20	16430	1657
1714	3	1	30	16440	11136
1715	4	14	40	16450	1490
1716	4	14	20	16460	3015
1717	4	8	30	16470	3550
1718	4	14	20	16480	1439
1719	3	1	30	16490	1095
1720	3	1	40	16500	2204
1721	4	14	30	16510	1616
1722	3	1	40	16520	3383
1723	4	14	20	16530	726
1724	4	8	30	16540	2344
1725	4	8	40	16550	8973
1726	4	14	10	16560	1431
1727	4	14	40	16570	653
1728	4	14	20	16580	4341
1729	4	8	30	16590	5221
1730	3	1	10	16600	2218
1731	4	14	10	16610	2109
1732	4	14	30	16620	87
1733	4	14	10	16630	8787
1734	4	14	40	16640	92
1735	3	1	40	16650	8659
1736	4	8	40	16660	4338
1737	3	1	40	16670	2871
1738	4	14	30	16680	618
1739	4	8	20	16690	981
1740	4	14	20	16700	1881
1741	4	14	20	16710	282
1742	4	14	20	16720	4617
1743	0	12	10	16730	1169
1744	4	14	10	16740	721
1745	3	1	10	16750	8356
1746	4	8	20	16760	3002
1747	4	14	10	16770	4847
1748	3	1	10	16800	4218
1749	4	14	30	16808	11147
1750	4	8	30	16816	2058
1751	3	1	30	16824	2701
1752	4	14	40	16832	2750
1753	4	8	10	16840	172
1754	3	1	40	16848	527
1755	4	14	10	16856	6353
1756	4	8	40	16864	1687
1757	4	14	20	16872	2520
1758	4	14	40	16880	3961
1759	3	1	40	16888	14267
1760	3	1	30	16896	1523
1761	3	1	30	16904	494
1762	4	8	20	16912	1208
1763	4	14	40	16920	5837
1764	4	8	30	16928	12341
1765	0	12	10	16936	236
1766	0	12	30	16944	12962
1767	4	14	30	16952	5691
1768	3	1	10	16960	1061
1769	4	14	30	16968	4709
1770	4	14	10	16976	905
1771	3	1	40	16984	1908
1772	4	14	40	16992	1322
1773	0	12	30	17000	8555
1774	3	1	20	17008	151
1775	3	1	40	17016	5280
1776	3	1	40	17024	5898
1777	3	1	30	17032	892
1778	0	12	20	17040	159
1779	3	1	40	17048	2288
1780	4	14	10	17056	5732
1781	3	1	40	17064	5591
1782	3	1	30	17072	5233
1783	3	1	20	17080	501
1784	4	14	40	17088	7696
1785	0	12	20	17096	1198
1786	4	14	10	17104	1077
1787	3	1	20	17112	5645
1788	4	14	20	17120	2413
1789	0	12	30	17128	2698
1790	3	1	10	17136	868
1791	4	14	10	17144	3169
1792	4	8	40	17152	2590
1793	4	8	10	17160	1489
1794	0	12	40	17168	2840
1795	3	1	30	17200	5403
1796	4	14	10	17209	1531
1797	4	14	40	17218	2382
1798	4	8	40	17227	4871
1799	3	1	30	17236	8019
1800	4	14	10	17245	14650
1801	4	14	40	17254	2033
1802	4	14	20	17263	8680
1803	4	8	40	17272	1915
1804	4	8	20	17281	9469
1805	3	1	40	17290	4483
1806	4	14	20	17299	1335
1807	4	8	30	17308	7392
1808	0	12	40	17317	2412
1809	3	1	30	17326	5283
1810	4	14	40	17335	3080
1811	4	14	10	17344	3839
1812	4	14	30	17353	3305
1813	4	14	30	17362	1861
1814	4	14	20	17371	1772
1815	4	14	30	17380	3254
1816	3	1	40	17389	7992
1817	0	12	30	17398	1047
1818	3	1	30	17407	2819
1819	4	8	40	17416	95
1820	4	14	10	17425	3643
1821	4	8	30	17434	8540
1822	4	14	30	17443	1242
1823	4	8	40	17452	1762
1824	4	8	40	17461	7420
1825	4	14	20	17470	210
1826	3	1	10	17479	1659
1827	4	14	10	17488	9515
1828	4	14	30	17497	1473
1829	3	1	10	17506	3450
1830	4	8	20	17515	6125
1831	3	1	40	17524	2372
1832	4	14	30	17533	14046
1833	3	1	10	17542	387
1834	4	8	20	17551	9104
1835	3	1	40	17560	4775
1836	3	1	40	17600	3777
1837	4	14	20	17613	1251
1838	4	14	40	17626	526
1839	4	14	40	17639	1167
1840	0	12	20	17652	927
1841	4	14	30	17665	3654
1842	4	14	10	17678	2786
1843	4	14	20	17691	6734
1844	4	14	30	17704	5363
1845	3	1	30	17717	4261
1846	3	1	20	17730	2269
1847	4	14	40	17743	10801
1848	4	14	30	17756	485
1849	3	1	30	17769	3346
1850	3	1	30	17782	11526
1851	4	8	10	17795	662
1852	4	14	10	17808	2374
1853	4	14	10	17821	4635
1854	3	1	20	17834	2651
1855	4	14	40	17847	7509
1856	3	1	20	17860	842
1857	3	1	20	17873	2738
1858	4	14	20	17886	2732
1859	4	8	40	17899	11265
1860	3	1	10	17912	3229
1861	4	14	20	17925	3951
1862	4	14	40	17938	2603
1863	3	1	20	17951	3045
1864	4	8	40	17964	2300
1865	4	14	10	17977	2759
1866	3	1	40	18000	10540
1867	4	14	20	18009	4819
1868	4	14	30	18018	3813
1869	3	1	30	18027	3577
1870	4	8	30	18036	9155
1871	4	14	20	18045	5092
1872	4	14	30	18054	1977
1873	4	8	20	18063	4326
1874	4	14	20	18072	1179
1875	4	14	30	18081	6774
1876	0	12	20	18090	3017
1877	3	1	30	18099	3112
1878	0	12	40	18108	1371
1879	3	1	10	18117	2363
1880	3	1	30	18126	2298
1881	4	8	30	18135	4145
1882	3	1	20	18144	7940
1883	4	14	40	18153	4271
1884	0	12	20	18162	2101
1885	4	8	10	18171	14674
1886	3	1	30	18180	321
1887	4	14	30	18189	538
1888	0	12	30	18198	205
1889	3	1	40	18207	3357
1890	3	1	10	18216	4396
1891	4	14	40	18225	6179
1892	4	8	30	18234	7799
1893	4	14	30	18243	845
1894	4	14	10	18252	4193
1895	4	14	20	18261	1323
1896	4	8	30	18270	5715
1897	3	1	10	18279	1574
1898	3	1	30	18288	203
1899	3	1	10	18297	6426
1900	3	1	40	18306	2142
1901	4	8	20	18315	3903
1902	4	14	10	18324	2647
1903	4	14	10	18333	3526
1904	4	8	40	18342	211
1905	4	14	40	18351	2078
1906	3	1	10	18360	1219
1907	4	14	10	18369	798
1908	4	14	10	18378	187
1909	4	14	20	18400	469
1910	4	8	30	18410	2391
1911	3	1	40	18420	14107
1912	4	14	20	18430	4009
1913	4	14	40	18440	280
1914	0	12	20	18450	388
1915	0	12	20	18460	2949
1916	4	8	40	18470	3123
1917	4	8	20	18480	2384
1918	4	8	40	18490	2347
1919	4	14	30	18500	12329
1920	4	8	20	18510	8777
1921	3	1	30	18520	36
1922	3	1	30	18530	4288
1923	4	14	10	18540	5676
1924	4	14	20	18550	6688
1925	3	1	20	18560	157
1926	4	14	10	18570	7345
1927	3	1	30	18580	2419
1928	3	1	10	18590	696
1929	0	12	10	18600	33
1930	3	1	10	18610	9255
1931	4	14	40	18620	1449
1932	4	8	30	18630	4626
1933	0	12	30	18640	4786
1934	4	14	20	18650	9724
1935	4	14	20	18660	407
1936	4	14	30	18670	2389
1937	3	1	40	18680	2954
1938	4	8	30	18690	7078
1939	3	1	40	18700	3821
1940	4	14	20	18710	3811
1941	4	14	20	18720	10563
1942	4	14	10	18730	3708
1943	3	1	20	18740	4812
1944	3	1	30	18750	1777
1945	4	8	30	18760	1425
1946	3	1	40	18770	4769
1947	0	12	20	18780	2121
1948	3	1	10	18790	1192
1949	4	8	10	18800	935
1950	4	14	20	18813	3766
1951	3	1	10	18826	4275
1952	4	14	20	18839	2574
1953	0	12	10	18852	2453
1954	4	8	30	18865	7803
1955	3	1	30	18878	1072
1956	4	8	40	18891	286
1957	4	8	10	18904	3611
1958	4	8	40	18917	7628
1959	4	14	10	18930	2378
1960	4	8	40	18943	526
1961	4	14	20	18956	2384
1962	3	1	10	18969	400
1963	3	1	40	18982	5864
1964	4	14	10	18995	9691
1965	3	1	10	19008	1628
1966	4	8	20	19021	971
1967	4	14	10	19034	1328
1968	4	8	30	19047	1217
1969	0	12	10	19060	372
1970	4	14	40	19073	564
1971	0	12	40	19086	788
1972	3	1	30	19099	1129
1973	3	1	10	19112	2864
1974	4	8	30	19125	7325
1975	4	8	20	19138	424
1976	4	14	40	19151	4988
1977	3	1	30	19164	6181
1978	4	8	30	19200	4144
1979	4	8	40	19218	5577
1980	4	14	40	19236	5451
1981	4	14	30	19254	16825
1982	3	1	40	19272	2347
1983	3	1	40	19290	1698
1984	3	1	40	19308	5146
1985	0	12	10	19326	2330
1986	4	14	30	19344	11794
1987	4	8	40	19362	440
1988	3	1	30	19380	8393
1989	4	14	30	19398	7281
1990	0	12	30	19416	5142
1991	4	14	10	19434	842
1992	3	1	20	19452	6309
1993	3	1	40	19470	654
1994	4	14	20	19488	1983
1995	4	14	10	19506	144
1996	4	14	10	19524	1543
1997	4	8	30	19542	1201
1998	4	14	20	19560	134
1999	4	14	30	19578	17848
