0	4	14	35	0	2147483647
1	0	12	50	2	2147483647
2	0	12	50	4	2147483647
3	3	1	30	6	2147483647
4	4	8	35	8	2147483647
5	0	12	30	10	2147483647
6	4	8	50	12	2147483647
7	4	14	50	14	2147483647
8	4	8	30	16	2147483647
9	4	14	30	18	2147483647
10	4	14	30	20	2147483647
11	0	12	30	22	2147483647
12	4	14	30	24	2147483647
13	4	8	50	26	2147483647
14	4	14	35	28	2147483647
15	0	12	30	30	2147483647
16	4	14	50	32	2147483647
17	0	12	50	34	2147483647
18	3	1	50	36	2147483647
19	4	14	35	38	2147483647
20	3	1	45	40	2147483647
21	4	8	30	42	2147483647
22	0	12	50	44	2147483647
23	3	1	30	46	2147483647
24	4	8	35	48	2147483647
25	4	14	45	50	2147483647
26	4	8	50	52	2147483647
27	3	1	45	54	2147483647
28	0	12	50	56	2147483647
29	0	12	50	58	2147483647
30	4	8	45	60	2147483647
31	4	8	30	62	2147483647
32	4	8	30	64	2147483647
33	0	12	45	66	2147483647
34	3	1	30	68	2147483647
35	4	8	45	70	2147483647
36	4	8	35	72	2147483647
37	4	8	35	74	2147483647
38	3	1	30	76	2147483647
39	4	14	30	78	2147483647
40	3	1	30	80	2147483647
41	4	8	35	82	2147483647
42	4	8	35	84	2147483647
43	4	14	30	86	2147483647
44	4	8	35	88	2147483647
45	3	1	45	90	2147483647
46	3	1	30	92	2147483647
47	0	12	30	94	2147483647
48	4	8	35	96	2147483647
49	4	14	30	98	2147483647
50	3	1	30	100	2147483647
51	3	1	35	102	2147483647
52	0	12	30	104	2147483647
53	0	12	50	106	2147483647
54	4	8	30	108	2147483647
55	0	12	30	110	2147483647
56	4	14	30	112	2147483647
57	0	12	30	114	2147483647
58	0	12	50	116	2147483647
59	3	1	50	118	2147483647
60	0	12	30	120	2147483647
61	4	8	35	122	2147483647
62	4	8	45	124	2147483647
63	4	14	30	126	2147483647
64	4	8	35	128	2147483647
65	0	12	35	130	2147483647
66	0	12	50	132	2147483647
67	4	8	45	134	2147483647
68	3	1	30	136	2147483647
69	4	8	30	138	2147483647
70	0	12	50	140	2147483647
71	3	1	30	142	2147483647
72	4	8	45	144	2147483647
73	3	1	45	146	2147483647
74	4	14	30	148	2147483647
75	4	14	35	150	2147483647
76	3	1	30	152	2147483647
77	4	14	45	154	2147483647
78	4	14	30	156	2147483647
79	4	14	35	158	2147483647
80	0	12	30	160	2147483647
81	3	1	50	162	2147483647
82	0	12	45	164	2147483647
83	0	12	30	166	2147483647
84	3	1	45	168	2147483647
85	4	8	30	170	2147483647
86	4	8	45	172	2147483647
87	3	1	35	174	2147483647
88	4	8	30	176	2147483647
89	0	12	50	178	2147483647
90	0	12	35	180	2147483647
91	0	12	35	182	2147483647
92	4	8	45	184	2147483647
93	3	1	30	186	2147483647
94	4	14	50	188	2147483647
95	3	1	45	190	2147483647
96	0	12	30	192	2147483647
97	4	14	30	194	2147483647
98	4	8	50	196	2147483647
99	4	14	45	198	2147483647
100	3	1	35	200	2147483647
101	4	14	35	202	2147483647
102	3	1	50	204	2147483647
103	0	12	30	206	2147483647
104	4	8	45	208	2147483647
105	0	12	45	210	2147483647
106	0	12	50	212	2147483647
107	4	8	50	214	2147483647
108	4	14	35	216	2147483647
109	4	8	45	218	2147483647
110	4	14	50	220	2147483647
111	4	8	50	222	2147483647
112	4	14	50	224	2147483647
113	4	14	35	226	2147483647
114	3	1	35	228	2147483647
115	4	14	45	230	2147483647
116	4	8	35	232	2147483647
117	4	8	45	234	2147483647
118	4	8	50	236	2147483647
119	3	1	45	238	2147483647
120	3	1	45	240	2147483647
121	3	1	30	242	2147483647
122	3	1	30	244	2147483647
123	4	8	30	246	2147483647
124	4	14	50	248	2147483647
125	4	8	50	250	2147483647
126	4	8	35	252	2147483647
127	3	1	45	254	2147483647
128	0	12	50	256	2147483647
129	4	8	45	258	2147483647
130	4	14	45	260	2147483647
131	4	8	50	262	2147483647
132	3	1	35	264	2147483647
133	0	12	50	266	2147483647
134	3	1	45	268	2147483647
135	3	1	50	270	2147483647
136	3	1	50	272	2147483647
137	0	12	35	274	2147483647
138	0	12	30	276	2147483647
139	4	8	50	278	2147483647
140	4	8	45	280	2147483647
141	3	1	45	282	2147483647
142	0	12	30	284	2147483647
143	4	8	30	286	2147483647
144	3	1	50	288	2147483647
145	3	1	35	290	2147483647
146	4	8	30	292	2147483647
147	4	14	50	294	2147483647
148	0	12	45	296	2147483647
149	4	8	35	298	2147483647
150	4	14	45	300	2147483647
151	3	1	30	302	2147483647
152	4	8	45	304	2147483647
153	4	8	35	306	2147483647
154	4	8	35	308	2147483647
155	4	8	50	310	2147483647
156	3	1	45	312	2147483647
157	0	12	30	314	2147483647
158	0	12	50	316	2147483647
159	4	14	45	318	2147483647
160	4	14	30	320	2147483647
161	0	12	50	322	2147483647
162	0	12	35	324	2147483647
163	4	8	45	326	2147483647
164	4	14	30	328	2147483647
165	0	12	45	330	2147483647
166	4	14	50	332	2147483647
167	4	14	50	334	2147483647
168	0	12	35	336	2147483647
169	4	8	35	338	2147483647
170	3	1	50	340	2147483647
171	4	14	35	342	2147483647
172	4	8	50	344	2147483647
173	3	1	50	346	2147483647
174	4	14	50	348	2147483647
175	4	14	35	350	2147483647
176	3	1	50	352	2147483647
177	4	8	45	354	2147483647
178	3	1	50	356	2147483647
179	0	12	50	358	2147483647
180	0	12	45	360	2147483647
181	3	1	30	362	2147483647
182	4	8	50	364	2147483647
183	0	12	45	366	2147483647
184	3	1	35	368	2147483647
185	0	12	45	370	2147483647
186	4	8	35	372	2147483647
187	4	14	50	374	2147483647
188	4	8	50	376	2147483647
189	4	8	30	378	2147483647
190	3	1	35	380	2147483647
191	4	14	30	382	2147483647
192	4	8	45	384	2147483647
193	4	14	50	386	2147483647
194	3	1	30	388	2147483647
195	4	8	30	390	2147483647
196	4	8	35	392	2147483647
197	4	8	30	394	2147483647
198	4	8	45	396	2147483647
199	4	14	45	398	2147483647
200	4	14	30	400	1655
201	3	1	50	402	805
202	0	12	35	404	8503
203	4	8	35	406	3987
204	3	1	50	408	1379
205	3	1	50	410	2430
206	4	14	45	412	82
207	0	12	30	414	1028
208	0	12	50	416	790
209	0	12	30	418	5466
210	3	1	45	420	5001
211	4	14	35	422	2778
212	0	12	35	424	885
213	0	12	45	426	2195
214	4	14	30	428	5098
215	3	1	45	430	1977
216	0	12	45	432	747
217	4	14	45	434	1371
218	3	1	45	436	6559
219	0	12	35	438	9883
220	0	12	50	440	582
221	0	12	50	442	3983
222	4	14	45	444	1989
223	4	14	45	446	2446
224	4	8	50	448	9844
225	3	1	30	450	64
226	4	8	35	452	549
227	3	1	30	454	1572
228	3	1	50	456	18485
229	4	8	30	458	3796
230	3	1	50	460	4898
231	4	8	30	462	3506
232	4	8	50	464	895
233	0	12	45	466	9561
234	4	14	35	468	90
235	3	1	35	470	4863
236	4	8	30	472	2213
237	4	14	45	474	150
238	4	14	35	476	10095
239	4	14	35	478	34
240	3	1	35	480	1970
241	4	14	30	482	4542
242	4	14	30	484	6152
243	4	8	30	486	1093
244	4	14	35	488	4672
245	0	12	50	490	4221
246	4	8	50	492	1277
247	0	12	30	494	600
248	0	12	50	496	751
249	4	14	35	498	4394
250	3	1	45	500	1394
251	0	12	35	502	567
252	4	8	30	504	692
253	0	12	50	506	1950
254	4	14	30	508	6491
255	0	12	30	510	944
256	4	8	45	512	2103
257	0	12	35	514	2267
258	3	1	45	516	1741
259	4	8	45	518	664
260	3	1	50	520	2137
261	0	12	45	522	2689
262	4	14	45	524	139
263	3	1	45	526	2201
264	3	1	30	528	136
265	4	14	35	530	7164
266	4	8	50	532	4121
267	4	14	35	534	7244
268	4	8	45	536	607
269	4	14	45	538	4886
270	3	1	30	540	3238
271	0	12	45	542	7325
272	4	14	50	544	2617
273	4	8	35	546	2646
274	0	12	45	548	5795
275	4	14	45	550	910
276	4	8	50	552	972
277	3	1	30	554	2685
278	4	8	45	556	2084
279	3	1	50	558	109
280	4	8	30	560	8187
281	0	12	50	562	2424
282	4	14	45	564	1726
283	0	12	50	566	1718
284	4	8	30	568	3576
285	0	12	45	570	5767
286	0	12	35	572	5740
287	4	14	35	574	4630
288	3	1	30	576	571
289	0	12	45	578	263
290	4	8	35	580	14122
291	3	1	50	582	634
292	3	1	50	584	4252
293	4	8	30	586	380
294	4	14	35	588	6770
295	4	14	30	590	1
296	4	14	35	592	6366
297	3	1	45	594	2439
298	0	12	35	596	4004
299	0	12	45	598	3464
300	4	8	50	600	12937
301	4	8	45	602	2271
302	4	8	50	604	378
303	3	1	45	606	4084
304	0	12	50	608	511
305	3	1	30	610	4
306	4	14	45	612	15321
307	0	12	30	614	919
308	0	12	50	616	5242
309	4	8	35	618	1522
310	4	8	45	620	937
311	0	12	50	622	1215
312	0	12	35	624	3021
313	4	8	35	626	1666
314	4	14	35	628	4569
315	0	12	45	630	4666
316	4	8	35	632	1478
317	3	1	35	634	86
318	3	1	30	636	2882
319	3	1	30	638	9256
320	3	1	30	640	1617
321	3	1	30	642	18
322	4	8	30	644	5396
323	4	14	45	646	2958
324	4	8	45	648	1029
325	3	1	35	650	4603
326	4	8	30	652	722
327	0	12	30	654	7321
328	0	12	45	656	845
329	0	12	35	658	3739
330	3	1	35	660	1162
331	3	1	45	662	1458
332	0	12	30	664	1234
333	4	14	45	666	2251
334	4	14	45	668	5679
335	4	14	35	670	3934
336	3	1	30	672	7443
337	4	14	30	674	257
338	3	1	45	676	11180
339	3	1	45	678	1216
340	4	14	30	680	3076
341	0	12	30	682	634
342	4	8	45	684	6070
343	4	14	45	686	417
344	4	8	45	688	1562
345	3	1	30	690	1840
346	0	12	30	692	1290
347	3	1	45	694	897
348	4	14	50	696	557
349	0	12	50	698	13989
350	4	8	45	700	1790
351	0	12	30	702	1665
352	4	14	50	704	1895
353	3	1	35	706	3443
354	4	14	50	708	2496
355	4	14	35	710	2290
356	3	1	30	712	2645
357	3	1	35	714	1876
358	4	14	30	716	3962
359	4	8	35	718	764
360	0	12	30	720	4110
361	4	14	35	722	163
362	3	1	35	724	3523
363	4	14	50	726	863
364	4	14	35	728	4688
365	3	1	45	730	3322
366	3	1	30	732	2061
367	3	1	45	734	6523
368	4	8	50	736	201
369	4	14	30	738	4408
370	3	1	45	740	2119
371	0	12	45	742	1480
372	4	14	50	744	1228
373	3	1	30	746	8587
374	4	14	45	748	879
375	4	8	45	750	109
376	3	1	35	752	2696
377	0	12	45	754	1138
378	3	1	35	756	2103
379	4	14	35	758	2784
380	4	14	45	760	1649
381	4	14	35	762	1053
382	3	1	45	764	4364
383	4	8	45	766	3297
384	4	8	30	768	7039
385	3	1	50	770	6046
386	3	1	30	772	1360
387	0	12	35	774	3646
388	0	12	45	776	5060
389	0	12	45	778	874
390	4	14	30	780	2157
391	3	1	45	782	1578
392	3	1	50	784	1578
393	4	14	45	786	4546
394	4	8	35	788	2649
395	4	14	45	790	2121
396	4	8	30	792	2692
397	3	1	30	794	1552
398	0	12	50	796	1466
399	3	1	45	798	3214
400	4	8	45	800	789
401	3	1	45	802	3175
402	0	12	45	804	3218
403	4	8	30	806	6142
404	4	8	45	808	1939
405	3	1	50	810	109
406	0	12	35	812	6897
407	4	8	50	814	1253
408	3	1	30	816	5688
409	0	12	35	818	2496
410	0	12	50	820	587
411	4	14	35	822	121
412	3	1	50	824	4260
413	4	14	50	826	408
414	4	14	50	828	452
415	3	1	30	830	2417
416	4	14	45	832	666
417	4	8	45	834	2037
418	4	14	30	836	4456
419	4	14	50	838	931
420	4	14	30	840	353
421	0	12	35	842	797
422	3	1	45	844	658
423	4	8	30	846	12
424	4	8	30	848	1956
425	4	14	35	850	5953
426	0	12	50	852	213
427	4	8	30	854	5416
428	4	8	45	856	661
429	3	1	50	858	1085
430	4	8	45	860	6980
431	4	8	30	862	3893
432	0	12	50	864	1760
433	4	14	30	866	1924
434	4	8	35	868	2904
435	0	12	30	870	1630
436	0	12	50	872	3760
437	4	14	45	874	7362
438	0	12	45	876	5990
439	4	8	45	878	4840
440	0	12	30	880	3738
441	4	14	30	882	1416
442	0	12	50	884	163
443	4	14	50	886	3639
444	4	8	35	888	7253
445	3	1	50	890	3506
446	0	12	30	892	2738
447	4	14	45	894	24
448	3	1	35	896	10614
449	4	14	35	898	2932
450	4	14	45	900	87
451	3	1	50	902	60
452	4	14	35	904	1164
453	0	12	30	906	1014
454	4	8	35	908	782
455	0	12	35	910	1497
456	0	12	45	912	2503
457	0	12	30	914	2441
458	0	12	35	916	1235
459	3	1	35	918	5060
460	4	8	30	920	2039
461	4	8	50	922	45
462	3	1	50	924	1657
463	4	14	50	926	1950
464	4	8	50	928	240
465	4	8	35	930	1577
466	4	14	45	932	5954
467	3	1	50	934	3512
468	0	12	45	936	3424
469	4	8	35	938	2854
470	3	1	30	940	516
471	3	1	50	942	11755
472	4	14	50	944	1397
473	0	12	35	946	3788
474	4	14	30	948	4396
475	0	12	50	950	277
476	4	8	50	952	5579
477	4	14	50	954	3894
478	4	14	50	956	411
479	4	14	35	958	676
480	4	8	30	960	1221
481	4	14	30	962	4505
482	4	8	50	964	429
483	0	12	45	966	1937
484	0	12	45	968	822
485	0	12	45	970	6190
486	4	14	50	972	6368
487	3	1	50	974	2397
488	4	14	50	976	419
489	4	8	45	978	33
490	4	14	50	980	2499
491	0	12	50	982	436
492	4	8	30	984	7018
493	4	14	50	986	8786
494	4	14	35	988	1397
495	4	8	50	990	1349
496	4	8	50	992	736
497	4	8	50	994	1540
498	4	8	45	996	708
499	4	14	30	998	1818
500	3	1	50	1000	1097
501	0	12	30	1002	2253
502	4	14	50	1004	3454
503	0	12	50	1006	1805
504	4	14	50	1008	677
505	4	14	45	1010	2815
506	0	12	35	1012	5944
507	4	14	50	1014	4129
508	4	14	45	1016	340
509	0	12	50	1018	443
510	4	14	45	1020	371
511	4	8	35	1022	6337
512	3	1	50	1024	445
513	4	14	35	1026	78
514	3	1	35	1028	135
515	4	14	35	1030	9215
516	0	12	35	1032	334
517	3	1	45	1034	3066
518	3	1	50	1036	8703
519	3	1	35	1038	3133
520	4	8	45	1040	51
521	3	1	30	1042	538
522	4	8	45	1044	2630
523	4	8	35	1046	4889
524	4	8	35	1048	8589
525	4	14	30	1050	2468
526	3	1	30	1052	1117
527	0	12	50	1054	1856
528	0	12	35	1056	14557
529	4	8	50	1058	1886
530	4	14	30	1060	2103
531	4	8	35	1062	3727
532	0	12	30	1064	682
533	4	14	35	1066	4351
534	4	8	50	1068	296
535	4	8	30	1070	954
536	3	1	50	1072	4661
537	4	8	50	1074	1074
538	4	8	35	1076	4575
539	3	1	45	1078	5818
540	0	12	50	1080	3269
541	0	12	35	1082	716
542	4	8	50	1084	7237
543	0	12	50	1086	9492
544	4	8	50	1088	2734
545	3	1	50	1090	275
546	4	8	45	1092	640
547	3	1	50	1094	317
548	3	1	45	1096	768
549	0	12	30	1098	509
550	4	14	35	1100	2884
551	4	8	45	1102	2535
552	0	12	35	1104	2004
553	4	14	30	1106	487
554	4	8	35	1108	7920
555	4	14	30	1110	95
556	3	1	50	1112	1980
557	3	1	30	1114	4596
558	3	1	35	1116	250
559	3	1	35	1118	5483
560	4	14	30	1120	5280
561	4	14	35	1122	1404
562	4	8	30	1124	371
563	0	12	35	1126	2273
564	3	1	35	1128	3918
565	0	12	35	1130	1128
566	0	12	50	1132	2219
567	0	12	35	1134	1343
568	3	1	30	1136	925
569	4	14	45	1138	883
570	4	8	45	1140	5041
571	3	1	50	1142	7037
572	4	8	45	1144	534
573	3	1	35	1146	51
574	4	14	45	1148	1283
575	4	14	30	1150	3634
576	0	12	45	1152	298
577	4	14	35	1154	2686
578	4	8	50	1156	2728
579	4	8	30	1158	211
580	0	12	45	1160	1185
581	4	14	45	1162	7061
582	3	1	50	1164	2678
583	4	14	45	1166	4155
584	0	12	45	1168	1323
585	3	1	35	1170	5219
586	0	12	45	1172	453
587	3	1	50	1174	191
588	0	12	45	1176	478
589	0	12	35	1178	327
590	4	8	50	1180	2245
591	0	12	35	1182	12448
592	3	1	30	1184	446
593	4	8	30	1186	458
594	0	12	30	1188	6952
595	4	8	45	1190	4463
596	0	12	50	1192	2155
597	4	14	35	1194	1337
598	4	14	45	1196	3900
599	4	8	45	1198	5041
600	4	14	35	1200	2907
601	4	8	45	1202	6005
602	0	12	30	1204	562
603	4	8	50	1206	767
604	3	1	45	1208	2002
605	4	14	35	1210	2389
606	0	12	50	1212	339
607	4	8	50	1214	2209
608	3	1	45	1216	1538
609	0	12	30	1218	6940
610	4	8	35	1220	1303
611	4	8	45	1222	4027
612	3	1	45	1224	3733
613	0	12	30	1226	2469
614	3	1	50	1228	16007
615	4	8	30	1230	6463
616	4	14	50	1232	295
617	0	12	30	1234	6514
618	3	1	35	1236	2128
619	0	12	50	1238	12352
620	4	8	30	1240	6574
621	4	8	30	1242	1480
622	4	14	35	1244	6473
623	3	1	35	1246	5259
624	4	14	30	1248	3542
625	3	1	50	1250	400
626	3	1	35	1252	1780
627	3	1	35	1254	816
628	4	14	30	1256	1163
629	4	8	45	1258	1074
630	0	12	35	1260	3910
631	3	1	45	1262	206
632	3	1	35	1264	4117
633	3	1	35	1266	3872
634	4	14	30	1268	1801
635	4	8	35	1270	11800
636	0	12	30	1272	2858
637	4	8	45	1274	2690
638	3	1	50	1276	4299
639	3	1	35	1278	114
640	0	12	35	1280	4084
641	3	1	45	1282	172
642	0	12	30	1284	2401
643	3	1	50	1286	1720
644	4	8	50	1288	6640
645	3	1	45	1290	557
646	4	14	45	1292	4005
647	4	8	35	1294	1833
648	3	1	50	1296	5662
649	0	12	30	1298	2954
650	4	8	30	1300	6145
651	3	1	45	1302	20
652	4	14	35	1304	2804
653	4	8	30	1306	793
654	4	8	45	1308	1015
655	0	12	30	1310	3174
656	3	1	50	1312	1679
657	3	1	50	1314	7654
658	4	8	45	1316	428
659	4	8	50	1318	3323
660	0	12	50	1320	7459
661	4	14	35	1322	5702
662	3	1	45	1324	1446
663	4	14	45	1326	320
664	3	1	35	1328	1394
665	3	1	50	1330	3682
666	0	12	45	1332	5554
667	0	12	35	1334	1426
668	0	12	45	1336	521
669	4	14	35	1338	4997
670	4	14	45	1340	2201
671	4	14	30	1342	694
672	4	8	45	1344	843
673	4	8	45	1346	1224
674	4	8	50	1348	225
675	4	8	30	1350	1915
676	3	1	50	1352	5063
677	4	8	30	1354	1469
678	4	14	30	1356	2246
679	3	1	45	1358	2811
680	3	1	45	1360	908
681	3	1	30	1362	142
682	3	1	45	1364	680
683	0	12	30	1366	1566
684	4	8	45	1368	6812
685	3	1	50	1370	2882
686	4	8	50	1372	3449
687	3	1	35	1374	2840
688	4	14	35	1376	2591
689	0	12	30	1378	583
690	3	1	50	1380	4517
691	3	1	45	1382	16458
692	0	12	45	1384	4937
693	0	12	45	1386	1558
694	4	8	35	1388	2806
695	4	8	50	1390	1448
696	4	8	35	1392	270
697	4	14	30	1394	5826
698	4	14	30	1396	736
699	3	1	45	1398	2483
700	4	8	35	1400	2163
701	0	12	35	1402	1589
702	3	1	50	1404	13202
703	4	14	35	1406	771
704	4	14	35	1408	397
705	4	8	35	1410	41
706	0	12	45	1412	1979
707	0	12	45	1414	4709
708	0	12	50	1416	2365
709	4	14	45	1418	4067
710	4	14	35	1420	392
711	0	12	45	1422	1059
712	4	14	30	1424	6888
713	0	12	50	1426	449
714	4	8	45	1428	6486
715	4	14	30	1430	9081
716	3	1	45	1432	2636
717	0	12	45	1434	13372
718	0	12	35	1436	4929
719	3	1	50	1438	3775
720	4	14	45	1440	360
721	0	12	30	1442	28
722	0	12	45	1444	3847
723	4	14	35	1446	580
724	0	12	50	1448	4943
725	4	8	50	1450	161
726	4	14	30	1452	3329
727	3	1	30	1454	201
728	0	12	45	1456	4541
729	0	12	30	1458	1007
730	4	8	30	1460	1100
731	0	12	35	1462	227
732	0	12	30	1464	1887
733	4	14	50	1466	2286
734	0	12	50	1468	904
735	4	8	30	1470	5432
736	0	12	45	1472	1917
737	4	14	50	1474	3660
738	0	12	35	1476	2188
739	0	12	30	1478	2385
740	0	12	50	1480	1540
741	4	8	35	1482	733
742	4	14	50	1484	1949
743	3	1	35	1486	3153
744	3	1	30	1488	1937
745	0	12	35	1490	997
746	4	14	45	1492	1988
747	4	14	50	1494	1678
748	4	14	45	1496	1314
749	3	1	30	1498	180
750	3	1	50	1500	191
751	4	14	45	1502	4617
752	0	12	50	1504	2535
753	0	12	45	1506	518
754	4	8	35	1508	1622
755	4	14	30	1510	4590
756	0	12	50	1512	7125
757	0	12	30	1514	1243
758	0	12	35	1516	49
759	4	14	45	1518	2741
760	4	14	35	1520	4724
761	4	8	30	1522	1248
762	3	1	45	1524	1458
763	3	1	30	1526	2555
764	3	1	50	1528	701
765	4	8	45	1530	2122
766	0	12	50	1532	2515
767	3	1	35	1534	781
768	0	12	35	1536	3975
769	3	1	50	1538	1340
770	4	14	30	1540	549
771	4	14	30	1542	959
772	4	8	50	1544	931
773	0	12	30	1546	2092
774	4	8	45	1548	7006
775	4	8	45	1550	1973
776	0	12	45	1552	3622
777	3	1	50	1554	3005
778	0	12	35	1556	6715
779	3	1	35	1558	5883
780	3	1	50	1560	5014
781	0	12	50	1562	5627
782	4	8	45	1564	2604
783	4	14	50	1566	3112
784	0	12	50	1568	4260
785	0	12	30	1570	5393
786	4	8	50	1572	4791
787	4	8	45	1574	373
788	3	1	35	1576	654
789	3	1	50	1578	6629
790	4	8	50	1580	3335
791	4	8	35	1582	1371
792	3	1	35	1584	2883
793	0	12	50	1586	4565
794	4	14	30	1588	4509
795	0	12	35	1590	88
796	4	14	50	1592	376
797	0	12	30	1594	1795
798	0	12	35	1596	963
799	3	1	35	1598	3250
800	3	1	50	1600	4843
801	3	1	45	1602	515
802	4	14	50	1604	1860
803	4	8	35	1606	4814
804	0	12	35	1608	6629
805	0	12	35	1610	1508
806	4	8	45	1612	14037
807	0	12	45	1614	10940
808	4	14	35	1616	2496
809	0	12	35	1618	374
810	0	12	50	1620	25
811	4	14	35	1622	172
812	4	14	30	1624	3079
813	3	1	30	1626	1719
814	3	1	35	1628	2679
815	4	8	50	1630	10296
816	3	1	30	1632	9
817	4	14	35	1634	4298
818	3	1	35	1636	713
819	4	14	50	1638	796
820	3	1	50	1640	2002
821	4	8	35	1642	1436
822	4	14	35	1644	5981
823	4	14	30	1646	448
824	4	14	45	1648	2221
825	3	1	45	1650	583
826	4	8	35	1652	1956
827	3	1	45	1654	1069
828	0	12	30	1656	3059
829	0	12	35	1658	7669
830	4	14	30	1660	1044
831	4	8	30	1662	1188
832	4	14	30	1664	610
833	0	12	45	1666	2611
834	0	12	45	1668	32
835	4	14	30	1670	3030
836	0	12	30	1672	6436
837	0	12	35	1674	1874
838	4	14	50	1676	293
839	0	12	30	1678	270
840	3	1	45	1680	11174
841	4	14	50	1682	6399
842	4	14	35	1684	3545
843	0	12	45	1686	1427
844	4	14	30	1688	7762
845	4	14	35	1690	8204
846	4	8	30	1692	273
847	0	12	30	1694	554
848	0	12	50	1696	3712
849	4	14	45	1698	93
850	0	12	50	1700	14216
851	0	12	35	1702	12543
852	3	1	30	1704	3989
853	0	12	30	1706	4554
854	4	14	30	1708	2147
855	3	1	30	1710	946
856	3	1	50	1712	2094
857	0	12	50	1714	11858
858	4	14	45	1716	2296
859	4	14	50	1718	598
860	0	12	30	1720	3520
861	3	1	50	1722	5557
862	4	8	50	1724	3652
863	4	14	35	1726	1205
864	0	12	30	1728	786
865	4	8	30	1730	10186
866	3	1	45	1732	4370
867	4	8	35	1734	4797
868	3	1	30	1736	5986
869	0	12	30	1738	3945
870	4	8	50	1740	905
871	3	1	50	1742	11
872	0	12	35	1744	250
873	3	1	30	1746	479
874	3	1	45	1748	2490
875	0	12	50	1750	4020
876	4	14	45	1752	3385
877	3	1	30	1754	1372
878	4	8	45	1756	3885
879	4	14	30	1758	6518
880	4	14	35	1760	4767
881	4	14	35	1762	2045
882	0	12	45	1764	678
883	0	12	30	1766	4556
884	4	14	50	1768	1622
885	3	1	50	1770	3511
886	0	12	35	1772	375
887	0	12	35	1774	1560
888	0	12	50	1776	3135
889	4	14	30	1778	765
890	4	8	30	1780	472
891	0	12	45	1782	4045
892	4	8	45	1784	347
893	0	12	30	1786	1128
894	3	1	45	1788	1944
895	4	14	45	1790	523
896	4	14	50	1792	5894
897	0	12	45	1794	4511
898	4	14	50	1796	372
899	4	8	50	1798	2817
900	4	14	30	1800	2103
901	4	14	50	1802	56
902	3	1	45	1804	1072
903	3	1	35	1806	978
904	3	1	30	1808	885
905	4	14	45	1810	4002
906	4	14	30	1812	666
907	4	8	50	1814	1276
908	4	8	30	1816	2319
909	4	8	35	1818	5418
910	3	1	50	1820	3390
911	3	1	30	1822	7733
912	4	14	45	1824	2562
913	4	8	35	1826	13729
914	4	14	35	1828	2244
915	3	1	35	1830	2047
916	3	1	50	1832	916
917	4	8	35	1834	4253
918	4	8	35	1836	795
919	0	12	45	1838	3692
920	4	8	35	1840	931
921	4	8	30	1842	1096
922	3	1	30	1844	8464
923	4	8	50	1846	95
924	0	12	35	1848	6889
925	0	12	45	1850	3345
926	4	14	50	1852	4614
927	0	12	50	1854	1854
928	3	1	30	1856	2078
929	4	14	30	1858	6031
930	3	1	45	1860	8803
931	4	14	50	1862	14753
932	3	1	35	1864	738
933	0	12	50	1866	1415
934	3	1	30	1868	10483
935	0	12	30	1870	14275
936	4	14	30	1872	3918
937	3	1	35	1874	5282
938	4	14	35	1876	1643
939	4	14	50	1878	4982
940	4	14	45	1880	13616
941	0	12	45	1882	1259
942	0	12	35	1884	2032
943	4	14	35	1886	798
944	4	8	45	1888	4883
945	4	8	35	1890	3192
946	4	8	35	1892	78
947	3	1	30	1894	6628
948	0	12	30	1896	1132
949	0	12	50	1898	2340
950	3	1	50	1900	2093
951	4	8	35	1902	1061
952	4	8	35	1904	2397
953	3	1	30	1906	7645
954	4	8	50	1908	3751
955	4	8	30	1910	4021
956	0	12	45	1912	8801
957	4	14	35	1914	2408
958	4	14	35	1916	2912
959	0	12	50	1918	2140
960	0	12	50	1920	1302
961	4	14	35	1922	2530
962	3	1	30	1924	614
963	3	1	30	1926	29
964	0	12	50	1928	642
965	0	12	30	1930	346
966	0	12	45	1932	71
967	3	1	30	1934	1686
968	3	1	50	1936	2767
969	4	14	45	1938	370
970	3	1	35	1940	2344
971	0	12	45	1942	602
972	3	1	45	1944	2870
973	0	12	50	1946	188
974	3	1	45	1948	2027
975	4	14	45	1950	1792
976	4	8	45	1952	1022
977	3	1	50	1954	1052
978	4	8	35	1956	6154
979	4	14	35	1958	2275
980	4	14	50	1960	1642
981	0	12	50	1962	3979
982	4	8	30	1964	928
983	0	12	45	1966	1849
984	4	8	30	1968	6301
985	4	14	30	1970	2569
986	4	14	45	1972	459
987	0	12	45	1974	8662
988	4	14	30	1976	1363
989	0	12	45	1978	474
990	4	8	45	1980	644
991	0	12	30	1982	12211
992	3	1	35	1984	3514
993	4	14	35	1986	2732
994	0	12	35	1988	470
995	4	14	30	1990	6615
996	4	8	45	1992	1682
997	4	8	50	1994	3587
998	4	8	50	1996	630
999	4	8	30	1998	3273
1000	4	8	30	2000	2143
1001	0	12	45	2002	6543
1002	4	8	35	2004	5816
1003	4	14	35	2006	2321
1004	4	14	30	2008	627
1005	3	1	50	2010	836
1006	4	14	50	2012	473
1007	4	8	50	2014	90
1008	3	1	30	2016	3273
1009	4	8	45	2018	1348
1010	4	14	30	2020	834
1011	0	12	35	2022	854
1012	0	12	30	2024	3127
1013	4	8	45	2026	2821
1014	0	12	45	2028	673
1015	4	14	35	2030	4846
1016	3	1	50	2032	5602
1017	4	14	45	2034	833
1018	3	1	50	2036	1499
1019	4	8	35	2038	3477
1020	0	12	50	2040	3760
1021	4	8	30	2042	526
1022	4	8	50	2044	4749
1023	4	14	35	2046	7070
1024	3	1	45	2048	1722
1025	3	1	35	2050	1088
1026	4	14	50	2052	2774
1027	4	14	50	2054	5676
1028	3	1	50	2056	1983
1029	0	12	45	2058	2041
1030	4	14	45	2060	3241
1031	4	14	30	2062	4697
1032	4	14	45	2064	1646
1033	0	12	45	2066	2405
1034	0	12	45	2068	1474
1035	4	14	35	2070	443
1036	4	14	50	2072	1804
1037	0	12	45	2074	2580
1038	0	12	35	2076	4595
1039	4	14	50	2078	879
1040	3	1	35	2080	1299
1041	4	8	30	2082	5709
1042	0	12	45	2084	2112
1043	3	1	45	2086	6976
1044	4	14	50	2088	789
1045	0	12	50	2090	1628
1046	4	8	45	2092	2062
1047	4	8	30	2094	2240
1048	0	12	50	2096	9216
1049	0	12	50	2098	3376
1050	0	12	30	2100	2477
1051	0	12	35	2102	1066
1052	0	12	45	2104	1973
1053	3	1	45	2106	3768
1054	3	1	30	2108	1247
1055	3	1	30	2110	5990
1056	4	8	30	2112	2099
1057	4	8	35	2114	1537
1058	4	14	35	2116	318
1059	4	14	35	2118	1159
1060	4	14	30	2120	4236
1061	4	14	45	2122	2835
1062	4	8	45	2124	1660
1063	4	14	50	2126	491
1064	4	14	50	2128	6384
1065	4	14	45	2130	106
1066	0	12	35	2132	2453
1067	0	12	45	2134	5643
1068	0	12	45	2136	2948
1069	0	12	35	2138	98
1070	0	12	35	2140	1772
1071	0	12	45	2142	2293
1072	4	14	50	2144	2209
1073	3	1	30	2146	2039
1074	4	8	35	2148	591
1075	4	8	35	2150	1965
1076	3	1	50	2152	2875
1077	0	12	45	2154	4375
1078	4	14	50	2156	1649
1079	4	14	45	2158	16813
1080	4	14	30	2160	1079
1081	4	8	45	2162	1944
1082	3	1	50	2164	999
1083	4	8	50	2166	7295
1084	3	1	35	2168	995
1085	0	12	45	2170	1178
1086	3	1	50	2172	723
1087	0	12	45	2174	1721
1088	4	8	30	2176	3988
1089	3	1	35	2178	5359
1090	0	12	30	2180	467
1091	3	1	45	2182	93
1092	0	12	30	2184	3414
1093	3	1	45	2186	3172
1094	0	12	30	2188	493
1095	3	1	45	2190	604
1096	4	8	45	2192	513
1097	0	12	30	2194	5456
1098	4	14	50	2196	2314
1099	4	14	50	2198	2758
1100	3	1	30	2200	1413
1101	4	8	30	2202	4446
1102	4	14	50	2204	3752
1103	4	8	50	2206	2778
1104	3	1	50	2208	568
1105	3	1	50	2210	1891
1106	4	8	45	2212	2603
1107	3	1	30	2214	3643
1108	3	1	30	2216	4981
1109	4	8	45	2218	6984
1110	4	8	35	2220	216
1111	0	12	50	2222	2910
1112	4	8	45	2224	8364
1113	4	8	50	2226	2487
1114	4	8	30	2228	5179
1115	3	1	35	2230	958
1116	3	1	30	2232	6706
1117	0	12	45	2234	924
1118	0	12	30	2236	5367
1119	3	1	50	2238	752
1120	4	14	35	2240	846
1121	4	14	50	2242	2387
1122	3	1	45	2244	18
1123	3	1	35	2246	673
1124	3	1	50	2248	4473
1125	0	12	30	2250	9656
1126	4	14	30	2252	2464
1127	3	1	45	2254	2216
1128	0	12	35	2256	4099
1129	4	14	30	2258	4428
1130	4	14	45	2260	10597
1131	3	1	35	2262	1936
1132	4	8	45	2264	1933
1133	4	8	30	2266	6517
1134	4	8	30	2268	8236
1135	3	1	45	2270	3368
1136	4	8	30	2272	331
1137	4	14	50	2274	3186
1138	3	1	35	2276	5136
1139	3	1	50	2278	1226
1140	4	14	45	2280	2138
1141	0	12	50	2282	3424
1142	0	12	50	2284	2020
1143	4	8	45	2286	1668
1144	4	8	45	2288	323
1145	3	1	35	2290	2252
1146	3	1	35	2292	6414
1147	0	12	35	2294	162
1148	3	1	50	2296	5023
1149	4	8	30	2298	13648
1150	3	1	45	2300	5808
1151	0	12	35	2302	1026
1152	4	8	30	2304	1291
1153	4	8	35	2306	3910
1154	0	12	30	2308	1095
1155	3	1	35	2310	609
1156	3	1	50	2312	514
1157	4	8	30	2314	1986
1158	4	8	45	2316	1609
1159	4	8	45	2318	5661
1160	4	14	50	2320	4247
1161	3	1	45	2322	331
1162	3	1	35	2324	445
1163	4	14	35	2326	809
1164	0	12	35	2328	5809
1165	0	12	50	2330	394
1166	3	1	50	2332	2247
1167	3	1	50	2334	210
1168	4	14	35	2336	1831
1169	4	8	45	2338	3998
1170	4	14	50	2340	1873
1171	3	1	35	2342	2381
1172	4	14	45	2344	2381
1173	0	12	30	2346	129
1174	0	12	45	2348	3510
1175	4	14	30	2350	4917
1176	3	1	35	2352	5642
1177	4	8	45	2354	2595
1178	4	8	30	2356	485
1179	3	1	45	2358	979
1180	3	1	30	2360	3230
1181	4	8	50	2362	1426
1182	4	14	45	2364	8655
1183	4	8	30	2366	676
1184	3	1	45	2368	6407
1185	4	8	45	2370	74
1186	4	8	50	2372	869
1187	3	1	45	2374	1465
1188	4	14	45	2376	703
1189	4	14	30	2378	480
1190	4	8	35	2380	46
1191	4	8	45	2382	7145
1192	4	8	45	2384	4859
1193	4	8	30	2386	1717
1194	4	14	35	2388	373
1195	3	1	45	2390	539
1196	3	1	50	2392	3203
1197	0	12	35	2394	4252
1198	0	12	50	2396	1828
1199	4	8	45	2398	1315
1200	0	12	50	2400	2062
1201	4	14	50	2402	6940
1202	0	12	35	2404	14587
1203	4	14	30	2406	8398
1204	0	12	30	2408	4306
1205	4	14	50	2410	1647
1206	4	8	30	2412	6035
1207	0	12	30	2414	1263
1208	4	8	35	2416	10529
1209	4	8	30	2418	2440
1210	4	8	30	2420	420
1211	4	8	30	2422	913
1212	4	14	30	2424	1588
1213	0	12	35	2426	1584
1214	0	12	45	2428	3977
1215	3	1	50	2430	841
1216	4	14	30	2432	696
1217	0	12	30	2434	944
1218	4	8	30	2436	3592
1219	0	12	35	2438	3028
1220	4	14	50	2440	197
1221	4	8	45	2442	14396
1222	4	14	50	2444	7782
1223	4	8	50	2446	3861
1224	0	12	30	2448	4593
1225	4	8	50	2450	1879
1226	3	1	50	2452	1394
1227	3	1	35	2454	95
1228	4	8	35	2456	338
1229	4	14	50	2458	49
1230	3	1	50	2460	4292
1231	4	14	35	2462	2268
1232	4	8	45	2464	669
1233	3	1	50	2466	406
1234	4	8	35	2468	1221
1235	4	8	30	2470	8967
1236	4	8	30	2472	877
1237	0	12	45	2474	2264
1238	4	8	30	2476	3297
1239	0	12	30	2478	335
1240	4	14	50	2480	5098
1241	4	14	50	2482	287
1242	4	14	30	2484	4392
1243	4	8	30	2486	434
1244	4	8	50	2488	6029
1245	0	12	35	2490	4354
1246	3	1	50	2492	1506
1247	0	12	35	2494	7787
1248	4	14	35	2496	828
1249	0	12	45	2498	248
1250	4	14	35	2500	3157
1251	0	12	50	2502	9736
1252	4	8	35	2504	2470
1253	0	12	45	2506	4636
1254	0	12	30	2508	7718
1255	0	12	50	2510	3394
1256	3	1	30	2512	4814
1257	4	14	35	2514	744
1258	3	1	45	2516	2554
1259	4	14	30	2518	2773
1260	4	14	45	2520	3863
1261	3	1	35	2522	4752
1262	4	8	30	2524	27
1263	4	14	50	2526	16683
1264	0	12	35	2528	1274
1265	3	1	50	2530	457
1266	0	12	45	2532	1361
1267	3	1	45	2534	2037
1268	4	8	50	2536	11544
1269	4	8	35	2538	417
1270	4	8	35	2540	918
1271	4	14	35	2542	4654
1272	0	12	35	2544	5567
1273	0	12	45	2546	4763
1274	3	1	50	2548	260
1275	4	14	45	2550	6412
1276	4	14	30	2552	4177
1277	4	8	50	2554	2094
1278	0	12	35	2556	540
1279	0	12	35	2558	1669
1280	4	14	30	2560	4657
1281	4	14	45	2562	2190
1282	3	1	30	2564	186
1283	3	1	45	2566	1988
1284	4	8	50	2568	27
1285	3	1	50	2570	4954
1286	4	8	35	2572	928
1287	0	12	45	2574	985
1288	4	8	50	2576	2248
1289	4	14	45	2578	340
1290	3	1	50	2580	259
1291	4	8	35	2582	2618
1292	0	12	50	2584	830
1293	3	1	30	2586	1791
1294	4	14	35	2588	2449
1295	4	8	30	2590	52
1296	4	8	45	2592	1485
1297	4	8	50	2594	8040
1298	0	12	45	2596	2048
1299	3	1	45	2598	2470
1300	4	14	50	2600	2249
1301	4	14	50	2602	3751
1302	4	8	50	2604	2465
1303	4	8	45	2606	336
1304	3	1	50	2608	1567
1305	4	14	35	2610	832
1306	3	1	30	2612	5174
1307	3	1	35	2614	153
1308	3	1	35	2616	30
1309	0	12	35	2618	2697
1310	0	12	35	2620	1022
1311	3	1	45	2622	314
1312	4	14	50	2624	1436
1313	4	14	50	2626	877
1314	4	8	30	2628	342
1315	4	8	50	2630	11233
1316	3	1	35	2632	1764
1317	4	8	50	2634	1479
1318	3	1	35	2636	3645
1319	4	8	30	2638	3312
1320	3	1	35	2640	2935
1321	4	14	35	2642	193
1322	4	14	50	2644	948
1323	4	8	50	2646	1564
1324	4	14	50	2648	848
1325	3	1	30	2650	672
1326	4	14	35	2652	1939
1327	0	12	45	2654	7314
1328	0	12	50	2656	3744
1329	4	14	50	2658	294
1330	4	8	35	2660	3001
1331	3	1	30	2662	2859
1332	3	1	35	2664	3900
1333	0	12	35	2666	7054
1334	3	1	30	2668	1789
1335	0	12	35	2670	7172
1336	0	12	30	2672	1672
1337	3	1	45	2674	4885
1338	0	12	45	2676	2933
1339	3	1	50	2678	2106
1340	4	8	50	2680	8648
1341	0	12	50	2682	1794
1342	4	14	30	2684	4005
1343	3	1	50	2686	2488
1344	4	8	50	2688	10110
1345	3	1	35	2690	1580
1346	4	8	30	2692	1759
1347	4	14	50	2694	4415
1348	3	1	50	2696	7179
1349	4	14	45	2698	1911
1350	4	14	50	2700	3334
1351	0	12	45	2702	2388
1352	4	14	45	2704	1095
1353	4	14	35	2706	829
1354	0	12	45	2708	793
1355	4	14	30	2710	3056
1356	4	14	45	2712	1251
1357	0	12	30	2714	3696
1358	0	12	45	2716	527
1359	0	12	45	2718	52
1360	3	1	50	2720	2981
1361	4	8	45	2722	63
1362	4	14	35	2724	672
1363	4	8	45	2726	4837
1364	0	12	35	2728	5618
1365	0	12	45	2730	845
1366	3	1	50	2732	6000
1367	4	8	50	2734	6867
1368	0	12	50	2736	3324
1369	4	14	30	2738	490
1370	4	8	50	2740	49
1371	4	8	35	2742	1150
1372	3	1	50	2744	6108
1373	0	12	50	2746	4525
1374	4	8	35	2748	31
1375	3	1	30	2750	4595
1376	4	14	50	2752	7289
1377	4	14	45	2754	3702
1378	0	12	35	2756	9312
1379	3	1	30	2758	6011
1380	4	8	50	2760	276
1381	0	12	30	2762	5200
1382	4	14	50	2764	19
1383	3	1	45	2766	3896
1384	4	8	35	2768	5345
1385	0	12	50	2770	2524
1386	4	14	45	2772	3286
1387	4	14	30	2774	1085
1388	0	12	35	2776	493
1389	4	8	30	2778	616
1390	4	8	50	2780	4411
1391	0	12	50	2782	124
1392	3	1	35	2784	1494
1393	0	12	50	2786	1050
1394	4	14	35	2788	935
1395	0	12	45	2790	1107
1396	4	14	30	2792	1741
1397	4	8	50	2794	2370
1398	0	12	35	2796	5311
1399	4	14	50	2798	2442
1400	3	1	35	2800	3412
1401	4	14	30	2802	3715
1402	4	14	35	2804	1882
1403	4	14	35	2806	1757
1404	0	12	45	2808	5372
1405	4	8	30	2810	4360
1406	0	12	30	2812	8091
1407	4	14	35	2814	214
1408	3	1	50	2816	114
1409	0	12	50	2818	1510
1410	0	12	50	2820	2580
1411	4	14	45	2822	983
1412	3	1	50	2824	558
1413	3	1	30	2826	549
1414	4	14	30	2828	3338
1415	4	14	30	2830	459
1416	3	1	50	2832	1321
1417	0	12	45	2834	4244
1418	3	1	50	2836	142
1419	3	1	30	2838	622
1420	3	1	45	2840	2512
1421	0	12	45	2842	2017
1422	4	14	35	2844	614
1423	3	1	50	2846	493
1424	3	1	35	2848	5250
1425	4	14	30	2850	1265
1426	4	8	45	2852	4376
1427	4	14	45	2854	11107
1428	0	12	30	2856	512
1429	4	14	30	2858	3486
1430	0	12	30	2860	6404
1431	4	14	50	2862	2049
1432	3	1	50	2864	2115
1433	0	12	30	2866	6087
1434	4	14	30	2868	234
1435	0	12	35	2870	948
1436	4	14	50	2872	5283
1437	3	1	30	2874	1185
1438	4	8	50	2876	752
1439	3	1	30	2878	1701
1440	4	8	30	2880	418
1441	4	8	35	2882	4140
1442	4	8	45	2884	2697
1443	4	8	30	2886	775
1444	4	14	30	2888	2888
1445	4	14	50	2890	1299
1446	4	14	50	2892	3420
1447	4	14	50	2894	1300
1448	4	14	45	2896	4723
1449	3	1	45	2898	340
1450	4	8	30	2900	4057
1451	0	12	50	2902	262
1452	3	1	35	2904	5480
1453	4	8	50	2906	5755
1454	3	1	45	2908	3555
1455	3	1	50	2910	17352
1456	3	1	45	2912	5481
1457	4	14	45	2914	655
1458	4	14	35	2916	514
1459	4	14	45	2918	4674
1460	4	14	45	2920	157
1461	4	8	30	2922	510
1462	4	8	50	2924	1369
1463	3	1	30	2926	1960
1464	3	1	45	2928	6913
1465	4	14	30	2930	1025
1466	3	1	35	2932	3299
1467	4	14	50	2934	128
1468	4	8	35	2936	1141
1469	3	1	35	2938	1546
1470	4	14	50	2940	5135
1471	0	12	35	2942	744
1472	4	14	30	2944	2337
1473	3	1	30	2946	311
1474	3	1	30	2948	1340
1475	4	8	35	2950	378
1476	4	8	50	2952	817
1477	4	14	30	2954	1436
1478	0	12	30	2956	6071
1479	0	12	30	2958	3199
1480	4	14	50	2960	1765
1481	4	14	45	2962	671
1482	3	1	35	2964	677
1483	3	1	30	2966	48
1484	3	1	30	2968	469
1485	3	1	30	2970	3352
1486	3	1	50	2972	136
1487	0	12	30	2974	1506
1488	0	12	30	2976	5481
1489	4	8	50	2978	712
1490	4	8	50	2980	11002
1491	4	14	45	2982	567
1492	3	1	45	2984	2504
1493	0	12	45	2986	6765
1494	4	14	45	2988	6921
1495	0	12	30	2990	3
1496	0	12	45	2992	15418
1497	0	12	35	2994	1108
1498	3	1	45	2996	3536
1499	0	12	50	2998	2394
1500	4	8	30	3000	2301
1501	4	14	35	3002	793
1502	0	12	50	3004	1644
1503	4	14	50	3006	2072
1504	0	12	45	3008	706
1505	0	12	35	3010	3009
1506	4	8	50	3012	8364
1507	4	14	30	3014	1401
1508	0	12	30	3016	1876
1509	3	1	35	3018	172
1510	4	8	45	3020	6061
1511	0	12	50	3022	1947
1512	4	8	50	3024	1015
1513	3	1	30	3026	890
1514	3	1	35	3028	3059
1515	4	8	30	3030	4917
1516	0	12	35	3032	1341
1517	0	12	45	3034	5843
1518	3	1	45	3036	53
1519	0	12	50	3038	564
1520	4	14	35	3040	2666
1521	4	8	35	3042	1117
1522	3	1	30	3044	3853
1523	3	1	50	3046	1318
1524	4	8	50	3048	4291
1525	3	1	35	3050	8478
1526	3	1	45	3052	214
1527	3	1	45	3054	5019
1528	3	1	35	3056	147
1529	0	12	35	3058	964
1530	4	8	30	3060	497
1531	0	12	50	3062	4906
1532	3	1	30	3064	4410
1533	4	8	50	3066	17660
1534	0	12	35	3068	3343
1535	0	12	45	3070	3920
1536	0	12	50	3072	924
1537	0	12	35	3074	157
1538	0	12	30	3076	4971
1539	4	14	45	3078	223
1540	4	8	45	3080	3476
1541	4	8	35	3082	2694
1542	0	12	30	3084	7794
1543	4	14	30	3086	138
1544	0	12	35	3088	5858
1545	0	12	45	3090	668
1546	0	12	45	3092	3690
1547	4	8	50	3094	1933
1548	0	12	35	3096	4391
1549	0	12	30	3098	4719
1550	4	14	50	3100	2344
1551	3	1	30	3102	833
1552	4	8	45	3104	297
1553	0	12	50	3106	1977
1554	4	14	30	3108	7428
1555	0	12	50	3110	69
1556	0	12	30	3112	2275
1557	3	1	45	3114	11839
1558	4	8	50	3116	3693
1559	0	12	35	3118	6613
1560	4	14	30	3120	733
1561	0	12	50	3122	391
1562	3	1	35	3124	1246
1563	3	1	50	3126	8550
1564	0	12	30	3128	6574
1565	0	12	45	3130	4440
1566	3	1	50	3132	1941
1567	3	1	50	3134	12140
1568	4	8	35	3136	884
1569	3	1	35	3138	388
1570	3	1	30	3140	654
1571	0	12	35	3142	3619
1572	4	8	45	3144	599
1573	4	14	45	3146	1707
1574	3	1	45	3148	944
1575	3	1	45	3150	2565
1576	0	12	30	3152	1680
1577	4	14	45	3154	3136
1578	4	8	30	3156	642
1579	0	12	50	3158	2556
1580	4	14	50	3160	446
1581	0	12	30	3162	3241
1582	3	1	50	3164	4921
1583	0	12	50	3166	5581
1584	3	1	50	3168	227
1585	0	12	30	3170	1206
1586	3	1	45	3172	6415
1587	3	1	35	3174	650
1588	3	1	45	3176	1782
1589	3	1	50	3178	583
1590	3	1	30	3180	4810
1591	3	1	50	3182	4484
1592	4	8	35	3184	2056
1593	3	1	50	3186	2772
1594	4	14	50	3188	595
1595	3	1	35	3190	6530
1596	3	1	35	3192	47
1597	4	14	45	3194	670
1598	3	1	30	3196	1916
1599	4	14	45	3198	1976
1600	0	12	30	3200	348
1601	3	1	45	3202	7886
1602	0	12	50	3204	5472
1603	4	8	45	3206	2735
1604	4	14	30	3208	5287
1605	4	8	50	3210	2491
1606	0	12	30	3212	880
1607	3	1	50	3214	1636
1608	0	12	45	3216	2135
1609	3	1	50	3218	4047
1610	4	8	35	3220	8390
1611	0	12	35	3222	3103
1612	4	8	30	3224	766
1613	4	8	45	3226	1342
1614	0	12	35	3228	2938
1615	4	8	30	3230	1630
1616	4	8	35	3232	962
1617	4	14	50	3234	1620
1618	0	12	45	3236	770
1619	3	1	35	3238	101
1620	4	8	35	3240	209
1621	0	12	50	3242	1501
1622	3	1	50	3244	3672
1623	0	12	50	3246	4440
1624	4	8	50	3248	2528
1625	4	14	45	3250	3548
1626	4	14	45	3252	2901
1627	0	12	30	3254	2102
1628	4	8	35	3256	1658
1629	3	1	50	3258	4107
1630	4	8	50	3260	3338
1631	0	12	50	3262	288
1632	4	8	50	3264	1005
1633	0	12	50	3266	687
1634	3	1	30	3268	2958
1635	3	1	45	3270	541
1636	4	14	35	3272	444
1637	3	1	50	3274	3864
1638	4	8	35	3276	747
1639	3	1	45	3278	2732
1640	4	14	30	3280	111
1641	4	14	50	3282	11885
1642	0	12	30	3284	7954
1643	4	8	45	3286	2486
1644	4	8	45	3288	12723
1645	4	8	35	3290	117
1646	4	14	50	3292	5257
1647	4	8	45	3294	1796
1648	3	1	50	3296	7260
1649	4	14	50	3298	2109
1650	4	14	45	3300	1147
1651	3	1	35	3302	2908
1652	0	12	50	3304	1646
1653	3	1	35	3306	1645
1654	0	12	35	3308	3974
1655	3	1	30	3310	1192
1656	3	1	50	3312	9091
1657	0	12	45	3314	3306
1658	4	14	45	3316	1869
1659	3	1	35	3318	6377
1660	0	12	30	3320	1377
1661	4	8	45	3322	6149
1662	0	12	45	3324	1085
1663	4	8	30	3326	2934
1664	3	1	30	3328	2483
1665	4	8	30	3330	1085
1666	3	1	30	3332	4290
1667	3	1	30	3334	4544
1668	3	1	45	3336	129
1669	3	1	50	3338	2408
1670	0	12	45	3340	1534
1671	3	1	45	3342	851
1672	0	12	50	3344	4327
1673	4	14	35	3346	1545
1674	0	12	35	3348	4185
1675	4	8	45	3350	1828
1676	0	12	35	3352	3471
1677	0	12	50	3354	1152
1678	0	12	35	3356	8723
1679	3	1	50	3358	7478
1680	4	14	45	3360	4918
1681	4	14	30	3362	3267
1682	0	12	30	3364	3188
1683	4	8	35	3366	717
1684	3	1	50	3368	3659
1685	4	8	45	3370	5400
1686	0	12	30	3372	393
1687	3	1	45	3374	2388
1688	4	14	50	3376	3749
1689	0	12	35	3378	280
1690	4	8	35	3380	8435
1691	4	14	30	3382	3964
1692	3	1	35	3384	544
1693	0	12	30	3386	2031
1694	4	14	50	3388	49
1695	4	8	45	3390	47
1696	3	1	50	3392	7896
1697	0	12	45	3394	3112
1698	4	14	30	3396	154
1699	4	8	50	3398	710
1700	4	14	30	3400	3169
1701	3	1	30	3402	6466
1702	4	8	45	3404	5140
1703	4	14	50	3406	1011
1704	3	1	50	3408	388
1705	3	1	50	3410	4234
1706	3	1	35	3412	1419
1707	3	1	35	3414	3238
1708	0	12	30	3416	7098
1709	4	8	30	3418	4687
1710	3	1	35	3420	1469
1711	4	14	30	3422	9787
1712	4	14	30	3424	4473
1713	0	12	30	3426	7828
1714	0	12	45	3428	0
1715	3	1	35	3430	2907
1716	3	1	30	3432	1846
1717	4	8	45	3434	2029
1718	4	14	35	3436	3374
1719	4	14	35	3438	5194
1720	4	14	50	3440	3077
1721	0	12	35	3442	1644
1722	4	14	45	3444	4841
1723	0	12	50	3446	2374
1724	4	14	35	3448	645
1725	4	8	45	3450	5217
1726	3	1	45	3452	4150
1727	4	8	50	3454	6593
1728	4	8	35	3456	2865
1729	4	14	30	3458	6513
1730	4	8	50	3460	5370
1731	4	14	30	3462	749
1732	4	8	30	3464	1311
1733	3	1	45	3466	3905
1734	4	14	35	3468	1393
1735	4	14	35	3470	1175
1736	4	8	35	3472	4170
1737	4	14	35	3474	6475
1738	0	12	45	3476	702
1739	4	14	45	3478	6899
1740	4	14	30	3480	2694
1741	4	14	50	3482	8645
1742	3	1	30	3484	846
1743	4	14	30	3486	1222
1744	4	8	30	3488	4490
1745	0	12	35	3490	1560
1746	3	1	35	3492	237
1747	4	8	45	3494	4016
1748	0	12	35	3496	2174
1749	4	14	50	3498	1858
1750	0	12	45	3500	1893
1751	4	8	50	3502	4041
1752	0	12	50	3504	2026
1753	4	8	30	3506	999
1754	0	12	35	3508	736
1755	4	8	35	3510	862
1756	0	12	30	3512	770
1757	4	14	30	3514	988
1758	4	14	45	3516	1559
1759	4	14	50	3518	1727
1760	4	8	50	3520	492
1761	4	14	50	3522	3008
1762	4	14	30	3524	1116
1763	0	12	50	3526	2469
1764	4	14	30	3528	740
1765	4	14	30	3530	953
1766	3	1	45	3532	169
1767	4	8	50	3534	5241
1768	0	12	30	3536	1058
1769	0	12	45	3538	885
1770	4	8	35	3540	400
1771	0	12	50	3542	1706
1772	0	12	35	3544	1364
1773	3	1	45	3546	1361
1774	4	14	30	3548	545
1775	3	1	50	3550	472
1776	0	12	30	3552	1083
1777	0	12	35	3554	189
1778	4	8	30	3556	7774
1779	4	8	45	3558	4167
1780	4	8	45	3560	1458
1781	0	12	45	3562	2791
1782	4	8	50	3564	284
1783	4	14	45	3566	7518
1784	4	14	50	3568	556
1785	3	1	35	3570	4381
1786	3	1	45	3572	1159
1787	0	12	30	3574	2749
1788	4	14	30	3576	8732
1789	0	12	45	3578	5432
1790	3	1	50	3580	4105
1791	3	1	30	3582	6123
1792	4	14	50	3584	1390
1793	3	1	30	3586	83
1794	0	12	35	3588	1385
1795	4	8	30	3590	1529
1796	4	14	45	3592	5432
1797	0	12	45	3594	11603
1798	4	8	30	3596	2423
1799	4	14	30	3598	2078
1800	3	1	35	3600	635
1801	4	8	35	3602	5779
1802	0	12	35	3604	3483
1803	4	8	45	3606	1750
1804	4	8	30	3608	1247
1805	4	8	30	3610	5654
1806	0	12	45	3612	11104
1807	3	1	30	3614	11363
1808	0	12	35	3616	453
1809	4	14	30	3618	199
1810	4	8	30	3620	4566
1811	4	14	50	3622	5835
1812	4	14	50	3624	2
1813	3	1	30	3626	8151
1814	3	1	45	3628	12189
1815	4	8	50	3630	2514
1816	3	1	30	3632	276
1817	3	1	45	3634	2294
1818	3	1	30	3636	672
1819	0	12	35	3638	7758
1820	3	1	35	3640	342
1821	3	1	50	3642	2172
1822	3	1	45	3644	661
1823	4	8	35	3646	1048
1824	4	14	45	3648	1320
1825	0	12	50	3650	2593
1826	4	14	45	3652	2684
1827	3	1	30	3654	145
1828	4	14	45	3656	3065
1829	0	12	35	3658	4638
1830	3	1	45	3660	2378
1831	0	12	50	3662	4908
1832	4	14	30	3664	2822
1833	4	8	45	3666	800
1834	4	8	30	3668	3423
1835	4	14	50	3670	5501
1836	0	12	35	3672	985
1837	3	1	30	3674	3134
1838	4	8	30	3676	981
1839	0	12	45	3678	1401
1840	4	14	35	3680	593
1841	4	8	50	3682	5376
1842	3	1	50	3684	7325
1843	3	1	30	3686	4088
1844	4	14	45	3688	6153
1845	4	8	30	3690	10698
1846	4	8	30	3692	4173
1847	4	14	30	3694	5967
1848	3	1	30	3696	1553
1849	4	14	45	3698	3239
1850	3	1	50	3700	1756
1851	0	12	45	3702	1162
1852	0	12	50	3704	1196
1853	4	14	30	3706	274
1854	4	14	45	3708	935
1855	3	1	45	3710	3532
1856	4	14	50	3712	8347
1857	4	8	45	3714	1867
1858	3	1	30	3716	1266
1859	4	8	50	3718	4720
1860	4	8	50	3720	86
1861	4	8	30	3722	1789
1862	4	8	45	3724	8181
1863	3	1	35	3726	840
1864	3	1	45	3728	444
1865	3	1	50	3730	1745
1866	3	1	50	3732	1439
1867	3	1	30	3734	4364
1868	3	1	30	3736	225
1869	4	14	45	3738	2184
1870	4	14	45	3740	168
1871	3	1	35	3742	659
1872	0	12	45	3744	2771
1873	4	14	30	3746	7598
1874	4	14	30	3748	3359
1875	3	1	45	3750	571
1876	4	8	50	3752	679
1877	4	14	45	3754	8111
1878	4	8	45	3756	3883
1879	4	8	45	3758	4911
1880	4	8	35	3760	376
1881	4	8	45	3762	2493
1882	0	12	30	3764	322
1883	4	14	45	3766	662
1884	4	14	50	3768	3993
1885	4	8	50	3770	6781
1886	0	12	30	3772	2426
1887	4	14	45	3774	3203
1888	4	8	30	3776	51
1889	0	12	30	3778	3619
1890	4	8	50	3780	467
1891	4	14	35	3782	7368
1892	4	14	35	3784	3177
1893	0	12	45	3786	2447
1894	0	12	35	3788	1309
1895	0	12	30	3790	8687
1896	0	12	50	3792	4311
1897	4	14	30	3794	2091
1898	4	8	35	3796	3295
1899	4	8	30	3798	2077
1900	3	1	30	3800	12022
1901	4	8	35	3802	4938
1902	0	12	30	3804	1222
1903	4	14	45	3806	2862
1904	0	12	50	3808	2229
1905	4	14	50	3810	940
1906	4	8	35	3812	25
1907	0	12	50	3814	573
1908	4	14	45	3816	2969
1909	3	1	45	3818	9986
1910	0	12	35	3820	811
1911	0	12	45	3822	1718
1912	3	1	45	3824	7429
1913	3	1	50	3826	74
1914	3	1	35	3828	1039
1915	0	12	45	3830	615
1916	4	14	35	3832	3153
1917	4	8	30	3834	4723
1918	4	8	35	3836	464
1919	4	14	35	3838	5284
1920	0	12	35	3840	2042
1921	4	8	45	3842	1143
1922	4	8	30	3844	1644
1923	0	12	35	3846	511
1924	4	8	50	3848	1335
1925	4	14	35	3850	2388
1926	4	14	50	3852	164
1927	4	8	45	3854	1039
1928	4	8	50	3856	602
1929	4	8	45	3858	270
1930	4	8	50	3860	698
1931	0	12	35	3862	2323
1932	3	1	30	3864	4852
1933	4	14	50	3866	2071
1934	4	14	50	3868	5368
1935	4	8	30	3870	1548
1936	4	8	45	3872	40
1937	3	1	50	3874	3342
1938	4	14	45	3876	4122
1939	0	12	30	3878	3860
1940	0	12	50	3880	1668
1941	4	8	50	3882	3173
1942	4	14	35	3884	1473
1943	4	14	35	3886	754
1944	3	1	50	3888	63
1945	3	1	45	3890	4478
1946	4	8	50	3892	4916
1947	4	14	30	3894	506
1948	0	12	45	3896	5527
1949	3	1	35	3898	2997
1950	4	14	35	3900	606
1951	0	12	50	3902	5426
1952	0	12	35	3904	295
1953	0	12	45	3906	4528
1954	0	12	45	3908	165
1955	4	14	50	3910	63
1956	3	1	30	3912	174
1957	4	14	45	3914	809
1958	4	14	35	3916	7690
1959	4	8	35	3918	307
1960	4	14	35	3920	9145
1961	4	14	30	3922	394
1962	0	12	45	3924	201
1963	0	12	35	3926	869
1964	3	1	35	3928	966
1965	0	12	50	3930	1519
1966	0	12	35	3932	5707
1967	4	14	50	3934	290
1968	3	1	50	3936	2667
1969	4	14	30	3938	1985
1970	4	14	50	3940	541
1971	4	14	35	3942	423
1972	4	14	35	3944	2639
1973	4	14	50	3946	587
1974	4	14	35	3948	4017
1975	4	14	35	3950	1854
1976	4	14	50	3952	2697
1977	3	1	30	3954	11908
1978	0	12	50	3956	2251
1979	4	14	30	3958	698
1980	3	1	30	3960	2139
1981	3	1	35	3962	3434
1982	0	12	45	3964	7253
1983	0	12	30	3966	2107
1984	4	14	30	3968	2262
1985	3	1	50	3970	1630
1986	4	8	50	3972	2266
1987	0	12	50	3974	937
1988	4	14	35	3976	2990
1989	0	12	45	3978	1425
1990	3	1	50	3980	242
1991	4	8	35	3982	3230
1992	3	1	35	3984	647
1993	0	12	45	3986	2789
1994	3	1	50	3988	3521
1995	0	12	45	3990	20272
1996	4	8	45	3992	405
1997	0	12	45	3994	1585
1998	3	1	35	3996	340
1999	0	12	45	3998	6465
