0	3	1	15	0	2147483647
1	4	14	10	5	2147483647
2	3	1	5	10	2147483647
3	4	14	10	15	2147483647
4	4	14	10	20	2147483647
5	0	12	10	25	2147483647
6	4	8	10	30	2147483647
7	3	1	20	35	2147483647
8	4	14	15	40	2147483647
9	0	12	20	45	2147483647
10	3	1	15	50	2147483647
11	4	14	20	55	2147483647
12	3	1	10	60	2147483647
13	4	14	20	65	2147483647
14	3	1	10	70	2147483647
15	4	14	5	75	2147483647
16	3	1	15	80	2147483647
17	3	1	5	85	2147483647
18	4	8	10	90	2147483647
19	3	1	20	95	2147483647
20	0	12	20	100	2147483647
21	0	12	10	105	2147483647
22	0	12	15	110	2147483647
23	3	1	20	115	2147483647
24	4	14	10	120	2147483647
25	3	1	15	125	2147483647
26	3	1	15	130	2147483647
27	4	14	20	135	2147483647
28	4	14	20	140	2147483647
29	4	14	10	145	2147483647
30	4	8	5	150	2147483647
31	0	12	15	155	2147483647
32	3	1	20	160	2147483647
33	4	14	15	165	2147483647
34	4	14	5	170	2147483647
35	4	14	10	175	2147483647
36	4	8	5	180	2147483647
37	4	14	15	185	2147483647
38	3	1	10	190	2147483647
39	4	14	20	195	2147483647
40	4	14	5	200	2147483647
41	4	14	20	205	2147483647
42	4	14	10	210	2147483647
43	4	14	15	215	2147483647
44	4	14	15	220	2147483647
45	4	8	10	225	2147483647
46	3	1	5	230	2147483647
47	4	14	20	235	2147483647
48	4	14	15	240	2147483647
49	4	14	5	245	2147483647
50	4	14	20	250	2147483647
51	4	14	15	255	2147483647
52	4	14	5	260	2147483647
53	4	8	10	265	2147483647
54	4	14	5	270	2147483647
55	3	1	10	275	2147483647
56	4	14	5	280	2147483647
57	4	14	5	285	2147483647
58	4	8	5	290	2147483647
59	4	14	5	295	2147483647
60	4	8	5	300	2147483647
61	4	14	10	305	2147483647
62	4	14	10	310	2147483647
63	4	8	5	315	2147483647
64	3	1	20	320	2147483647
65	4	14	20	325	2147483647
66	4	14	15	330	2147483647
67	0	12	20	335	2147483647
68	4	8	10	340	2147483647
69	4	8	15	345	2147483647
70	0	12	10	350	2147483647
71	4	14	15	355	2147483647
72	4	8	20	360	2147483647
73	3	1	5	365	2147483647
74	3	1	15	370	2147483647
75	3	1	15	375	2147483647
76	4	14	15	380	2147483647
77	4	14	15	385	2147483647
78	0	12	10	390	2147483647
79	4	14	10	395	2147483647
80	0	12	5	400	2147483647
81	4	14	20	405	2147483647
82	3	1	10	410	2147483647
83	4	14	10	415	2147483647
84	4	8	20	420	2147483647
85	4	14	20	425	2147483647
86	4	14	5	430	2147483647
87	4	8	20	435	2147483647
88	4	8	5	440	2147483647
89	4	8	5	445	2147483647
90	4	14	20	450	2147483647
91	3	1	15	455	2147483647
92	3	1	20	460	2147483647
93	4	8	5	465	2147483647
94	4	14	10	470	2147483647
95	4	14	15	475	2147483647
96	4	14	20	480	2147483647
97	4	14	20	485	2147483647
98	3	1	5	490	2147483647
99	4	8	15	495	2147483647
100	4	8	5	500	2147483647
101	0	12	15	505	2147483647
102	4	14	15	510	2147483647
103	4	14	20	515	2147483647
104	3	1	5	520	2147483647
105	3	1	20	525	2147483647
106	4	8	15	530	2147483647
107	3	1	5	535	2147483647
108	4	14	10	540	2147483647
109	3	1	15	545	2147483647
110	3	1	15	550	2147483647
111	4	14	15	555	2147483647
112	4	8	10	560	2147483647
113	3	1	20	565	2147483647
114	3	1	10	570	2147483647
115	3	1	5	575	2147483647
116	0	12	15	580	2147483647
117	4	14	20	585	2147483647
118	4	14	20	590	2147483647
119	4	14	20	595	2147483647
120	0	12	10	600	2147483647
121	4	14	15	605	2147483647
122	4	8	20	610	2147483647
123	3	1	20	615	2147483647
124	3	1	15	620	2147483647
125	4	8	5	625	2147483647
126	3	1	15	630	2147483647
127	3	1	15	635	2147483647
128	3	1	10	640	2147483647
129	3	1	15	645	2147483647
130	4	8	20	650	2147483647
131	3	1	5	655	2147483647
132	3	1	5	660	2147483647
133	4	14	15	665	2147483647
134	4	14	15	670	2147483647
135	4	8	20	675	2147483647
136	3	1	15	680	2147483647
137	3	1	20	685	2147483647
138	4	14	20	690	2147483647
139	3	1	5	695	2147483647
140	4	14	10	700	2147483647
141	3	1	15	705	2147483647
142	4	8	15	710	2147483647
143	4	14	10	715	2147483647
144	4	8	10	720	2147483647
145	3	1	15	725	2147483647
146	3	1	10	730	2147483647
147	3	1	5	735	2147483647
148	4	14	20	740	2147483647
149	4	8	5	745	2147483647
150	4	8	20	750	2147483647
151	4	8	20	755	2147483647
152	3	1	10	760	2147483647
153	3	1	20	765	2147483647
154	4	8	10	770	2147483647
155	4	14	15	775	2147483647
156	4	14	10	780	2147483647
157	4	14	20	785	2147483647
158	3	1	15	790	2147483647
159	4	14	20	795	2147483647
160	3	1	5	800	2147483647
161	3	1	10	805	2147483647
162	4	8	15	810	2147483647
163	3	1	5	815	2147483647
164	4	8	10	820	2147483647
165	0	12	20	825	2147483647
166	4	14	15	830	2147483647
167	4	14	20	835	2147483647
168	4	8	15	840	2147483647
169	4	8	20	845	2147483647
170	0	12	20	850	2147483647
171	4	8	20	855	2147483647
172	3	1	20	860	2147483647
173	4	14	20	865	2147483647
174	4	14	20	870	2147483647
175	4	14	10	875	2147483647
176	4	14	10	880	2147483647
177	3	1	20	885	2147483647
178	3	1	20	890	2147483647
179	3	1	20	895	2147483647
180	4	14	10	900	2147483647
181	4	14	20	905	2147483647
182	3	1	20	910	2147483647
183	4	14	10	915	2147483647
184	3	1	15	920	2147483647
185	3	1	15	925	2147483647
186	3	1	20	930	2147483647
187	4	14	15	935	2147483647
188	4	14	15	940	2147483647
189	4	14	10	945	2147483647
190	4	14	15	950	2147483647
191	3	1	10	955	2147483647
192	3	1	15	960	2147483647
193	4	14	10	965	2147483647
194	4	14	20	970	2147483647
195	3	1	10	975	2147483647
196	4	8	5	980	2147483647
197	4	14	15	985	2147483647
198	0	12	10	990	2147483647
199	3	1	15	995	2147483647
200	4	14	10	1000	2147483647
201	3	1	5	1005	2147483647
202	4	8	5	1010	2147483647
203	4	14	5	1015	2147483647
204	3	1	20	1020	2147483647
205	4	14	20	1025	2147483647
206	0	12	5	1030	2147483647
207	4	8	10	1035	2147483647
208	0	12	10	1040	2147483647
209	3	1	15	1045	2147483647
210	4	14	15	1050	2147483647
211	3	1	15	1055	2147483647
212	4	8	5	1060	2147483647
213	3	1	5	1065	2147483647
214	4	14	10	1070	2147483647
215	4	14	15	1075	2147483647
216	3	1	5	1080	2147483647
217	3	1	10	1085	2147483647
218	0	12	10	1090	2147483647
219	4	8	15	1095	2147483647
220	4	14	20	1100	2147483647
221	4	14	20	1105	2147483647
222	4	14	15	1110	2147483647
223	3	1	5	1115	2147483647
224	0	12	15	1120	2147483647
225	3	1	15	1125	2147483647
226	0	12	15	1130	2147483647
227	4	14	10	1135	2147483647
228	0	12	20	1140	2147483647
229	4	14	5	1145	2147483647
230	3	1	15	1150	2147483647
231	0	12	10	1155	2147483647
232	3	1	10	1160	2147483647
233	3	1	5	1165	2147483647
234	4	14	20	1170	2147483647
235	3	1	15	1175	2147483647
236	3	1	20	1180	2147483647
237	4	14	20	1185	2147483647
238	4	14	10	1190	2147483647
239	3	1	10	1195	2147483647
240	4	14	15	1200	2147483647
241	4	8	10	1205	2147483647
242	4	14	5	1210	2147483647
243	4	14	15	1215	2147483647
244	4	8	5	1220	2147483647
245	4	8	5	1225	2147483647
246	3	1	5	1230	2147483647
247	0	12	5	1235	2147483647
248	4	14	10	1240	2147483647
249	4	14	15	1245	2147483647
250	4	8	10	1250	2147483647
251	3	1	5	1255	2147483647
252	3	1	20	1260	2147483647
253	4	8	5	1265	2147483647
254	4	14	20	1270	2147483647
255	3	1	15	1275	2147483647
256	3	1	10	1280	2147483647
257	4	8	20	1285	2147483647
258	3	1	15	1290	2147483647
259	3	1	10	1295	2147483647
260	4	14	20	1300	2147483647
261	4	14	15	1305	2147483647
262	4	14	10	1310	2147483647
263	4	8	5	1315	2147483647
264	4	14	15	1320	2147483647
265	4	8	10	1325	2147483647
266	4	14	20	1330	2147483647
267	4	8	15	1335	2147483647
268	4	8	5	1340	2147483647
269	4	14	20	1345	2147483647
270	4	14	10	1350	2147483647
271	0	12	10	1355	2147483647
272	3	1	15	1360	2147483647
273	4	14	5	1365	2147483647
274	4	14	5	1370	2147483647
275	4	14	5	1375	2147483647
276	0	12	10	1380	2147483647
277	4	14	10	1385	2147483647
278	3	1	15	1390	2147483647
279	3	1	5	1395	2147483647
280	4	14	5	1400	2147483647
281	3	1	20	1405	2147483647
282	4	14	5	1410	2147483647
283	4	14	10	1415	2147483647
284	3	1	15	1420	2147483647
285	4	14	10	1425	2147483647
286	4	14	15	1430	2147483647
287	3	1	10	1435	2147483647
288	4	14	10	1440	2147483647
289	4	8	20	1445	2147483647
290	4	14	5	1450	2147483647
291	3	1	15	1455	2147483647
292	0	12	5	1460	2147483647
293	3	1	10	1465	2147483647
294	0	12	15	1470	2147483647
295	0	12	10	1475	2147483647
296	3	1	20	1480	2147483647
297	4	8	20	1485	2147483647
298	4	14	5	1490	2147483647
299	4	14	10	1495	2147483647
300	4	14	5	1500	2147483647
301	4	14	10	1505	2147483647
302	4	8	5	1510	2147483647
303	3	1	10	1515	2147483647
304	4	14	15	1520	2147483647
305	4	14	5	1525	2147483647
306	3	1	15	1530	2147483647
307	3	1	15	1535	2147483647
308	4	14	15	1540	2147483647
309	4	14	15	1545	2147483647
310	4	14	15	1550	2147483647
311	3	1	15	1555	2147483647
312	3	1	10	1560	2147483647
313	0	12	20	1565	2147483647
314	3	1	15	1570	2147483647
315	4	8	15	1575	2147483647
316	4	14	20	1580	2147483647
317	3	1	10	1585	2147483647
318	3	1	20	1590	2147483647
319	3	1	20	1595	2147483647
320	4	14	20	1600	2147483647
321	3	1	10	1605	2147483647
322	4	14	5	1610	2147483647
323	4	14	20	1615	2147483647
324	3	1	15	1620	2147483647
325	0	12	5	1625	2147483647
326	4	8	20	1630	2147483647
327	3	1	5	1635	2147483647
328	4	14	20	1640	2147483647
329	4	14	20	1645	2147483647
330	4	8	15	1650	2147483647
331	4	8	10	1655	2147483647
332	3	1	20	1660	2147483647
333	4	8	20	1665	2147483647
334	4	8	20	1670	2147483647
335	4	8	15	1675	2147483647
336	4	8	20	1680	2147483647
337	0	12	20	1685	2147483647
338	3	1	20	1690	2147483647
339	4	14	15	1695	2147483647
340	3	1	5	1700	2147483647
341	4	8	15	1705	2147483647
342	3	1	5	1710	2147483647
343	3	1	20	1715	2147483647
344	4	8	10	1720	2147483647
345	3	1	15	1725	2147483647
346	4	8	15	1730	2147483647
347	4	14	5	1735	2147483647
348	4	14	5	1740	2147483647
349	0	12	20	1745	2147483647
350	4	14	5	1750	2147483647
351	4	14	15	1755	2147483647
352	3	1	10	1760	2147483647
353	4	14	5	1765	2147483647
354	4	14	15	1770	2147483647
355	4	14	20	1775	2147483647
356	0	12	10	1780	2147483647
357	3	1	5	1785	2147483647
358	3	1	10	1790	2147483647
359	4	14	10	1795	2147483647
360	3	1	10	1800	2147483647
361	3	1	20	1805	2147483647
362	3	1	15	1810	2147483647
363	3	1	20	1815	2147483647
364	0	12	5	1820	2147483647
365	4	8	10	1825	2147483647
366	4	14	20	1830	2147483647
367	4	14	5	1835	2147483647
368	3	1	20	1840	2147483647
369	3	1	5	1845	2147483647
370	0	12	10	1850	2147483647
371	4	14	15	1855	2147483647
372	3	1	15	1860	2147483647
373	3	1	20	1865	2147483647
374	0	12	20	1870	2147483647
375	4	14	10	1875	2147483647
376	4	8	15	1880	2147483647
377	3	1	10	1885	2147483647
378	4	14	15	1890	2147483647
379	4	8	20	1895	2147483647
380	4	14	5	1900	2147483647
381	4	8	20	1905	2147483647
382	4	8	10	1910	2147483647
383	0	12	5	1915	2147483647
384	3	1	10	1920	2147483647
385	4	14	15	1925	2147483647
386	0	12	15	1930	2147483647
387	3	1	5	1935	2147483647
388	3	1	20	1940	2147483647
389	3	1	15	1945	2147483647
390	4	8	15	1950	2147483647
391	4	14	10	1955	2147483647
392	3	1	20	1960	2147483647
393	0	12	5	1965	2147483647
394	3	1	10	1970	2147483647
395	3	1	15	1975	2147483647
396	4	14	15	1980	2147483647
397	4	8	20	1985	2147483647
398	4	8	5	1990	2147483647
399	3	1	5	1995	2147483647
400	4	14	10	2000	2147483647
401	3	1	15	2005	2147483647
402	4	8	5	2010	2147483647
403	4	8	15	2015	2147483647
404	3	1	10	2020	2147483647
405	4	14	20	2025	2147483647
406	3	1	10	2030	2147483647
407	4	14	10	2035	2147483647
408	3	1	20	2040	2147483647
409	3	1	10	2045	2147483647
410	3	1	20	2050	2147483647
411	4	14	5	2055	2147483647
412	4	14	20	2060	2147483647
413	4	14	15	2065	2147483647
414	3	1	10	2070	2147483647
415	4	14	10	2075	2147483647
416	3	1	5	2080	2147483647
417	4	8	20	2085	2147483647
418	4	8	5	2090	2147483647
419	4	8	10	2095	2147483647
420	4	14	10	2100	2147483647
421	4	14	5	2105	2147483647
422	3	1	15	2110	2147483647
423	4	8	10	2115	2147483647
424	4	14	20	2120	2147483647
425	3	1	10	2125	2147483647
426	4	14	5	2130	2147483647
427	4	14	20	2135	2147483647
428	4	14	10	2140	2147483647
429	0	12	5	2145	2147483647
430	4	8	15	2150	2147483647
431	3	1	20	2155	2147483647
432	3	1	15	2160	2147483647
433	3	1	5	2165	2147483647
434	4	8	20	2170	2147483647
435	4	8	10	2175	2147483647
436	4	14	5	2180	2147483647
437	3	1	20	2185	2147483647
438	4	14	15	2190	2147483647
439	3	1	5	2195	2147483647
440	4	14	15	2200	2147483647
441	3	1	10	2205	2147483647
442	4	14	15	2210	2147483647
443	3	1	5	2215	2147483647
444	4	8	10	2220	2147483647
445	0	12	15	2225	2147483647
446	4	14	20	2230	2147483647
447	4	14	5	2235	2147483647
448	4	14	20	2240	2147483647
449	3	1	5	2245	2147483647
450	0	12	5	2250	2147483647
451	0	12	5	2255	2147483647
452	4	14	5	2260	2147483647
453	4	14	20	2265	2147483647
454	3	1	20	2270	2147483647
455	4	14	5	2275	2147483647
456	4	14	20	2280	2147483647
457	3	1	15	2285	2147483647
458	4	8	20	2290	2147483647
459	4	14	20	2295	2147483647
460	4	8	10	2300	2147483647
461	4	14	20	2305	2147483647
462	4	14	15	2310	2147483647
463	3	1	15	2315	2147483647
464	4	8	10	2320	2147483647
465	4	14	5	2325	2147483647
466	0	12	10	2330	2147483647
467	4	14	15	2335	2147483647
468	3	1	15	2340	2147483647
469	4	14	20	2345	2147483647
470	4	14	15	2350	2147483647
471	4	14	10	2355	2147483647
472	3	1	5	2360	2147483647
473	4	14	20	2365	2147483647
474	3	1	10	2370	2147483647
475	4	14	5	2375	2147483647
476	4	14	15	2380	2147483647
477	4	14	15	2385	2147483647
478	0	12	5	2390	2147483647
479	4	8	5	2395	2147483647
480	3	1	20	2400	2147483647
481	4	14	5	2405	2147483647
482	4	14	20	2410	2147483647
483	0	12	10	2415	2147483647
484	0	12	20	2420	2147483647
485	4	8	15	2425	2147483647
486	4	8	5	2430	2147483647
487	4	14	15	2435	2147483647
488	4	14	15	2440	2147483647
489	3	1	20	2445	2147483647
490	4	14	10	2450	2147483647
491	4	8	20	2455	2147483647
492	3	1	20	2460	2147483647
493	4	8	10	2465	2147483647
494	4	14	5	2470	2147483647
495	3	1	10	2475	2147483647
496	3	1	20	2480	2147483647
497	3	1	5	2485	2147483647
498	4	14	15	2490	2147483647
499	3	1	15	2495	2147483647
500	4	14	10	2500	2147483647
501	4	14	20	2505	2147483647
502	4	8	10	2510	2147483647
503	4	14	20	2515	2147483647
504	4	14	10	2520	2147483647
505	0	12	10	2525	2147483647
506	3	1	10	2530	2147483647
507	3	1	5	2535	2147483647
508	4	14	20	2540	2147483647
509	4	14	20	2545	2147483647
510	4	14	15	2550	2147483647
511	4	14	20	2555	2147483647
512	4	8	15	2560	2147483647
513	0	12	10	2565	2147483647
514	4	14	20	2570	2147483647
515	3	1	5	2575	2147483647
516	4	8	20	2580	2147483647
517	4	14	10	2585	2147483647
518	3	1	10	2590	2147483647
519	4	14	5	2595	2147483647
520	4	8	10	2600	2147483647
521	3	1	10	2605	2147483647
522	4	8	5	2610	2147483647
523	4	14	5	2615	2147483647
524	3	1	5	2620	2147483647
525	3	1	5	2625	2147483647
526	4	14	10	2630	2147483647
527	4	14	10	2635	2147483647
528	3	1	5	2640	2147483647
529	4	14	10	2645	2147483647
530	3	1	10	2650	2147483647
531	4	8	5	2655	2147483647
532	4	14	20	2660	2147483647
533	4	8	15	2665	2147483647
534	3	1	20	2670	2147483647
535	3	1	10	2675	2147483647
536	4	8	15	2680	2147483647
537	4	14	10	2685	2147483647
538	4	8	10	2690	2147483647
539	4	14	5	2695	2147483647
540	4	14	20	2700	2147483647
541	4	14	10	2705	2147483647
542	3	1	10	2710	2147483647
543	4	8	20	2715	2147483647
544	0	12	15	2720	2147483647
545	4	14	10	2725	2147483647
546	4	14	5	2730	2147483647
547	4	14	15	2735	2147483647
548	4	8	10	2740	2147483647
549	4	14	10	2745	2147483647
550	4	14	10	2750	2147483647
551	4	14	10	2755	2147483647
552	4	14	20	2760	2147483647
553	4	14	5	2765	2147483647
554	3	1	15	2770	2147483647
555	4	8	5	2775	2147483647
556	3	1	15	2780	2147483647
557	4	14	10	2785	2147483647
558	3	1	15	2790	2147483647
559	3	1	10	2795	2147483647
560	3	1	10	2800	2147483647
561	3	1	20	2805	2147483647
562	4	8	5	2810	2147483647
563	3	1	5	2815	2147483647
564	0	12	5	2820	2147483647
565	4	8	15	2825	2147483647
566	4	14	10	2830	2147483647
567	0	12	10	2835	2147483647
568	3	1	15	2840	2147483647
569	4	14	10	2845	2147483647
570	3	1	5	2850	2147483647
571	4	8	15	2855	2147483647
572	3	1	20	2860	2147483647
573	4	14	5	2865	2147483647
574	3	1	5	2870	2147483647
575	0	12	10	2875	2147483647
576	4	14	10	2880	2147483647
577	4	14	15	2885	2147483647
578	4	14	15	2890	2147483647
579	4	8	10	2895	2147483647
580	3	1	20	2900	2147483647
581	4	8	10	2905	2147483647
582	4	8	10	2910	2147483647
583	4	8	5	2915	2147483647
584	3	1	10	2920	2147483647
585	0	12	5	2925	2147483647
586	4	14	5	2930	2147483647
587	4	14	15	2935	2147483647
588	0	12	5	2940	2147483647
589	3	1	10	2945	2147483647
590	3	1	10	2950	2147483647
591	4	14	20	2955	2147483647
592	4	8	20	2960	2147483647
593	4	14	10	2965	2147483647
594	3	1	10	2970	2147483647
595	3	1	15	2975	2147483647
596	4	8	10	2980	2147483647
597	0	12	15	2985	2147483647
598	4	14	20	2990	2147483647
599	4	8	20	2995	2147483647
600	3	1	15	3000	2147483647
601	4	14	20	3005	2147483647
602	4	8	5	3010	2147483647
603	3	1	20	3015	2147483647
604	3	1	5	3020	2147483647
605	4	14	15	3025	2147483647
606	0	12	20	3030	2147483647
607	4	14	5	3035	2147483647
608	4	8	10	3040	2147483647
609	4	8	10	3045	2147483647
610	4	14	20	3050	2147483647
611	4	14	5	3055	2147483647
612	4	14	10	3060	2147483647
613	4	14	10	3065	2147483647
614	0	12	10	3070	2147483647
615	4	14	5	3075	2147483647
616	4	14	15	3080	2147483647
617	4	14	20	3085	2147483647
618	4	14	15	3090	2147483647
619	4	14	5	3095	2147483647
620	4	8	5	3100	2147483647
621	4	14	10	3105	2147483647
622	4	14	20	3110	2147483647
623	3	1	10	3115	2147483647
624	3	1	5	3120	2147483647
625	4	8	10	3125	2147483647
626	4	14	20	3130	2147483647
627	3	1	15	3135	2147483647
628	4	14	10	3140	2147483647
629	4	8	15	3145	2147483647
630	4	8	5	3150	2147483647
631	4	14	5	3155	2147483647
632	3	1	15	3160	2147483647
633	4	14	10	3165	2147483647
634	4	14	5	3170	2147483647
635	4	8	15	3175	2147483647
636	4	14	5	3180	2147483647
637	4	8	15	3185	2147483647
638	4	14	10	3190	2147483647
639	3	1	5	3195	2147483647
640	4	14	10	3200	2147483647
641	0	12	5	3205	2147483647
642	4	14	5	3210	2147483647
643	4	8	20	3215	2147483647
644	3	1	5	3220	2147483647
645	4	14	10	3225	2147483647
646	3	1	20	3230	2147483647
647	4	14	5	3235	2147483647
648	3	1	20	3240	2147483647
649	4	14	5	3245	2147483647
650	4	14	5	3250	2147483647
651	3	1	10	3255	2147483647
652	4	14	15	3260	2147483647
653	4	14	15	3265	2147483647
654	4	14	15	3270	2147483647
655	4	14	15	3275	2147483647
656	4	14	5	3280	2147483647
657	4	14	20	3285	2147483647
658	4	8	15	3290	2147483647
659	4	8	10	3295	2147483647
660	3	1	20	3300	2147483647
661	4	8	20	3305	2147483647
662	4	8	20	3310	2147483647
663	0	12	15	3315	2147483647
664	4	8	5	3320	2147483647
665	4	8	5	3325	2147483647
666	4	14	10	3330	2147483647
667	4	8	15	3335	2147483647
668	0	12	20	3340	2147483647
669	4	8	10	3345	2147483647
670	3	1	15	3350	2147483647
671	4	8	15	3355	2147483647
672	3	1	10	3360	2147483647
673	3	1	10	3365	2147483647
674	4	8	20	3370	2147483647
675	4	14	15	3375	2147483647
676	3	1	10	3380	2147483647
677	4	14	20	3385	2147483647
678	4	14	15	3390	2147483647
679	0	12	5	3395	2147483647
680	4	14	5	3400	2147483647
681	3	1	15	3405	2147483647
682	3	1	20	3410	2147483647
683	4	14	15	3415	2147483647
684	4	14	5	3420	2147483647
685	4	14	10	3425	2147483647
686	3	1	20	3430	2147483647
687	4	14	15	3435	2147483647
688	4	14	15	3440	2147483647
689	3	1	20	3445	2147483647
690	3	1	15	3450	2147483647
691	3	1	10	3455	2147483647
692	4	8	10	3460	2147483647
693	3	1	5	3465	2147483647
694	3	1	5	3470	2147483647
695	4	14	10	3475	2147483647
696	4	14	5	3480	2147483647
697	3	1	10	3485	2147483647
698	4	8	15	3490	2147483647
699	0	12	15	3495	2147483647
700	3	1	20	3500	2147483647
701	3	1	5	3505	2147483647
702	4	8	15	3510	2147483647
703	3	1	15	3515	2147483647
704	3	1	5	3520	2147483647
705	4	8	10	3525	2147483647
706	4	8	5	3530	2147483647
707	4	14	5	3535	2147483647
708	3	1	5	3540	2147483647
709	3	1	5	3545	2147483647
710	4	8	15	3550	2147483647
711	4	8	15	3555	2147483647
712	3	1	10	3560	2147483647
713	4	14	5	3565	2147483647
714	3	1	10	3570	2147483647
715	4	14	5	3575	2147483647
716	3	1	20	3580	2147483647
717	4	8	15	3585	2147483647
718	4	14	10	3590	2147483647
719	4	8	15	3595	2147483647
720	4	8	20	3600	2147483647
721	4	14	10	3605	2147483647
722	0	12	10	3610	2147483647
723	3	1	15	3615	2147483647
724	3	1	10	3620	2147483647
725	4	14	20	3625	2147483647
726	4	8	5	3630	2147483647
727	3	1	20	3635	2147483647
728	3	1	20	3640	2147483647
729	4	14	20	3645	2147483647
730	4	14	5	3650	2147483647
731	4	8	5	3655	2147483647
732	3	1	5	3660	2147483647
733	4	14	10	3665	2147483647
734	4	14	20	3670	2147483647
735	4	8	5	3675	2147483647
736	0	12	20	3680	2147483647
737	4	14	10	3685	2147483647
738	4	14	20	3690	2147483647
739	4	14	5	3695	2147483647
740	0	12	5	3700	2147483647
741	4	14	5	3705	2147483647
742	3	1	15	3710	2147483647
743	4	14	10	3715	2147483647
744	3	1	10	3720	2147483647
745	0	12	5	3725	2147483647
746	4	14	5	3730	2147483647
747	4	14	5	3735	2147483647
748	4	14	15	3740	2147483647
749	4	14	5	3745	2147483647
750	4	8	20	3750	2147483647
751	3	1	15	3755	2147483647
752	4	8	20	3760	2147483647
753	4	14	10	3765	2147483647
754	4	8	5	3770	2147483647
755	4	14	15	3775	2147483647
756	4	8	15	3780	2147483647
757	4	14	15	3785	2147483647
758	3	1	5	3790	2147483647
759	3	1	20	3795	2147483647
760	0	12	15	3800	2147483647
761	4	14	10	3805	2147483647
762	4	14	20	3810	2147483647
763	4	8	20	3815	2147483647
764	0	12	20	3820	2147483647
765	3	1	10	3825	2147483647
766	0	12	15	3830	2147483647
767	4	14	5	3835	2147483647
768	3	1	20	3840	2147483647
769	4	14	15	3845	2147483647
770	4	14	15	3850	2147483647
771	3	1	15	3855	2147483647
772	4	14	10	3860	2147483647
773	0	12	5	3865	2147483647
774	3	1	5	3870	2147483647
775	3	1	15	3875	2147483647
776	0	12	20	3880	2147483647
777	0	12	20	3885	2147483647
778	4	8	5	3890	2147483647
779	4	14	5	3895	2147483647
780	4	14	5	3900	2147483647
781	3	1	10	3905	2147483647
782	4	14	10	3910	2147483647
783	4	14	10	3915	2147483647
784	4	14	20	3920	2147483647
785	0	12	10	3925	2147483647
786	3	1	5	3930	2147483647
787	4	8	10	3935	2147483647
788	4	8	5	3940	2147483647
789	4	14	10	3945	2147483647
790	4	14	5	3950	2147483647
791	3	1	20	3955	2147483647
792	4	8	20	3960	2147483647
793	3	1	5	3965	2147483647
794	4	14	20	3970	2147483647
795	4	14	10	3975	2147483647
796	4	8	15	3980	2147483647
797	4	14	10	3985	2147483647
798	3	1	20	3990	2147483647
799	4	14	5	3995	2147483647
800	4	14	15	4000	2147483647
801	4	8	15	4005	2147483647
802	4	14	5	4010	2147483647
803	3	1	20	4015	2147483647
804	4	14	15	4020	2147483647
805	3	1	5	4025	2147483647
806	3	1	10	4030	2147483647
807	4	8	15	4035	2147483647
808	4	14	10	4040	2147483647
809	4	8	20	4045	2147483647
810	4	8	15	4050	2147483647
811	4	14	20	4055	2147483647
812	0	12	15	4060	2147483647
813	4	8	15	4065	2147483647
814	4	8	20	4070	2147483647
815	0	12	10	4075	2147483647
816	3	1	15	4080	2147483647
817	4	14	10	4085	2147483647
818	4	14	20	4090	2147483647
819	4	14	5	4095	2147483647
820	3	1	10	4100	2147483647
821	3	1	20	4105	2147483647
822	3	1	15	4110	2147483647
823	4	8	20	4115	2147483647
824	3	1	10	4120	2147483647
825	4	14	20	4125	2147483647
826	4	14	5	4130	2147483647
827	0	12	5	4135	2147483647
828	4	14	10	4140	2147483647
829	3	1	10	4145	2147483647
830	4	14	15	4150	2147483647
831	4	14	20	4155	2147483647
832	4	14	10	4160	2147483647
833	4	14	15	4165	2147483647
834	3	1	20	4170	2147483647
835	3	1	20	4175	2147483647
836	3	1	5	4180	2147483647
837	3	1	20	4185	2147483647
838	3	1	20	4190	2147483647
839	3	1	10	4195	2147483647
840	3	1	10	4200	2147483647
841	3	1	20	4205	2147483647
842	0	12	5	4210	2147483647
843	3	1	10	4215	2147483647
844	3	1	20	4220	2147483647
845	4	14	15	4225	2147483647
846	3	1	15	4230	2147483647
847	3	1	20	4235	2147483647
848	3	1	10	4240	2147483647
849	3	1	5	4245	2147483647
850	0	12	10	4250	2147483647
851	3	1	10	4255	2147483647
852	4	14	20	4260	2147483647
853	3	1	20	4265	2147483647
854	4	14	5	4270	2147483647
855	4	14	20	4275	2147483647
856	4	14	5	4280	2147483647
857	4	14	15	4285	2147483647
858	4	8	20	4290	2147483647
859	4	14	15	4295	2147483647
860	4	14	10	4300	2147483647
861	4	8	15	4305	2147483647
862	3	1	20	4310	2147483647
863	3	1	20	4315	2147483647
864	4	14	15	4320	2147483647
865	4	8	20	4325	2147483647
866	3	1	10	4330	2147483647
867	4	8	20	4335	2147483647
868	4	14	5	4340	2147483647
869	4	8	10	4345	2147483647
870	3	1	15	4350	2147483647
871	4	14	10	4355	2147483647
872	0	12	20	4360	2147483647
873	4	14	10	4365	2147483647
874	4	14	15	4370	2147483647
875	4	14	15	4375	2147483647
876	3	1	20	4380	2147483647
877	3	1	15	4385	2147483647
878	4	8	20	4390	2147483647
879	0	12	15	4395	2147483647
880	3	1	20	4400	2147483647
881	0	12	5	4405	2147483647
882	4	14	20	4410	2147483647
883	4	8	15	4415	2147483647
884	4	14	20	4420	2147483647
885	4	14	5	4425	2147483647
886	4	14	15	4430	2147483647
887	0	12	5	4435	2147483647
888	4	14	20	4440	2147483647
889	3	1	10	4445	2147483647
890	4	8	5	4450	2147483647
891	4	8	20	4455	2147483647
892	4	14	15	4460	2147483647
893	3	1	15	4465	2147483647
894	4	14	15	4470	2147483647
895	4	14	20	4475	2147483647
896	0	12	10	4480	2147483647
897	4	14	20	4485	2147483647
898	4	14	10	4490	2147483647
899	3	1	10	4495	2147483647
900	4	14	5	4500	2147483647
901	3	1	15	4505	2147483647
902	4	14	15	4510	2147483647
903	0	12	20	4515	2147483647
904	4	14	5	4520	2147483647
905	4	14	10	4525	2147483647
906	3	1	15	4530	2147483647
907	3	1	5	4535	2147483647
908	4	14	5	4540	2147483647
909	3	1	10	4545	2147483647
910	3	1	15	4550	2147483647
911	3	1	10	4555	2147483647
912	4	8	5	4560	2147483647
913	0	12	5	4565	2147483647
914	4	14	10	4570	2147483647
915	3	1	10	4575	2147483647
916	4	14	10	4580	2147483647
917	4	14	5	4585	2147483647
918	4	14	10	4590	2147483647
919	4	8	5	4595	2147483647
920	3	1	10	4600	2147483647
921	4	14	20	4605	2147483647
922	4	14	10	4610	2147483647
923	3	1	10	4615	2147483647
924	0	12	15	4620	2147483647
925	4	8	15	4625	2147483647
926	0	12	20	4630	2147483647
927	4	14	5	4635	2147483647
928	3	1	5	4640	2147483647
929	3	1	20	4645	2147483647
930	3	1	20	4650	2147483647
931	3	1	15	4655	2147483647
932	4	14	15	4660	2147483647
933	4	14	5	4665	2147483647
934	4	14	10	4670	2147483647
935	3	1	5	4675	2147483647
936	4	14	5	4680	2147483647
937	4	14	5	4685	2147483647
938	4	14	20	4690	2147483647
939	4	14	20	4695	2147483647
940	4	14	15	4700	2147483647
941	4	8	20	4705	2147483647
942	4	8	20	4710	2147483647
943	4	8	15	4715	2147483647
944	3	1	20	4720	2147483647
945	4	14	10	4725	2147483647
946	0	12	10	4730	2147483647
947	3	1	15	4735	2147483647
948	4	14	10	4740	2147483647
949	4	8	5	4745	2147483647
950	4	14	10	4750	2147483647
951	4	14	20	4755	2147483647
952	4	8	5	4760	2147483647
953	3	1	20	4765	2147483647
954	4	14	15	4770	2147483647
955	3	1	20	4775	2147483647
956	3	1	15	4780	2147483647
957	0	12	5	4785	2147483647
958	4	14	15	4790	2147483647
959	3	1	15	4795	2147483647
960	3	1	20	4800	2147483647
961	4	14	20	4805	2147483647
962	4	14	5	4810	2147483647
963	0	12	15	4815	2147483647
964	4	14	10	4820	2147483647
965	4	8	10	4825	2147483647
966	4	14	15	4830	2147483647
967	0	12	10	4835	2147483647
968	4	14	10	4840	2147483647
969	4	14	5	4845	2147483647
970	3	1	10	4850	2147483647
971	4	14	15	4855	2147483647
972	3	1	20	4860	2147483647
973	4	14	10	4865	2147483647
974	4	8	15	4870	2147483647
975	4	14	10	4875	2147483647
976	4	14	10	4880	2147483647
977	4	14	20	4885	2147483647
978	4	14	20	4890	2147483647
979	4	8	20	4895	2147483647
980	4	14	20	4900	2147483647
981	4	8	15	4905	2147483647
982	4	14	5	4910	2147483647
983	4	8	20	4915	2147483647
984	4	14	15	4920	2147483647
985	4	8	10	4925	2147483647
986	4	14	10	4930	2147483647
987	4	8	20	4935	2147483647
988	4	8	20	4940	2147483647
989	3	1	20	4945	2147483647
990	3	1	15	4950	2147483647
991	3	1	5	4955	2147483647
992	3	1	15	4960	2147483647
993	3	1	5	4965	2147483647
994	0	12	5	4970	2147483647
995	4	14	20	4975	2147483647
996	4	8	15	4980	2147483647
997	4	8	15	4985	2147483647
998	4	8	5	4990	2147483647
999	0	12	5	4995	2147483647
1000	4	14	20	5000	2147483647
1001	4	14	15	5005	2147483647
1002	4	8	10	5010	2147483647
1003	4	14	10	5015	2147483647
1004	4	8	15	5020	2147483647
1005	4	14	15	5025	2147483647
1006	3	1	10	5030	2147483647
1007	4	14	5	5035	2147483647
1008	3	1	20	5040	2147483647
1009	0	12	20	5045	2147483647
1010	4	14	5	5050	2147483647
1011	4	14	10	5055	2147483647
1012	4	14	10	5060	2147483647
1013	4	8	5	5065	2147483647
1014	4	8	15	5070	2147483647
1015	4	14	5	5075	2147483647
1016	4	14	10	5080	2147483647
1017	4	8	10	5085	2147483647
1018	4	14	15	5090	2147483647
1019	4	14	5	5095	2147483647
1020	0	12	5	5100	2147483647
1021	4	14	10	5105	2147483647
1022	3	1	5	5110	2147483647
1023	3	1	20	5115	2147483647
1024	4	8	20	5120	2147483647
1025	4	14	10	5125	2147483647
1026	0	12	5	5130	2147483647
1027	3	1	15	5135	2147483647
1028	4	14	10	5140	2147483647
1029	4	14	15	5145	2147483647
1030	0	12	15	5150	2147483647
1031	4	8	15	5155	2147483647
1032	4	14	15	5160	2147483647
1033	4	14	20	5165	2147483647
1034	4	8	5	5170	2147483647
1035	4	8	20	5175	2147483647
1036	0	12	20	5180	2147483647
1037	4	14	15	5185	2147483647
1038	4	8	15	5190	2147483647
1039	4	14	20	5195	2147483647
1040	4	8	10	5200	2147483647
1041	4	14	10	5205	2147483647
1042	4	14	10	5210	2147483647
1043	0	12	20	5215	2147483647
1044	0	12	10	5220	2147483647
1045	3	1	15	5225	2147483647
1046	0	12	5	5230	2147483647
1047	4	8	10	5235	2147483647
1048	4	14	10	5240	2147483647
1049	3	1	20	5245	2147483647
1050	3	1	10	5250	2147483647
1051	4	14	20	5255	2147483647
1052	4	14	5	5260	2147483647
1053	4	8	5	5265	2147483647
1054	4	8	15	5270	2147483647
1055	3	1	10	5275	2147483647
1056	3	1	20	5280	2147483647
1057	4	14	15	5285	2147483647
1058	4	14	20	5290	2147483647
1059	4	14	10	5295	2147483647
1060	4	14	20	5300	2147483647
1061	4	14	20	5305	2147483647
1062	4	14	15	5310	2147483647
1063	4	14	20	5315	2147483647
1064	4	14	10	5320	2147483647
1065	4	14	20	5325	2147483647
1066	0	12	20	5330	2147483647
1067	3	1	15	5335	2147483647
1068	4	14	5	5340	2147483647
1069	4	14	15	5345	2147483647
1070	4	8	20	5350	2147483647
1071	3	1	10	5355	2147483647
1072	4	14	5	5360	2147483647
1073	4	8	5	5365	2147483647
1074	3	1	15	5370	2147483647
1075	4	14	20	5375	2147483647
1076	3	1	5	5380	2147483647
1077	3	1	10	5385	2147483647
1078	3	1	20	5390	2147483647
1079	4	8	5	5395	2147483647
1080	4	8	10	5400	2147483647
1081	3	1	15	5405	2147483647
1082	4	14	15	5410	2147483647
1083	3	1	15	5415	2147483647
1084	3	1	20	5420	2147483647
1085	4	14	15	5425	2147483647
1086	4	8	5	5430	2147483647
1087	3	1	20	5435	2147483647
1088	3	1	15	5440	2147483647
1089	4	14	15	5445	2147483647
1090	3	1	20	5450	2147483647
1091	4	8	5	5455	2147483647
1092	4	14	20	5460	2147483647
1093	3	1	20	5465	2147483647
1094	3	1	20	5470	2147483647
1095	4	8	5	5475	2147483647
1096	4	14	10	5480	2147483647
1097	3	1	15	5485	2147483647
1098	3	1	20	5490	2147483647
1099	3	1	5	5495	2147483647
1100	3	1	15	5500	2147483647
1101	3	1	15	5505	2147483647
1102	4	14	5	5510	2147483647
1103	4	14	10	5515	2147483647
1104	4	14	15	5520	2147483647
1105	0	12	20	5525	2147483647
1106	4	14	15	5530	2147483647
1107	4	14	10	5535	2147483647
1108	4	8	10	5540	2147483647
1109	0	12	20	5545	2147483647
1110	3	1	10	5550	2147483647
1111	0	12	15	5555	2147483647
1112	4	14	15	5560	2147483647
1113	4	14	20	5565	2147483647
1114	4	14	15	5570	2147483647
1115	3	1	10	5575	2147483647
1116	0	12	20	5580	2147483647
1117	4	8	15	5585	2147483647
1118	4	8	15	5590	2147483647
1119	4	8	15	5595	2147483647
1120	0	12	5	5600	2147483647
1121	4	8	20	5605	2147483647
1122	4	14	5	5610	2147483647
1123	4	8	10	5615	2147483647
1124	3	1	20	5620	2147483647
1125	3	1	20	5625	2147483647
1126	4	14	15	5630	2147483647
1127	4	14	5	5635	2147483647
1128	3	1	20	5640	2147483647
1129	4	14	5	5645	2147483647
1130	3	1	20	5650	2147483647
1131	3	1	5	5655	2147483647
1132	4	8	15	5660	2147483647
1133	4	14	5	5665	2147483647
1134	3	1	5	5670	2147483647
1135	4	8	15	5675	2147483647
1136	3	1	15	5680	2147483647
1137	4	14	10	5685	2147483647
1138	4	8	5	5690	2147483647
1139	4	14	20	5695	2147483647
1140	3	1	15	5700	2147483647
1141	4	8	20	5705	2147483647
1142	4	8	10	5710	2147483647
1143	3	1	15	5715	2147483647
1144	0	12	5	5720	2147483647
1145	4	8	10	5725	2147483647
1146	0	12	20	5730	2147483647
1147	4	8	5	5735	2147483647
1148	3	1	10	5740	2147483647
1149	4	14	10	5745	2147483647
1150	4	8	5	5750	2147483647
1151	4	14	10	5755	2147483647
1152	4	14	20	5760	2147483647
1153	3	1	10	5765	2147483647
1154	4	14	10	5770	2147483647
1155	4	14	15	5775	2147483647
1156	4	8	20	5780	2147483647
1157	4	14	20	5785	2147483647
1158	4	14	20	5790	2147483647
1159	4	14	15	5795	2147483647
1160	4	14	10	5800	2147483647
1161	4	14	10	5805	2147483647
1162	0	12	20	5810	2147483647
1163	3	1	10	5815	2147483647
1164	3	1	20	5820	2147483647
1165	4	14	20	5825	2147483647
1166	4	8	10	5830	2147483647
1167	3	1	10	5835	2147483647
1168	4	14	15	5840	2147483647
1169	0	12	10	5845	2147483647
1170	4	14	5	5850	2147483647
1171	4	14	15	5855	2147483647
1172	4	8	15	5860	2147483647
1173	0	12	5	5865	2147483647
1174	4	8	10	5870	2147483647
1175	3	1	20	5875	2147483647
1176	3	1	5	5880	2147483647
1177	3	1	20	5885	2147483647
1178	4	8	15	5890	2147483647
1179	3	1	20	5895	2147483647
1180	3	1	5	5900	2147483647
1181	0	12	20	5905	2147483647
1182	4	14	5	5910	2147483647
1183	4	8	20	5915	2147483647
1184	3	1	10	5920	2147483647
1185	4	8	5	5925	2147483647
1186	4	14	10	5930	2147483647
1187	4	14	20	5935	2147483647
1188	3	1	10	5940	2147483647
1189	4	8	10	5945	2147483647
1190	4	14	10	5950	2147483647
1191	3	1	20	5955	2147483647
1192	3	1	20	5960	2147483647
1193	3	1	5	5965	2147483647
1194	0	12	20	5970	2147483647
1195	0	12	5	5975	2147483647
1196	4	8	5	5980	2147483647
1197	4	14	20	5985	2147483647
1198	4	8	20	5990	2147483647
1199	4	14	5	5995	2147483647
1200	3	1	10	6000	2147483647
1201	4	14	15	6005	2147483647
1202	4	8	10	6010	2147483647
1203	4	14	5	6015	2147483647
1204	3	1	15	6020	2147483647
1205	4	8	20	6025	2147483647
1206	3	1	5	6030	2147483647
1207	4	14	5	6035	2147483647
1208	4	14	5	6040	2147483647
1209	3	1	20	6045	2147483647
1210	4	14	5	6050	2147483647
1211	4	14	15	6055	2147483647
1212	3	1	5	6060	2147483647
1213	4	14	15	6065	2147483647
1214	3	1	20	6070	2147483647
1215	3	1	15	6075	2147483647
1216	3	1	5	6080	2147483647
1217	0	12	15	6085	2147483647
1218	4	14	15	6090	2147483647
1219	4	14	5	6095	2147483647
1220	4	14	5	6100	2147483647
1221	4	14	15	6105	2147483647
1222	3	1	10	6110	2147483647
1223	3	1	5	6115	2147483647
1224	3	1	20	6120	2147483647
1225	4	8	5	6125	2147483647
1226	3	1	20	6130	2147483647
1227	3	1	10	6135	2147483647
1228	3	1	5	6140	2147483647
1229	4	8	5	6145	2147483647
1230	3	1	10	6150	2147483647
1231	3	1	10	6155	2147483647
1232	4	14	15	6160	2147483647
1233	4	8	10	6165	2147483647
1234	4	14	10	6170	2147483647
1235	3	1	20	6175	2147483647
1236	3	1	10	6180	2147483647
1237	4	14	10	6185	2147483647
1238	4	8	5	6190	2147483647
1239	0	12	5	6195	2147483647
1240	3	1	15	6200	2147483647
1241	4	8	15	6205	2147483647
1242	4	14	15	6210	2147483647
1243	4	14	15	6215	2147483647
1244	4	14	20	6220	2147483647
1245	0	12	10	6225	2147483647
1246	3	1	15	6230	2147483647
1247	4	14	15	6235	2147483647
1248	4	14	10	6240	2147483647
1249	3	1	20	6245	2147483647
1250	0	12	5	6250	2147483647
1251	4	8	20	6255	2147483647
1252	3	1	5	6260	2147483647
1253	4	14	10	6265	2147483647
1254	4	8	5	6270	2147483647
1255	4	8	10	6275	2147483647
1256	0	12	5	6280	2147483647
1257	3	1	20	6285	2147483647
1258	4	8	20	6290	2147483647
1259	4	14	10	6295	2147483647
1260	4	14	15	6300	2147483647
1261	4	14	5	6305	2147483647
1262	3	1	20	6310	2147483647
1263	3	1	20	6315	2147483647
1264	3	1	10	6320	2147483647
1265	4	14	15	6325	2147483647
1266	3	1	10	6330	2147483647
1267	0	12	10	6335	2147483647
1268	3	1	10	6340	2147483647
1269	4	8	10	6345	2147483647
1270	4	14	15	6350	2147483647
1271	3	1	15	6355	2147483647
1272	4	14	15	6360	2147483647
1273	3	1	10	6365	2147483647
1274	4	14	20	6370	2147483647
1275	4	8	15	6375	2147483647
1276	4	14	5	6380	2147483647
1277	0	12	10	6385	2147483647
1278	4	8	5	6390	2147483647
1279	4	14	15	6395	2147483647
1280	4	14	20	6400	2147483647
1281	4	14	20	6405	2147483647
1282	4	8	10	6410	2147483647
1283	4	14	20	6415	2147483647
1284	0	12	5	6420	2147483647
1285	3	1	20	6425	2147483647
1286	4	14	5	6430	2147483647
1287	4	14	5	6435	2147483647
1288	4	8	5	6440	2147483647
1289	3	1	15	6445	2147483647
1290	3	1	5	6450	2147483647
1291	4	14	15	6455	2147483647
1292	0	12	5	6460	2147483647
1293	0	12	10	6465	2147483647
1294	4	8	15	6470	2147483647
1295	4	8	5	6475	2147483647
1296	4	14	15	6480	2147483647
1297	4	14	20	6485	2147483647
1298	4	14	15	6490	2147483647
1299	3	1	5	6495	2147483647
1300	4	14	15	6500	2147483647
1301	4	8	20	6505	2147483647
1302	4	8	10	6510	2147483647
1303	0	12	10	6515	2147483647
1304	3	1	5	6520	2147483647
1305	3	1	5	6525	2147483647
1306	3	1	20	6530	2147483647
1307	0	12	15	6535	2147483647
1308	0	12	5	6540	2147483647
1309	4	14	5	6545	2147483647
1310	3	1	10	6550	2147483647
1311	3	1	10	6555	2147483647
1312	4	14	10	6560	2147483647
1313	3	1	5	6565	2147483647
1314	3	1	15	6570	2147483647
1315	0	12	10	6575	2147483647
1316	4	14	10	6580	2147483647
1317	4	14	20	6585	2147483647
1318	4	14	20	6590	2147483647
1319	3	1	20	6595	2147483647
1320	0	12	15	6600	2147483647
1321	4	14	5	6605	2147483647
1322	3	1	5	6610	2147483647
1323	4	14	15	6615	2147483647
1324	3	1	5	6620	2147483647
1325	4	14	20	6625	2147483647
1326	4	14	5	6630	2147483647
1327	4	14	10	6635	2147483647
1328	0	12	20	6640	2147483647
1329	4	14	20	6645	2147483647
1330	4	14	20	6650	2147483647
1331	4	14	20	6655	2147483647
1332	4	14	20	6660	2147483647
1333	4	8	5	6665	2147483647
1334	4	14	5	6670	2147483647
1335	4	14	5	6675	2147483647
1336	3	1	20	6680	2147483647
1337	4	8	15	6685	2147483647
1338	3	1	10	6690	2147483647
1339	0	12	20	6695	2147483647
1340	4	14	15	6700	2147483647
1341	3	1	10	6705	2147483647
1342	4	14	5	6710	2147483647
1343	3	1	15	6715	2147483647
1344	3	1	10	6720	2147483647
1345	4	14	20	6725	2147483647
1346	0	12	15	6730	2147483647
1347	4	14	5	6735	2147483647
1348	4	14	5	6740	2147483647
1349	4	8	10	6745	2147483647
1350	4	14	10	6750	2147483647
1351	4	14	10	6755	2147483647
1352	3	1	15	6760	2147483647
1353	3	1	5	6765	2147483647
1354	0	12	5	6770	2147483647
1355	0	12	20	6775	2147483647
1356	4	14	5	6780	2147483647
1357	4	8	10	6785	2147483647
1358	3	1	15	6790	2147483647
1359	4	14	20	6795	2147483647
1360	3	1	15	6800	2147483647
1361	4	14	15	6805	2147483647
1362	3	1	20	6810	2147483647
1363	4	14	20	6815	2147483647
1364	4	8	5	6820	2147483647
1365	4	14	5	6825	2147483647
1366	0	12	15	6830	2147483647
1367	4	14	10	6835	2147483647
1368	4	14	5	6840	2147483647
1369	4	14	5	6845	2147483647
1370	4	14	10	6850	2147483647
1371	4	14	5	6855	2147483647
1372	3	1	5	6860	2147483647
1373	0	12	5	6865	2147483647
1374	3	1	10	6870	2147483647
1375	4	14	5	6875	2147483647
1376	3	1	10	6880	2147483647
1377	4	14	10	6885	2147483647
1378	3	1	5	6890	2147483647
1379	4	14	15	6895	2147483647
1380	4	14	15	6900	2147483647
1381	4	14	20	6905	2147483647
1382	4	8	20	6910	2147483647
1383	4	14	10	6915	2147483647
1384	4	8	20	6920	2147483647
1385	3	1	5	6925	2147483647
1386	4	14	15	6930	2147483647
1387	4	8	5	6935	2147483647
1388	4	14	15	6940	2147483647
1389	4	8	10	6945	2147483647
1390	4	14	20	6950	2147483647
1391	3	1	15	6955	2147483647
1392	3	1	20	6960	2147483647
1393	4	14	15	6965	2147483647
1394	4	14	10	6970	2147483647
1395	4	14	15	6975	2147483647
1396	3	1	10	6980	2147483647
1397	3	1	5	6985	2147483647
1398	3	1	15	6990	2147483647
1399	4	14	10	6995	2147483647
1400	4	8	20	7000	2147483647
1401	4	14	15	7005	2147483647
1402	0	12	15	7010	2147483647
1403	3	1	15	7015	2147483647
1404	4	8	20	7020	2147483647
1405	4	14	20	7025	2147483647
1406	0	12	10	7030	2147483647
1407	4	14	20	7035	2147483647
1408	0	12	5	7040	2147483647
1409	3	1	10	7045	2147483647
1410	0	12	5	7050	2147483647
1411	4	14	15	7055	2147483647
1412	0	12	15	7060	2147483647
1413	4	14	10	7065	2147483647
1414	3	1	5	7070	2147483647
1415	3	1	5	7075	2147483647
1416	4	14	15	7080	2147483647
1417	4	8	20	7085	2147483647
1418	0	12	20	7090	2147483647
1419	3	1	20	7095	2147483647
1420	3	1	10	7100	2147483647
1421	3	1	20	7105	2147483647
1422	4	14	20	7110	2147483647
1423	4	14	20	7115	2147483647
1424	3	1	15	7120	2147483647
1425	0	12	10	7125	2147483647
1426	4	8	15	7130	2147483647
1427	3	1	5	7135	2147483647
1428	4	8	5	7140	2147483647
1429	3	1	10	7145	2147483647
1430	4	14	20	7150	2147483647
1431	4	8	5	7155	2147483647
1432	4	8	15	7160	2147483647
1433	0	12	10	7165	2147483647
1434	3	1	5	7170	2147483647
1435	4	14	5	7175	2147483647
1436	4	14	15	7180	2147483647
1437	4	14	20	7185	2147483647
1438	4	14	20	7190	2147483647
1439	4	14	5	7195	2147483647
1440	4	14	20	7200	2147483647
1441	0	12	15	7205	2147483647
1442	0	12	5	7210	2147483647
1443	4	14	10	7215	2147483647
1444	4	8	20	7220	2147483647
1445	4	14	20	7225	2147483647
1446	4	8	5	7230	2147483647
1447	4	8	15	7235	2147483647
1448	0	12	10	7240	2147483647
1449	3	1	10	7245	2147483647
1450	4	14	10	7250	2147483647
1451	4	14	10	7255	2147483647
1452	4	14	20	7260	2147483647
1453	4	14	15	7265	2147483647
1454	4	14	15	7270	2147483647
1455	3	1	10	7275	2147483647
1456	4	8	10	7280	2147483647
1457	3	1	20	7285	2147483647
1458	4	14	15	7290	2147483647
1459	4	14	5	7295	2147483647
1460	4	14	15	7300	2147483647
1461	0	12	10	7305	2147483647
1462	3	1	20	7310	2147483647
1463	4	14	10	7315	2147483647
1464	3	1	5	7320	2147483647
1465	4	14	5	7325	2147483647
1466	4	8	15	7330	2147483647
1467	4	8	15	7335	2147483647
1468	4	8	20	7340	2147483647
1469	4	14	5	7345	2147483647
1470	3	1	10	7350	2147483647
1471	4	14	15	7355	2147483647
1472	3	1	10	7360	2147483647
1473	4	14	20	7365	2147483647
1474	4	14	10	7370	2147483647
1475	4	14	15	7375	2147483647
1476	3	1	15	7380	2147483647
1477	4	14	5	7385	2147483647
1478	3	1	10	7390	2147483647
1479	4	14	5	7395	2147483647
1480	0	12	10	7400	2147483647
1481	4	8	10	7405	2147483647
1482	4	14	10	7410	2147483647
1483	4	8	20	7415	2147483647
1484	4	8	20	7420	2147483647
1485	4	14	20	7425	2147483647
1486	4	14	20	7430	2147483647
1487	3	1	10	7435	2147483647
1488	0	12	10	7440	2147483647
1489	4	14	5	7445	2147483647
1490	4	8	5	7450	2147483647
1491	4	14	5	7455	2147483647
1492	3	1	5	7460	2147483647
1493	4	14	15	7465	2147483647
1494	4	14	20	7470	2147483647
1495	4	8	20	7475	2147483647
1496	0	12	15	7480	2147483647
1497	4	8	5	7485	2147483647
1498	4	8	5	7490	2147483647
1499	4	14	5	7495	2147483647
1500	0	12	20	7500	2147483647
1501	4	14	15	7505	2147483647
1502	4	14	20	7510	2147483647
1503	4	14	15	7515	2147483647
1504	4	14	10	7520	2147483647
1505	4	8	5	7525	2147483647
1506	3	1	15	7530	2147483647
1507	4	14	20	7535	2147483647
1508	3	1	5	7540	2147483647
1509	0	12	20	7545	2147483647
1510	3	1	10	7550	2147483647
1511	4	14	10	7555	2147483647
1512	4	14	15	7560	2147483647
1513	4	14	20	7565	2147483647
1514	4	14	10	7570	2147483647
1515	4	8	20	7575	2147483647
1516	4	14	15	7580	2147483647
1517	0	12	10	7585	2147483647
1518	3	1	5	7590	2147483647
1519	3	1	15	7595	2147483647
1520	3	1	5	7600	2147483647
1521	4	14	10	7605	2147483647
1522	4	14	5	7610	2147483647
1523	4	14	10	7615	2147483647
1524	4	14	5	7620	2147483647
1525	4	14	5	7625	2147483647
1526	0	12	20	7630	2147483647
1527	4	14	15	7635	2147483647
1528	4	14	10	7640	2147483647
1529	4	14	5	7645	2147483647
1530	4	14	20	7650	2147483647
1531	4	14	15	7655	2147483647
1532	4	8	10	7660	2147483647
1533	3	1	15	7665	2147483647
1534	3	1	15	7670	2147483647
1535	3	1	10	7675	2147483647
1536	3	1	10	7680	2147483647
1537	3	1	10	7685	2147483647
1538	4	14	10	7690	2147483647
1539	3	1	15	7695	2147483647
1540	4	14	15	7700	2147483647
1541	4	8	15	7705	2147483647
1542	4	14	5	7710	2147483647
1543	4	14	20	7715	2147483647
1544	4	14	10	7720	2147483647
1545	3	1	5	7725	2147483647
1546	4	8	10	7730	2147483647
1547	4	14	10	7735	2147483647
1548	3	1	5	7740	2147483647
1549	4	8	10	7745	2147483647
1550	4	14	20	7750	2147483647
1551	4	14	5	7755	2147483647
1552	4	14	5	7760	2147483647
1553	3	1	15	7765	2147483647
1554	3	1	10	7770	2147483647
1555	4	14	10	7775	2147483647
1556	4	14	5	7780	2147483647
1557	0	12	5	7785	2147483647
1558	4	14	10	7790	2147483647
1559	4	14	5	7795	2147483647
1560	3	1	15	7800	2147483647
1561	4	14	5	7805	2147483647
1562	3	1	10	7810	2147483647
1563	3	1	5	7815	2147483647
1564	4	14	5	7820	2147483647
1565	4	14	15	7825	2147483647
1566	4	8	5	7830	2147483647
1567	4	14	5	7835	2147483647
1568	4	14	5	7840	2147483647
1569	4	14	10	7845	2147483647
1570	3	1	5	7850	2147483647
1571	3	1	10	7855	2147483647
1572	4	14	20	7860	2147483647
1573	4	8	20	7865	2147483647
1574	4	8	15	7870	2147483647
1575	4	14	5	7875	2147483647
1576	4	8	5	7880	2147483647
1577	4	14	5	7885	2147483647
1578	4	8	15	7890	2147483647
1579	4	14	10	7895	2147483647
1580	4	14	10	7900	2147483647
1581	4	14	10	7905	2147483647
1582	3	1	5	7910	2147483647
1583	4	8	20	7915	2147483647
1584	4	8	5	7920	2147483647
1585	3	1	15	7925	2147483647
1586	3	1	10	7930	2147483647
1587	3	1	10	7935	2147483647
1588	4	8	10	7940	2147483647
1589	3	1	15	7945	2147483647
1590	0	12	10	7950	2147483647
1591	4	14	5	7955	2147483647
1592	3	1	20	7960	2147483647
1593	3	1	5	7965	2147483647
1594	4	8	20	7970	2147483647
1595	4	14	10	7975	2147483647
1596	3	1	15	7980	2147483647
1597	4	14	5	7985	2147483647
1598	3	1	20	7990	2147483647
1599	0	12	10	7995	2147483647
1600	4	14	10	8000	2147483647
1601	4	14	5	8005	2147483647
1602	4	8	5	8010	2147483647
1603	4	14	15	8015	2147483647
1604	4	14	15	8020	2147483647
1605	4	14	20	8025	2147483647
1606	0	12	5	8030	2147483647
1607	4	8	10	8035	2147483647
1608	3	1	15	8040	2147483647
1609	0	12	10	8045	2147483647
1610	4	14	5	8050	2147483647
1611	4	14	10	8055	2147483647
1612	4	8	5	8060	2147483647
1613	4	8	20	8065	2147483647
1614	4	14	10	8070	2147483647
1615	4	14	10	8075	2147483647
1616	4	8	5	8080	2147483647
1617	4	14	15	8085	2147483647
1618	4	14	15	8090	2147483647
1619	4	14	10	8095	2147483647
1620	3	1	20	8100	2147483647
1621	3	1	15	8105	2147483647
1622	4	14	5	8110	2147483647
1623	4	8	10	8115	2147483647
1624	3	1	10	8120	2147483647
1625	4	14	15	8125	2147483647
1626	4	14	15	8130	2147483647
1627	4	14	10	8135	2147483647
1628	4	14	5	8140	2147483647
1629	0	12	5	8145	2147483647
1630	4	14	20	8150	2147483647
1631	4	14	5	8155	2147483647
1632	4	14	15	8160	2147483647
1633	4	14	20	8165	2147483647
1634	4	8	15	8170	2147483647
1635	3	1	15	8175	2147483647
1636	4	14	15	8180	2147483647
1637	4	8	20	8185	2147483647
1638	4	14	5	8190	2147483647
1639	4	14	5	8195	2147483647
1640	4	14	20	8200	2147483647
1641	3	1	15	8205	2147483647
1642	4	14	5	8210	2147483647
1643	3	1	15	8215	2147483647
1644	3	1	10	8220	2147483647
1645	4	14	15	8225	2147483647
1646	4	14	20	8230	2147483647
1647	3	1	10	8235	2147483647
1648	4	14	5	8240	2147483647
1649	4	14	5	8245	2147483647
1650	3	1	5	8250	2147483647
1651	4	8	15	8255	2147483647
1652	4	14	20	8260	2147483647
1653	0	12	5	8265	2147483647
1654	3	1	20	8270	2147483647
1655	4	14	20	8275	2147483647
1656	3	1	20	8280	2147483647
1657	4	8	20	8285	2147483647
1658	3	1	10	8290	2147483647
1659	3	1	10	8295	2147483647
1660	0	12	5	8300	2147483647
1661	3	1	20	8305	2147483647
1662	4	14	20	8310	2147483647
1663	4	8	20	8315	2147483647
1664	0	12	15	8320	2147483647
1665	4	14	15	8325	2147483647
1666	4	8	10	8330	2147483647
1667	4	14	15	8335	2147483647
1668	4	14	15	8340	2147483647
1669	4	14	15	8345	2147483647
1670	4	8	10	8350	2147483647
1671	4	8	15	8355	2147483647
1672	4	14	20	8360	2147483647
1673	4	8	15	8365	2147483647
1674	4	14	15	8370	2147483647
1675	0	12	15	8375	2147483647
1676	4	14	10	8380	2147483647
1677	4	8	10	8385	2147483647
1678	4	14	10	8390	2147483647
1679	4	14	20	8395	2147483647
1680	4	14	5	8400	2147483647
1681	4	8	20	8405	2147483647
1682	4	14	5	8410	2147483647
1683	3	1	20	8415	2147483647
1684	4	8	15	8420	2147483647
1685	4	8	15	8425	2147483647
1686	4	14	20	8430	2147483647
1687	4	8	15	8435	2147483647
1688	4	14	20	8440	2147483647
1689	0	12	20	8445	2147483647
1690	4	14	15	8450	2147483647
1691	4	8	10	8455	2147483647
1692	3	1	10	8460	2147483647
1693	4	14	15	8465	2147483647
1694	3	1	15	8470	2147483647
1695	0	12	10	8475	2147483647
1696	4	14	20	8480	2147483647
1697	4	14	20	8485	2147483647
1698	4	8	5	8490	2147483647
1699	4	14	15	8495	2147483647
1700	3	1	5	8500	2147483647
1701	3	1	5	8505	2147483647
1702	3	1	10	8510	2147483647
1703	4	14	20	8515	2147483647
1704	4	8	10	8520	2147483647
1705	3	1	15	8525	2147483647
1706	4	8	20	8530	2147483647
1707	4	8	10	8535	2147483647
1708	0	12	15	8540	2147483647
1709	3	1	10	8545	2147483647
1710	3	1	20	8550	2147483647
1711	4	14	15	8555	2147483647
1712	3	1	15	8560	2147483647
1713	4	14	20	8565	2147483647
1714	4	14	10	8570	2147483647
1715	3	1	15	8575	2147483647
1716	4	8	10	8580	2147483647
1717	3	1	10	8585	2147483647
1718	0	12	5	8590	2147483647
1719	4	14	5	8595	2147483647
1720	3	1	20	8600	2147483647
1721	3	1	20	8605	2147483647
1722	4	8	10	8610	2147483647
1723	4	8	20	8615	2147483647
1724	3	1	10	8620	2147483647
1725	4	14	15	8625	2147483647
1726	4	14	10	8630	2147483647
1727	4	8	15	8635	2147483647
1728	3	1	20	8640	2147483647
1729	3	1	20	8645	2147483647
1730	3	1	5	8650	2147483647
1731	4	14	20	8655	2147483647
1732	0	12	15	8660	2147483647
1733	3	1	20	8665	2147483647
1734	3	1	20	8670	2147483647
1735	4	8	20	8675	2147483647
1736	4	14	5	8680	2147483647
1737	0	12	10	8685	2147483647
1738	3	1	20	8690	2147483647
1739	3	1	5	8695	2147483647
1740	3	1	20	8700	2147483647
1741	4	8	15	8705	2147483647
1742	3	1	20	8710	2147483647
1743	4	14	20	8715	2147483647
1744	3	1	5	8720	2147483647
1745	4	14	10	8725	2147483647
1746	4	14	5	8730	2147483647
1747	4	14	10	8735	2147483647
1748	4	8	15	8740	2147483647
1749	4	14	15	8745	2147483647
1750	4	14	10	8750	2147483647
1751	3	1	20	8755	2147483647
1752	4	8	5	8760	2147483647
1753	4	14	15	8765	2147483647
1754	4	8	20	8770	2147483647
1755	4	8	15	8775	2147483647
1756	4	8	10	8780	2147483647
1757	4	8	15	8785	2147483647
1758	4	14	10	8790	2147483647
1759	3	1	5	8795	2147483647
1760	4	14	15	8800	2147483647
1761	3	1	10	8805	2147483647
1762	4	14	20	8810	2147483647
1763	4	8	15	8815	2147483647
1764	3	1	15	8820	2147483647
1765	4	8	20	8825	2147483647
1766	0	12	5	8830	2147483647
1767	3	1	5	8835	2147483647
1768	3	1	10	8840	2147483647
1769	3	1	10	8845	2147483647
1770	4	8	5	8850	2147483647
1771	4	14	10	8855	2147483647
1772	4	14	10	8860	2147483647
1773	0	12	10	8865	2147483647
1774	4	14	5	8870	2147483647
1775	3	1	20	8875	2147483647
1776	4	14	20	8880	2147483647
1777	4	14	5	8885	2147483647
1778	4	14	5	8890	2147483647
1779	0	12	5	8895	2147483647
1780	4	14	5	8900	2147483647
1781	3	1	10	8905	2147483647
1782	4	14	10	8910	2147483647
1783	4	14	5	8915	2147483647
1784	4	14	20	8920	2147483647
1785	4	8	15	8925	2147483647
1786	0	12	10	8930	2147483647
1787	4	14	20	8935	2147483647
1788	4	14	5	8940	2147483647
1789	3	1	15	8945	2147483647
1790	4	14	20	8950	2147483647
1791	4	14	10	8955	2147483647
1792	3	1	10	8960	2147483647
1793	4	14	10	8965	2147483647
1794	3	1	5	8970	2147483647
1795	3	1	5	8975	2147483647
1796	3	1	5	8980	2147483647
1797	3	1	5	8985	2147483647
1798	4	14	5	8990	2147483647
1799	4	14	10	8995	2147483647
1800	3	1	20	9000	2147483647
1801	4	8	20	9005	2147483647
1802	4	14	20	9010	2147483647
1803	4	14	15	9015	2147483647
1804	4	14	20	9020	2147483647
1805	3	1	20	9025	2147483647
1806	4	14	15	9030	2147483647
1807	3	1	20	9035	2147483647
1808	4	8	5	9040	2147483647
1809	0	12	5	9045	2147483647
1810	3	1	10	9050	2147483647
1811	4	14	20	9055	2147483647
1812	4	14	5	9060	2147483647
1813	4	8	20	9065	2147483647
1814	4	14	15	9070	2147483647
1815	0	12	15	9075	2147483647
1816	4	8	5	9080	2147483647
1817	4	14	5	9085	2147483647
1818	4	14	20	9090	2147483647
1819	3	1	15	9095	2147483647
1820	4	14	5	9100	2147483647
1821	3	1	10	9105	2147483647
1822	4	14	15	9110	2147483647
1823	3	1	20	9115	2147483647
1824	4	14	15	9120	2147483647
1825	4	14	15	9125	2147483647
1826	4	8	15	9130	2147483647
1827	4	14	5	9135	2147483647
1828	4	14	10	9140	2147483647
1829	3	1	20	9145	2147483647
1830	4	14	20	9150	2147483647
1831	4	14	5	9155	2147483647
1832	4	14	15	9160	2147483647
1833	4	14	15	9165	2147483647
1834	3	1	10	9170	2147483647
1835	4	8	10	9175	2147483647
1836	4	14	15	9180	2147483647
1837	3	1	10	9185	2147483647
1838	0	12	15	9190	2147483647
1839	4	14	5	9195	2147483647
1840	4	14	10	9200	2147483647
1841	4	8	10	9205	2147483647
1842	4	14	10	9210	2147483647
1843	3	1	15	9215	2147483647
1844	4	8	20	9220	2147483647
1845	0	12	5	9225	2147483647
1846	3	1	15	9230	2147483647
1847	4	14	20	9235	2147483647
1848	3	1	5	9240	2147483647
1849	3	1	5	9245	2147483647
1850	4	14	20	9250	2147483647
1851	4	8	10	9255	2147483647
1852	3	1	15	9260	2147483647
1853	0	12	15	9265	2147483647
1854	0	12	15	9270	2147483647
1855	0	12	10	9275	2147483647
1856	3	1	10	9280	2147483647
1857	4	8	10	9285	2147483647
1858	4	14	15	9290	2147483647
1859	3	1	15	9295	2147483647
1860	0	12	5	9300	2147483647
1861	3	1	20	9305	2147483647
1862	4	8	20	9310	2147483647
1863	4	14	5	9315	2147483647
1864	3	1	20	9320	2147483647
1865	0	12	20	9325	2147483647
1866	0	12	15	9330	2147483647
1867	4	8	20	9335	2147483647
1868	0	12	15	9340	2147483647
1869	4	14	10	9345	2147483647
1870	4	8	20	9350	2147483647
1871	3	1	15	9355	2147483647
1872	4	14	15	9360	2147483647
1873	4	14	10	9365	2147483647
1874	3	1	15	9370	2147483647
1875	0	12	20	9375	2147483647
1876	4	14	20	9380	2147483647
1877	4	8	20	9385	2147483647
1878	3	1	10	9390	2147483647
1879	3	1	10	9395	2147483647
1880	4	14	20	9400	2147483647
1881	4	14	5	9405	2147483647
1882	3	1	10	9410	2147483647
1883	3	1	20	9415	2147483647
1884	0	12	10	9420	2147483647
1885	4	8	5	9425	2147483647
1886	4	14	5	9430	2147483647
1887	3	1	5	9435	2147483647
1888	4	14	20	9440	2147483647
1889	4	8	15	9445	2147483647
1890	4	8	15	9450	2147483647
1891	4	14	20	9455	2147483647
1892	4	14	5	9460	2147483647
1893	4	14	5	9465	2147483647
1894	3	1	10	9470	2147483647
1895	3	1	15	9475	2147483647
1896	3	1	10	9480	2147483647
1897	4	14	5	9485	2147483647
1898	0	12	5	9490	2147483647
1899	0	12	10	9495	2147483647
1900	3	1	20	9500	2147483647
1901	4	8	20	9505	2147483647
1902	3	1	20	9510	2147483647
1903	4	8	20	9515	2147483647
1904	3	1	5	9520	2147483647
1905	4	8	10	9525	2147483647
1906	3	1	20	9530	2147483647
1907	4	8	5	9535	2147483647
1908	4	8	5	9540	2147483647
1909	3	1	10	9545	2147483647
1910	3	1	5	9550	2147483647
1911	4	8	15	9555	2147483647
1912	4	14	15	9560	2147483647
1913	4	14	10	9565	2147483647
1914	3	1	10	9570	2147483647
1915	0	12	10	9575	2147483647
1916	4	14	15	9580	2147483647
1917	4	8	10	9585	2147483647
1918	3	1	20	9590	2147483647
1919	3	1	20	9595	2147483647
1920	0	12	5	9600	2147483647
1921	4	14	10	9605	2147483647
1922	4	8	5	9610	2147483647
1923	4	8	15	9615	2147483647
1924	4	8	15	9620	2147483647
1925	4	14	20	9625	2147483647
1926	4	14	20	9630	2147483647
1927	4	8	5	9635	2147483647
1928	3	1	15	9640	2147483647
1929	4	14	15	9645	2147483647
1930	4	8	20	9650	2147483647
1931	3	1	5	9655	2147483647
1932	4	8	15	9660	2147483647
1933	4	14	15	9665	2147483647
1934	3	1	20	9670	2147483647
1935	4	14	10	9675	2147483647
1936	3	1	15	9680	2147483647
1937	4	8	5	9685	2147483647
1938	4	8	20	9690	2147483647
1939	3	1	20	9695	2147483647
1940	3	1	5	9700	2147483647
1941	4	8	20	9705	2147483647
1942	3	1	5	9710	2147483647
1943	4	14	5	9715	2147483647
1944	3	1	5	9720	2147483647
1945	4	14	20	9725	2147483647
1946	4	14	20	9730	2147483647
1947	4	14	5	9735	2147483647
1948	3	1	20	9740	2147483647
1949	4	8	15	9745	2147483647
1950	3	1	10	9750	2147483647
1951	4	14	5	9755	2147483647
1952	4	14	15	9760	2147483647
1953	3	1	5	9765	2147483647
1954	3	1	20	9770	2147483647
1955	4	14	15	9775	2147483647
1956	0	12	5	9780	2147483647
1957	4	8	20	9785	2147483647
1958	4	14	15	9790	2147483647
1959	4	14	5	9795	2147483647
1960	0	12	15	9800	2147483647
1961	4	8	15	9805	2147483647
1962	4	8	5	9810	2147483647
1963	3	1	15	9815	2147483647
1964	4	14	5	9820	2147483647
1965	4	14	10	9825	2147483647
1966	4	14	20	9830	2147483647
1967	3	1	5	9835	2147483647
1968	4	8	20	9840	2147483647
1969	4	8	15	9845	2147483647
1970	3	1	10	9850	2147483647
1971	3	1	15	9855	2147483647
1972	0	12	5	9860	2147483647
1973	4	14	20	9865	2147483647
1974	4	14	15	9870	2147483647
1975	3	1	20	9875	2147483647
1976	0	12	5	9880	2147483647
1977	3	1	20	9885	2147483647
1978	3	1	10	9890	2147483647
1979	4	8	15	9895	2147483647
1980	0	12	20	9900	2147483647
1981	3	1	10	9905	2147483647
1982	4	8	10	9910	2147483647
1983	4	14	10	9915	2147483647
1984	3	1	5	9920	2147483647
1985	4	14	15	9925	2147483647
1986	3	1	5	9930	2147483647
1987	4	14	15	9935	2147483647
1988	0	12	10	9940	2147483647
1989	3	1	20	9945	2147483647
1990	4	8	15	9950	2147483647
1991	4	14	5	9955	2147483647
1992	4	14	20	9960	2147483647
1993	3	1	15	9965	2147483647
1994	3	1	15	9970	2147483647
1995	4	14	20	9975	2147483647
1996	4	14	10	9980	2147483647
1997	4	14	10	9985	2147483647
1998	0	12	5	9990	2147483647
1999	3	1	15	9995	2147483647
