0	1	11	160	0	29619
1	0	18	200	4	4488
2	3	16	120	8	4662
3	6	19	200	12	5585
4	1	11	160	16	40754
5	4	7	120	20	7798
6	15	0	80	24	6884
7	15	0	200	28	3174
8	15	0	120	32	2129
9	15	0	120	36	2606
10	1	11	200	40	9150
11	4	7	160	44	3937
12	6	19	200	48	4321
13	0	18	120	52	64033
14	0	18	120	56	1693
15	4	7	200	60	17067
16	19	8	120	64	1337
17	0	18	80	68	87380
18	4	7	120	72	4774
19	0	18	160	76	3916
20	15	0	160	80	15070
21	6	19	80	84	10319
22	4	7	160	88	13656
23	0	18	200	92	20141
24	6	19	80	96	6303
25	6	19	160	100	4762
26	0	18	160	104	6397
27	5	13	200	108	20874
28	15	0	160	112	21192
29	1	11	120	116	8845
30	5	13	120	120	23347
31	5	13	200	124	4767
32	5	13	200	128	2296
33	15	0	200	132	8906
34	4	7	120	136	11840
35	15	0	80	140	742
36	3	16	160	144	227
37	3	16	80	148	2033
38	15	0	80	152	7936
39	6	19	160	156	1950
40	0	18	80	160	9269
41	3	16	200	164	68196
42	15	0	80	168	4872
43	0	18	200	172	6883
44	1	11	80	176	239
45	3	16	200	180	36583
46	1	11	120	184	72826
47	4	7	160	188	21009
48	0	18	120	192	8782
49	1	11	200	196	2942
50	0	18	120	200	1643
51	4	7	160	204	115670
52	0	18	200	208	958
53	6	19	120	212	15441
54	19	8	200	216	38286
55	5	13	160	220	7332
56	6	19	80	224	17763
57	3	16	160	228	12311
58	19	8	160	232	55621
59	4	7	200	236	17463
60	4	7	160	240	925
61	1	11	120	244	15520
62	19	8	120	248	9445
63	5	13	80	252	19261
64	1	11	80	256	7720
65	5	13	80	260	3133
66	19	8	160	264	1410
67	19	8	80	268	26553
68	5	13	200	272	9824
69	1	11	120	276	906
70	1	11	120	280	16425
71	5	13	80	284	51854
72	3	16	200	288	14850
73	6	19	160	292	2473
74	0	18	160	296	24038
75	4	7	200	300	15659
76	15	0	200	304	3827
77	3	16	160	308	4067
78	19	8	160	312	19324
79	3	16	80	316	8916
80	4	7	80	320	4990
81	5	13	200	324	14602
82	5	13	120	328	5851
83	5	13	160	332	13359
84	0	18	200	336	6338
85	0	18	160	340	23397
86	5	13	200	344	3560
87	15	0	160	348	11566
88	19	8	80	400	11685
89	19	8	200	405	2699
90	1	11	200	410	7515
91	0	18	200	415	10381
92	3	16	120	420	2605
93	3	16	80	425	20759
94	3	16	80	430	965
95	15	0	160	435	27329
96	3	16	120	440	12425
97	1	11	80	445	13230
98	15	0	200	450	54510
99	5	13	200	455	29023
100	4	7	120	460	26909
101	3	16	120	465	3168
102	19	8	160	470	5083
103	15	0	80	475	7324
104	0	18	160	480	11951
105	5	13	120	485	2352
106	0	18	200	490	8028
107	3	16	80	495	39429
108	6	19	200	500	29486
109	4	7	80	505	5354
110	6	19	160	510	2692
111	4	7	120	515	9450
112	4	7	200	520	28887
113	6	19	160	525	12488
114	0	18	200	530	8074
115	15	0	160	535	9789
116	6	19	80	540	6044
117	4	7	160	545	33892
118	5	13	80	550	7465
119	1	11	120	555	15250
120	0	18	120	560	61330
121	0	18	80	565	13493
122	19	8	200	570	5514
123	6	19	80	575	5788
124	0	18	120	580	18244
125	1	11	120	585	2874
126	1	11	160	590	26624
127	0	18	200	595	33651
128	4	7	160	600	1415
129	1	11	200	605	50957
130	1	11	120	610	1406
131	6	19	200	615	16804
132	5	13	200	620	4766
133	3	16	160	625	31939
134	15	0	200	630	15200
135	1	11	200	635	1479
136	6	19	80	640	6321
137	6	19	80	645	44745
138	5	13	200	650	651
139	5	13	160	655	3378
140	0	18	200	660	7487
141	3	16	160	665	5358
142	1	11	160	670	17886
143	4	7	80	675	4261
144	1	11	80	680	5
145	6	19	120	685	42271
146	5	13	80	690	16423
147	5	13	200	695	15000
148	3	16	120	700	6418
149	4	7	120	705	14697
150	0	18	160	710	11224
151	19	8	200	715	17274
152	6	19	200	720	3366
153	6	19	160	725	6951
154	4	7	160	730	31302
155	3	16	80	735	4480
156	3	16	160	740	35045
157	1	11	160	745	55382
158	6	19	160	750	18588
159	19	8	120	755	7185
160	3	16	160	760	6315
161	0	18	200	765	11631
162	15	0	160	800	28378
163	4	7	80	804	34332
164	3	16	160	808	3575
165	0	18	200	812	11242
166	19	8	160	816	3340
167	0	18	80	820	56898
168	15	0	160	824	42224
169	15	0	80	828	5890
170	1	11	120	832	2252
171	0	18	200	836	7536
172	19	8	160	840	29306
173	19	8	160	844	3224
174	0	18	120	848	4406
175	15	0	160	852	18935
176	19	8	160	856	36324
177	5	13	200	860	951
178	5	13	200	864	5780
179	4	7	80	868	22276
180	5	13	80	872	11833
181	5	13	200	876	3614
182	15	0	160	880	12686
183	19	8	120	884	10578
184	1	11	120	888	9695
185	1	11	120	892	8823
186	19	8	200	896	9872
187	15	0	120	900	37700
188	19	8	80	904	88
189	5	13	160	908	7368
190	15	0	80	912	3574
191	5	13	160	916	7084
192	0	18	120	920	4643
193	5	13	160	924	18137
194	3	16	80	928	31948
195	0	18	80	932	31130
196	4	7	80	936	9690
197	15	0	160	940	24970
198	1	11	120	944	546
199	0	18	120	948	10951
200	15	0	200	952	21575
201	5	13	80	956	17752
202	15	0	80	960	18222
203	4	7	80	964	363
204	3	16	200	968	10146
205	0	18	160	972	2201
206	0	18	80	976	27474
207	6	19	120	980	115
208	5	13	80	984	1894
209	6	19	80	988	2882
210	4	7	160	992	6831
211	15	0	200	996	28389
212	6	19	160	1000	17517
213	3	16	160	1004	43875
214	4	7	80	1008	29231
215	6	19	160	1012	2116
216	1	11	120	1016	55659
217	19	8	80	1020	6808
218	3	16	160	1024	8953
219	0	18	80	1028	23965
220	0	18	200	1032	724
221	0	18	120	1036	5327
222	1	11	80	1040	54068
223	3	16	80	1044	13118
224	0	18	200	1048	1825
225	5	13	200	1052	23763
226	0	18	120	1056	2113
227	3	16	200	1060	2822
228	6	19	160	1064	6130
229	0	18	120	1068	7742
230	4	7	160	1072	4380
231	1	11	200	1076	1805
232	3	16	120	1080	391
233	4	7	120	1084	26366
234	5	13	120	1088	179
235	19	8	200	1092	30610
236	15	0	160	1096	11822
237	4	7	120	1100	11910
238	6	19	120	1104	227
239	0	18	160	1108	6310
240	1	11	120	1112	14799
241	3	16	160	1116	9660
242	1	11	80	1120	25244
243	3	16	200	1200	29388
244	0	18	200	1205	348
245	0	18	120	1210	7387
246	19	8	200	1215	18860
247	6	19	200	1220	6084
248	1	11	120	1225	29223
249	6	19	120	1230	21573
250	15	0	160	1235	35021
251	5	13	200	1240	1823
252	4	7	200	1245	7176
253	1	11	80	1250	4756
254	0	18	160	1255	9605
255	15	0	120	1260	9775
256	4	7	80	1265	19497
257	4	7	80	1270	2051
258	3	16	120	1275	39380
259	6	19	80	1280	19054
260	0	18	120	1285	76
261	6	19	80	1290	17199
262	0	18	200	1295	18681
263	5	13	160	1300	20833
264	1	11	160	1305	41523
265	3	16	200	1310	4407
266	4	7	120	1315	26257
267	1	11	80	1320	31214
268	15	0	120	1325	41325
269	4	7	80	1330	69133
270	15	0	80	1335	14722
271	15	0	80	1340	9396
272	3	16	200	1345	6466
273	1	11	80	1350	1732
274	15	0	200	1355	3037
275	15	0	120	1360	14305
276	15	0	120	1365	10761
277	19	8	80	1370	2141
278	1	11	80	1375	12354
279	19	8	120	1380	21431
280	6	19	200	1385	1355
281	3	16	160	1390	26352
282	1	11	160	1395	6234
283	0	18	80	1400	13802
284	3	16	200	1405	10952
285	19	8	160	1410	2260
286	6	19	200	1415	21881
287	0	18	80	1420	23307
288	4	7	200	1425	7045
289	6	19	200	1430	12917
290	5	13	200	1435	2563
291	4	7	120	1440	8227
292	0	18	200	1445	15078
293	19	8	120	1450	6124
294	19	8	120	1455	6197
295	5	13	80	1460	46336
296	1	11	160	1465	23127
297	6	19	160	1470	1084
298	0	18	120	1475	39497
299	15	0	80	1480	24280
300	5	13	80	1485	13265
301	6	19	160	1490	28778
302	15	0	120	1495	7958
303	6	19	80	1500	30602
304	15	0	80	1505	2390
305	19	8	160	1510	9385
306	1	11	80	1515	23886
307	3	16	200	1520	4791
308	3	16	80	1525	1407
309	1	11	80	1530	31498
310	19	8	80	1535	54843
311	4	7	80	1540	13845
312	1	11	80	1545	13969
313	3	16	80	1550	3110
314	0	18	80	1555	15265
315	6	19	160	1560	3518
316	4	7	160	1565	6551
317	0	18	160	1570	1881
318	1	11	200	1575	4231
319	3	16	200	1580	25247
320	6	19	200	1600	10947
321	4	7	120	1605	640
322	15	0	120	1610	11144
323	1	11	120	1615	7404
324	15	0	120	1620	29190
325	3	16	160	1625	3559
326	15	0	80	1630	28716
327	4	7	120	1635	231
328	3	16	200	1640	24337
329	3	16	200	1645	4144
330	5	13	160	1650	28040
331	1	11	160	1655	8828
332	19	8	160	1660	3770
333	4	7	200	1665	22650
334	4	7	120	1670	3067
335	0	18	80	1675	4533
336	4	7	80	1680	8591
337	5	13	120	1685	10170
338	1	11	80	1690	9253
339	3	16	120	1695	852
340	6	19	160	1700	7052
341	4	7	80	1705	10664
342	6	19	200	1710	18370
343	1	11	200	1715	10957
344	6	19	200	1720	14126
345	1	11	200	1725	13463
346	1	11	120	1730	27411
347	6	19	160	1735	9096
348	19	8	80	1740	19435
349	1	11	160	1745	2112
350	0	18	120	1750	15015
351	1	11	80	1755	16955
352	4	7	160	1760	28651
353	6	19	160	1765	2076
354	1	11	120	1770	5372
355	1	11	200	1775	11888
356	19	8	120	1780	6474
357	6	19	200	1785	346
358	15	0	200	1790	219
359	4	7	120	1795	44831
360	1	11	120	1800	15063
361	15	0	160	1805	22893
362	19	8	80	1810	10378
363	0	18	120	1815	31012
364	5	13	160	1820	548
365	15	0	120	1825	12544
366	5	13	120	1830	7370
367	15	0	80	1835	27896
368	19	8	200	1840	35
369	19	8	80	1845	7344
370	3	16	120	1850	24367
371	19	8	120	1855	32108
372	15	0	160	1860	17823
373	15	0	120	1865	3184
374	6	19	120	1870	9195
375	1	11	160	1875	144
376	6	19	120	1880	7051
377	5	13	120	1885	94
378	4	7	160	1890	24522
379	6	19	120	1895	5029
380	1	11	120	1900	7642
381	0	18	120	1905	8178
382	4	7	80	1910	5964
383	0	18	80	1915	17158
384	1	11	120	1920	15456
385	4	7	120	1925	3043
386	6	19	80	1930	14301
387	1	11	80	1935	1478
388	1	11	160	1940	10218
389	3	16	160	1945	16802
390	1	11	160	1950	39242
391	15	0	120	1955	8014
392	6	19	120	1960	9763
393	6	19	160	1965	11086
394	1	11	80	1970	9331
395	15	0	200	1975	14484
396	4	7	80	1980	148
397	6	19	160	1985	28046
398	5	13	120	1990	9922
399	19	8	160	1995	702
400	5	13	160	2000	3566
401	4	7	80	2005	83582
402	15	0	200	2010	9034
403	19	8	80	2015	6529
404	19	8	80	2020	6691
405	1	11	80	2025	21751
406	3	16	160	2030	64008
407	6	19	80	2035	16919
408	0	18	80	2040	18460
409	19	8	200	2045	5172
410	5	13	120	2050	2940
411	3	16	80	2055	6334
412	3	16	120	2060	4336
413	0	18	120	2065	21793
414	3	16	80	2070	13118
415	0	18	200	2075	3766
416	3	16	160	2080	9557
417	15	0	200	2085	27387
418	15	0	200	2090	4320
419	1	11	80	2095	31510
420	1	11	120	2100	48758
421	4	7	80	2105	5275
422	5	13	160	2110	6968
423	5	13	120	2115	6944
424	15	0	120	2120	9687
425	4	7	80	2125	7853
426	1	11	200	2130	8409
427	1	11	200	2135	3017
428	6	19	120	2140	21466
429	15	0	120	2145	29476
430	15	0	160	2150	131639
431	19	8	200	2155	12070
432	0	18	80	2160	12554
433	4	7	80	2165	21618
434	1	11	200	2170	1160
435	6	19	80	2175	7782
436	3	16	160	2180	55452
437	5	13	200	2185	59736
438	1	11	80	2190	6077
439	0	18	120	2195	33426
440	1	11	200	2200	3401
441	0	18	200	2205	44557
442	1	11	200	2210	8272
443	1	11	160	2215	3485
444	15	0	80	2220	10531
445	19	8	160	2225	14148
446	4	7	200	2230	2725
447	5	13	80	2235	19966
448	3	16	160	2240	45103
449	1	11	80	2245	4226
450	4	7	120	2250	2522
451	5	13	80	2255	3368
452	15	0	160	2260	14269
453	4	7	80	2265	14727
454	6	19	80	2270	1517
455	0	18	120	2275	40201
456	15	0	160	2280	16414
457	1	11	160	2285	1322
458	1	11	200	2290	34045
459	4	7	200	2295	49218
460	19	8	80	2300	6513
461	0	18	160	2305	26556
462	0	18	200	2310	39270
463	1	11	200	2315	29625
464	1	11	120	2320	5178
465	5	13	160	2325	16265
466	1	11	200	2330	24460
467	15	0	80	2400	10973
468	19	8	120	2405	17929
469	6	19	200	2410	3065
470	6	19	80	2415	4412
471	15	0	160	2420	10267
472	6	19	200	2425	11199
473	15	0	160	2430	7151
474	19	8	80	2435	17686
475	1	11	120	2440	229
476	3	16	80	2445	33546
477	4	7	200	2450	2738
478	15	0	80	2455	32628
479	15	0	160	2460	32300
480	19	8	80	2465	4208
481	5	13	200	2470	19046
482	15	0	120	2475	4213
483	4	7	80	2480	11297
484	3	16	80	2485	19034
485	1	11	120	2490	26564
486	1	11	80	2495	44911
487	5	13	200	2500	45573
488	15	0	200	2505	16824
489	0	18	160	2510	2619
490	19	8	160	2515	21778
491	1	11	200	2520	35231
492	4	7	200	2525	1600
493	6	19	80	2530	7195
494	1	11	80	2535	12487
495	0	18	120	2540	7692
496	0	18	80	2545	391
497	19	8	80	2550	13161
498	0	18	120	2555	40264
499	3	16	160	2560	29730
500	6	19	200	2565	26058
501	6	19	200	2570	17274
502	6	19	160	2575	636
503	6	19	160	2580	23235
504	4	7	80	2585	75606
505	6	19	160	2590	17848
506	19	8	120	2595	18555
507	0	18	200	2600	4174
508	4	7	80	2605	43190
509	5	13	200	2610	1268
510	15	0	80	2615	683
511	4	7	160	2620	10592
512	3	16	120	2625	3760
513	3	16	120	2630	221
514	4	7	200	2635	20516
515	3	16	120	2640	16279
516	3	16	80	2645	13814
517	5	13	160	2650	8378
518	19	8	160	2655	2550
519	19	8	200	2660	10055
520	4	7	120	2665	19187
521	6	19	200	2670	29435
522	0	18	120	2675	29907
523	15	0	200	2680	11840
524	15	0	120	2685	9014
525	4	7	120	2690	6931
526	4	7	200	2695	7608
527	0	18	200	2700	2435
528	6	19	160	2705	27314
529	19	8	200	2710	5417
530	1	11	120	2715	73815
531	4	7	80	2720	6086
532	3	16	120	2725	4350
533	5	13	160	2730	418
534	1	11	200	2735	1047
535	3	16	120	2740	13540
536	19	8	120	2745	17116
537	0	18	160	2750	10025
538	0	18	80	2755	11587
539	6	19	160	2800	379
540	3	16	200	2805	2108
541	0	18	80	2810	19803
542	1	11	200	2815	149
543	1	11	80	2820	13667
544	3	16	120	2825	1850
545	4	7	200	2830	4805
546	19	8	160	2835	18228
547	0	18	160	2840	1359
548	1	11	120	2845	16328
549	15	0	200	2850	37379
550	15	0	80	2855	26027
551	5	13	160	2860	15335
552	0	18	120	2865	8533
553	1	11	160	2870	9643
554	19	8	80	2875	2515
555	0	18	200	2880	52602
556	6	19	120	2885	26957
557	19	8	160	2890	11613
558	19	8	120	2895	6532
559	19	8	160	2900	16325
560	3	16	200	2905	5566
561	15	0	160	2910	12606
562	4	7	120	2915	8470
563	5	13	80	2920	16594
564	4	7	120	2925	1440
565	3	16	80	2930	20678
566	0	18	120	2935	4520
567	15	0	200	2940	3246
568	1	11	120	2945	48042
569	1	11	120	2950	2630
570	4	7	80	2955	63913
571	1	11	120	2960	1913
572	4	7	120	2965	35662
573	1	11	80	2970	2116
574	5	13	200	2975	6723
575	3	16	120	2980	71612
576	4	7	200	2985	28525
577	15	0	120	2990	5065
578	4	7	160	2995	8542
579	3	16	120	3000	3006
580	5	13	160	3005	17818
581	3	16	80	3010	5637
582	15	0	120	3015	11142
583	15	0	200	3020	39500
584	1	11	160	3025	10579
585	6	19	200	3030	7483
586	4	7	160	3035	37336
587	1	11	200	3040	24623
588	6	19	160	3045	33972
589	0	18	80	3050	1698
590	6	19	80	3055	22598
591	19	8	160	3060	2428
592	1	11	120	3065	2234
593	0	18	120	3070	33369
594	4	7	200	3075	20926
595	5	13	120	3080	13814
596	6	19	160	3085	5681
597	5	13	160	3090	7234
598	15	0	160	3095	10718
599	19	8	80	3100	7747
600	3	16	160	3105	214
601	1	11	160	3110	10973
602	19	8	80	3115	2248
603	0	18	80	3120	10710
604	4	7	160	3125	40760
605	5	13	200	3130	18776
606	0	18	80	3135	20607
607	15	0	120	3140	5467
608	5	13	160	3145	1856
609	5	13	200	3150	2729
610	5	13	200	3155	2243
611	15	0	80	3160	12534
612	4	7	80	3165	1728
613	6	19	200	3170	2864
614	3	16	200	3175	55013
615	19	8	160	3180	92093
616	19	8	80	3185	712
617	6	19	160	3190	10954
618	4	7	160	3200	2823
619	15	0	120	3204	19948
620	19	8	160	3208	27645
621	19	8	120	3212	9880
622	0	18	120	3216	5781
623	0	18	120	3220	30313
624	4	7	80	3224	8044
625	4	7	120	3228	29395
626	0	18	80	3232	64579
627	3	16	200	3236	267
628	15	0	120	3240	8021
629	0	18	160	3244	23158
630	5	13	160	3248	18723
631	15	0	80	3252	10100
632	0	18	160	3256	24454
633	4	7	120	3260	485
634	19	8	200	3264	2751
635	4	7	80	3268	3084
636	4	7	200	3272	2901
637	15	0	120	3276	220
638	4	7	80	3280	80799
639	5	13	200	3284	25205
640	5	13	160	3288	16769
641	6	19	80	3292	15213
642	5	13	120	3296	18024
643	0	18	160	3300	20569
644	5	13	80	3304	56050
645	19	8	80	3308	3838
646	5	13	120	3312	627
647	5	13	120	3316	54320
648	15	0	160	3320	38155
649	4	7	80	3324	21114
650	5	13	120	3328	12241
651	0	18	80	3332	26007
652	1	11	80	3336	3610
653	0	18	80	3340	23915
654	0	18	120	3344	13189
655	4	7	80	3348	12868
656	0	18	120	3352	3432
657	19	8	200	3356	5289
658	5	13	200	3360	1558
659	19	8	120	3364	1351
660	5	13	160	3368	19716
661	6	19	120	3372	19673
662	0	18	80	3376	36086
663	5	13	80	3380	6763
664	0	18	120	3384	10072
665	6	19	160	3388	17390
666	15	0	120	3392	22836
667	0	18	160	3396	1204
668	6	19	80	3400	94
669	19	8	200	3404	25166
670	5	13	160	3408	28443
671	1	11	160	3412	485
672	1	11	160	3416	11158
673	15	0	160	3420	7359
674	1	11	200	3424	1044
675	3	16	160	3428	3746
676	4	7	80	3432	24586
677	0	18	160	3436	13870
678	5	13	120	3440	33887
679	5	13	80	3444	3211
680	19	8	200	3448	25933
681	5	13	160	3452	256
682	5	13	120	3456	1841
683	3	16	80	3460	17332
684	5	13	80	3464	4183
685	5	13	120	3468	34819
686	6	19	80	3472	4949
687	0	18	120	3476	119
688	4	7	200	3480	10109
689	5	13	160	3484	14878
690	4	7	160	3488	64511
691	5	13	80	3492	34518
692	3	16	160	3496	40582
693	4	7	200	3500	38997
694	0	18	80	3504	1415
695	19	8	120	3508	45505
696	5	13	80	3512	20276
697	19	8	80	3516	6433
698	0	18	120	3520	4739
699	15	0	120	3524	5871
700	1	11	160	3600	9660
701	5	13	160	3605	54090
702	15	0	120	3610	51721
703	19	8	160	3615	1960
704	19	8	120	3620	37132
705	3	16	200	3625	11245
706	15	0	160	3630	5730
707	4	7	160	3635	28665
708	19	8	120	3640	19945
709	15	0	200	3645	6959
710	19	8	80	3650	23354
711	0	18	200	3655	15202
712	3	16	120	3660	8220
713	19	8	160	3665	38695
714	0	18	120	3670	5227
715	0	18	80	3675	18868
716	0	18	80	3680	14615
717	6	19	200	3685	4257
718	0	18	200	3690	1948
719	4	7	200	3695	13903
720	0	18	160	3700	8084
721	15	0	200	3705	22348
722	6	19	200	3710	14825
723	1	11	120	3715	8186
724	4	7	120	3720	26596
725	0	18	160	3725	46878
726	19	8	200	3730	1847
727	6	19	200	3735	14247
728	15	0	120	3740	5345
729	1	11	160	3745	2069
730	6	19	120	3750	10784
731	4	7	200	3755	9676
732	19	8	120	3760	6250
733	6	19	200	3765	13599
734	4	7	160	3770	20866
735	4	7	120	3775	28955
736	6	19	80	3780	910
737	6	19	200	3785	80273
738	3	16	160	3790	22815
739	1	11	80	3795	20672
740	6	19	200	3800	14090
741	3	16	120	3805	9071
742	0	18	80	3810	5590
743	6	19	80	3815	1966
744	5	13	120	3820	29096
745	4	7	200	3825	7366
746	1	11	160	3830	10543
747	3	16	80	3835	159
748	4	7	120	3840	16077
749	19	8	80	3845	7965
750	15	0	120	3850	6719
751	19	8	80	3855	10610
752	19	8	120	3860	3902
753	5	13	120	3865	18020
754	6	19	200	3870	38612
755	4	7	160	3875	19298
756	19	8	200	3880	7187
757	5	13	200	3885	13137
758	4	7	80	3890	5822
759	19	8	200	3895	49690
760	4	7	80	3900	8060
761	1	11	160	3905	19889
762	5	13	80	3910	12751
763	6	19	200	3915	14311
764	0	18	160	3920	31731
765	4	7	120	3925	6027
766	0	18	160	3930	5478
767	6	19	160	3935	28275
768	5	13	80	3940	3220
769	6	19	80	3945	9346
770	3	16	200	3950	16221
771	3	16	120	3955	14882
772	3	16	120	3960	10276
773	15	0	200	3965	7892
774	15	0	200	3970	85180
775	15	0	80	3975	53145
776	6	19	200	3980	9791
777	0	18	160	3985	10724
778	5	13	200	3990	13236
779	0	18	160	4000	9315
780	15	0	80	4005	9977
781	5	13	160	4010	1670
782	3	16	120	4015	49844
783	15	0	120	4020	35584
784	3	16	80	4025	24111
785	15	0	120	4030	89
786	5	13	160	4035	4335
787	4	7	200	4040	16689
788	0	18	80	4045	17359
789	0	18	200	4050	453
790	5	13	120	4055	10292
791	1	11	80	4060	10940
792	3	16	160	4065	18653
793	4	7	200	4070	26116
794	6	19	80	4075	6396
795	5	13	80	4080	33140
796	6	19	120	4085	34392
797	4	7	80	4090	19463
798	5	13	160	4095	4673
799	1	11	80	4100	11872
800	3	16	80	4105	1317
801	5	13	200	4110	16954
802	15	0	80	4115	28124
803	15	0	120	4120	3400
804	6	19	80	4125	22504
805	5	13	200	4130	21396
806	5	13	200	4135	174
807	0	18	120	4140	28079
808	15	0	120	4145	18262
809	15	0	160	4150	46872
810	6	19	200	4155	4453
811	19	8	80	4160	33070
812	0	18	200	4165	94509
813	3	16	160	4170	31884
814	0	18	200	4175	10811
815	19	8	120	4180	5629
816	19	8	120	4185	22561
817	6	19	160	4190	17142
818	3	16	160	4195	26805
819	3	16	80	4200	31096
820	19	8	160	4205	1273
821	5	13	160	4210	16448
822	5	13	120	4215	2925
823	4	7	80	4220	2683
824	1	11	200	4225	55066
825	1	11	160	4230	2448
826	0	18	160	4235	39852
827	19	8	160	4240	17709
828	0	18	160	4245	987
829	1	11	200	4250	2066
830	1	11	200	4255	1341
831	1	11	160	4260	22436
832	4	7	80	4265	4289
833	4	7	160	4270	634
834	6	19	120	4275	7198
835	3	16	80	4280	26619
836	6	19	160	4285	5070
837	4	7	80	4290	23113
838	0	18	120	4295	2354
839	15	0	120	4300	669
840	1	11	160	4305	83895
841	4	7	80	4310	8449
842	5	13	120	4315	54582
843	1	11	160	4320	20113
844	3	16	80	4325	24593
845	6	19	80	4330	14700
846	0	18	80	4335	11026
847	19	8	200	4340	27857
848	3	16	200	4345	6013
849	15	0	200	4350	535
850	6	19	200	4355	2010
851	19	8	160	4400	4098
852	0	18	160	4404	35459
853	3	16	120	4408	8079
854	1	11	120	4412	9488
855	15	0	160	4416	9184
856	19	8	120	4420	10658
857	3	16	200	4424	17893
858	6	19	160	4428	4047
859	5	13	120	4432	15194
860	4	7	120	4436	27461
861	6	19	80	4440	6683
862	0	18	200	4444	23324
863	5	13	160	4448	13116
864	6	19	160	4452	32174
865	4	7	80	4456	10741
866	4	7	80	4460	16269
867	5	13	80	4464	50863
868	6	19	120	4468	11134
869	15	0	200	4472	18263
870	1	11	200	4476	405
871	4	7	120	4480	76710
872	5	13	120	4484	11765
873	5	13	120	4488	23638
874	0	18	160	4492	31697
875	5	13	160	4496	17557
876	0	18	120	4500	17996
877	4	7	200	4504	9611
878	1	11	80	4508	7376
879	5	13	160	4512	7316
880	0	18	120	4516	16519
881	0	18	160	4520	1552
882	5	13	160	4524	7043
883	3	16	200	4528	436
884	5	13	80	4532	48
885	1	11	80	4536	30835
886	1	11	80	4540	31803
887	1	11	200	4544	29189
888	3	16	80	4548	14326
889	19	8	200	4552	41565
890	3	16	160	4556	6270
891	3	16	160	4560	14596
892	15	0	120	4564	12447
893	5	13	80	4568	11867
894	3	16	200	4572	3989
895	5	13	120	4576	16946
896	4	7	120	4580	16481
897	19	8	160	4584	8375
898	4	7	200	4588	30287
899	15	0	200	4592	5616
900	1	11	80	4596	52636
901	5	13	200	4600	12411
902	3	16	160	4604	6248
903	5	13	80	4608	16022
904	5	13	200	4612	127
905	1	11	120	4616	2161
906	3	16	120	4620	19551
907	5	13	80	4624	2030
908	1	11	160	4628	12230
909	6	19	200	4632	24305
910	15	0	80	4636	22931
911	5	13	160	4640	565
912	1	11	200	4644	5793
913	0	18	200	4648	31063
914	5	13	200	4652	55700
915	4	7	160	4656	20819
916	0	18	160	4660	67585
917	6	19	80	4664	21574
918	0	18	160	4668	13006
919	5	13	160	4672	188
920	3	16	200	4676	15735
921	3	16	80	4680	25718
922	3	16	200	4684	7311
923	6	19	120	4688	13720
924	4	7	80	4692	7051
925	19	8	120	4696	8899
926	5	13	200	4700	9596
927	0	18	120	4704	92616
928	1	11	120	4708	12814
929	4	7	120	4712	3747
930	0	18	120	4716	375
931	0	18	160	4720	4986
932	19	8	80	4724	14748
933	3	16	80	4728	1219
934	3	16	160	4800	8286
935	5	13	120	4804	1761
936	6	19	200	4808	23458
937	0	18	160	4812	20566
938	15	0	200	4816	306
939	4	7	160	4820	33488
940	15	0	200	4824	2583
941	6	19	80	4828	21787
942	19	8	80	4832	5804
943	5	13	120	4836	26611
944	1	11	160	4840	2868
945	15	0	80	4844	5468
946	1	11	160	4848	5583
947	6	19	160	4852	18440
948	0	18	80	4856	12936
949	19	8	120	4860	10864
950	5	13	200	4864	17636
951	6	19	80	4868	37276
952	19	8	200	4872	30472
953	15	0	80	4876	29092
954	5	13	80	4880	17740
955	19	8	200	4884	2849
956	1	11	200	4888	3036
957	6	19	120	4892	22021
958	0	18	200	4896	5172
959	6	19	160	4900	13929
960	5	13	120	4904	17998
961	3	16	80	4908	19718
962	3	16	160	4912	13434
963	15	0	120	4916	6302
964	5	13	160	4920	22693
965	6	19	120	4924	10890
966	5	13	120	4928	9065
967	19	8	200	4932	4190
968	15	0	120	4936	9631
969	0	18	120	4940	32037
970	6	19	160	4944	50956
971	19	8	80	4948	4858
972	19	8	80	4952	20444
973	5	13	80	4956	18217
974	15	0	200	4960	31755
975	6	19	200	4964	34220
976	4	7	200	4968	10941
977	6	19	160	4972	13002
978	5	13	200	4976	8488
979	6	19	80	4980	1108
980	6	19	160	4984	2265
981	15	0	120	4988	23300
982	0	18	80	4992	9347
983	3	16	80	4996	958
984	15	0	160	5000	12456
985	4	7	80	5004	2055
986	0	18	200	5008	8623
987	1	11	200	5012	23136
988	15	0	80	5016	8262
989	4	7	160	5020	4414
990	4	7	120	5024	42874
991	0	18	160	5028	350
992	0	18	160	5032	9485
993	0	18	80	5036	9211
994	15	0	80	5040	3597
995	4	7	160	5044	9297
996	3	16	120	5048	3090
997	0	18	200	5052	61587
998	0	18	200	5056	864
999	4	7	80	5060	17757
1000	1	11	160	5064	31109
1001	1	11	200	5068	1061
1002	19	8	80	5072	4221
1003	0	18	200	5076	18712
1004	1	11	160	5080	12227
1005	6	19	200	5084	8333
1006	15	0	80	5088	3201
1007	4	7	200	5092	3007
1008	0	18	120	5096	59095
1009	15	0	80	5100	24806
1010	5	13	200	5104	17633
1011	4	7	120	5108	15334
1012	1	11	120	5112	6546
1013	4	7	160	5116	3756
1014	19	8	80	5120	9544
1015	15	0	200	5124	38247
1016	1	11	200	5128	4946
1017	0	18	160	5132	11412
1018	19	8	200	5136	24567
1019	1	11	120	5200	16228
1020	6	19	160	5205	1283
1021	4	7	160	5210	17644
1022	1	11	200	5215	28080
1023	3	16	160	5220	3795
1024	6	19	200	5225	43386
1025	6	19	200	5230	44215
1026	15	0	120	5235	26968
1027	15	0	80	5240	5337
1028	15	0	200	5245	10412
1029	3	16	80	5250	8767
1030	4	7	120	5255	19616
1031	3	16	80	5260	11630
1032	6	19	200	5265	11210
1033	0	18	160	5270	21633
1034	4	7	160	5275	3772
1035	5	13	200	5280	1124
1036	15	0	120	5285	12251
1037	0	18	80	5290	22371
1038	0	18	120	5295	11873
1039	1	11	200	5300	2319
1040	5	13	80	5305	44802
1041	6	19	200	5310	4502
1042	1	11	120	5315	24923
1043	19	8	200	5320	15292
1044	19	8	160	5325	13625
1045	19	8	80	5330	6051
1046	19	8	120	5335	18527
1047	6	19	200	5340	4348
1048	0	18	80	5345	71356
1049	0	18	120	5350	5546
1050	3	16	160	5355	3073
1051	1	11	200	5360	17529
1052	1	11	80	5365	3451
1053	19	8	120	5370	8585
1054	6	19	160	5375	14396
1055	15	0	80	5380	3349
1056	0	18	200	5385	4329
1057	6	19	120	5390	335
1058	4	7	80	5395	22564
1059	5	13	200	5400	14555
1060	15	0	120	5405	14318
1061	19	8	200	5410	36476
1062	5	13	80	5415	18894
1063	6	19	120	5420	12891
1064	4	7	200	5425	1356
1065	3	16	200	5430	2623
1066	15	0	160	5435	1914
1067	0	18	200	5440	14442
1068	19	8	80	5445	114580
1069	4	7	80	5450	7685
1070	19	8	160	5455	7479
1071	1	11	200	5460	11511
1072	0	18	80	5465	68419
1073	15	0	200	5470	16783
1074	5	13	120	5475	19165
1075	0	18	160	5480	28519
1076	3	16	80	5485	33747
1077	1	11	80	5490	3804
1078	4	7	80	5495	16252
1079	6	19	160	5500	15425
1080	6	19	160	5505	4625
1081	1	11	120	5510	13753
1082	15	0	80	5515	5597
1083	15	0	160	5520	3281
1084	0	18	120	5525	4541
1085	1	11	160	5530	667
1086	0	18	200	5535	6230
1087	6	19	120	5540	1482
1088	3	16	80	5545	2561
1089	5	13	160	5600	342
1090	4	7	200	5605	28424
1091	1	11	200	5610	11553
1092	6	19	80	5615	93175
1093	5	13	160	5620	41769
1094	3	16	120	5625	12549
1095	6	19	80	5630	678
1096	0	18	200	5635	12857
1097	4	7	80	5640	4310
1098	5	13	80	5645	12224
1099	6	19	160	5650	8772
1100	1	11	160	5655	3612
1101	15	0	120	5660	1533
1102	6	19	200	5665	4365
1103	6	19	200	5670	14943
1104	0	18	160	5675	40321
1105	0	18	200	5680	17344
1106	1	11	160	5685	18209
1107	3	16	80	5690	12576
1108	3	16	80	5695	20202
1109	6	19	200	5700	22938
1110	5	13	200	5705	5941
1111	19	8	200	5710	412
1112	3	16	120	5715	7722
1113	6	19	120	5720	2362
1114	15	0	80	5725	6802
1115	6	19	200	5730	236
1116	1	11	200	5735	14760
1117	15	0	120	5740	11335
1118	6	19	80	5745	5847
1119	1	11	80	5750	659
1120	1	11	200	5755	28226
1121	0	18	80	5760	393
1122	15	0	200	5765	9465
1123	4	7	160	5770	61104
1124	19	8	120	5775	12799
1125	6	19	160	5780	31361
1126	4	7	160	5785	11608
1127	4	7	120	5790	983
1128	5	13	160	5795	1794
1129	19	8	80	5800	17103
1130	0	18	200	5805	5244
1131	19	8	80	5810	16458
1132	6	19	80	5815	18101
1133	6	19	120	5820	3890
1134	5	13	80	5825	8620
1135	15	0	80	5830	2783
1136	4	7	160	5835	6597
1137	0	18	120	5840	18646
1138	6	19	200	5845	4944
1139	19	8	120	5850	14084
1140	0	18	200	5855	7173
1141	15	0	200	5860	24095
1142	3	16	80	5865	7427
1143	6	19	80	5870	7814
1144	0	18	160	5875	19860
1145	5	13	200	5880	26181
1146	19	8	160	5885	2254
1147	19	8	200	5890	31433
1148	6	19	160	5895	13887
1149	5	13	120	5900	12043
1150	4	7	80	5905	9249
1151	1	11	120	5910	731
1152	6	19	80	5915	42555
1153	3	16	200	5920	10893
1154	5	13	160	5925	14398
1155	0	18	120	5930	3132
1156	0	18	160	5935	16562
1157	3	16	120	6000	4833
1158	15	0	120	6004	928
1159	4	7	200	6008	996
1160	5	13	120	6012	2522
1161	6	19	80	6016	15479
1162	15	0	160	6020	9226
1163	4	7	200	6024	997
1164	5	13	200	6028	10526
1165	6	19	200	6032	17626
1166	3	16	200	6036	6844
1167	5	13	200	6040	2923
1168	1	11	80	6044	20408
1169	19	8	200	6048	3305
1170	1	11	120	6052	18070
1171	1	11	160	6056	39308
1172	1	11	160	6060	4427
1173	15	0	160	6064	20411
1174	1	11	80	6068	18184
1175	3	16	80	6072	828
1176	6	19	200	6076	16931
1177	1	11	160	6080	992
1178	4	7	80	6084	4971
1179	4	7	120	6088	21885
1180	15	0	80	6092	20815
1181	4	7	200	6096	17080
1182	15	0	200	6100	10444
1183	19	8	80	6104	13773
1184	5	13	80	6108	3926
1185	15	0	160	6112	4282
1186	1	11	200	6116	19943
1187	3	16	80	6120	3245
1188	1	11	160	6124	15585
1189	4	7	200	6128	4363
1190	15	0	160	6132	11571
1191	1	11	80	6136	1285
1192	3	16	200	6140	15987
1193	3	16	80	6144	3679
1194	3	16	80	6148	9262
1195	4	7	200	6152	21636
1196	0	18	120	6156	6647
1197	19	8	120	6160	5958
1198	0	18	80	6164	37550
1199	3	16	160	6168	708
1200	3	16	80	6172	9777
1201	4	7	160	6176	53367
1202	15	0	160	6180	2395
1203	6	19	160	6184	8001
1204	4	7	80	6188	30583
1205	3	16	160	6192	11901
1206	0	18	200	6196	25987
1207	19	8	120	6200	3756
1208	1	11	200	6204	26975
1209	1	11	160	6208	12526
1210	4	7	120	6212	11908
1211	19	8	200	6216	14059
1212	19	8	120	6220	80939
1213	3	16	80	6224	5960
1214	5	13	200	6228	6471
1215	0	18	160	6232	10763
1216	19	8	120	6236	2423
1217	15	0	120	6240	31575
1218	19	8	200	6244	29606
1219	15	0	120	6248	4544
1220	5	13	200	6252	49683
1221	19	8	200	6256	2875
1222	3	16	120	6260	12583
1223	15	0	120	6264	10524
1224	1	11	80	6268	17828
1225	0	18	80	6272	14644
1226	15	0	160	6276	5310
1227	19	8	120	6280	591
1228	4	7	120	6284	5284
1229	6	19	120	6288	44417
1230	3	16	200	6292	19833
1231	15	0	160	6296	6696
1232	0	18	120	6300	2710
1233	0	18	120	6304	4052
1234	1	11	120	6308	5436
1235	4	7	120	6312	23057
1236	6	19	80	6316	11646
1237	0	18	80	6320	1436
1238	5	13	80	6324	20659
1239	1	11	120	6328	18889
1240	15	0	160	6332	9046
1241	1	11	160	6336	11194
1242	0	18	120	6340	7363
1243	0	18	80	6344	1326
1244	0	18	120	6348	20016
1245	19	8	160	6352	42576
1246	1	11	200	6356	1395
1247	19	8	200	6360	6190
1248	6	19	120	6364	32992
1249	1	11	160	6368	47874
1250	5	13	160	6400	14692
1251	1	11	200	6404	10430
1252	0	18	120	6408	10100
1253	3	16	200	6412	17124
1254	15	0	160	6416	1475
1255	3	16	120	6420	5542
1256	0	18	120	6424	8711
1257	0	18	120	6428	17123
1258	5	13	120	6432	20462
1259	3	16	200	6436	4657
1260	4	7	200	6440	4439
1261	1	11	120	6444	23283
1262	4	7	200	6448	42093
1263	4	7	120	6452	33531
1264	15	0	160	6456	28580
1265	6	19	160	6460	3232
1266	15	0	160	6464	8962
1267	19	8	200	6468	23506
1268	1	11	160	6472	370
1269	0	18	120	6476	13478
1270	4	7	120	6480	57562
1271	15	0	80	6484	899
1272	3	16	80	6488	2338
1273	6	19	120	6492	2598
1274	19	8	160	6496	27028
1275	3	16	120	6500	9622
1276	15	0	120	6504	25404
1277	3	16	120	6508	10008
1278	15	0	200	6512	23391
1279	3	16	160	6516	21659
1280	19	8	80	6520	11612
1281	19	8	200	6524	52161
1282	1	11	80	6528	2855
1283	1	11	200	6532	6442
1284	1	11	200	6536	6573
1285	1	11	200	6540	4214
1286	6	19	80	6544	33130
1287	15	0	160	6548	11049
1288	3	16	200	6552	2332
1289	15	0	80	6556	85826
1290	4	7	80	6560	6733
1291	6	19	200	6564	31458
1292	4	7	200	6568	7246
1293	1	11	120	6572	10234
1294	15	0	160	6576	9583
1295	6	19	120	6580	17508
1296	6	19	160	6584	13700
1297	6	19	200	6588	10831
1298	1	11	160	6592	4541
1299	3	16	200	6596	12109
1300	0	18	80	6600	11130
1301	3	16	80	6604	6021
1302	6	19	80	6608	5659
1303	6	19	200	6612	5786
1304	15	0	80	6616	60500
1305	6	19	120	6620	12639
1306	19	8	200	6624	6720
1307	4	7	80	6628	6127
1308	3	16	80	6632	29496
1309	4	7	80	6636	16177
1310	4	7	200	6640	10999
1311	6	19	80	6644	49554
1312	3	16	120	6648	35150
1313	3	16	200	6652	62543
1314	4	7	160	6656	21337
1315	5	13	200	6660	5270
1316	0	18	80	6664	14788
1317	3	16	80	6668	14522
1318	1	11	160	6672	12427
1319	6	19	160	6676	14695
1320	19	8	160	6680	5914
1321	19	8	80	6684	42584
1322	5	13	80	6688	16092
1323	3	16	160	6692	447
1324	6	19	80	6696	4095
1325	15	0	160	6700	1911
1326	3	16	120	6704	18760
1327	0	18	200	6708	17422
1328	15	0	200	6712	19226
1329	1	11	120	6716	2602
1330	5	13	200	6720	33489
1331	1	11	160	6724	5793
1332	1	11	160	6728	3932
1333	4	7	80	6732	4335
1334	1	11	120	6736	4401
1335	5	13	80	6740	3618
1336	1	11	200	6744	17436
1337	4	7	120	6748	31456
1338	4	7	200	6752	6997
1339	5	13	120	6756	25029
1340	1	11	80	6760	35110
1341	3	16	80	6764	12981
1342	4	7	120	6800	17119
1343	15	0	160	6805	11073
1344	4	7	80	6810	11031
1345	6	19	80	6815	7873
1346	3	16	120	6820	56729
1347	1	11	200	6825	7759
1348	15	0	160	6830	21312
1349	3	16	160	6835	2980
1350	6	19	80	6840	1024
1351	4	7	120	6845	61600
1352	4	7	80	6850	48498
1353	4	7	200	6855	16626
1354	4	7	80	6860	4013
1355	0	18	80	6865	13544
1356	6	19	80	6870	18201
1357	3	16	120	6875	5042
1358	19	8	200	6880	1293
1359	19	8	120	6885	31992
1360	3	16	80	6890	30975
1361	19	8	80	6895	18208
1362	5	13	80	6900	15433
1363	0	18	200	6905	18823
1364	19	8	120	6910	22798
1365	1	11	120	6915	3438
1366	4	7	120	6920	21364
1367	19	8	120	6925	16866
1368	0	18	120	6930	21520
1369	19	8	160	6935	12219
1370	3	16	80	6940	15353
1371	5	13	200	6945	21750
1372	15	0	120	6950	4439
1373	6	19	120	6955	22137
1374	5	13	160	6960	19932
1375	6	19	120	6965	22392
1376	4	7	160	6970	5105
1377	15	0	120	6975	2316
1378	19	8	160	6980	12061
1379	19	8	200	6985	29039
1380	4	7	80	6990	2440
1381	1	11	120	6995	5847
1382	1	11	80	7000	41957
1383	5	13	80	7005	12058
1384	5	13	80	7010	1475
1385	0	18	120	7015	36520
1386	15	0	120	7020	6942
1387	15	0	160	7025	13564
1388	19	8	200	7030	250
1389	0	18	120	7035	17709
1390	19	8	80	7040	11843
1391	15	0	120	7045	7998
1392	5	13	120	7050	24396
1393	4	7	120	7055	10762
1394	1	11	80	7060	43747
1395	3	16	200	7065	3751
1396	6	19	200	7070	44201
1397	4	7	120	7075	53798
1398	19	8	120	7080	21552
1399	1	11	200	7085	5816
1400	1	11	200	7090	16877
1401	4	7	80	7095	6162
1402	0	18	120	7100	16562
1403	19	8	80	7105	3610
1404	0	18	120	7110	12883
1405	0	18	120	7115	6143
1406	6	19	80	7120	21335
1407	6	19	200	7125	3618
1408	19	8	120	7130	43483
1409	6	19	200	7135	10114
1410	6	19	120	7200	5658
1411	19	8	160	7205	12586
1412	4	7	200	7210	21606
1413	0	18	200	7215	4401
1414	5	13	120	7220	20547
1415	1	11	200	7225	12761
1416	6	19	200	7230	22321
1417	0	18	200	7235	1500
1418	4	7	200	7240	14803
1419	15	0	200	7245	31629
1420	4	7	200	7250	29455
1421	6	19	160	7255	2890
1422	19	8	120	7260	16169
1423	19	8	80	7265	1162
1424	19	8	120	7270	178
1425	4	7	200	7275	4048
1426	0	18	120	7280	51847
1427	3	16	80	7285	22350
1428	5	13	80	7290	26935
1429	3	16	160	7295	11195
1430	19	8	120	7300	27121
1431	0	18	120	7305	5887
1432	19	8	200	7310	8034
1433	6	19	160	7315	4070
1434	6	19	80	7320	3281
1435	19	8	80	7325	27599
1436	0	18	200	7330	17322
1437	3	16	80	7335	20677
1438	4	7	160	7340	59911
1439	5	13	160	7345	23460
1440	4	7	120	7350	2819
1441	0	18	120	7355	2593
1442	19	8	120	7360	16243
1443	1	11	80	7365	12668
1444	4	7	200	7370	7430
1445	19	8	120	7375	61334
1446	3	16	120	7380	16912
1447	4	7	160	7385	12488
1448	19	8	80	7390	23273
1449	19	8	120	7395	7790
1450	5	13	200	7400	9765
1451	5	13	200	7405	30075
1452	19	8	120	7410	7185
1453	0	18	160	7415	33725
1454	15	0	200	7420	9961
1455	5	13	120	7425	10663
1456	5	13	160	7430	18413
1457	1	11	120	7435	13681
1458	19	8	160	7440	3389
1459	5	13	160	7445	6394
1460	0	18	200	7450	7090
1461	4	7	80	7455	65955
1462	1	11	160	7460	7860
1463	5	13	200	7465	9013
1464	6	19	120	7470	16894
1465	5	13	200	7475	73780
1466	0	18	200	7480	2597
1467	15	0	120	7485	11618
1468	3	16	160	7490	906
1469	5	13	80	7495	37054
1470	0	18	200	7500	35068
1471	3	16	200	7505	434
1472	5	13	120	7510	1921
1473	19	8	80	7515	28764
1474	4	7	160	7520	19261
1475	4	7	120	7525	18827
1476	15	0	120	7530	11998
1477	6	19	120	7535	1492
1478	4	7	80	7540	19188
1479	0	18	200	7545	532
1480	0	18	160	7550	13542
1481	5	13	160	7555	8688
1482	3	16	200	7560	68458
1483	5	13	200	7565	8960
1484	6	19	160	7600	760
1485	4	7	120	7604	55611
1486	1	11	80	7608	46712
1487	15	0	120	7612	11620
1488	15	0	160	7616	22913
1489	1	11	200	7620	19206
1490	3	16	120	7624	2379
1491	19	8	160	7628	1448
1492	4	7	160	7632	12233
1493	19	8	80	7636	16656
1494	4	7	200	7640	8475
1495	19	8	80	7644	3131
1496	15	0	200	7648	22933
1497	3	16	120	7652	3710
1498	5	13	160	7656	36034
1499	19	8	80	7660	7685
1500	19	8	160	7664	28211
1501	5	13	200	7668	2344
1502	1	11	80	7672	10671
1503	3	16	200	7676	32061
1504	19	8	120	7680	11000
1505	3	16	80	7684	8994
1506	19	8	160	7688	21200
1507	19	8	80	7692	11994
1508	6	19	80	7696	3146
1509	4	7	160	7700	23636
1510	6	19	200	7704	51061
1511	19	8	120	7708	14445
1512	6	19	80	7712	33422
1513	19	8	160	7716	2755
1514	4	7	80	7720	22727
1515	5	13	80	7724	44745
1516	0	18	80	7728	96873
1517	6	19	160	7732	51239
1518	19	8	80	7736	7759
1519	3	16	80	7740	18385
1520	4	7	200	7744	720
1521	1	11	120	7748	16063
1522	19	8	160	7752	22506
1523	1	11	200	7756	7044
1524	1	11	200	7760	23044
1525	1	11	120	7764	25890
1526	19	8	80	7768	10847
1527	6	19	120	7772	10044
1528	5	13	120	7776	8801
1529	4	7	120	7780	11817
1530	5	13	160	7784	42599
1531	5	13	200	7788	6185
1532	1	11	200	7792	3455
1533	5	13	80	7796	6103
1534	1	11	80	7800	3654
1535	5	13	160	7804	9127
1536	4	7	160	7808	43074
1537	0	18	80	7812	2062
1538	6	19	160	7816	42922
1539	4	7	160	7820	15330
1540	4	7	160	7824	4283
1541	3	16	200	7828	8676
1542	1	11	80	7832	6593
1543	4	7	80	7836	72812
1544	4	7	200	7840	21555
1545	4	7	80	7844	12550
1546	1	11	120	7848	3778
1547	5	13	200	7852	7552
1548	5	13	200	7856	35103
1549	19	8	160	7860	10225
1550	19	8	80	7864	3177
1551	1	11	80	7868	25923
1552	3	16	120	7872	27676
1553	1	11	120	7876	3807
1554	4	7	80	7880	6585
1555	6	19	80	7884	3469
1556	5	13	120	7888	7681
1557	19	8	120	7892	2239
1558	0	18	200	7896	1722
1559	6	19	80	7900	19022
1560	3	16	200	7904	44408
1561	3	16	120	7908	4990
1562	4	7	200	7912	1763
1563	1	11	200	7916	17089
1564	15	0	80	7920	29474
1565	1	11	80	7924	16268
1566	15	0	120	7928	8182
1567	0	18	80	7932	13100
1568	15	0	120	7936	49267
1569	15	0	160	8000	6256
1570	0	18	160	8006	107
1571	0	18	80	8012	33489
1572	19	8	80	8018	449
1573	5	13	160	8024	23367
1574	19	8	120	8030	9513
1575	1	11	200	8036	15712
1576	0	18	120	8042	5611
1577	5	13	160	8048	23211
1578	6	19	200	8054	15318
1579	15	0	200	8060	3965
1580	19	8	200	8066	14319
1581	4	7	120	8072	1974
1582	1	11	120	8078	13793
1583	5	13	200	8084	48215
1584	5	13	120	8090	6699
1585	3	16	120	8096	2192
1586	1	11	160	8102	11025
1587	19	8	120	8108	64687
1588	0	18	200	8114	62387
1589	4	7	80	8120	148
1590	0	18	120	8126	879
1591	4	7	120	8132	25885
1592	19	8	80	8138	305
1593	19	8	120	8144	4310
1594	0	18	160	8150	18167
1595	0	18	120	8156	54525
1596	19	8	80	8162	6035
1597	19	8	120	8168	18300
1598	5	13	200	8174	2561
1599	3	16	200	8180	1717
1600	6	19	160	8186	2473
1601	1	11	120	8192	16858
1602	15	0	120	8198	8777
1603	6	19	120	8204	13314
1604	15	0	200	8210	10023
1605	15	0	80	8216	5784
1606	1	11	80	8222	23825
1607	15	0	200	8228	901
1608	1	11	80	8234	23072
1609	3	16	120	8240	19914
1610	5	13	200	8246	36697
1611	19	8	160	8252	15299
1612	1	11	160	8258	11560
1613	3	16	80	8264	34262
1614	6	19	120	8270	1758
1615	19	8	160	8276	27579
1616	1	11	80	8282	18752
1617	15	0	200	8288	2665
1618	5	13	120	8294	6035
1619	4	7	160	8300	19997
1620	19	8	120	8306	2418
1621	15	0	80	8312	8658
1622	19	8	120	8318	13852
1623	3	16	120	8324	46331
1624	15	0	120	8330	5038
1625	6	19	120	8336	3671
1626	1	11	200	8342	31206
1627	19	8	160	8348	25088
1628	4	7	200	8354	1493
1629	19	8	80	8360	10503
1630	3	16	160	8366	5965
1631	0	18	200	8372	15249
1632	19	8	160	8378	15383
1633	4	7	200	8384	11555
1634	1	11	80	8390	1269
1635	15	0	160	8400	45027
1636	6	19	200	8405	18937
1637	4	7	200	8410	206
1638	15	0	200	8415	10628
1639	6	19	120	8420	631
1640	1	11	120	8425	6982
1641	4	7	160	8430	9367
1642	15	0	80	8435	3952
1643	15	0	160	8440	4986
1644	15	0	80	8445	1867
1645	0	18	160	8450	9214
1646	1	11	200	8455	5416
1647	5	13	200	8460	2346
1648	3	16	80	8465	2267
1649	0	18	200	8470	31132
1650	15	0	80	8475	5181
1651	0	18	80	8480	2803
1652	4	7	80	8485	7320
1653	0	18	120	8490	9119
1654	4	7	120	8495	52114
1655	19	8	160	8500	20674
1656	1	11	80	8505	1196
1657	4	7	200	8510	10386
1658	15	0	80	8515	5586
1659	1	11	160	8520	4827
1660	6	19	80	8525	9438
1661	1	11	120	8530	65079
1662	3	16	200	8535	53940
1663	3	16	80	8540	5305
1664	0	18	160	8545	8193
1665	5	13	80	8550	5359
1666	0	18	200	8555	99322
1667	19	8	160	8560	2
1668	1	11	80	8565	26255
1669	15	0	160	8570	2866
1670	3	16	160	8575	2187
1671	6	19	80	8580	18102
1672	19	8	80	8585	17647
1673	19	8	80	8590	5157
1674	3	16	80	8595	7135
1675	5	13	200	8600	19111
1676	19	8	200	8605	3550
1677	1	11	160	8610	5972
1678	4	7	120	8615	28787
1679	15	0	160	8620	28573
1680	4	7	160	8625	39987
1681	5	13	200	8630	20446
1682	6	19	120	8635	17234
1683	4	7	200	8640	4223
1684	0	18	200	8645	3664
1685	1	11	160	8650	2609
1686	6	19	200	8655	4545
1687	15	0	120	8660	3238
1688	19	8	120	8665	12876
1689	3	16	160	8670	6916
1690	6	19	120	8675	32399
1691	1	11	80	8680	3899
1692	6	19	200	8685	20259
1693	6	19	80	8690	4076
1694	0	18	80	8695	14386
1695	19	8	80	8700	7412
1696	0	18	160	8705	10386
1697	4	7	80	8710	44151
1698	15	0	200	8715	32281
1699	3	16	80	8720	27935
1700	0	18	200	8725	9272
1701	3	16	80	8730	5413
1702	4	7	200	8800	6412
1703	4	7	120	8805	55119
1704	15	0	120	8810	20910
1705	1	11	200	8815	14629
1706	0	18	80	8820	10856
1707	4	7	200	8825	1537
1708	15	0	80	8830	1241
1709	15	0	160	8835	4912
1710	19	8	200	8840	11955
1711	19	8	120	8845	22869
1712	19	8	120	8850	16477
1713	0	18	120	8855	9929
1714	6	19	80	8860	6711
1715	1	11	120	8865	20611
1716	5	13	200	8870	6251
1717	19	8	80	8875	21165
1718	3	16	120	8880	1291
1719	15	0	80	8885	4608
1720	15	0	80	8890	609
1721	1	11	160	8895	26978
1722	19	8	120	8900	9488
1723	19	8	160	8905	9717
1724	1	11	120	8910	5615
1725	1	11	160	8915	38791
1726	0	18	120	8920	51229
1727	3	16	200	8925	9369
1728	19	8	200	8930	18353
1729	3	16	80	8935	72194
1730	4	7	80	8940	3967
1731	4	7	200	8945	4868
1732	4	7	200	8950	9405
1733	1	11	120	8955	145
1734	6	19	200	8960	7974
1735	1	11	120	8965	15943
1736	0	18	80	8970	7939
1737	1	11	200	8975	18808
1738	6	19	160	8980	11176
1739	19	8	200	8985	14881
1740	0	18	120	8990	17159
1741	3	16	200	8995	2707
1742	0	18	80	9000	1838
1743	0	18	160	9005	5445
1744	4	7	160	9010	27857
1745	6	19	80	9015	1819
1746	1	11	160	9020	13629
1747	5	13	120	9025	4725
1748	19	8	80	9030	34230
1749	15	0	200	9035	32502
1750	4	7	80	9040	775
1751	1	11	160	9045	21793
1752	1	11	160	9050	31359
1753	19	8	200	9055	15345
1754	5	13	200	9060	24830
1755	15	0	120	9065	15695
1756	4	7	160	9070	29291
1757	5	13	120	9075	33268
1758	3	16	80	9080	17839
1759	5	13	200	9085	27248
1760	0	18	160	9090	16341
1761	15	0	120	9095	810
1762	5	13	80	9100	8419
1763	4	7	80	9105	1432
1764	4	7	160	9110	732
1765	4	7	200	9115	4903
1766	5	13	160	9120	6077
1767	19	8	80	9125	16077
1768	3	16	160	9130	1159
1769	5	13	160	9135	19906
1770	0	18	120	9140	6480
1771	3	16	200	9200	15999
1772	3	16	120	9205	4201
1773	4	7	120	9210	10220
1774	15	0	200	9215	14360
1775	5	13	120	9220	34152
1776	0	18	120	9225	19599
1777	15	0	160	9230	2768
1778	4	7	200	9235	15931
1779	4	7	80	9240	3342
1780	19	8	200	9245	6602
1781	5	13	200	9250	19455
1782	4	7	160	9255	13170
1783	0	18	80	9260	26877
1784	19	8	200	9265	45473
1785	3	16	120	9270	10333
1786	3	16	80	9275	8258
1787	4	7	200	9280	28139
1788	5	13	120	9285	3993
1789	19	8	120	9290	23338
1790	6	19	200	9295	25055
1791	5	13	160	9300	11617
1792	19	8	160	9305	311
1793	0	18	200	9310	18473
1794	15	0	120	9315	53904
1795	3	16	200	9320	15001
1796	6	19	200	9325	21957
1797	5	13	80	9330	370
1798	6	19	80	9335	4469
1799	19	8	200	9340	13161
1800	0	18	160	9345	25079
1801	3	16	120	9350	44874
1802	1	11	160	9355	3289
1803	3	16	160	9360	2990
1804	15	0	160	9365	12278
1805	1	11	80	9370	8584
1806	19	8	80	9375	11509
1807	15	0	80	9380	7832
1808	1	11	80	9385	393
1809	0	18	160	9390	37909
1810	15	0	200	9395	40179
1811	6	19	80	9400	18271
1812	0	18	120	9405	4484
1813	15	0	80	9410	10572
1814	5	13	200	9415	10455
1815	5	13	160	9420	44061
1816	3	16	160	9425	10725
1817	5	13	200	9430	14484
1818	5	13	80	9435	2486
1819	1	11	80	9440	13464
1820	1	11	200	9445	31546
1821	1	11	160	9450	10720
1822	3	16	160	9455	8523
1823	4	7	120	9460	5762
1824	19	8	200	9465	40551
1825	5	13	160	9470	27160
1826	4	7	80	9475	15182
1827	3	16	160	9480	12639
1828	5	13	80	9485	11299
1829	4	7	200	9490	66164
1830	15	0	120	9495	2324
1831	4	7	80	9500	18398
1832	0	18	120	9505	39471
1833	4	7	80	9510	1158
1834	4	7	160	9515	8096
1835	6	19	120	9520	8136
1836	3	16	120	9525	11668
1837	0	18	80	9530	7921
1838	1	11	120	9535	5207
1839	15	0	160	9540	11960
1840	4	7	120	9545	52684
1841	4	7	200	9550	260
1842	3	16	200	9555	26026
1843	5	13	200	9560	6040
1844	0	18	120	9565	30206
1845	0	18	200	9570	1869
1846	4	7	120	9575	5074
1847	0	18	160	9600	12276
1848	4	7	200	9606	3671
1849	3	16	160	9612	475
1850	19	8	120	9618	2044
1851	1	11	200	9624	2617
1852	0	18	80	9630	33784
1853	5	13	80	9636	17971
1854	19	8	200	9642	19259
1855	19	8	200	9648	5778
1856	0	18	200	9654	11960
1857	6	19	120	9660	34386
1858	4	7	160	9666	4598
1859	1	11	80	9672	20306
1860	15	0	80	9678	25943
1861	5	13	160	9684	54476
1862	3	16	200	9690	34002
1863	6	19	120	9696	658
1864	1	11	80	9702	23602
1865	3	16	200	9708	4296
1866	5	13	160	9714	23215
1867	5	13	120	9720	3069
1868	4	7	120	9726	1446
1869	19	8	120	9732	1353
1870	1	11	120	9738	8676
1871	3	16	120	9744	1650
1872	3	16	160	9750	6117
1873	6	19	120	9756	15375
1874	15	0	200	9762	14906
1875	6	19	200	9768	29793
1876	19	8	200	9774	18478
1877	6	19	160	9780	1660
1878	3	16	200	9786	9676
1879	19	8	80	9792	26605
1880	1	11	120	9798	12602
1881	3	16	160	9804	1283
1882	15	0	160	9810	6674
1883	1	11	160	9816	10377
1884	5	13	120	9822	31926
1885	6	19	160	9828	66453
1886	4	7	80	9834	26105
1887	5	13	120	9840	4399
1888	5	13	80	9846	7390
1889	4	7	160	9852	1579
1890	6	19	160	9858	32911
1891	6	19	200	9864	16095
1892	6	19	120	9870	2426
1893	19	8	120	9876	13095
1894	0	18	160	9882	20601
1895	15	0	160	9888	88596
1896	0	18	200	9894	2330
1897	5	13	120	9900	23040
1898	4	7	200	9906	12535
1899	15	0	160	9912	15194
1900	4	7	80	9918	6761
1901	15	0	200	9924	1635
1902	6	19	80	9930	9544
1903	4	7	160	9936	2117
1904	1	11	120	9942	15093
1905	6	19	200	9948	355
1906	15	0	120	9954	28651
1907	4	7	200	9960	4849
1908	15	0	120	9966	1138
1909	1	11	200	9972	30926
1910	0	18	200	9978	15405
1911	3	16	80	9984	8935
1912	3	16	160	10000	8982
1913	5	13	160	10005	9259
1914	0	18	160	10010	3055
1915	4	7	120	10015	20672
1916	6	19	200	10020	15723
1917	1	11	120	10025	8263
1918	1	11	200	10030	3102
1919	4	7	160	10035	24740
1920	19	8	160	10040	9025
1921	0	18	80	10045	11920
1922	19	8	80	10050	26127
1923	0	18	160	10055	78110
1924	1	11	200	10060	3750
1925	4	7	120	10065	24539
1926	6	19	200	10070	50452
1927	3	16	80	10075	22758
1928	6	19	160	10080	35821
1929	19	8	80	10085	15067
1930	5	13	200	10090	19757
1931	3	16	120	10095	40779
1932	3	16	200	10100	12968
1933	5	13	80	10105	29391
1934	4	7	200	10110	10030
1935	3	16	120	10115	9504
1936	6	19	120	10120	15813
1937	3	16	80	10125	3916
1938	19	8	80	10130	32224
1939	15	0	160	10135	29530
1940	15	0	80	10140	2621
1941	19	8	120	10145	12526
1942	15	0	80	10150	3014
1943	4	7	80	10155	11566
1944	3	16	200	10160	10334
1945	4	7	120	10165	9398
1946	3	16	120	10170	3664
1947	0	18	200	10175	19334
1948	15	0	160	10180	7779
1949	5	13	120	10185	107431
1950	0	18	200	10190	7401
1951	19	8	160	10195	21078
1952	3	16	160	10200	14141
1953	19	8	80	10205	22583
1954	19	8	200	10210	3214
1955	4	7	80	10215	27381
1956	15	0	160	10220	5536
1957	5	13	120	10225	9766
1958	3	16	200	10230	39436
1959	6	19	80	10235	28016
1960	0	18	200	10240	1069
1961	5	13	80	10245	1235
1962	6	19	80	10250	7342
1963	15	0	120	10255	9818
1964	5	13	80	10260	2528
1965	6	19	160	10265	19071
1966	19	8	80	10270	32958
1967	15	0	120	10275	14222
1968	1	11	160	10280	58162
1969	15	0	120	10285	20708
1970	15	0	80	10290	1640
1971	4	7	200	10295	8403
1972	1	11	80	10300	12314
1973	4	7	120	10305	6508
1974	5	13	120	10310	16162
1975	19	8	120	10315	35054
1976	1	11	80	10320	6980
1977	5	13	200	10325	5479
1978	6	19	200	10330	11631
1979	15	0	120	10335	23151
1980	1	11	200	10340	13863
1981	5	13	80	10345	4730
1982	4	7	120	10350	7489
1983	0	18	120	10355	36004
1984	19	8	80	10360	4384
1985	5	13	120	10400	60311
1986	19	8	200	10426	6527
1987	3	16	200	10452	25684
1988	5	13	80	10478	17199
1989	19	8	200	10504	16632
1990	5	13	160	10530	2702
1991	0	18	80	10556	2999
1992	0	18	120	10582	5756
1993	3	16	80	10608	655
1994	6	19	160	10634	24037
1995	3	16	200	10660	1279
1996	1	11	80	10686	3075
1997	0	18	200	10712	19977
1998	15	0	80	10738	7354
1999	6	19	80	10764	24183
