0	15	0	200	0	19619
1	4	7	120	4	72999
2	3	16	200	8	40417
3	5	13	80	12	1008
4	6	19	160	16	2747
5	6	19	160	20	6160
6	19	8	120	24	29000
7	0	18	120	28	64288
8	3	16	120	32	21770
9	3	16	120	36	2243
10	1	11	80	40	27992
11	5	13	200	44	166
12	1	11	80	48	21692
13	3	16	120	52	736
14	19	8	80	56	27507
15	5	13	80	60	27427
16	1	11	200	64	11931
17	19	8	80	68	37675
18	6	19	200	72	12382
19	6	19	160	76	10357
20	15	0	120	80	9955
21	4	7	200	84	23172
22	4	7	200	88	14904
23	5	13	80	92	21481
24	0	18	160	96	66330
25	1	11	120	100	23235
26	3	16	200	104	3739
27	15	0	80	108	2495
28	19	8	80	112	3132
29	3	16	200	116	49576
30	5	13	200	120	2598
31	19	8	200	124	4093
32	1	11	160	128	31012
33	15	0	160	132	7945
34	15	0	80	136	9696
35	15	0	120	140	12862
36	15	0	160	144	43921
37	6	19	80	148	4217
38	3	16	200	152	726
39	19	8	160	156	12598
40	0	18	160	160	51566
41	3	16	200	164	6623
42	1	11	160	168	2909
43	0	18	80	172	46307
44	19	8	200	176	19587
45	5	13	160	180	6929
46	3	16	160	184	842
47	3	16	80	188	21258
48	6	19	160	192	2364
49	19	8	200	196	13684
50	15	0	160	200	3886
51	1	11	80	204	51179
52	19	8	160	208	11855
53	5	13	200	212	5007
54	15	0	120	216	12817
55	4	7	200	220	55932
56	0	18	160	224	11907
57	15	0	160	228	4690
58	5	13	160	232	1786
59	4	7	80	236	11642
60	3	16	160	240	1987
61	0	18	120	244	20890
62	1	11	80	248	33730
63	0	18	160	252	27497
64	6	19	120	256	83049
65	1	11	80	260	16797
66	3	16	120	264	4979
67	4	7	160	268	8132
68	5	13	80	272	21108
69	1	11	200	276	6373
70	15	0	120	280	38966
71	4	7	160	284	5999
72	6	19	120	288	33459
73	6	19	80	292	103034
74	6	19	200	296	13082
75	5	13	160	300	2335
76	3	16	120	304	16001
77	3	16	200	308	19568
78	5	13	120	312	690
79	5	13	200	316	22228
80	19	8	160	320	20758
81	19	8	200	400	14512
82	0	18	120	405	115
83	19	8	120	410	20965
84	5	13	80	415	26908
85	4	7	200	420	4443
86	0	18	120	425	26776
87	5	13	160	430	16712
88	0	18	80	435	38575
89	4	7	80	440	11783
90	6	19	160	445	521
91	19	8	80	450	22769
92	1	11	160	455	2211
93	15	0	160	460	18046
94	6	19	80	465	9329
95	19	8	120	470	6458
96	0	18	160	475	12587
97	1	11	80	480	9828
98	3	16	160	485	49777
99	15	0	160	490	1156
100	1	11	80	495	1503
101	15	0	80	500	24561
102	15	0	80	505	52
103	5	13	200	510	36480
104	1	11	120	515	20323
105	3	16	200	520	49879
106	4	7	160	525	2337
107	1	11	160	530	12066
108	19	8	200	535	27048
109	3	16	160	540	9018
110	0	18	160	545	9829
111	6	19	200	550	34805
112	1	11	80	555	3850
113	19	8	160	560	10707
114	5	13	120	565	31743
115	3	16	200	570	17284
116	0	18	200	575	20565
117	1	11	200	580	3615
118	4	7	120	585	151
119	3	16	160	590	30747
120	1	11	200	595	35484
121	6	19	160	600	21226
122	4	7	120	605	13057
123	1	11	200	610	4632
124	4	7	80	615	5678
125	15	0	120	620	3915
126	3	16	200	625	3356
127	19	8	200	630	4916
128	0	18	80	635	19427
129	6	19	160	640	4567
130	4	7	80	645	20608
131	0	18	80	650	3545
132	0	18	80	655	24558
133	6	19	200	660	76098
134	4	7	200	665	18250
135	0	18	160	670	55825
136	1	11	160	675	14404
137	5	13	160	680	3657
138	6	19	80	685	229
139	3	16	120	690	34535
140	0	18	80	695	1862
141	15	0	200	700	6705
142	6	19	200	705	34859
143	15	0	160	710	13534
144	3	16	160	715	1172
145	0	18	200	720	4492
146	15	0	200	725	14046
147	1	11	200	730	23431
148	1	11	80	735	32076
149	3	16	80	740	31612
150	19	8	160	745	20079
151	19	8	160	750	7182
152	6	19	200	755	9582
153	19	8	200	760	2829
154	6	19	160	765	5118
155	4	7	120	770	10839
156	4	7	160	775	5167
157	6	19	120	800	31778
158	1	11	200	804	17903
159	4	7	200	808	12332
160	19	8	80	812	28786
161	4	7	200	816	44581
162	1	11	120	820	35625
163	1	11	120	824	15410
164	15	0	120	828	25445
165	0	18	120	832	5119
166	5	13	160	836	2498
167	5	13	120	840	4397
168	5	13	200	844	33861
169	4	7	200	848	38875
170	1	11	120	852	1349
171	4	7	80	856	12895
172	4	7	200	860	3343
173	1	11	80	864	4101
174	3	16	120	868	23823
175	3	16	80	872	15773
176	0	18	200	876	35321
177	6	19	200	880	88001
178	15	0	120	884	3245
179	4	7	80	888	941
180	0	18	160	892	22369
181	1	11	80	896	12486
182	6	19	160	900	10862
183	6	19	200	904	35121
184	15	0	80	908	16906
185	5	13	120	912	8354
186	3	16	120	916	30443
187	0	18	120	920	17120
188	0	18	120	924	27880
189	19	8	120	928	3971
190	6	19	80	932	24823
191	5	13	80	936	25282
192	4	7	200	940	17145
193	3	16	80	944	16023
194	4	7	120	948	1221
195	5	13	80	952	4376
196	5	13	120	956	12076
197	4	7	160	960	6787
198	19	8	80	964	29561
199	1	11	80	968	35568
200	4	7	120	972	1749
201	1	11	120	976	7340
202	5	13	80	980	41440
203	15	0	120	984	56958
204	0	18	200	988	26105
205	4	7	120	992	3447
206	4	7	200	996	3197
207	5	13	200	1000	4344
208	6	19	120	1004	11447
209	3	16	120	1008	22805
210	3	16	160	1012	17803
211	6	19	200	1016	5488
212	15	0	80	1020	20771
213	6	19	160	1024	15771
214	3	16	120	1028	30930
215	6	19	80	1032	7091
216	6	19	120	1036	12822
217	4	7	160	1040	86
218	4	7	80	1044	68017
219	3	16	80	1048	9507
220	6	19	80	1052	11742
221	5	13	120	1056	15629
222	5	13	80	1060	11792
223	6	19	120	1064	20209
224	15	0	160	1068	3153
225	6	19	80	1072	8546
226	0	18	120	1076	45962
227	1	11	160	1080	18463
228	15	0	200	1084	2697
229	6	19	120	1088	13846
230	6	19	200	1092	1936
231	6	19	80	1096	15583
232	6	19	160	1100	4861
233	6	19	80	1104	7675
234	19	8	160	1108	65504
235	15	0	80	1112	9115
236	6	19	200	1116	17847
237	19	8	120	1120	12964
238	6	19	80	1124	2071
239	3	16	160	1128	10628
240	0	18	160	1132	4305
241	15	0	160	1136	17662
242	3	16	200	1200	3001
243	6	19	200	1205	1486
244	5	13	200	1210	17865
245	19	8	80	1215	12734
246	6	19	80	1220	1482
247	6	19	80	1225	612
248	19	8	160	1230	28893
249	6	19	120	1235	28601
250	15	0	200	1240	25691
251	1	11	200	1245	11919
252	19	8	120	1250	7746
253	6	19	80	1255	10003
254	5	13	200	1260	9788
255	19	8	80	1265	15596
256	6	19	120	1270	39571
257	19	8	200	1275	5439
258	19	8	160	1280	31807
259	4	7	160	1285	9597
260	4	7	80	1290	5989
261	3	16	80	1295	15749
262	15	0	200	1300	1431
263	0	18	80	1305	55046
264	6	19	160	1310	17734
265	6	19	120	1315	987
266	19	8	80	1320	489
267	1	11	200	1325	7929
268	15	0	200	1330	17508
269	5	13	80	1335	10928
270	0	18	80	1340	24634
271	15	0	200	1345	111939
272	15	0	160	1350	47271
273	1	11	120	1355	16168
274	1	11	120	1360	4083
275	19	8	160	1365	38976
276	1	11	120	1370	10313
277	19	8	80	1375	9362
278	0	18	120	1380	926
279	15	0	160	1385	22472
280	0	18	200	1390	6467
281	4	7	80	1395	40707
282	1	11	80	1400	36473
283	0	18	160	1405	9097
284	15	0	120	1410	29953
285	5	13	80	1415	20616
286	6	19	200	1420	4972
287	0	18	160	1425	34545
288	0	18	80	1430	53675
289	0	18	160	1435	10918
290	1	11	160	1440	14035
291	6	19	80	1445	8683
292	0	18	200	1450	22842
293	3	16	120	1455	25262
294	19	8	160	1460	3330
295	15	0	120	1465	20920
296	0	18	160	1470	14572
297	3	16	160	1475	4541
298	19	8	80	1480	13219
299	19	8	160	1485	15639
300	19	8	80	1490	11840
301	5	13	80	1495	27261
302	15	0	80	1500	11843
303	4	7	120	1505	8407
304	6	19	80	1510	1078
305	0	18	80	1515	25961
306	4	7	120	1520	15664
307	15	0	200	1525	29106
308	4	7	160	1530	4686
309	5	13	120	1535	15077
310	6	19	160	1540	2983
311	15	0	120	1545	13385
312	19	8	120	1550	4284
313	0	18	200	1555	2585
314	4	7	200	1560	2215
315	19	8	200	1565	9867
316	0	18	80	1570	24514
317	6	19	120	1600	24320
318	3	16	160	1604	3483
319	1	11	160	1608	57904
320	0	18	160	1612	35213
321	19	8	160	1616	4511
322	0	18	160	1620	10071
323	15	0	120	1624	3549
324	4	7	160	1628	49704
325	3	16	80	1632	8801
326	15	0	200	1636	7579
327	5	13	80	1640	4182
328	1	11	200	1644	10250
329	3	16	80	1648	15357
330	19	8	200	1652	8314
331	19	8	160	1656	4457
332	19	8	80	1660	44177
333	1	11	160	1664	13974
334	19	8	120	1668	5177
335	4	7	160	1672	15192
336	5	13	200	1676	10980
337	15	0	160	1680	13678
338	3	16	120	1684	7507
339	6	19	120	1688	1013
340	1	11	200	1692	2112
341	15	0	200	1696	12081
342	6	19	200	1700	19004
343	5	13	200	1704	10290
344	3	16	200	1708	6628
345	4	7	120	1712	330
346	15	0	160	1716	3472
347	19	8	200	1720	16402
348	19	8	160	1724	18953
349	19	8	160	1728	28877
350	15	0	120	1732	57020
351	3	16	80	1736	33622
352	19	8	80	1740	884
353	15	0	120	1744	15483
354	19	8	80	1748	25064
355	0	18	120	1752	5617
356	4	7	120	1756	8569
357	0	18	200	1760	6688
358	0	18	200	1764	11119
359	3	16	80	1768	23847
360	3	16	80	1772	10604
361	15	0	80	1776	8750
362	5	13	80	1780	9103
363	0	18	160	1784	22349
364	6	19	120	1788	4197
365	15	0	200	1792	55875
366	15	0	80	1796	18213
367	15	0	160	1800	23426
368	1	11	120	1804	44728
369	19	8	80	1808	17006
370	4	7	80	1812	68183
371	3	16	160	1816	4741
372	3	16	200	1820	9905
373	5	13	120	1824	2340
374	19	8	200	1828	37219
375	1	11	200	1832	9388
376	1	11	200	1836	17763
377	5	13	200	1840	100425
378	4	7	120	1844	42494
379	19	8	80	1848	46114
380	5	13	120	1852	4378
381	19	8	200	1856	28196
382	6	19	160	1860	17175
383	3	16	80	1864	20268
384	5	13	200	1868	18017
385	5	13	160	1872	14943
386	19	8	160	1876	3404
387	0	18	160	1880	8654
388	1	11	160	1884	31057
389	15	0	80	1888	81757
390	0	18	120	1892	4058
391	4	7	80	1896	2975
392	6	19	160	1900	1427
393	0	18	120	1904	19167
394	4	7	80	1908	20316
395	3	16	160	1912	27397
396	1	11	160	1916	1837
397	5	13	120	1920	56417
398	15	0	120	1924	4787
399	4	7	80	2000	8409
400	5	13	80	2005	10847
401	0	18	200	2010	12672
402	6	19	120	2015	21959
403	19	8	120	2020	809
404	5	13	160	2025	31896
405	4	7	160	2030	26271
406	19	8	80	2035	11006
407	4	7	200	2040	54003
408	15	0	160	2045	23712
409	6	19	120	2050	8303
410	15	0	160	2055	21358
411	19	8	120	2060	8773
412	6	19	120	2065	10340
413	0	18	160	2070	14938
414	15	0	160	2075	13857
415	4	7	120	2080	21325
416	1	11	120	2085	30105
417	3	16	200	2090	26085
418	5	13	160	2095	1648
419	0	18	200	2100	21756
420	19	8	80	2105	30492
421	15	0	160	2110	5660
422	5	13	80	2115	46390
423	4	7	120	2120	48144
424	15	0	200	2125	9855
425	19	8	200	2130	35285
426	5	13	200	2135	3067
427	3	16	160	2140	29754
428	1	11	80	2145	12794
429	6	19	80	2150	2076
430	19	8	80	2155	6762
431	6	19	160	2160	20891
432	6	19	160	2165	30328
433	19	8	120	2170	15411
434	4	7	80	2175	13142
435	4	7	120	2180	25987
436	1	11	120	2185	1872
437	6	19	80	2190	15386
438	6	19	160	2195	36648
439	1	11	80	2200	39703
440	6	19	160	2205	2175
441	5	13	200	2210	5064
442	1	11	80	2215	21389
443	4	7	80	2220	11905
444	19	8	160	2225	7918
445	1	11	200	2230	35270
446	15	0	200	2235	26524
447	6	19	200	2240	15648
448	1	11	160	2245	2480
449	19	8	200	2250	80551
450	0	18	120	2255	68724
451	15	0	160	2260	8898
452	19	8	160	2265	39514
453	15	0	160	2270	15963
454	5	13	200	2275	16464
455	15	0	160	2280	3778
456	5	13	200	2285	16770
457	1	11	80	2290	28254
458	1	11	160	2295	21029
459	6	19	160	2300	69073
460	15	0	200	2305	17781
461	6	19	160	2310	20945
462	1	11	160	2315	12332
463	1	11	120	2320	18117
464	15	0	80	2325	1086
465	1	11	80	2330	163
466	1	11	200	2335	17093
467	6	19	80	2340	40267
468	6	19	160	2345	910
469	4	7	80	2350	29618
470	1	11	200	2355	16710
471	5	13	80	2360	5524
472	6	19	120	2365	43903
473	4	7	160	2370	4878
474	4	7	80	2375	16418
475	3	16	120	2380	16355
476	5	13	160	2385	17816
477	0	18	200	2390	12069
478	5	13	200	2395	17492
479	6	19	200	2400	16442
480	0	18	80	2405	1977
481	19	8	200	2410	18299
482	1	11	200	2415	21429
483	3	16	80	2420	13481
484	6	19	200	2425	2803
485	0	18	120	2430	52551
486	6	19	200	2435	30911
487	19	8	80	2440	5244
488	4	7	160	2445	74821
489	5	13	120	2450	7407
490	19	8	160	2455	3478
491	0	18	120	2460	8094
492	5	13	120	2465	43448
493	0	18	200	2470	41052
494	3	16	80	2475	6395
495	19	8	200	2480	12100
496	4	7	80	2485	28833
497	0	18	200	2490	1258
498	6	19	200	2495	10073
499	15	0	120	2500	7678
500	19	8	200	2505	5859
501	0	18	160	2510	40509
502	19	8	80	2515	13790
503	15	0	120	2520	8433
504	6	19	80	2525	10751
505	5	13	80	2530	25925
506	1	11	120	2535	12715
507	5	13	200	2540	20705
508	3	16	120	2545	91841
509	1	11	160	2550	48
510	3	16	200	2555	17467
511	4	7	200	2560	2433
512	6	19	120	2565	3812
513	4	7	160	2570	1888
514	5	13	160	2575	41463
515	15	0	80	2580	91084
516	4	7	160	2585	95625
517	19	8	160	2590	70038
518	4	7	120	2595	12510
519	6	19	200	2600	2674
520	4	7	80	2605	5002
521	3	16	160	2610	8429
522	3	16	120	2615	44180
523	0	18	120	2620	26559
524	4	7	160	2625	18983
525	1	11	120	2630	5318
526	19	8	160	2635	8778
527	6	19	120	2640	344
528	1	11	120	2645	57217
529	4	7	120	2650	2241
530	19	8	80	2655	31705
531	4	7	200	2660	15045
532	3	16	200	2665	1182
533	15	0	120	2670	6134
534	15	0	200	2675	7320
535	19	8	120	2680	5126
536	0	18	160	2685	2135
537	4	7	120	2690	7521
538	5	13	80	2695	1549
539	1	11	200	2700	10362
540	19	8	80	2705	12223
541	1	11	80	2710	3061
542	5	13	200	2715	5509
543	1	11	200	2720	72890
544	3	16	160	2725	25970
545	5	13	200	2730	922
546	4	7	80	2735	3470
547	1	11	200	2740	31793
548	4	7	120	2745	118938
549	4	7	80	2800	6687
550	5	13	120	2805	12410
551	4	7	160	2810	31559
552	5	13	120	2815	18125
553	0	18	80	2820	6309
554	3	16	120	2825	2052
555	5	13	120	2830	48166
556	15	0	80	2835	76222
557	15	0	200	2840	28811
558	3	16	200	2845	26269
559	5	13	160	2850	4025
560	5	13	120	2855	9278
561	5	13	200	2860	12081
562	4	7	120	2865	24219
563	15	0	200	2870	43054
564	3	16	120	2875	4646
565	15	0	80	2880	1105
566	0	18	200	2885	1177
567	19	8	200	2890	48024
568	5	13	200	2895	30608
569	5	13	80	2900	20889
570	15	0	120	2905	43819
571	0	18	80	2910	22674
572	4	7	120	2915	45134
573	4	7	120	2920	1251
574	15	0	160	2925	22044
575	3	16	80	2930	1654
576	6	19	160	2935	2177
577	1	11	160	2940	49615
578	15	0	160	2945	158
579	19	8	200	2950	16779
580	15	0	120	2955	1542
581	15	0	200	2960	16385
582	3	16	80	2965	397
583	6	19	120	2970	21492
584	19	8	80	2975	20639
585	5	13	120	2980	30
586	19	8	120	2985	53979
587	3	16	200	2990	30916
588	4	7	80	2995	3645
589	1	11	160	3000	10100
590	1	11	80	3005	5706
591	1	11	160	3010	8252
592	0	18	160	3015	17461
593	19	8	120	3020	44557
594	5	13	160	3025	674
595	3	16	120	3030	77
596	6	19	160	3035	11590
597	15	0	200	3040	8830
598	19	8	120	3045	29097
599	4	7	120	3050	22374
600	4	7	200	3055	88334
601	4	7	80	3060	5751
602	5	13	200	3065	250
603	15	0	80	3070	8593
604	6	19	160	3075	10084
605	4	7	80	3080	30664
606	0	18	80	3085	45714
607	1	11	200	3090	15328
608	3	16	160	3095	18459
609	0	18	120	3100	366
610	19	8	160	3105	32889
611	6	19	160	3110	1270
612	0	18	120	3115	28154
613	4	7	80	3120	3565
614	15	0	80	3125	2287
615	6	19	120	3130	33419
616	3	16	160	3135	11373
617	6	19	80	3140	889
618	15	0	200	3145	5492
619	15	0	80	3150	4608
620	19	8	160	3200	2580
621	15	0	80	3205	6302
622	4	7	200	3210	27155
623	3	16	80	3215	9789
624	4	7	200	3220	10213
625	5	13	160	3225	15975
626	0	18	160	3230	2014
627	4	7	200	3235	61
628	15	0	200	3240	557
629	4	7	120	3245	21813
630	5	13	120	3250	20408
631	19	8	200	3255	27423
632	3	16	80	3260	3244
633	3	16	120	3265	8147
634	4	7	200	3270	17346
635	3	16	80	3275	34781
636	3	16	200	3280	15828
637	4	7	200	3285	22198
638	0	18	160	3290	6091
639	5	13	200	3295	39256
640	4	7	80	3300	2178
641	6	19	120	3305	10130
642	0	18	80	3310	4071
643	4	7	160	3315	3214
644	3	16	200	3320	17812
645	4	7	120	3325	4132
646	1	11	120	3330	17482
647	5	13	120	3335	10862
648	1	11	120	3340	30663
649	19	8	120	3345	5000
650	0	18	160	3350	16885
651	19	8	160	3355	10093
652	19	8	200	3360	2484
653	1	11	120	3365	16455
654	5	13	160	3370	16071
655	6	19	200	3375	25290
656	0	18	120	3380	14150
657	3	16	200	3385	19637
658	3	16	120	3390	59658
659	0	18	200	3395	37402
660	4	7	120	3400	23316
661	5	13	80	3405	45120
662	4	7	80	3410	14179
663	15	0	120	3415	55825
664	4	7	200	3420	9515
665	0	18	200	3425	1252
666	4	7	160	3430	48563
667	6	19	200	3435	10918
668	19	8	80	3440	17510
669	4	7	80	3445	6675
670	4	7	120	3450	6161
671	15	0	200	3455	28820
672	6	19	120	3460	30370
673	3	16	80	3465	9579
674	3	16	200	3470	2164
675	1	11	120	3475	25720
676	6	19	200	3480	1800
677	0	18	80	3485	18041
678	0	18	120	3490	31935
679	19	8	120	3495	4796
680	4	7	120	3500	68430
681	4	7	120	3505	22587
682	3	16	160	3510	4941
683	15	0	160	3515	32823
684	3	16	160	3520	1971
685	5	13	160	3525	5574
686	19	8	200	3530	19850
687	1	11	160	3535	17781
688	6	19	160	3540	30495
689	15	0	80	3545	39652
690	3	16	200	3550	7630
691	0	18	80	3555	50866
692	0	18	160	3560	25534
693	0	18	200	3565	10779
694	1	11	160	3570	3755
695	19	8	200	3575	4663
696	3	16	120	3580	44064
697	1	11	200	3585	5635
698	0	18	160	3590	29385
699	3	16	80	3595	15054
700	0	18	200	3600	6427
701	4	7	120	3605	3536
702	6	19	80	3610	36123
703	6	19	120	3615	13878
704	4	7	200	3620	62511
705	3	16	200	3625	32882
706	3	16	120	3630	19108
707	5	13	200	3635	26654
708	15	0	160	3640	12257
709	4	7	120	3645	35280
710	19	8	200	3650	19967
711	0	18	80	3655	48805
712	1	11	160	3660	35198
713	4	7	200	3665	26644
714	5	13	160	3670	42166
715	19	8	80	3675	232
716	1	11	160	3680	22559
717	5	13	160	3685	24185
718	5	13	160	3690	37258
719	15	0	120	3695	2908
720	0	18	80	3700	11289
721	3	16	80	3705	7797
722	0	18	120	3710	20341
723	1	11	80	3715	25534
724	1	11	80	3720	67979
725	4	7	80	3725	8424
726	6	19	80	3730	863
727	5	13	160	3735	9060
728	1	11	120	3740	4698
729	4	7	200	3745	45000
730	19	8	80	3750	35924
731	5	13	200	3755	36721
732	19	8	120	3760	34787
733	6	19	80	3765	6254
734	19	8	160	3770	55738
735	0	18	200	3775	32720
736	15	0	80	3780	36783
737	6	19	120	3785	25354
738	4	7	160	3790	37964
739	0	18	200	3795	6767
740	3	16	120	3800	19772
741	4	7	200	3805	44721
742	3	16	80	3810	2802
743	3	16	120	3815	61447
744	15	0	80	3820	5247
745	1	11	160	3825	10360
746	15	0	160	3830	1962
747	6	19	160	3835	83924
748	5	13	80	3840	15448
749	1	11	160	3845	3478
750	6	19	120	3850	15170
751	6	19	160	3855	4164
752	6	19	120	3860	10241
753	1	11	120	3865	20133
754	3	16	200	3870	2053
755	15	0	200	3875	60736
756	4	7	80	3880	14835
757	4	7	80	3885	2435
758	4	7	80	3890	15262
759	0	18	160	3895	18952
760	5	13	160	3900	28925
761	6	19	200	3905	5781
762	4	7	160	3910	14967
763	4	7	160	3915	16584
764	4	7	120	3920	104305
765	4	7	200	3925	31305
766	0	18	160	3930	1853
767	4	7	120	3935	16392
768	5	13	120	3940	31962
769	5	13	200	3945	1522
770	1	11	200	3950	3738
771	5	13	80	3955	63301
772	1	11	200	4000	38133
773	4	7	200	4005	16316
774	5	13	80	4010	14162
775	6	19	80	4015	15452
776	19	8	200	4020	4266
777	6	19	80	4025	23082
778	3	16	200	4030	13478
779	19	8	160	4035	16523
780	6	19	160	4040	5761
781	19	8	120	4045	1180
782	0	18	120	4050	34996
783	19	8	160	4055	1020
784	15	0	120	4060	9018
785	1	11	120	4065	20775
786	15	0	160	4070	11589
787	15	0	80	4075	4209
788	4	7	120	4080	3749
789	0	18	200	4085	85918
790	5	13	160	4090	6611
791	3	16	80	4095	25921
792	3	16	120	4100	4084
793	3	16	200	4105	5431
794	4	7	80	4110	14783
795	6	19	120	4115	9459
796	19	8	120	4120	9122
797	19	8	120	4125	16747
798	15	0	200	4130	63942
799	3	16	120	4135	11588
800	1	11	200	4140	7590
801	3	16	120	4145	15273
802	1	11	120	4150	4146
803	19	8	120	4155	12501
804	0	18	200	4160	90443
805	0	18	120	4165	17059
806	5	13	160	4170	8205
807	1	11	160	4175	37034
808	6	19	120	4180	2719
809	6	19	160	4185	16391
810	15	0	200	4190	28535
811	15	0	80	4195	36536
812	1	11	80	4200	19582
813	4	7	120	4205	71165
814	4	7	80	4210	8989
815	5	13	120	4215	24568
816	5	13	120	4220	11062
817	5	13	200	4225	12968
818	6	19	80	4230	4479
819	3	16	200	4235	8568
820	6	19	120	4240	8651
821	1	11	160	4245	45793
822	0	18	200	4250	9835
823	4	7	160	4255	33356
824	19	8	80	4260	31386
825	15	0	160	4265	11743
826	3	16	200	4270	29660
827	15	0	80	4275	19017
828	19	8	160	4280	717
829	19	8	160	4285	2798
830	6	19	200	4290	3773
831	0	18	160	4295	19613
832	15	0	80	4300	25859
833	19	8	160	4305	1036
834	15	0	160	4310	5659
835	3	16	120	4315	25193
836	6	19	80	4320	40817
837	1	11	200	4325	8969
838	15	0	200	4330	1250
839	6	19	80	4335	31126
840	5	13	160	4340	7409
841	5	13	80	4345	18164
842	1	11	160	4350	1294
843	15	0	160	4355	18912
844	1	11	200	4360	5135
845	15	0	160	4365	11683
846	1	11	200	4370	2152
847	15	0	200	4400	4796
848	19	8	160	4404	41713
849	15	0	200	4408	33776
850	0	18	80	4412	60737
851	3	16	120	4416	43990
852	1	11	80	4420	9129
853	5	13	80	4424	18866
854	6	19	200	4428	1855
855	19	8	80	4432	10795
856	3	16	120	4436	3146
857	15	0	200	4440	9428
858	19	8	120	4444	22354
859	3	16	80	4448	15750
860	15	0	160	4452	32270
861	6	19	160	4456	25669
862	1	11	200	4460	32985
863	6	19	200	4464	113489
864	19	8	160	4468	9802
865	15	0	120	4472	2899
866	19	8	80	4476	2410
867	1	11	160	4480	17059
868	6	19	160	4484	25823
869	0	18	200	4488	20757
870	19	8	120	4492	36299
871	4	7	120	4496	1310
872	15	0	200	4500	10774
873	0	18	80	4504	10605
874	6	19	120	4508	792
875	0	18	120	4512	28081
876	0	18	200	4516	36163
877	1	11	120	4520	30000
878	3	16	160	4524	17584
879	1	11	120	4528	8596
880	5	13	160	4532	8373
881	4	7	200	4536	16411
882	19	8	120	4540	26775
883	1	11	200	4544	4968
884	15	0	160	4548	3933
885	3	16	160	4552	6647
886	19	8	120	4556	5980
887	3	16	80	4560	2440
888	3	16	160	4564	65348
889	15	0	160	4568	35362
890	0	18	200	4572	16910
891	19	8	80	4576	13632
892	1	11	160	4580	23322
893	4	7	200	4584	14496
894	15	0	160	4588	88910
895	19	8	80	4592	17669
896	4	7	80	4596	31114
897	4	7	200	4600	1367
898	19	8	200	4604	5075
899	4	7	160	4608	1918
900	15	0	120	4612	7976
901	0	18	120	4616	15023
902	1	11	80	4620	13395
903	15	0	200	4624	5226
904	19	8	160	4628	76430
905	5	13	160	4632	43888
906	5	13	160	4636	12796
907	1	11	80	4640	61990
908	15	0	160	4644	16963
909	6	19	160	4648	8135
910	19	8	80	4652	17400
911	0	18	200	4656	9199
912	5	13	80	4660	31308
913	15	0	200	4664	7819
914	6	19	120	4668	4536
915	4	7	160	4672	5514
916	6	19	80	4676	84122
917	0	18	200	4680	17727
918	19	8	120	4684	34076
919	5	13	80	4688	2210
920	15	0	80	4692	41834
921	6	19	80	4696	132366
922	15	0	200	4700	18932
923	15	0	80	4704	45209
924	19	8	200	4708	1562
925	19	8	80	4712	8399
926	3	16	200	4716	9400
927	3	16	80	4720	46239
928	1	11	160	4724	11008
929	15	0	120	4728	12037
930	6	19	80	4732	67302
931	5	13	80	4736	29389
932	3	16	120	4740	16092
933	15	0	80	4744	13600
934	4	7	200	4748	414
935	4	7	120	4752	33630
936	1	11	200	4756	1486
937	0	18	160	4760	14179
938	1	11	120	4764	5537
939	3	16	200	4800	6849
940	15	0	200	4805	33233
941	6	19	120	4810	7234
942	4	7	120	4815	15664
943	5	13	200	4820	19760
944	19	8	120	4825	5707
945	0	18	80	4830	4511
946	4	7	200	4835	24294
947	4	7	200	4840	9077
948	6	19	160	4845	7498
949	3	16	200	4850	27508
950	1	11	200	4855	18404
951	3	16	80	4860	4490
952	5	13	160	4865	5702
953	4	7	160	4870	2545
954	5	13	160	4875	4840
955	1	11	120	4880	8016
956	1	11	120	4885	49590
957	4	7	200	4890	17953
958	15	0	200	4895	3364
959	19	8	120	4900	20165
960	3	16	160	4905	14413
961	3	16	160	4910	16958
962	19	8	120	4915	15169
963	0	18	120	4920	2547
964	0	18	120	4925	9201
965	3	16	80	4930	33332
966	15	0	120	4935	33852
967	6	19	80	4940	7064
968	4	7	200	4945	7221
969	1	11	200	4950	9854
970	1	11	200	4955	3711
971	6	19	160	4960	12972
972	19	8	160	4965	8492
973	6	19	120	4970	15016
974	15	0	80	4975	6976
975	1	11	160	4980	17019
976	3	16	160	4985	12161
977	3	16	200	4990	83051
978	19	8	200	4995	20849
979	19	8	200	5000	41301
980	5	13	80	5005	20418
981	19	8	80	5010	204
982	5	13	160	5015	17748
983	19	8	160	5020	22541
984	5	13	160	5025	38028
985	3	16	80	5030	28906
986	0	18	160	5035	14757
987	19	8	200	5040	11357
988	1	11	160	5045	6527
989	1	11	160	5050	23441
990	3	16	200	5055	45594
991	15	0	200	5060	13046
992	3	16	160	5065	8708
993	1	11	80	5070	18663
994	19	8	80	5075	29959
995	4	7	120	5080	5448
996	15	0	200	5085	29558
997	3	16	80	5090	11014
998	5	13	160	5095	5992
999	5	13	80	5100	11495
1000	1	11	160	5105	9754
1001	6	19	200	5110	10404
1002	0	18	200	5115	1274
1003	4	7	160	5120	51441
1004	0	18	80	5125	17250
1005	5	13	80	5130	2655
1006	4	7	160	5135	38638
1007	19	8	80	5140	25462
1008	5	13	120	5145	34861
1009	4	7	200	5150	20541
1010	19	8	160	5155	41529
1011	19	8	120	5160	53748
1012	5	13	200	5200	58033
1013	15	0	200	5204	6615
1014	4	7	120	5208	107671
1015	4	7	160	5212	13999
1016	15	0	80	5216	81967
1017	0	18	160	5220	38704
1018	5	13	200	5224	6265
1019	6	19	120	5228	18549
1020	1	11	160	5232	6828
1021	15	0	160	5236	9648
1022	5	13	120	5240	386
1023	1	11	120	5244	18977
1024	19	8	80	5248	13519
1025	4	7	200	5252	23436
1026	3	16	200	5256	2653
1027	6	19	160	5260	26885
1028	6	19	80	5264	27855
1029	3	16	200	5268	1152
1030	4	7	160	5272	32300
1031	19	8	160	5276	653
1032	6	19	120	5280	25846
1033	3	16	200	5284	4720
1034	15	0	120	5288	13357
1035	19	8	80	5292	5334
1036	19	8	80	5296	59288
1037	0	18	200	5300	21852
1038	15	0	160	5304	2065
1039	0	18	120	5308	25916
1040	19	8	120	5312	47980
1041	1	11	120	5316	32372
1042	3	16	120	5320	18742
1043	15	0	200	5324	20239
1044	3	16	200	5328	33818
1045	3	16	160	5332	67478
1046	1	11	200	5336	15275
1047	4	7	160	5340	1480
1048	15	0	160	5344	18898
1049	5	13	120	5348	6376
1050	6	19	120	5352	5889
1051	15	0	120	5356	49606
1052	15	0	120	5360	3356
1053	15	0	80	5364	21253
1054	3	16	160	5368	3201
1055	4	7	200	5372	65
1056	1	11	160	5376	9770
1057	15	0	160	5380	11918
1058	5	13	160	5384	11322
1059	6	19	80	5388	43733
1060	1	11	120	5392	1
1061	6	19	80	5396	2462
1062	1	11	200	5400	69115
1063	3	16	160	5404	29309
1064	0	18	80	5408	36756
1065	19	8	200	5412	36966
1066	1	11	80	5416	4628
1067	1	11	80	5420	26547
1068	0	18	160	5424	31639
1069	4	7	80	5428	28649
1070	5	13	160	5432	16193
1071	6	19	80	5436	7676
1072	1	11	200	5440	28334
1073	4	7	120	5444	15645
1074	15	0	80	5448	23765
1075	0	18	80	5452	13365
1076	5	13	120	5456	29785
1077	6	19	160	5460	9645
1078	15	0	120	5464	31907
1079	5	13	120	5468	14913
1080	1	11	80	5472	3394
1081	19	8	80	5476	1086
1082	19	8	200	5480	2738
1083	1	11	160	5484	13024
1084	6	19	120	5488	32278
1085	6	19	120	5492	43226
1086	1	11	120	5496	42012
1087	19	8	120	5500	1470
1088	0	18	80	5504	1286
1089	4	7	120	5508	13230
1090	15	0	160	5512	37630
1091	0	18	120	5516	13841
1092	5	13	120	5520	5289
1093	1	11	160	5524	4724
1094	15	0	80	5600	25910
1095	1	11	80	5605	31533
1096	0	18	120	5610	35841
1097	0	18	160	5615	36552
1098	15	0	160	5620	31760
1099	4	7	200	5625	72351
1100	1	11	160	5630	28472
1101	0	18	200	5635	32115
1102	3	16	80	5640	6484
1103	3	16	160	5645	37944
1104	19	8	200	5650	25318
1105	19	8	120	5655	55087
1106	5	13	120	5660	3458
1107	3	16	200	5665	18928
1108	19	8	80	5670	63990
1109	3	16	120	5675	21607
1110	15	0	160	5680	5196
1111	4	7	200	5685	77
1112	0	18	120	5690	21098
1113	19	8	80	5695	47436
1114	4	7	80	5700	26305
1115	3	16	80	5705	58824
1116	15	0	120	5710	88250
1117	19	8	120	5715	13460
1118	6	19	120	5720	68929
1119	4	7	160	5725	62474
1120	15	0	160	5730	66976
1121	3	16	160	5735	2916
1122	1	11	200	5740	22326
1123	6	19	120	5745	7435
1124	6	19	120	5750	48985
1125	5	13	80	5755	1142
1126	1	11	160	5760	1806
1127	0	18	120	5765	15841
1128	5	13	80	5770	33898
1129	6	19	200	5775	46438
1130	0	18	200	5780	21227
1131	5	13	160	5785	54747
1132	19	8	200	5790	17684
1133	4	7	120	5795	34747
1134	4	7	200	5800	29085
1135	1	11	120	5805	8827
1136	5	13	80	5810	29918
1137	5	13	80	5815	6513
1138	1	11	200	5820	28591
1139	6	19	200	5825	39982
1140	0	18	200	5830	25895
1141	15	0	160	5835	6177
1142	19	8	80	5840	2368
1143	15	0	160	5845	10276
1144	5	13	200	5850	5890
1145	3	16	160	5855	37130
1146	0	18	80	5860	37637
1147	5	13	120	5865	7881
1148	15	0	160	5870	13032
1149	5	13	80	5875	30196
1150	3	16	200	5880	32742
1151	0	18	80	5885	8418
1152	4	7	120	5890	40968
1153	4	7	80	5895	36609
1154	5	13	120	5900	166
1155	15	0	200	5905	19535
1156	19	8	200	5910	2710
1157	5	13	200	5915	67883
1158	6	19	80	5920	55093
1159	4	7	160	5925	21723
1160	15	0	160	5930	37941
1161	4	7	80	5935	18919
1162	6	19	160	5940	31742
1163	3	16	80	5945	1180
1164	1	11	160	5950	130
1165	3	16	200	5955	6950
1166	5	13	80	5960	10787
1167	5	13	200	6000	35177
1168	4	7	80	6004	3022
1169	1	11	200	6008	9392
1170	6	19	200	6012	3756
1171	3	16	80	6016	24751
1172	15	0	120	6020	26131
1173	19	8	120	6024	2187
1174	3	16	160	6028	5226
1175	19	8	80	6032	24021
1176	4	7	160	6036	486
1177	4	7	80	6040	6314
1178	1	11	160	6044	1139
1179	3	16	160	6048	1448
1180	4	7	80	6052	4659
1181	6	19	120	6056	28598
1182	3	16	160	6060	1414
1183	0	18	80	6064	761
1184	4	7	200	6068	2028
1185	0	18	160	6072	7434
1186	1	11	120	6076	1326
1187	5	13	200	6080	27511
1188	15	0	80	6084	33827
1189	6	19	80	6088	3085
1190	3	16	160	6092	5229
1191	19	8	120	6096	33164
1192	19	8	200	6100	8358
1193	15	0	80	6104	2064
1194	19	8	120	6108	293
1195	6	19	200	6112	2428
1196	0	18	200	6116	12707
1197	5	13	80	6120	1118
1198	5	13	80	6124	10059
1199	1	11	200	6128	65179
1200	15	0	160	6132	11133
1201	4	7	80	6136	402
1202	1	11	120	6140	4101
1203	6	19	200	6144	2197
1204	19	8	80	6148	18719
1205	0	18	160	6152	2008
1206	3	16	160	6156	19054
1207	4	7	200	6160	29174
1208	0	18	120	6164	18816
1209	5	13	120	6168	7396
1210	3	16	80	6172	18298
1211	4	7	160	6176	38762
1212	4	7	80	6180	48396
1213	3	16	120	6184	40275
1214	19	8	160	6188	12126
1215	1	11	120	6192	1871
1216	1	11	120	6196	15679
1217	6	19	120	6200	28388
1218	15	0	80	6204	64808
1219	1	11	80	6208	23816
1220	1	11	160	6212	5210
1221	0	18	120	6216	22147
1222	6	19	200	6220	241
1223	15	0	200	6224	118383
1224	15	0	80	6228	3124
1225	6	19	160	6232	8979
1226	3	16	80	6236	9187
1227	19	8	120	6240	19947
1228	0	18	80	6244	1865
1229	6	19	200	6248	2457
1230	19	8	80	6252	5198
1231	15	0	160	6256	69896
1232	15	0	80	6260	41659
1233	0	18	160	6264	1969
1234	5	13	80	6268	20597
1235	0	18	200	6272	4162
1236	4	7	200	6276	17124
1237	6	19	200	6280	66612
1238	0	18	80	6284	11226
1239	4	7	120	6288	18
1240	15	0	80	6292	23825
1241	15	0	120	6296	7040
1242	4	7	120	6300	2961
1243	3	16	200	6304	14128
1244	3	16	200	6308	15682
1245	15	0	80	6312	9370
1246	5	13	80	6316	45746
1247	6	19	120	6320	12890
1248	15	0	160	6324	20624
1249	15	0	200	6328	51866
1250	4	7	120	6332	16922
1251	3	16	120	6336	24903
1252	15	0	200	6340	1963
1253	4	7	80	6344	24029
1254	19	8	80	6348	26351
1255	15	0	120	6352	28320
1256	6	19	120	6356	158
1257	3	16	160	6360	4167
1258	15	0	160	6364	64081
1259	3	16	160	6368	5649
1260	6	19	120	6372	25983
1261	3	16	120	6400	81669
1262	3	16	200	6405	22690
1263	4	7	120	6410	13626
1264	6	19	80	6415	1673
1265	5	13	160	6420	19875
1266	5	13	120	6425	78835
1267	4	7	120	6430	33994
1268	6	19	120	6435	5060
1269	19	8	160	6440	6205
1270	6	19	160	6445	14434
1271	5	13	160	6450	17311
1272	6	19	120	6455	7968
1273	4	7	200	6460	64353
1274	4	7	80	6465	179550
1275	4	7	120	6470	53950
1276	5	13	200	6475	15184
1277	4	7	80	6480	14081
1278	4	7	200	6485	12096
1279	19	8	80	6490	29444
1280	0	18	120	6495	12444
1281	6	19	160	6500	44743
1282	1	11	160	6505	87990
1283	3	16	120	6510	3578
1284	1	11	120	6515	15737
1285	5	13	200	6520	14545
1286	0	18	160	6525	41770
1287	4	7	80	6530	3876
1288	0	18	160	6535	8975
1289	15	0	200	6540	43366
1290	3	16	160	6545	3968
1291	1	11	120	6550	9792
1292	15	0	80	6555	96
1293	15	0	160	6560	4053
1294	15	0	200	6565	6394
1295	5	13	160	6570	24966
1296	4	7	120	6575	19262
1297	0	18	200	6580	20632
1298	5	13	160	6585	11113
1299	15	0	80	6590	48992
1300	3	16	160	6595	10000
1301	1	11	160	6600	1693
1302	19	8	80	6605	5793
1303	15	0	80	6610	9453
1304	1	11	80	6615	10591
1305	15	0	200	6620	95901
1306	6	19	80	6625	9673
1307	3	16	200	6630	2867
1308	19	8	200	6635	24037
1309	5	13	200	6640	32147
1310	1	11	120	6645	5107
1311	1	11	80	6650	13962
1312	19	8	160	6655	26506
1313	15	0	120	6660	4185
1314	1	11	80	6665	30540
1315	19	8	160	6670	35915
1316	0	18	200	6675	107781
1317	0	18	160	6680	14455
1318	1	11	80	6685	59645
1319	0	18	120	6690	16579
1320	4	7	80	6695	28023
1321	0	18	80	6700	32632
1322	3	16	200	6705	12164
1323	15	0	120	6710	8247
1324	5	13	80	6715	1815
1325	4	7	80	6720	2715
1326	6	19	120	6725	17083
1327	15	0	200	6730	3136
1328	6	19	80	6735	23185
1329	19	8	120	6740	6761
1330	0	18	200	6800	7546
1331	5	13	200	6805	43854
1332	19	8	120	6810	1648
1333	6	19	160	6815	15537
1334	6	19	160	6820	9467
1335	19	8	160	6825	9627
1336	6	19	160	6830	20529
1337	3	16	160	6835	18885
1338	1	11	80	6840	27940
1339	4	7	160	6845	16103
1340	19	8	160	6850	2860
1341	6	19	200	6855	27139
1342	5	13	80	6860	12956
1343	5	13	200	6865	16510
1344	6	19	120	6870	21592
1345	0	18	120	6875	22633
1346	3	16	160	6880	21159
1347	0	18	200	6885	33857
1348	5	13	120	6890	10237
1349	15	0	80	6895	11584
1350	4	7	200	6900	25286
1351	4	7	160	6905	2189
1352	15	0	200	6910	23699
1353	5	13	120	6915	39727
1354	3	16	80	6920	3486
1355	1	11	160	6925	17787
1356	15	0	200	6930	19643
1357	0	18	160	6935	48969
1358	1	11	80	6940	6847
1359	6	19	80	6945	6687
1360	0	18	120	6950	10804
1361	15	0	120	6955	5444
1362	6	19	200	6960	11857
1363	0	18	160	6965	10637
1364	5	13	200	6970	13282
1365	6	19	120	6975	8218
1366	4	7	200	6980	11010
1367	1	11	80	6985	4316
1368	0	18	200	6990	33395
1369	3	16	120	6995	10241
1370	3	16	80	7000	4270
1371	6	19	80	7005	9703
1372	15	0	160	7010	28704
1373	15	0	120	7015	10094
1374	1	11	160	7020	11250
1375	15	0	80	7025	223
1376	5	13	200	7030	7937
1377	15	0	80	7035	44828
1378	1	11	80	7040	22643
1379	5	13	160	7045	10527
1380	1	11	160	7050	12852
1381	6	19	120	7055	28405
1382	3	16	120	7060	27293
1383	19	8	200	7065	5663
1384	4	7	160	7070	16846
1385	5	13	80	7075	4729
1386	6	19	80	7080	4316
1387	3	16	80	7085	4874
1388	4	7	120	7090	9566
1389	5	13	200	7095	31025
1390	0	18	200	7100	28257
1391	5	13	200	7105	26050
1392	0	18	160	7110	7746
1393	4	7	200	7115	12639
1394	3	16	80	7120	2914
1395	1	11	120	7125	45065
1396	0	18	80	7130	6999
1397	4	7	160	7135	1329
1398	0	18	200	7140	1596
1399	19	8	80	7200	7810
1400	6	19	160	7204	5864
1401	0	18	120	7208	12276
1402	19	8	200	7212	86
1403	3	16	80	7216	180221
1404	5	13	80	7220	5684
1405	6	19	160	7224	8104
1406	5	13	80	7228	8363
1407	0	18	160	7232	7074
1408	4	7	200	7236	11333
1409	5	13	80	7240	3223
1410	5	13	160	7244	6063
1411	19	8	200	7248	26321
1412	19	8	160	7252	5381
1413	6	19	120	7256	42513
1414	4	7	120	7260	33227
1415	4	7	80	7264	21518
1416	5	13	80	7268	13616
1417	15	0	200	7272	4479
1418	5	13	200	7276	37058
1419	19	8	160	7280	6422
1420	19	8	120	7284	3082
1421	0	18	160	7288	4639
1422	15	0	200	7292	33636
1423	5	13	200	7296	479
1424	1	11	160	7300	20667
1425	6	19	80	7304	12476
1426	6	19	160	7308	1307
1427	4	7	160	7312	6948
1428	5	13	120	7316	6041
1429	19	8	80	7320	15326
1430	15	0	80	7324	25163
1431	1	11	120	7328	6110
1432	15	0	80	7332	33962
1433	1	11	80	7336	8750
1434	15	0	200	7340	3370
1435	1	11	80	7344	309
1436	6	19	120	7348	28052
1437	19	8	80	7352	27302
1438	3	16	200	7356	143521
1439	15	0	80	7360	5386
1440	19	8	80	7364	40627
1441	6	19	120	7368	45309
1442	19	8	120	7372	30624
1443	15	0	120	7376	5261
1444	19	8	120	7380	14952
1445	0	18	80	7384	501
1446	6	19	120	7388	13554
1447	4	7	80	7392	11613
1448	0	18	160	7396	21477
1449	15	0	80	7400	12948
1450	5	13	120	7404	10254
1451	1	11	80	7408	1988
1452	15	0	160	7412	4996
1453	0	18	120	7416	32396
1454	0	18	160	7420	3980
1455	6	19	200	7424	964
1456	1	11	160	7428	20698
1457	4	7	80	7432	78855
1458	0	18	160	7436	8791
1459	15	0	200	7440	30582
1460	0	18	200	7444	6291
1461	1	11	120	7448	989
1462	4	7	80	7452	758
1463	4	7	160	7456	45516
1464	6	19	200	7460	11348
1465	4	7	80	7464	126920
1466	1	11	160	7468	49265
1467	6	19	160	7472	42666
1468	19	8	120	7476	25859
1469	3	16	120	7480	31670
1470	6	19	160	7484	47070
1471	5	13	200	7488	27657
1472	4	7	80	7492	4498
1473	15	0	200	7496	18685
1474	0	18	120	7500	10411
1475	1	11	200	7504	5663
1476	0	18	120	7508	11009
1477	19	8	120	7512	17477
1478	6	19	160	7516	13750
1479	1	11	120	7520	19322
1480	19	8	200	7524	71427
1481	3	16	160	7528	19498
1482	4	7	80	7532	20166
1483	6	19	80	7536	30658
1484	4	7	200	7540	2880
1485	5	13	80	7544	19414
1486	3	16	200	7548	862
1487	15	0	200	7552	300
1488	1	11	120	7556	3820
1489	1	11	80	7560	2285
1490	19	8	120	7600	9260
1491	3	16	120	7604	29695
1492	19	8	160	7608	9852
1493	5	13	80	7612	4865
1494	6	19	80	7616	67738
1495	15	0	160	7620	34358
1496	1	11	80	7624	39180
1497	5	13	200	7628	43508
1498	1	11	120	7632	32016
1499	4	7	80	7636	15026
1500	19	8	120	7640	2328
1501	0	18	160	7644	18866
1502	4	7	160	7648	25100
1503	6	19	80	7652	39840
1504	1	11	160	7656	16955
1505	0	18	160	7660	21111
1506	15	0	200	7664	44742
1507	19	8	160	7668	19036
1508	0	18	200	7672	10091
1509	19	8	160	7676	54322
1510	5	13	160	7680	19551
1511	3	16	120	7684	1281
1512	15	0	160	7688	13210
1513	19	8	80	7692	26654
1514	19	8	200	7696	33361
1515	15	0	80	7700	20833
1516	15	0	120	7704	10658
1517	15	0	80	7708	5836
1518	0	18	200	7712	28806
1519	1	11	200	7716	33409
1520	1	11	120	7720	62498
1521	4	7	200	7724	46039
1522	5	13	80	7728	24598
1523	6	19	120	7732	19222
1524	4	7	80	7736	11036
1525	3	16	80	7740	2820
1526	6	19	80	7744	8931
1527	19	8	80	7748	84600
1528	1	11	200	7752	20484
1529	1	11	160	7756	17601
1530	19	8	160	7760	9807
1531	5	13	160	7764	15395
1532	15	0	80	7768	30685
1533	1	11	120	7772	69430
1534	3	16	200	7776	14248
1535	19	8	120	7780	8963
1536	15	0	200	7784	47686
1537	6	19	200	7788	29531
1538	4	7	160	7792	4776
1539	3	16	80	7796	13161
1540	15	0	80	7800	26035
1541	3	16	80	7804	11180
1542	15	0	200	7808	19281
1543	1	11	200	7812	5488
1544	5	13	120	7816	13241
1545	6	19	80	7820	7379
1546	5	13	200	7824	6850
1547	0	18	120	7828	21152
1548	5	13	80	7832	10369
1549	19	8	200	7836	7685
1550	19	8	120	7840	10466
1551	4	7	80	7844	18622
1552	4	7	200	7848	2631
1553	19	8	160	7852	86000
1554	3	16	160	7856	16981
1555	5	13	160	7860	4713
1556	5	13	120	7864	46660
1557	6	19	120	7868	2049
1558	3	16	80	7872	11577
1559	19	8	120	7876	11600
1560	4	7	120	7880	6901
1561	15	0	200	7884	47672
1562	15	0	200	7888	72257
1563	15	0	80	7892	33318
1564	19	8	200	7896	15804
1565	19	8	80	7900	1818
1566	4	7	80	7904	6506
1567	5	13	80	7908	14451
1568	6	19	120	7912	5141
1569	0	18	160	7916	11963
1570	19	8	120	7920	26886
1571	1	11	120	8000	20518
1572	3	16	160	8005	830
1573	6	19	160	8010	6598
1574	4	7	160	8015	1752
1575	15	0	120	8020	15008
1576	6	19	200	8025	6605
1577	3	16	120	8030	12609
1578	1	11	80	8035	2861
1579	6	19	200	8040	2455
1580	6	19	120	8045	36839
1581	6	19	160	8050	24582
1582	3	16	200	8055	17391
1583	1	11	200	8060	7768
1584	3	16	120	8065	3915
1585	5	13	160	8070	30439
1586	0	18	160	8075	10674
1587	19	8	120	8080	31985
1588	15	0	160	8085	10107
1589	6	19	80	8090	7121
1590	4	7	200	8095	12257
1591	0	18	160	8100	33261
1592	3	16	160	8105	8072
1593	5	13	80	8110	29598
1594	19	8	200	8115	4222
1595	19	8	120	8120	34314
1596	4	7	120	8125	12146
1597	19	8	200	8130	32971
1598	1	11	80	8135	23666
1599	5	13	80	8140	10127
1600	1	11	200	8145	626
1601	19	8	160	8150	29881
1602	4	7	80	8155	11103
1603	5	13	160	8160	61752
1604	19	8	160	8165	17339
1605	15	0	80	8170	29042
1606	0	18	160	8175	16658
1607	15	0	120	8180	36939
1608	5	13	80	8185	46567
1609	4	7	120	8190	907
1610	19	8	200	8195	52815
1611	1	11	80	8200	11429
1612	5	13	120	8205	66537
1613	5	13	120	8210	7828
1614	1	11	80	8215	18257
1615	15	0	160	8220	17558
1616	5	13	200	8225	7917
1617	6	19	80	8230	21062
1618	5	13	200	8235	20058
1619	4	7	120	8240	28924
1620	15	0	160	8245	22374
1621	5	13	200	8250	13068
1622	15	0	160	8255	2505
1623	19	8	80	8260	52382
1624	5	13	160	8265	96504
1625	19	8	160	8270	52854
1626	15	0	160	8275	7404
1627	6	19	120	8280	6248
1628	15	0	160	8285	1901
1629	4	7	80	8290	6122
1630	3	16	80	8295	1508
1631	6	19	80	8300	12833
1632	0	18	120	8305	29738
1633	5	13	200	8310	26633
1634	5	13	200	8315	1769
1635	6	19	160	8320	1364
1636	1	11	160	8325	6610
1637	6	19	80	8330	19695
1638	1	11	80	8335	27103
1639	4	7	120	8340	10616
1640	4	7	200	8400	4879
1641	3	16	80	8406	16940
1642	3	16	80	8412	45154
1643	3	16	120	8418	8688
1644	15	0	120	8424	9268
1645	1	11	160	8430	463
1646	4	7	120	8436	37462
1647	6	19	120	8442	164
1648	4	7	200	8448	3816
1649	1	11	80	8454	18625
1650	4	7	120	8460	13595
1651	15	0	120	8466	32597
1652	4	7	80	8472	3835
1653	15	0	160	8478	52955
1654	15	0	160	8484	25749
1655	5	13	80	8490	16020
1656	1	11	80	8496	21446
1657	5	13	200	8502	13818
1658	19	8	200	8508	65623
1659	0	18	80	8514	21050
1660	19	8	120	8520	12195
1661	4	7	80	8526	7045
1662	0	18	160	8532	27853
1663	1	11	80	8538	20367
1664	0	18	120	8544	71317
1665	1	11	160	8550	12143
1666	0	18	200	8556	21658
1667	0	18	120	8562	5178
1668	0	18	120	8568	5468
1669	4	7	120	8574	15214
1670	5	13	80	8580	7217
1671	15	0	160	8586	24107
1672	4	7	200	8592	47949
1673	0	18	160	8598	5002
1674	0	18	120	8604	15883
1675	5	13	120	8610	2151
1676	3	16	160	8616	17556
1677	4	7	80	8622	28996
1678	0	18	160	8628	16250
1679	4	7	80	8634	69532
1680	4	7	80	8640	1721
1681	1	11	80	8646	7167
1682	3	16	160	8652	1987
1683	5	13	160	8658	13261
1684	19	8	160	8664	29433
1685	5	13	200	8670	6255
1686	1	11	80	8676	7108
1687	3	16	160	8682	37253
1688	15	0	80	8688	240
1689	0	18	200	8694	15252
1690	4	7	160	8700	10490
1691	6	19	160	8706	30516
1692	15	0	120	8712	21816
1693	1	11	200	8718	1911
1694	5	13	200	8724	62181
1695	0	18	160	8730	50412
1696	3	16	120	8736	34263
1697	1	11	80	8742	5930
1698	3	16	80	8748	9581
1699	6	19	160	8754	49485
1700	0	18	160	8760	8972
1701	4	7	200	8766	19258
1702	6	19	80	8772	29306
1703	0	18	120	8800	20491
1704	6	19	80	8805	7220
1705	6	19	200	8810	31484
1706	4	7	120	8815	45075
1707	4	7	120	8820	61226
1708	15	0	120	8825	9597
1709	3	16	80	8830	19458
1710	3	16	120	8835	68110
1711	15	0	200	8840	44586
1712	5	13	120	8845	57162
1713	5	13	200	8850	100193
1714	5	13	200	8855	16808
1715	15	0	80	8860	3375
1716	0	18	160	8865	4520
1717	4	7	80	8870	6208
1718	1	11	120	8875	40555
1719	5	13	160	8880	24289
1720	0	18	160	8885	3391
1721	15	0	120	8890	33926
1722	3	16	120	8895	4871
1723	19	8	120	8900	24459
1724	19	8	160	8905	2659
1725	15	0	120	8910	14694
1726	19	8	120	8915	740
1727	3	16	200	8920	34063
1728	5	13	160	8925	6183
1729	19	8	160	8930	19802
1730	1	11	80	8935	6633
1731	0	18	120	8940	7942
1732	1	11	80	8945	9714
1733	4	7	80	8950	20459
1734	3	16	120	8955	18708
1735	0	18	80	8960	12481
1736	5	13	80	8965	15194
1737	3	16	80	8970	12086
1738	19	8	160	8975	4010
1739	3	16	200	8980	75992
1740	1	11	120	8985	9354
1741	15	0	160	8990	8490
1742	5	13	120	8995	12457
1743	5	13	200	9000	9882
1744	15	0	120	9005	16728
1745	6	19	200	9010	14503
1746	1	11	120	9015	36643
1747	1	11	120	9020	22218
1748	5	13	80	9025	14791
1749	15	0	200	9030	32193
1750	19	8	80	9035	25266
1751	19	8	120	9040	16097
1752	0	18	200	9045	9827
1753	6	19	160	9050	22633
1754	5	13	200	9055	28524
1755	3	16	120	9060	15742
1756	0	18	160	9065	10284
1757	6	19	160	9070	1308
1758	0	18	160	9075	14536
1759	15	0	160	9080	30526
1760	6	19	120	9085	28250
1761	1	11	120	9090	1604
1762	19	8	200	9095	23245
1763	15	0	160	9100	27941
1764	0	18	80	9105	8302
1765	1	11	80	9110	20381
1766	6	19	160	9115	14171
1767	0	18	80	9120	7194
1768	1	11	120	9125	9746
1769	5	13	160	9130	2201
1770	1	11	200	9135	19515
1771	15	0	120	9140	27626
1772	4	7	160	9145	1780
1773	15	0	160	9150	44282
1774	4	7	80	9155	7996
1775	1	11	80	9160	33220
1776	3	16	80	9165	8709
1777	15	0	120	9170	35005
1778	1	11	200	9175	2990
1779	3	16	200	9180	18767
1780	6	19	80	9185	22815
1781	15	0	200	9190	9102
1782	6	19	200	9200	6997
1783	15	0	200	9204	12543
1784	0	18	160	9208	48421
1785	3	16	160	9212	26145
1786	0	18	160	9216	56109
1787	4	7	160	9220	24568
1788	15	0	80	9224	42521
1789	0	18	80	9228	1295
1790	19	8	160	9232	1284
1791	15	0	120	9236	12654
1792	1	11	120	9240	55292
1793	1	11	200	9244	10184
1794	5	13	120	9248	4998
1795	0	18	200	9252	7033
1796	19	8	160	9256	21500
1797	15	0	160	9260	24821
1798	4	7	200	9264	1029
1799	5	13	120	9268	52532
1800	0	18	80	9272	163
1801	0	18	80	9276	15434
1802	19	8	200	9280	6709
1803	0	18	120	9284	10841
1804	5	13	200	9288	3894
1805	0	18	160	9292	69175
1806	4	7	200	9296	12610
1807	1	11	120	9300	13761
1808	3	16	120	9304	8552
1809	4	7	200	9308	59805
1810	0	18	80	9312	4258
1811	3	16	120	9316	17149
1812	4	7	200	9320	51658
1813	15	0	200	9324	47680
1814	1	11	160	9328	2157
1815	19	8	120	9332	9914
1816	4	7	160	9336	30455
1817	1	11	200	9340	5002
1818	6	19	80	9344	36840
1819	15	0	120	9348	18847
1820	0	18	160	9352	24049
1821	1	11	80	9356	32229
1822	3	16	80	9360	10944
1823	1	11	120	9364	7801
1824	5	13	80	9368	858
1825	4	7	160	9372	3350
1826	6	19	80	9376	33400
1827	3	16	160	9380	23175
1828	1	11	80	9384	22149
1829	4	7	120	9388	672
1830	1	11	120	9392	3282
1831	4	7	120	9396	20551
1832	3	16	120	9400	29932
1833	6	19	160	9404	4745
1834	3	16	160	9408	18356
1835	5	13	200	9412	3077
1836	15	0	80	9416	1680
1837	5	13	160	9420	41869
1838	1	11	80	9424	6821
1839	19	8	200	9428	57169
1840	15	0	200	9432	6069
1841	15	0	120	9436	11670
1842	1	11	80	9440	8903
1843	3	16	120	9444	53464
1844	19	8	200	9448	40948
1845	6	19	80	9452	13327
1846	4	7	160	9456	15723
1847	4	7	120	9460	592
1848	0	18	80	9464	7041
1849	6	19	200	9468	35472
1850	5	13	80	9472	14455
1851	15	0	160	9476	11503
1852	0	18	160	9480	40714
1853	5	13	120	9484	11591
1854	4	7	200	9488	5178
1855	15	0	80	9492	4656
1856	15	0	80	9496	2473
1857	15	0	160	9500	65406
1858	5	13	80	9504	9446
1859	1	11	80	9508	459
1860	4	7	160	9512	3410
1861	1	11	80	9516	30423
1862	19	8	80	9520	35188
1863	15	0	80	9524	7563
1864	1	11	120	9528	32027
1865	5	13	160	9532	15955
1866	19	8	200	9536	32154
1867	15	0	80	9600	24981
1868	4	7	120	9604	7340
1869	5	13	200	9608	64187
1870	1	11	120	9612	7428
1871	19	8	80	9616	47108
1872	19	8	200	9620	53862
1873	6	19	80	9624	45825
1874	0	18	160	9628	8571
1875	1	11	120	9632	5954
1876	0	18	80	9636	11636
1877	19	8	200	9640	13485
1878	1	11	120	9644	12031
1879	19	8	80	9648	16219
1880	19	8	200	9652	18823
1881	1	11	160	9656	30518
1882	1	11	160	9660	9864
1883	5	13	80	9664	36567
1884	19	8	80	9668	14615
1885	4	7	160	9672	25031
1886	4	7	200	9676	29630
1887	15	0	80	9680	8197
1888	1	11	200	9684	81608
1889	4	7	160	9688	9981
1890	15	0	200	9692	532
1891	0	18	120	9696	2525
1892	0	18	120	9700	13874
1893	0	18	200	9704	6192
1894	5	13	120	9708	30823
1895	5	13	200	9712	13086
1896	19	8	80	9716	19048
1897	3	16	200	9720	908
1898	1	11	200	9724	2844
1899	4	7	120	9728	7750
1900	6	19	80	9732	23216
1901	6	19	160	9736	35579
1902	19	8	80	9740	25600
1903	4	7	120	9744	8224
1904	5	13	160	9748	14680
1905	6	19	80	9752	18804
1906	19	8	200	9756	14067
1907	3	16	120	9760	70505
1908	5	13	200	9764	1914
1909	1	11	160	9768	70550
1910	6	19	200	9772	29099
1911	15	0	120	9776	19663
1912	5	13	120	9780	14264
1913	6	19	80	9784	34394
1914	1	11	120	9788	10649
1915	1	11	200	9792	9374
1916	19	8	120	9796	9957
1917	4	7	200	9800	89366
1918	19	8	80	9804	31833
1919	15	0	160	9808	1764
1920	1	11	160	9812	30008
1921	1	11	200	9816	12450
1922	6	19	120	9820	26196
1923	19	8	200	9824	49141
1924	15	0	80	9828	54162
1925	0	18	80	9832	4254
1926	15	0	160	9836	10379
1927	15	0	80	9840	21934
1928	1	11	200	9844	2398
1929	4	7	160	9848	40552
1930	3	16	80	9852	20616
1931	6	19	80	9856	10106
1932	15	0	200	9860	8859
1933	15	0	80	9864	2803
1934	1	11	200	9868	40620
1935	3	16	120	9872	30159
1936	1	11	160	9876	1250
1937	6	19	80	9880	1072
1938	0	18	160	9884	7692
1939	3	16	200	9888	47941
1940	4	7	200	9892	4685
1941	0	18	160	9896	32405
1942	1	11	80	9900	5619
1943	19	8	120	9904	251
1944	15	0	160	9908	19686
1945	0	18	120	9912	10230
1946	5	13	200	9916	18763
1947	4	7	120	9920	22751
1948	15	0	120	9924	38404
1949	3	16	120	9928	10609
1950	5	13	120	10000	1842
1951	4	7	80	10008	19652
1952	3	16	200	10016	5700
1953	3	16	120	10024	986
1954	3	16	160	10032	15718
1955	5	13	120	10040	5055
1956	19	8	80	10048	2130
1957	19	8	80	10056	32968
1958	6	19	120	10064	10344
1959	4	7	120	10072	7961
1960	15	0	160	10080	4577
1961	0	18	160	10088	36531
1962	1	11	120	10096	38976
1963	0	18	80	10104	5045
1964	19	8	120	10112	7929
1965	0	18	200	10120	9237
1966	19	8	160	10128	6239
1967	6	19	120	10136	9532
1968	4	7	80	10144	60767
1969	19	8	200	10152	20114
1970	0	18	120	10160	7525
1971	3	16	120	10168	8310
1972	4	7	120	10176	22127
1973	6	19	80	10184	43678
1974	3	16	200	10192	41680
1975	0	18	80	10200	73626
1976	19	8	200	10208	4929
1977	15	0	80	10216	25292
1978	1	11	120	10224	6793
1979	6	19	160	10232	15225
1980	5	13	80	10240	17492
1981	3	16	80	10248	25853
1982	0	18	160	10256	33492
1983	15	0	160	10264	24168
1984	19	8	120	10272	30313
1985	19	8	200	10280	355
1986	4	7	120	10288	3219
1987	4	7	160	10296	7413
1988	5	13	120	10304	17662
1989	5	13	160	10312	20736
1990	4	7	120	10320	22638
1991	1	11	160	10328	5832
1992	19	8	200	10336	20903
1993	5	13	80	10344	93967
1994	4	7	120	10352	24376
1995	4	7	120	10360	9235
1996	15	0	120	10368	57861
1997	0	18	200	10376	444
1998	0	18	200	10384	23113
1999	15	0	160	10392	5925
