0	15	0	200	0	882
1	6	19	120	4	4287
2	0	18	120	8	2922
3	0	18	200	12	4766
4	15	0	200	16	871
5	4	7	160	20	4657
6	0	18	80	24	4355
7	6	19	80	28	6411
8	0	18	160	32	10787
9	0	18	120	36	8186
10	0	18	200	40	1263
11	5	13	200	44	3977
12	4	7	200	48	2514
13	19	8	120	52	6678
14	6	19	120	56	1029
15	1	11	160	60	2681
16	1	11	120	64	1111
17	0	18	80	68	7058
18	0	18	80	72	8155
19	4	7	120	76	4432
20	3	16	160	80	4480
21	4	7	120	84	21830
22	19	8	200	88	17489
23	5	13	160	92	607
24	15	0	80	96	3716
25	4	7	160	100	24128
26	3	16	120	104	1009
27	1	11	160	108	13801
28	19	8	200	112	1766
29	6	19	120	116	5182
30	15	0	200	120	1469
31	3	16	80	124	608
32	0	18	120	128	880
33	19	8	160	132	858
34	19	8	160	136	2510
35	3	16	200	140	2492
36	1	11	160	144	8346
37	19	8	80	148	2409
38	6	19	200	152	6601
39	0	18	80	156	26511
40	15	0	200	160	7784
41	6	19	160	164	3437
42	0	18	80	168	2356
43	0	18	80	172	8036
44	1	11	200	176	316
45	1	11	200	180	3814
46	19	8	160	184	9947
47	1	11	120	188	1029
48	6	19	120	192	22977
49	19	8	160	196	1704
50	15	0	160	200	11621
51	1	11	120	204	36051
52	19	8	120	208	6759
53	1	11	200	212	1805
54	5	13	120	216	969
55	4	7	160	220	1488
56	6	19	120	224	5992
57	5	13	160	228	2120
58	1	11	200	232	643
59	4	7	80	236	1321
60	1	11	120	240	3117
61	19	8	120	244	7290
62	15	0	80	248	3484
63	4	7	80	252	2447
64	3	16	160	256	5121
65	6	19	160	260	605
66	4	7	160	264	2712
67	5	13	80	268	1470
68	19	8	160	272	2815
69	4	7	120	276	15343
70	0	18	200	280	8109
71	1	11	120	284	16303
72	3	16	120	288	197
73	0	18	200	292	9005
74	6	19	120	296	13009
75	6	19	200	300	663
76	3	16	80	304	9103
77	19	8	200	308	2342
78	4	7	160	312	280
79	6	19	80	316	38956
80	4	7	200	320	2189
81	0	18	200	324	48915
82	5	13	120	328	16858
83	19	8	120	332	50
84	15	0	200	336	9923
85	5	13	160	340	1576
86	4	7	160	344	5590
87	19	8	160	400	18595
88	3	16	80	404	35172
89	5	13	200	408	839
90	5	13	160	412	10791
91	5	13	200	416	4286
92	6	19	80	420	1614
93	3	16	160	424	4215
94	19	8	200	428	8193
95	19	8	120	432	194
96	15	0	120	436	44499
97	5	13	80	440	38261
98	6	19	160	444	1404
99	4	7	80	448	27016
100	6	19	120	452	769
101	4	7	160	456	6276
102	3	16	200	460	13902
103	3	16	200	464	757
104	15	0	160	468	6472
105	5	13	80	472	18133
106	15	0	80	476	26732
107	19	8	120	480	18017
108	4	7	120	484	4069
109	19	8	160	488	281
110	0	18	160	492	5390
111	15	0	160	496	2554
112	1	11	80	500	1769
113	4	7	200	504	710
114	19	8	80	508	19519
115	1	11	120	512	3143
116	3	16	80	516	10170
117	19	8	200	520	3407
118	6	19	120	524	6437
119	6	19	80	528	2784
120	3	16	80	532	6753
121	4	7	200	536	3894
122	1	11	200	540	1589
123	4	7	160	544	1756
124	15	0	200	548	955
125	4	7	200	552	2011
126	5	13	120	556	9292
127	0	18	160	560	7631
128	0	18	200	564	282
129	6	19	80	568	12085
130	15	0	160	572	696
131	6	19	80	576	9315
132	1	11	120	580	779
133	19	8	120	584	568
134	0	18	160	588	18472
135	0	18	120	592	9518
136	6	19	80	596	1526
137	3	16	120	600	12413
138	1	11	160	604	4805
139	3	16	160	608	13473
140	6	19	120	612	1928
141	5	13	120	616	7491
142	4	7	80	620	5599
143	4	7	160	624	24488
144	4	7	80	628	7520
145	6	19	200	632	5035
146	4	7	200	636	1950
147	1	11	80	640	822
148	4	7	160	644	5493
149	15	0	160	648	3038
150	6	19	80	652	2905
151	19	8	160	656	8383
152	19	8	160	660	4622
153	19	8	160	664	16141
154	0	18	80	668	4030
155	3	16	120	672	9800
156	1	11	160	676	3613
157	19	8	80	680	7889
158	4	7	80	684	30424
159	3	16	200	688	3233
160	19	8	200	692	1879
161	15	0	160	696	3444
162	15	0	120	700	15739
163	15	0	120	704	7729
164	0	18	200	708	24147
165	4	7	160	712	12967
166	5	13	120	716	1592
167	1	11	200	720	1113
168	4	7	80	724	1630
169	15	0	160	728	1958
170	4	7	120	732	1311
171	0	18	200	800	21440
172	6	19	120	805	18051
173	4	7	160	810	10726
174	19	8	160	815	664
175	15	0	200	820	26180
176	19	8	200	825	17096
177	15	0	80	830	2060
178	19	8	160	835	7088
179	0	18	200	840	8296
180	0	18	80	845	47
181	4	7	80	850	7118
182	6	19	200	855	1004
183	3	16	120	860	10145
184	0	18	200	865	5150
185	15	0	80	870	4554
186	15	0	120	875	2291
187	1	11	200	880	2047
188	19	8	80	885	8937
189	15	0	120	890	1729
190	19	8	160	895	3231
191	15	0	80	900	6329
192	15	0	120	905	13303
193	15	0	160	910	1014
194	3	16	160	915	7432
195	19	8	200	920	15981
196	6	19	200	925	11020
197	6	19	200	930	17228
198	3	16	160	935	16
199	0	18	160	940	13164
200	1	11	160	945	2701
201	3	16	80	950	723
202	15	0	80	955	19570
203	5	13	200	960	2624
204	4	7	120	965	1440
205	5	13	120	970	3735
206	3	16	80	975	11221
207	5	13	200	980	9644
208	0	18	200	985	12382
209	1	11	120	990	4548
210	3	16	160	995	13910
211	3	16	120	1000	1172
212	19	8	160	1005	320
213	3	16	80	1010	3229
214	3	16	200	1015	3162
215	5	13	160	1020	7742
216	0	18	160	1025	2110
217	5	13	200	1030	1220
218	6	19	120	1035	1250
219	1	11	200	1040	5822
220	6	19	80	1045	6445
221	4	7	120	1050	24751
222	3	16	160	1055	4886
223	6	19	200	1060	36815
224	19	8	80	1065	17289
225	5	13	80	1070	7421
226	3	16	160	1075	1032
227	15	0	160	1080	11975
228	1	11	200	1085	1144
229	0	18	200	1090	1940
230	1	11	200	1095	1929
231	3	16	80	1100	50015
232	4	7	160	1105	2039
233	19	8	200	1110	12135
234	19	8	80	1115	3556
235	6	19	80	1120	20147
236	5	13	80	1125	9012
237	1	11	80	1130	14579
238	19	8	80	1135	6457
239	5	13	160	1140	857
240	5	13	200	1145	9115
241	1	11	120	1150	6363
242	1	11	200	1200	4617
243	6	19	200	1205	2186
244	4	7	160	1210	3697
245	5	13	80	1215	1744
246	19	8	120	1220	5664
247	4	7	80	1225	5204
248	5	13	200	1230	12582
249	6	19	80	1235	33571
250	19	8	80	1240	8008
251	1	11	200	1245	7457
252	19	8	120	1250	10751
253	0	18	160	1255	5308
254	4	7	120	1260	2342
255	15	0	120	1265	3226
256	0	18	160	1270	7940
257	0	18	80	1275	20555
258	5	13	200	1280	4018
259	15	0	80	1285	6571
260	3	16	200	1290	2323
261	4	7	160	1295	30485
262	4	7	200	1300	6699
263	19	8	80	1305	6787
264	0	18	120	1310	1981
265	0	18	160	1315	13998
266	19	8	200	1320	19379
267	0	18	160	1325	2394
268	4	7	200	1330	28975
269	6	19	200	1335	4182
270	19	8	160	1340	23093
271	19	8	160	1345	4000
272	6	19	200	1350	7085
273	1	11	200	1355	352
274	6	19	80	1360	14514
275	4	7	200	1365	37
276	1	11	160	1370	5807
277	6	19	160	1375	1967
278	1	11	120	1380	7737
279	4	7	200	1385	9339
280	6	19	160	1390	817
281	15	0	120	1395	8235
282	3	16	160	1400	32914
283	4	7	200	1405	1284
284	1	11	160	1410	6995
285	19	8	80	1415	7491
286	3	16	200	1420	2396
287	4	7	200	1425	10778
288	4	7	120	1430	5985
289	1	11	200	1435	218
290	6	19	120	1440	2740
291	5	13	200	1445	11168
292	5	13	80	1450	4688
293	0	18	80	1455	40533
294	3	16	200	1460	15155
295	1	11	80	1465	9688
296	6	19	120	1470	31895
297	1	11	200	1475	16116
298	5	13	160	1480	159
299	4	7	80	1485	6280
300	6	19	80	1490	2679
301	19	8	200	1495	2288
302	0	18	120	1500	5625
303	19	8	80	1505	3894
304	6	19	160	1510	332
305	19	8	160	1515	2185
306	5	13	80	1520	151
307	6	19	120	1525	9527
308	4	7	160	1530	8351
309	19	8	160	1535	2293
310	5	13	160	1540	13533
311	4	7	200	1545	4239
312	19	8	200	1550	2894
313	1	11	80	1555	9793
314	1	11	120	1560	4975
315	4	7	120	1565	7517
316	0	18	80	1570	41206
317	19	8	80	1575	4341
318	15	0	120	1580	36098
319	1	11	80	1585	7561
320	6	19	200	1590	6701
321	4	7	80	1600	1502
322	5	13	80	1605	10531
323	3	16	200	1610	23393
324	19	8	120	1615	996
325	4	7	160	1620	1703
326	4	7	120	1625	23962
327	5	13	160	1630	7209
328	19	8	80	1635	1720
329	4	7	80	1640	1159
330	6	19	120	1645	187
331	19	8	200	1650	8387
332	0	18	80	1655	1768
333	6	19	80	1660	631
334	6	19	160	1665	4142
335	15	0	200	1670	15091
336	15	0	80	1675	1186
337	4	7	160	1680	7295
338	15	0	120	1685	911
339	1	11	80	1690	3371
340	3	16	80	1695	7118
341	5	13	120	1700	6619
342	19	8	120	1705	773
343	5	13	200	1710	2600
344	5	13	80	1715	1897
345	3	16	160	1720	16872
346	6	19	80	1725	4766
347	3	16	80	1730	10700
348	19	8	200	1735	6050
349	15	0	120	1740	2199
350	1	11	80	1745	9846
351	6	19	120	1750	6616
352	3	16	120	1755	16803
353	4	7	120	1760	4197
354	15	0	80	1765	30047
355	1	11	80	1770	963
356	3	16	160	1775	5818
357	15	0	120	1780	6543
358	19	8	160	1785	2498
359	1	11	80	1790	15119
360	5	13	120	1795	2728
361	0	18	120	1800	4424
362	15	0	80	1805	5586
363	0	18	120	1810	5756
364	1	11	80	1815	2050
365	5	13	200	1820	1454
366	3	16	200	1825	1917
367	1	11	160	1830	2066
368	4	7	160	1835	2873
369	4	7	120	1840	7630
370	5	13	120	1845	5100
371	5	13	120	1850	4032
372	1	11	200	1855	2981
373	6	19	120	1860	8288
374	15	0	80	1865	179
375	0	18	120	1870	35
376	4	7	200	1875	659
377	0	18	120	1880	4847
378	6	19	160	1885	10627
379	6	19	160	1890	2179
380	15	0	120	1895	10866
381	0	18	80	1900	1910
382	6	19	200	1905	523
383	0	18	200	1910	24487
384	3	16	80	1915	4454
385	0	18	80	1920	4937
386	6	19	120	1925	11825
387	6	19	200	1930	12484
388	19	8	200	1935	836
389	5	13	160	1940	2748
390	4	7	120	1945	3222
391	0	18	160	1950	6923
392	5	13	200	2000	3203
393	6	19	120	2004	2395
394	6	19	200	2008	451
395	3	16	200	2012	1437
396	15	0	120	2016	497
397	19	8	200	2020	6923
398	3	16	200	2024	422
399	19	8	120	2028	367
400	19	8	200	2032	8762
401	4	7	120	2036	2000
402	19	8	160	2040	4577
403	4	7	120	2044	19805
404	1	11	80	2048	11719
405	5	13	160	2052	2991
406	5	13	160	2056	2317
407	6	19	80	2060	2116
408	6	19	80	2064	3904
409	15	0	200	2068	28651
410	15	0	80	2072	279
411	3	16	120	2076	515
412	0	18	160	2080	13878
413	1	11	80	2084	242
414	3	16	160	2088	896
415	5	13	80	2092	637
416	3	16	120	2096	3589
417	6	19	120	2100	6377
418	15	0	120	2104	719
419	1	11	200	2108	11603
420	19	8	160	2112	4011
421	6	19	80	2116	4400
422	3	16	160	2120	1098
423	19	8	80	2124	88
424	19	8	200	2128	2663
425	5	13	160	2132	17824
426	0	18	160	2136	545
427	5	13	120	2140	430
428	19	8	160	2144	7138
429	4	7	120	2148	15596
430	1	11	80	2152	23086
431	4	7	80	2156	5544
432	6	19	120	2160	4126
433	6	19	120	2164	9374
434	15	0	200	2168	6806
435	4	7	80	2172	5899
436	0	18	160	2176	11994
437	1	11	160	2180	1275
438	15	0	200	2184	1629
439	6	19	120	2188	977
440	4	7	160	2192	1875
441	19	8	120	2196	6203
442	0	18	160	2200	4137
443	1	11	80	2204	1088
444	15	0	120	2208	2370
445	0	18	80	2212	2508
446	19	8	80	2216	11271
447	3	16	200	2220	2855
448	3	16	200	2224	1325
449	1	11	160	2228	30636
450	0	18	120	2232	12994
451	0	18	200	2236	5720
452	1	11	160	2240	5435
453	0	18	80	2244	2693
454	0	18	200	2248	8412
455	1	11	200	2252	2221
456	1	11	160	2256	780
457	0	18	160	2260	4422
458	5	13	120	2264	8013
459	6	19	120	2268	16742
460	4	7	80	2272	2259
461	0	18	80	2276	1776
462	6	19	120	2280	8221
463	1	11	200	2284	6014
464	5	13	200	2288	226
465	3	16	80	2292	6114
466	6	19	200	2296	8617
467	4	7	80	2300	1145
468	4	7	80	2304	4884
469	19	8	120	2308	7023
470	4	7	160	2312	2851
471	0	18	200	2316	1927
472	15	0	160	2320	3635
473	0	18	200	2324	28334
474	6	19	120	2328	6504
475	0	18	80	2332	15438
476	6	19	120	2336	155
477	1	11	160	2400	9
478	1	11	160	2404	11238
479	19	8	200	2408	112
480	5	13	160	2412	1175
481	15	0	160	2416	11612
482	1	11	160	2420	18394
483	15	0	200	2424	7574
484	3	16	200	2428	450
485	0	18	120	2432	4543
486	3	16	120	2436	55
487	5	13	120	2440	996
488	6	19	160	2444	323
489	5	13	80	2448	3209
490	1	11	120	2452	4478
491	0	18	200	2456	3471
492	6	19	80	2460	5783
493	1	11	120	2464	2940
494	1	11	120	2468	16257
495	4	7	160	2472	79
496	1	11	200	2476	18210
497	15	0	160	2480	16657
498	5	13	80	2484	835
499	4	7	120	2488	10243
500	4	7	80	2492	7527
501	5	13	200	2496	7787
502	15	0	160	2500	14823
503	3	16	120	2504	6721
504	6	19	80	2508	9076
505	19	8	160	2512	7110
506	3	16	80	2516	1259
507	1	11	160	2520	5906
508	4	7	160	2524	10456
509	19	8	160	2528	12707
510	5	13	120	2532	2020
511	0	18	80	2536	770
512	19	8	80	2540	8872
513	6	19	160	2544	7714
514	0	18	200	2548	10776
515	6	19	120	2552	5234
516	15	0	120	2556	2846
517	19	8	160	2560	244
518	15	0	80	2564	5136
519	4	7	160	2568	7224
520	19	8	160	2572	5997
521	0	18	160	2576	6253
522	15	0	160	2580	787
523	19	8	80	2584	1081
524	15	0	80	2588	1353
525	3	16	160	2592	23627
526	4	7	200	2596	9617
527	6	19	80	2600	474
528	15	0	160	2604	861
529	3	16	200	2608	6327
530	19	8	120	2612	25264
531	15	0	200	2616	1243
532	5	13	120	2620	18577
533	6	19	120	2624	264
534	4	7	160	2628	4143
535	0	18	160	2632	5779
536	19	8	80	2636	20469
537	15	0	120	2640	3219
538	0	18	160	2644	21694
539	4	7	80	2648	5016
540	15	0	80	2652	2713
541	1	11	160	2656	5306
542	1	11	160	2660	3923
543	6	19	200	2664	2235
544	19	8	160	2668	908
545	1	11	120	2672	3285
546	1	11	200	2676	9162
547	0	18	120	2680	18100
548	0	18	160	2684	6707
549	5	13	200	2688	3937
550	5	13	80	2692	9916
551	1	11	120	2696	16151
552	19	8	120	2700	4107
553	1	11	160	2704	5618
554	5	13	160	2708	1731
555	3	16	160	2712	557
556	15	0	80	2716	6013
557	19	8	160	2720	10091
558	5	13	120	2724	4257
559	4	7	120	2728	10492
560	5	13	200	2732	17613
561	5	13	200	2736	737
562	3	16	80	2740	4357
563	0	18	200	2744	1615
564	0	18	120	2800	14574
565	15	0	120	2804	660
566	5	13	160	2808	1684
567	1	11	160	2812	8120
568	1	11	200	2816	1931
569	0	18	80	2820	2044
570	6	19	120	2824	6525
571	19	8	80	2828	27574
572	15	0	200	2832	812
573	4	7	80	2836	63
574	5	13	120	2840	2934
575	15	0	200	2844	348
576	15	0	80	2848	1344
577	0	18	160	2852	15175
578	19	8	120	2856	154
579	5	13	160	2860	13666
580	1	11	200	2864	2473
581	3	16	120	2868	13018
582	6	19	160	2872	5386
583	3	16	160	2876	9996
584	6	19	160	2880	14467
585	6	19	80	2884	757
586	15	0	160	2888	10850
587	4	7	160	2892	4052
588	1	11	160	2896	14554
589	0	18	80	2900	3286
590	3	16	160	2904	34162
591	0	18	120	2908	1843
592	1	11	200	2912	20063
593	6	19	120	2916	1815
594	15	0	120	2920	6873
595	3	16	80	2924	1780
596	15	0	160	2928	536
597	0	18	160	2932	1833
598	6	19	160	2936	4160
599	1	11	120	2940	228
600	6	19	160	2944	1271
601	19	8	80	2948	362
602	19	8	160	2952	9151
603	0	18	160	2956	3349
604	15	0	160	2960	14226
605	6	19	200	2964	10848
606	4	7	120	2968	11779
607	5	13	120	2972	4002
608	5	13	80	2976	1760
609	6	19	200	2980	1318
610	5	13	160	2984	19504
611	6	19	120	2988	9077
612	19	8	80	2992	9569
613	0	18	160	2996	7208
614	1	11	160	3000	4998
615	3	16	160	3004	718
616	19	8	120	3008	7293
617	0	18	120	3012	9809
618	4	7	80	3016	3406
619	4	7	120	3020	11025
620	19	8	200	3024	3285
621	1	11	200	3028	12580
622	0	18	80	3032	12866
623	0	18	160	3036	16799
624	6	19	120	3040	2190
625	6	19	200	3044	3468
626	15	0	80	3048	406
627	1	11	160	3052	17921
628	6	19	160	3056	4516
629	3	16	120	3060	909
630	19	8	120	3064	30449
631	15	0	120	3068	23940
632	4	7	80	3072	4701
633	15	0	80	3076	37696
634	19	8	200	3080	8915
635	1	11	160	3084	2005
636	4	7	160	3088	1041
637	6	19	200	3092	1280
638	4	7	80	3096	17117
639	0	18	200	3100	787
640	3	16	160	3104	3081
641	3	16	80	3108	3430
642	15	0	160	3112	1784
643	4	7	200	3116	9263
644	5	13	160	3120	4416
645	5	13	80	3124	2940
646	0	18	80	3128	5677
647	1	11	80	3132	3140
648	4	7	160	3136	10726
649	5	13	160	3140	5396
650	3	16	200	3144	7357
651	15	0	80	3148	3548
652	6	19	120	3152	15622
653	1	11	120	3156	8573
654	1	11	120	3160	9402
655	5	13	200	3164	3501
656	19	8	200	3200	2242
657	15	0	200	3204	13033
658	3	16	80	3208	865
659	0	18	160	3212	5219
660	15	0	160	3216	9440
661	3	16	200	3220	16770
662	19	8	160	3224	26209
663	3	16	200	3228	754
664	15	0	120	3232	1531
665	6	19	80	3236	26336
666	3	16	120	3240	2132
667	1	11	80	3244	9810
668	0	18	200	3248	20407
669	0	18	80	3252	2226
670	15	0	200	3256	26541
671	3	16	120	3260	4786
672	6	19	120	3264	13910
673	4	7	120	3268	2333
674	1	11	160	3272	4473
675	6	19	160	3276	35442
676	3	16	120	3280	7183
677	6	19	120	3284	967
678	4	7	80	3288	4830
679	1	11	120	3292	21499
680	6	19	160	3296	14844
681	5	13	80	3300	10324
682	6	19	80	3304	1349
683	0	18	80	3308	22611
684	19	8	160	3312	5644
685	1	11	80	3316	7729
686	1	11	200	3320	769
687	1	11	200	3324	12366
688	5	13	160	3328	2850
689	4	7	80	3332	3054
690	3	16	160	3336	30259
691	5	13	200	3340	3063
692	3	16	200	3344	371
693	3	16	120	3348	4127
694	1	11	120	3352	4099
695	19	8	200	3356	4675
696	4	7	120	3360	3908
697	5	13	160	3364	931
698	6	19	120	3368	5733
699	15	0	120	3372	4950
700	1	11	200	3376	610
701	19	8	200	3380	12937
702	1	11	120	3384	4122
703	4	7	160	3388	5472
704	6	19	160	3392	5987
705	0	18	120	3396	1310
706	1	11	200	3400	6108
707	1	11	80	3404	7434
708	0	18	160	3408	2083
709	5	13	160	3412	9717
710	1	11	120	3416	11479
711	3	16	160	3420	1119
712	4	7	200	3424	3453
713	1	11	200	3428	1496
714	4	7	80	3432	8076
715	3	16	160	3436	27501
716	6	19	200	3440	10237
717	15	0	160	3444	173
718	3	16	120	3448	7013
719	5	13	120	3452	6472
720	5	13	80	3456	16390
721	1	11	160	3460	4741
722	5	13	160	3464	4179
723	5	13	200	3468	7422
724	15	0	120	3472	2470
725	3	16	80	3476	8298
726	19	8	160	3480	4152
727	3	16	80	3484	4374
728	1	11	80	3488	15282
729	1	11	200	3492	34009
730	3	16	80	3496	7362
731	15	0	200	3500	5272
732	19	8	200	3504	7375
733	5	13	160	3508	38488
734	19	8	120	3512	15638
735	6	19	160	3516	343
736	3	16	160	3520	3111
737	1	11	160	3524	8624
738	4	7	120	3528	4273
739	19	8	80	3600	3508
740	0	18	80	3604	714
741	19	8	200	3608	5332
742	0	18	80	3612	6524
743	0	18	200	3616	7261
744	3	16	160	3620	6487
745	0	18	200	3624	15001
746	1	11	200	3628	27422
747	1	11	200	3632	16617
748	15	0	80	3636	11669
749	15	0	160	3640	4541
750	3	16	80	3644	10203
751	5	13	200	3648	3633
752	1	11	120	3652	5972
753	0	18	200	3656	25155
754	3	16	120	3660	7139
755	0	18	120	3664	7875
756	4	7	120	3668	4015
757	5	13	160	3672	12800
758	5	13	80	3676	2088
759	4	7	160	3680	17048
760	1	11	200	3684	10971
761	15	0	200	3688	957
762	19	8	200	3692	11193
763	19	8	160	3696	2232
764	1	11	120	3700	857
765	4	7	160	3704	2618
766	3	16	200	3708	6011
767	15	0	80	3712	3554
768	1	11	120	3716	2994
769	15	0	120	3720	7201
770	19	8	80	3724	8300
771	4	7	80	3728	513
772	4	7	120	3732	7483
773	4	7	80	3736	2079
774	5	13	120	3740	5068
775	6	19	80	3744	3883
776	0	18	120	3748	17627
777	4	7	200	3752	13301
778	3	16	80	3756	402
779	15	0	120	3760	4344
780	1	11	80	3764	9066
781	6	19	160	3768	6043
782	4	7	200	3772	8485
783	4	7	120	3776	4341
784	15	0	200	3780	2463
785	15	0	120	3784	2159
786	5	13	120	3788	25110
787	19	8	80	3792	8292
788	3	16	80	3796	4107
789	15	0	80	3800	2112
790	3	16	120	3804	8340
791	15	0	200	3808	5940
792	5	13	120	3812	4497
793	0	18	160	3816	6084
794	15	0	80	3820	7507
795	3	16	120	3824	28793
796	19	8	80	3828	10574
797	1	11	160	3832	3016
798	19	8	120	3836	5464
799	15	0	80	3840	2587
800	6	19	80	3844	3065
801	3	16	160	3848	7507
802	19	8	160	3852	6613
803	0	18	200	3856	1528
804	19	8	160	3860	12389
805	19	8	200	3864	8596
806	0	18	160	3868	11333
807	15	0	80	3872	2821
808	5	13	160	3876	5349
809	5	13	80	3880	1843
810	19	8	80	3884	10677
811	19	8	160	3888	7021
812	3	16	160	3892	11061
813	15	0	200	3896	13315
814	1	11	120	3900	1817
815	4	7	120	3904	1947
816	3	16	80	3908	4915
817	5	13	120	3912	3256
818	0	18	200	3916	30687
819	4	7	80	3920	16024
820	19	8	80	3924	3115
821	3	16	200	3928	17163
822	4	7	200	3932	25214
823	4	7	120	3936	668
824	4	7	80	4000	23363
825	1	11	80	4004	1037
826	15	0	200	4008	8000
827	4	7	160	4012	623
828	6	19	80	4016	7742
829	3	16	200	4020	5491
830	15	0	80	4024	8426
831	19	8	200	4028	6854
832	5	13	120	4032	3032
833	5	13	200	4036	11851
834	0	18	120	4040	848
835	15	0	120	4044	574
836	6	19	80	4048	27449
837	4	7	80	4052	5229
838	4	7	200	4056	7983
839	19	8	80	4060	7462
840	6	19	200	4064	5216
841	6	19	120	4068	8618
842	3	16	120	4072	1373
843	15	0	80	4076	1742
844	15	0	80	4080	5470
845	3	16	160	4084	521
846	4	7	120	4088	11933
847	15	0	160	4092	7725
848	15	0	120	4096	3196
849	3	16	160	4100	3989
850	19	8	120	4104	5766
851	3	16	160	4108	4072
852	0	18	160	4112	3272
853	4	7	120	4116	7950
854	19	8	200	4120	24603
855	4	7	120	4124	4572
856	15	0	160	4128	8434
857	5	13	80	4132	5268
858	6	19	160	4136	2068
859	6	19	160	4140	8770
860	0	18	200	4144	214
861	6	19	200	4148	9178
862	1	11	80	4152	9042
863	3	16	160	4156	37672
864	6	19	200	4160	6469
865	0	18	80	4164	1407
866	4	7	80	4168	2504
867	15	0	160	4172	29969
868	6	19	160	4176	9903
869	3	16	200	4180	1150
870	6	19	120	4184	2284
871	19	8	200	4188	30976
872	1	11	160	4192	9713
873	1	11	200	4196	3720
874	15	0	80	4200	3902
875	1	11	200	4204	8702
876	19	8	120	4208	10335
877	6	19	200	4212	11465
878	5	13	80	4216	7032
879	0	18	120	4220	17160
880	6	19	160	4224	3404
881	0	18	120	4228	103
882	6	19	120	4232	10950
883	3	16	120	4236	2064
884	3	16	160	4240	32603
885	5	13	160	4244	2325
886	19	8	80	4248	2193
887	1	11	80	4252	9257
888	5	13	80	4256	13667
889	6	19	200	4260	8756
890	0	18	200	4264	4326
891	1	11	200	4268	5312
892	6	19	120	4272	2323
893	15	0	120	4276	26921
894	15	0	80	4280	6942
895	19	8	80	4284	12738
896	4	7	80	4288	32328
897	0	18	160	4292	1459
898	0	18	80	4296	8200
899	15	0	200	4300	3251
900	19	8	160	4304	12652
901	6	19	200	4308	12819
902	0	18	200	4312	19199
903	4	7	160	4316	1739
904	6	19	120	4320	1246
905	0	18	120	4324	6116
906	1	11	200	4400	9523
907	15	0	200	4405	26551
908	5	13	80	4410	2235
909	6	19	80	4415	2748
910	4	7	200	4420	9905
911	1	11	200	4425	17665
912	19	8	80	4430	18226
913	5	13	80	4435	3383
914	0	18	200	4440	3077
915	0	18	120	4445	109
916	0	18	160	4450	22106
917	19	8	200	4455	4777
918	19	8	80	4460	64
919	1	11	120	4465	2879
920	0	18	80	4470	20360
921	1	11	80	4475	7000
922	1	11	160	4480	1371
923	0	18	160	4485	365
924	3	16	80	4490	10076
925	4	7	160	4495	11522
926	1	11	120	4500	10391
927	3	16	120	4505	10703
928	4	7	160	4510	12552
929	15	0	80	4515	7122
930	15	0	160	4520	9130
931	19	8	200	4525	6541
932	5	13	200	4530	1024
933	6	19	80	4535	2310
934	0	18	200	4540	742
935	19	8	200	4545	6352
936	19	8	120	4550	874
937	1	11	200	4555	6391
938	6	19	200	4560	694
939	3	16	80	4565	4762
940	3	16	160	4570	6501
941	1	11	80	4575	2583
942	5	13	200	4580	4664
943	19	8	80	4585	6007
944	3	16	80	4590	24849
945	15	0	200	4595	5999
946	1	11	160	4600	7088
947	1	11	120	4605	19012
948	6	19	120	4610	8310
949	6	19	160	4615	6687
950	19	8	120	4620	15706
951	5	13	120	4625	6087
952	1	11	160	4630	1383
953	15	0	160	4635	3310
954	6	19	200	4640	4254
955	15	0	120	4645	1897
956	5	13	80	4650	8197
957	0	18	120	4655	15994
958	1	11	120	4660	5218
959	1	11	200	4665	3838
960	15	0	200	4670	13171
961	15	0	160	4675	25420
962	3	16	120	4680	1510
963	15	0	200	4685	8497
964	19	8	120	4690	7536
965	4	7	80	4695	1314
966	5	13	80	4700	11752
967	1	11	200	4705	8323
968	4	7	80	4710	2368
969	0	18	80	4715	11803
970	1	11	80	4720	19266
971	19	8	200	4725	3911
972	3	16	200	4730	3652
973	6	19	200	4735	6556
974	19	8	200	4740	10962
975	19	8	200	4745	8298
976	6	19	80	4750	1219
977	1	11	160	4755	7942
978	15	0	160	4760	749
979	4	7	80	4765	1672
980	3	16	200	4770	1543
981	19	8	80	4775	13719
982	6	19	80	4780	767
983	15	0	200	4785	2041
984	19	8	200	4790	10471
985	1	11	120	4800	1279
986	15	0	80	4804	4083
987	6	19	80	4808	12161
988	0	18	120	4812	14581
989	3	16	160	4816	16793
990	4	7	160	4820	18993
991	19	8	80	4824	2184
992	19	8	120	4828	589
993	4	7	80	4832	9685
994	4	7	120	4836	8202
995	5	13	200	4840	7290
996	15	0	200	4844	877
997	15	0	200	4848	12392
998	0	18	160	4852	19994
999	15	0	200	4856	13023
1000	1	11	200	4860	11342
1001	19	8	200	4864	22646
1002	6	19	80	4868	8417
1003	6	19	80	4872	16624
1004	4	7	160	4876	8549
1005	0	18	160	4880	5122
1006	3	16	160	4884	1454
1007	4	7	160	4888	7317
1008	19	8	200	4892	7190
1009	15	0	200	4896	11649
1010	0	18	80	4900	579
1011	3	16	160	4904	93
1012	1	11	160	4908	11936
1013	6	19	80	4912	2746
1014	19	8	200	4916	1842
1015	19	8	200	4920	34887
1016	1	11	160	4924	16130
1017	5	13	120	4928	23477
1018	19	8	80	4932	20659
1019	6	19	200	4936	4964
1020	6	19	200	4940	11147
1021	19	8	200	4944	35743
1022	1	11	120	4948	13214
1023	0	18	160	4952	3809
1024	6	19	160	4956	15984
1025	3	16	200	4960	8894
1026	19	8	120	4964	3035
1027	15	0	160	4968	8737
1028	1	11	120	4972	20015
1029	4	7	200	4976	1280
1030	0	18	80	4980	6241
1031	15	0	120	4984	3493
1032	1	11	200	4988	9947
1033	0	18	160	4992	2692
1034	1	11	120	4996	4508
1035	3	16	80	5000	2136
1036	1	11	200	5004	1482
1037	19	8	200	5008	1953
1038	3	16	80	5012	6727
1039	15	0	80	5016	2376
1040	19	8	200	5020	31968
1041	3	16	160	5024	12891
1042	15	0	120	5028	1670
1043	1	11	120	5032	593
1044	1	11	120	5036	13185
1045	0	18	200	5040	18054
1046	6	19	120	5044	4987
1047	3	16	80	5048	12129
1048	5	13	120	5052	5486
1049	5	13	160	5056	8492
1050	3	16	120	5060	10509
1051	3	16	120	5064	1366
1052	19	8	200	5068	15909
1053	3	16	160	5072	4863
1054	0	18	200	5076	426
1055	4	7	200	5080	11730
1056	6	19	120	5084	1139
1057	6	19	160	5088	2539
1058	19	8	160	5092	83
1059	1	11	160	5096	33852
1060	1	11	80	5100	1367
1061	4	7	200	5104	5572
1062	3	16	80	5108	9147
1063	5	13	200	5112	4709
1064	6	19	200	5116	2041
1065	3	16	200	5120	10071
1066	1	11	200	5124	2853
1067	1	11	80	5128	5375
1068	4	7	200	5132	15712
1069	5	13	160	5136	28409
1070	6	19	200	5140	13631
1071	1	11	160	5144	8403
1072	1	11	80	5200	3800
1073	0	18	200	5204	8806
1074	15	0	80	5208	5242
1075	4	7	120	5212	24188
1076	0	18	160	5216	12880
1077	0	18	200	5220	10677
1078	15	0	80	5224	6774
1079	6	19	160	5228	27811
1080	6	19	160	5232	1857
1081	6	19	120	5236	6130
1082	3	16	120	5240	1473
1083	5	13	200	5244	2452
1084	0	18	160	5248	4313
1085	15	0	160	5252	3884
1086	19	8	120	5256	5397
1087	19	8	80	5260	2366
1088	19	8	160	5264	2131
1089	15	0	120	5268	8668
1090	6	19	160	5272	857
1091	5	13	120	5276	18200
1092	0	18	120	5280	1847
1093	1	11	120	5284	7001
1094	6	19	80	5288	841
1095	4	7	200	5292	5229
1096	19	8	120	5296	1014
1097	1	11	120	5300	10882
1098	4	7	160	5304	14982
1099	19	8	160	5308	768
1100	15	0	80	5312	7237
1101	4	7	120	5316	29379
1102	15	0	80	5320	20281
1103	0	18	160	5324	5955
1104	19	8	200	5328	14465
1105	1	11	160	5332	675
1106	0	18	120	5336	12072
1107	19	8	200	5340	1742
1108	4	7	160	5344	29437
1109	6	19	160	5348	847
1110	3	16	120	5352	27817
1111	6	19	120	5356	4033
1112	15	0	120	5360	9651
1113	3	16	80	5364	337
1114	4	7	80	5368	12051
1115	5	13	200	5372	7781
1116	1	11	160	5376	3245
1117	6	19	120	5380	4320
1118	4	7	120	5384	228
1119	19	8	120	5388	14690
1120	3	16	120	5392	2043
1121	3	16	160	5396	358
1122	1	11	120	5400	2358
1123	6	19	160	5404	1766
1124	19	8	80	5408	16300
1125	0	18	120	5412	20289
1126	1	11	120	5416	4695
1127	0	18	160	5420	12676
1128	4	7	200	5424	6706
1129	4	7	120	5428	6
1130	4	7	80	5432	14282
1131	19	8	120	5436	466
1132	5	13	120	5440	17690
1133	15	0	160	5444	5226
1134	15	0	120	5448	3743
1135	1	11	80	5452	2117
1136	15	0	80	5456	7625
1137	3	16	160	5460	8244
1138	6	19	80	5464	4468
1139	19	8	80	5468	3273
1140	6	19	120	5472	7445
1141	0	18	160	5476	2795
1142	4	7	160	5480	2642
1143	3	16	80	5484	1145
1144	5	13	80	5488	9434
1145	19	8	120	5492	9784
1146	15	0	200	5496	1749
1147	6	19	120	5500	1441
1148	6	19	120	5504	13074
1149	1	11	120	5508	5199
1150	3	16	120	5512	1266
1151	3	16	80	5516	9680
1152	6	19	80	5520	10049
1153	5	13	120	5524	45
1154	6	19	80	5528	16090
1155	5	13	160	5532	6414
1156	3	16	80	5536	10161
1157	1	11	120	5540	10260
1158	0	18	160	5544	8521
1159	19	8	120	5548	19740
1160	19	8	80	5552	8105
1161	0	18	160	5556	33045
1162	4	7	200	5560	7913
1163	0	18	80	5600	29174
1164	1	11	160	5604	2498
1165	3	16	200	5608	19480
1166	0	18	80	5612	5634
1167	19	8	200	5616	1998
1168	4	7	160	5620	8811
1169	3	16	200	5624	6312
1170	6	19	160	5628	59
1171	19	8	200	5632	9377
1172	0	18	80	5636	36324
1173	5	13	120	5640	9430
1174	1	11	200	5644	2141
1175	3	16	160	5648	21323
1176	15	0	80	5652	11501
1177	15	0	80	5656	1040
1178	0	18	160	5660	5635
1179	19	8	200	5664	1432
1180	1	11	160	5668	10309
1181	4	7	80	5672	2618
1182	3	16	120	5676	36871
1183	3	16	160	5680	751
1184	1	11	200	5684	15418
1185	1	11	80	5688	1117
1186	1	11	120	5692	3341
1187	0	18	200	5696	17283
1188	1	11	120	5700	7604
1189	1	11	160	5704	13820
1190	19	8	80	5708	5762
1191	6	19	160	5712	17793
1192	1	11	80	5716	35281
1193	15	0	200	5720	5751
1194	0	18	200	5724	9602
1195	5	13	200	5728	7778
1196	5	13	160	5732	8792
1197	3	16	120	5736	2938
1198	1	11	160	5740	16028
1199	1	11	80	5744	12116
1200	19	8	80	5748	1786
1201	19	8	80	5752	29639
1202	3	16	160	5756	5502
1203	4	7	120	5760	2400
1204	4	7	160	5764	5086
1205	3	16	120	5768	4871
1206	1	11	200	5772	9972
1207	1	11	200	5776	185
1208	3	16	120	5780	11788
1209	3	16	120	5784	21961
1210	6	19	160	5788	12444
1211	4	7	200	5792	7275
1212	0	18	200	5796	1957
1213	1	11	200	5800	5408
1214	6	19	160	5804	1694
1215	4	7	80	5808	3543
1216	15	0	80	5812	40782
1217	1	11	120	5816	6185
1218	19	8	80	5820	1017
1219	0	18	160	5824	1186
1220	0	18	160	5828	6769
1221	19	8	80	5832	7757
1222	6	19	120	5836	7483
1223	1	11	200	5840	14931
1224	3	16	160	5844	263
1225	19	8	200	5848	982
1226	15	0	160	5852	9697
1227	3	16	120	5856	5179
1228	5	13	120	5860	40234
1229	5	13	80	5864	7595
1230	15	0	80	5868	2448
1231	5	13	160	5872	4857
1232	6	19	160	5876	2374
1233	15	0	160	5880	10342
1234	0	18	160	5884	26553
1235	3	16	120	5888	11057
1236	1	11	160	5892	12179
1237	15	0	80	5896	10499
1238	15	0	200	5900	7723
1239	15	0	160	5904	4065
1240	19	8	80	5908	4329
1241	0	18	160	5912	3068
1242	15	0	160	5916	966
1243	19	8	200	5920	9058
1244	5	13	80	5924	271
1245	5	13	120	6000	19825
1246	6	19	200	6005	8985
1247	19	8	120	6010	5488
1248	0	18	80	6015	3107
1249	5	13	160	6020	3336
1250	15	0	160	6025	7909
1251	3	16	120	6030	1098
1252	3	16	80	6035	1665
1253	1	11	200	6040	10395
1254	1	11	120	6045	1876
1255	19	8	80	6050	6927
1256	1	11	160	6055	3668
1257	0	18	160	6060	8443
1258	1	11	160	6065	2058
1259	5	13	200	6070	3506
1260	5	13	160	6075	11205
1261	19	8	120	6080	2152
1262	5	13	120	6085	239
1263	6	19	120	6090	1374
1264	5	13	120	6095	8921
1265	1	11	200	6100	3249
1266	15	0	80	6105	3329
1267	3	16	120	6110	5411
1268	1	11	80	6115	5998
1269	3	16	120	6120	4665
1270	3	16	160	6125	6864
1271	19	8	80	6130	2441
1272	4	7	120	6135	20134
1273	1	11	160	6140	10213
1274	0	18	120	6145	10181
1275	0	18	80	6150	2327
1276	1	11	160	6155	5657
1277	15	0	160	6160	21259
1278	6	19	200	6165	13369
1279	15	0	120	6170	988
1280	3	16	200	6175	4650
1281	15	0	120	6180	1845
1282	1	11	120	6185	1344
1283	19	8	160	6190	8454
1284	15	0	120	6195	33663
1285	4	7	160	6200	1162
1286	1	11	120	6205	2486
1287	5	13	160	6210	6031
1288	6	19	80	6215	5811
1289	0	18	160	6220	3882
1290	0	18	200	6225	3839
1291	1	11	200	6230	1112
1292	6	19	120	6235	5608
1293	1	11	200	6240	2455
1294	1	11	200	6245	8281
1295	19	8	160	6250	1607
1296	4	7	120	6255	2729
1297	0	18	80	6260	24989
1298	3	16	120	6265	44
1299	3	16	80	6270	9618
1300	15	0	120	6275	6857
1301	4	7	160	6280	1618
1302	15	0	80	6285	27769
1303	6	19	200	6290	16963
1304	3	16	80	6295	11585
1305	19	8	160	6300	3631
1306	19	8	200	6305	1876
1307	1	11	120	6310	5032
1308	0	18	160	6315	59
1309	1	11	120	6320	25113
1310	15	0	120	6325	601
1311	4	7	80	6330	4609
1312	4	7	160	6335	14660
1313	3	16	120	6340	937
1314	3	16	200	6345	19635
1315	15	0	120	6350	6345
1316	15	0	80	6355	677
1317	6	19	160	6360	3786
1318	19	8	200	6365	1516
1319	1	11	200	6370	6157
1320	19	8	160	6375	551
1321	1	11	120	6400	13327
1322	5	13	120	6404	29584
1323	0	18	160	6408	1235
1324	3	16	120	6412	501
1325	1	11	160	6416	4727
1326	1	11	160	6420	11386
1327	1	11	160	6424	8514
1328	19	8	200	6428	634
1329	0	18	160	6432	6175
1330	5	13	200	6436	26455
1331	0	18	120	6440	6405
1332	4	7	80	6444	20646
1333	3	16	160	6448	954
1334	0	18	80	6452	6222
1335	19	8	120	6456	2383
1336	19	8	80	6460	2164
1337	4	7	160	6464	2568
1338	6	19	120	6468	17472
1339	15	0	200	6472	7746
1340	4	7	160	6476	20855
1341	0	18	200	6480	12885
1342	5	13	80	6484	5906
1343	5	13	200	6488	6562
1344	3	16	80	6492	2992
1345	6	19	160	6496	22948
1346	15	0	80	6500	2738
1347	4	7	80	6504	3998
1348	19	8	80	6508	3448
1349	4	7	120	6512	818
1350	1	11	160	6516	849
1351	15	0	160	6520	19446
1352	1	11	120	6524	12233
1353	1	11	160	6528	5059
1354	4	7	160	6532	8015
1355	5	13	200	6536	11574
1356	15	0	120	6540	1864
1357	6	19	120	6544	13981
1358	4	7	120	6548	13687
1359	0	18	160	6552	3071
1360	6	19	200	6556	7446
1361	15	0	120	6560	6460
1362	1	11	160	6564	3963
1363	19	8	200	6568	5071
1364	5	13	120	6572	40053
1365	6	19	80	6576	5895
1366	19	8	80	6580	5766
1367	0	18	80	6584	10401
1368	3	16	80	6588	6752
1369	4	7	120	6592	8547
1370	15	0	80	6596	2974
1371	3	16	160	6600	13143
1372	19	8	80	6604	5380
1373	0	18	200	6608	6431
1374	6	19	80	6612	7545
1375	15	0	160	6616	2478
1376	6	19	120	6620	2727
1377	0	18	120	6624	4296
1378	15	0	120	6628	14223
1379	5	13	200	6632	1000
1380	4	7	120	6636	1360
1381	15	0	160	6640	3642
1382	1	11	120	6644	2908
1383	4	7	120	6648	30900
1384	19	8	80	6652	4597
1385	6	19	80	6656	421
1386	15	0	200	6660	11676
1387	3	16	120	6664	4863
1388	19	8	80	6668	5225
1389	4	7	80	6672	11965
1390	0	18	80	6676	407
1391	3	16	200	6680	4237
1392	19	8	80	6684	4860
1393	6	19	200	6688	6725
1394	1	11	200	6692	116
1395	6	19	80	6696	3724
1396	19	8	120	6700	4215
1397	5	13	80	6704	432
1398	19	8	120	6708	6684
1399	5	13	80	6712	12509
1400	15	0	160	6716	4490
1401	6	19	80	6720	6610
1402	0	18	200	6724	13866
1403	5	13	160	6800	9466
1404	6	19	120	6805	12361
1405	15	0	200	6810	2787
1406	19	8	160	6815	4391
1407	1	11	120	6820	2099
1408	4	7	160	6825	15622
1409	5	13	200	6830	3651
1410	19	8	120	6835	5166
1411	6	19	200	6840	12576
1412	19	8	80	6845	42097
1413	19	8	160	6850	9679
1414	6	19	120	6855	1418
1415	15	0	120	6860	2195
1416	5	13	200	6865	2292
1417	6	19	80	6870	4244
1418	0	18	200	6875	263
1419	19	8	120	6880	22774
1420	15	0	80	6885	11211
1421	5	13	160	6890	478
1422	0	18	200	6895	2279
1423	15	0	200	6900	12643
1424	3	16	120	6905	7466
1425	5	13	120	6910	18362
1426	4	7	120	6915	3461
1427	3	16	120	6920	20310
1428	19	8	80	6925	6177
1429	19	8	200	6930	2178
1430	19	8	120	6935	15550
1431	0	18	80	6940	2156
1432	1	11	80	6945	15132
1433	1	11	120	6950	329
1434	6	19	80	6955	9316
1435	6	19	80	6960	7211
1436	15	0	160	6965	6254
1437	5	13	200	6970	7555
1438	15	0	80	6975	1708
1439	0	18	80	6980	1233
1440	6	19	160	6985	7930
1441	6	19	160	6990	6157
1442	19	8	200	6995	7279
1443	4	7	80	7000	960
1444	5	13	200	7005	2855
1445	3	16	120	7010	2379
1446	4	7	160	7015	4308
1447	0	18	160	7020	11205
1448	19	8	120	7025	4168
1449	3	16	160	7030	11913
1450	1	11	120	7035	1050
1451	3	16	80	7040	49233
1452	5	13	80	7045	163
1453	19	8	200	7050	7833
1454	15	0	80	7055	300
1455	3	16	80	7060	3715
1456	6	19	120	7065	3019
1457	3	16	200	7070	236
1458	3	16	80	7075	728
1459	1	11	200	7080	17475
1460	4	7	160	7085	22913
1461	6	19	120	7090	5567
1462	3	16	120	7095	9443
1463	4	7	160	7100	7734
1464	6	19	160	7105	5700
1465	15	0	120	7110	2189
1466	5	13	160	7115	22949
1467	6	19	160	7120	24709
1468	1	11	120	7125	111
1469	0	18	120	7130	6722
1470	0	18	200	7135	9567
1471	19	8	200	7140	8130
1472	15	0	200	7145	1981
1473	19	8	200	7150	17619
1474	1	11	200	7155	3003
1475	1	11	120	7200	1956
1476	5	13	200	7204	4939
1477	6	19	160	7208	1157
1478	1	11	80	7212	5449
1479	19	8	200	7216	3439
1480	1	11	160	7220	5275
1481	3	16	160	7224	7283
1482	3	16	200	7228	5787
1483	5	13	160	7232	11535
1484	15	0	160	7236	980
1485	6	19	80	7240	15669
1486	4	7	80	7244	1948
1487	1	11	120	7248	2036
1488	4	7	80	7252	28
1489	4	7	200	7256	3043
1490	0	18	200	7260	2623
1491	4	7	160	7264	5760
1492	3	16	200	7268	5940
1493	6	19	120	7272	2908
1494	5	13	120	7276	1784
1495	0	18	80	7280	1091
1496	3	16	80	7284	14862
1497	4	7	80	7288	30428
1498	15	0	120	7292	7401
1499	6	19	120	7296	500
1500	15	0	200	7300	3016
1501	15	0	80	7304	4959
1502	15	0	80	7308	10767
1503	19	8	80	7312	14544
1504	1	11	160	7316	639
1505	1	11	120	7320	5307
1506	4	7	120	7324	12056
1507	5	13	120	7328	1120
1508	15	0	80	7332	2984
1509	5	13	160	7336	13715
1510	6	19	120	7340	19337
1511	0	18	160	7344	1584
1512	1	11	160	7348	6129
1513	3	16	120	7352	10702
1514	19	8	80	7356	4148
1515	1	11	200	7360	3388
1516	4	7	120	7364	34411
1517	15	0	200	7368	21197
1518	6	19	200	7372	5614
1519	0	18	160	7376	8413
1520	4	7	80	7380	188
1521	3	16	120	7384	10139
1522	1	11	160	7388	24115
1523	6	19	160	7392	9563
1524	19	8	160	7396	2726
1525	6	19	80	7400	1630
1526	5	13	80	7404	968
1527	1	11	160	7408	19686
1528	4	7	120	7412	9356
1529	1	11	160	7416	1641
1530	15	0	120	7420	3733
1531	1	11	160	7424	5276
1532	15	0	80	7428	6060
1533	4	7	160	7432	4543
1534	1	11	80	7436	287
1535	4	7	160	7440	168
1536	5	13	120	7444	15613
1537	3	16	200	7448	9047
1538	3	16	200	7452	9284
1539	6	19	120	7456	7963
1540	1	11	200	7460	671
1541	15	0	160	7464	714
1542	4	7	80	7468	19571
1543	19	8	160	7472	1622
1544	15	0	160	7476	4161
1545	19	8	80	7480	842
1546	3	16	80	7484	30554
1547	0	18	120	7488	12353
1548	6	19	80	7492	18434
1549	4	7	160	7496	15428
1550	6	19	200	7500	1216
1551	5	13	80	7504	19688
1552	15	0	120	7508	5130
1553	15	0	200	7512	24445
1554	3	16	80	7516	304
1555	4	7	160	7520	7243
1556	5	13	120	7524	5724
1557	1	11	160	7528	345
1558	19	8	160	7532	6367
1559	5	13	160	7600	17842
1560	5	13	80	7605	3708
1561	3	16	160	7610	15949
1562	1	11	200	7615	4655
1563	6	19	160	7620	1076
1564	6	19	120	7625	4739
1565	4	7	160	7630	4467
1566	1	11	120	7635	8363
1567	6	19	200	7640	859
1568	1	11	80	7645	9691
1569	5	13	160	7650	3873
1570	6	19	160	7655	5345
1571	0	18	160	7660	2959
1572	4	7	80	7665	2223
1573	0	18	160	7670	16564
1574	15	0	200	7675	6754
1575	5	13	120	7680	22237
1576	19	8	80	7685	13080
1577	1	11	200	7690	11666
1578	15	0	200	7695	2760
1579	0	18	120	7700	1674
1580	4	7	80	7705	1848
1581	5	13	160	7710	3173
1582	4	7	160	7715	116
1583	0	18	200	7720	14408
1584	4	7	200	7725	363
1585	3	16	80	7730	4904
1586	3	16	120	7735	76
1587	0	18	120	7740	6907
1588	1	11	120	7745	4032
1589	6	19	120	7750	4634
1590	15	0	80	7755	5703
1591	4	7	160	7760	13528
1592	3	16	80	7765	1099
1593	15	0	80	7770	12645
1594	0	18	120	7775	2403
1595	19	8	80	7780	1954
1596	6	19	200	7785	8266
1597	6	19	160	7790	12391
1598	1	11	120	7795	10671
1599	3	16	80	7800	30434
1600	15	0	160	7805	4804
1601	5	13	80	7810	16709
1602	19	8	120	7815	704
1603	0	18	120	7820	5812
1604	15	0	200	7825	3662
1605	5	13	80	7830	14265
1606	1	11	80	7835	8918
1607	15	0	160	7840	7320
1608	19	8	200	7845	3860
1609	6	19	200	7850	837
1610	5	13	120	7855	12506
1611	3	16	120	7860	10891
1612	3	16	200	7865	11105
1613	19	8	80	7870	3570
1614	1	11	160	7875	9272
1615	0	18	120	7880	355
1616	15	0	80	7885	15142
1617	1	11	200	7890	7458
1618	1	11	160	7895	680
1619	4	7	80	7900	35873
1620	1	11	120	7905	4334
1621	0	18	80	7910	582
1622	5	13	120	7915	9791
1623	4	7	160	7920	2436
1624	15	0	120	7925	16571
1625	1	11	200	7930	8909
1626	6	19	120	7935	1595
1627	6	19	80	7940	4760
1628	19	8	80	8000	7623
1629	15	0	200	8004	3488
1630	19	8	160	8008	2782
1631	1	11	120	8012	141
1632	0	18	160	8016	250
1633	5	13	160	8020	3015
1634	1	11	160	8024	10696
1635	15	0	200	8028	3205
1636	6	19	120	8032	2229
1637	3	16	80	8036	5514
1638	3	16	200	8040	5042
1639	19	8	160	8044	1910
1640	0	18	200	8048	12344
1641	4	7	160	8052	4222
1642	1	11	120	8056	1740
1643	4	7	160	8060	2814
1644	0	18	80	8064	8378
1645	4	7	160	8068	11622
1646	1	11	160	8072	539
1647	4	7	200	8076	11702
1648	5	13	120	8080	913
1649	19	8	80	8084	1947
1650	0	18	200	8088	3662
1651	5	13	200	8092	308
1652	5	13	200	8096	9793
1653	6	19	80	8100	11021
1654	1	11	160	8104	6557
1655	6	19	160	8108	3840
1656	0	18	160	8112	1492
1657	4	7	160	8116	13795
1658	1	11	80	8120	8226
1659	5	13	80	8124	9516
1660	15	0	160	8128	8424
1661	4	7	80	8132	2024
1662	15	0	160	8136	33656
1663	0	18	80	8140	238
1664	15	0	80	8144	13103
1665	3	16	200	8148	11863
1666	3	16	200	8152	9982
1667	15	0	80	8156	4587
1668	6	19	160	8160	7795
1669	4	7	160	8164	3521
1670	4	7	200	8168	12887
1671	4	7	80	8172	3462
1672	15	0	80	8176	1195
1673	3	16	200	8180	16263
1674	4	7	80	8184	1809
1675	6	19	200	8188	65
1676	19	8	160	8192	16617
1677	1	11	160	8196	4212
1678	4	7	160	8200	7603
1679	4	7	160	8204	913
1680	0	18	80	8208	7460
1681	3	16	160	8212	4253
1682	1	11	160	8216	3330
1683	19	8	80	8220	4064
1684	15	0	200	8224	34173
1685	4	7	160	8228	2364
1686	6	19	160	8232	2986
1687	3	16	160	8236	2661
1688	3	16	80	8240	11240
1689	4	7	80	8244	3522
1690	6	19	120	8248	1394
1691	1	11	200	8252	4378
1692	0	18	200	8256	15483
1693	6	19	200	8260	11825
1694	0	18	80	8264	6592
1695	6	19	200	8268	6617
1696	6	19	80	8272	4426
1697	0	18	80	8276	1453
1698	5	13	160	8280	5401
1699	6	19	80	8284	16706
1700	0	18	200	8288	437
1701	4	7	160	8292	7928
1702	6	19	120	8296	1261
1703	1	11	200	8300	11150
1704	5	13	80	8304	4299
1705	5	13	200	8308	129
1706	6	19	200	8312	18347
1707	3	16	80	8316	14509
1708	3	16	200	8320	6306
1709	4	7	200	8324	6409
1710	15	0	200	8328	5650
1711	19	8	200	8332	11444
1712	0	18	200	8336	1868
1713	15	0	120	8340	6117
1714	4	7	80	8344	747
1715	5	13	80	8348	2182
1716	3	16	160	8352	17167
1717	15	0	120	8400	7069
1718	3	16	120	8405	354
1719	4	7	120	8410	6382
1720	6	19	120	8415	4951
1721	19	8	120	8420	4495
1722	4	7	80	8425	9158
1723	1	11	160	8430	2478
1724	6	19	120	8435	1747
1725	1	11	200	8440	3809
1726	4	7	80	8445	5475
1727	1	11	120	8450	3656
1728	1	11	200	8455	2941
1729	6	19	120	8460	8166
1730	0	18	160	8465	7001
1731	19	8	120	8470	9864
1732	6	19	80	8475	20051
1733	6	19	160	8480	10694
1734	3	16	200	8485	449
1735	6	19	160	8490	30400
1736	6	19	80	8495	2479
1737	19	8	160	8500	7106
1738	4	7	80	8505	32419
1739	1	11	200	8510	28042
1740	6	19	200	8515	3530
1741	4	7	160	8520	5148
1742	0	18	160	8525	10701
1743	19	8	80	8530	1819
1744	6	19	80	8535	15155
1745	15	0	120	8540	4074
1746	1	11	80	8545	1917
1747	3	16	160	8550	3098
1748	1	11	200	8555	9184
1749	5	13	80	8560	3116
1750	3	16	120	8565	9107
1751	15	0	200	8570	14572
1752	6	19	200	8575	1048
1753	0	18	80	8580	22672
1754	0	18	160	8585	4284
1755	1	11	160	8590	7810
1756	19	8	120	8595	23513
1757	4	7	200	8600	16921
1758	4	7	160	8605	6489
1759	4	7	120	8610	300
1760	1	11	200	8615	5878
1761	5	13	160	8620	6078
1762	0	18	80	8625	6027
1763	5	13	160	8630	18889
1764	3	16	80	8635	27529
1765	15	0	160	8640	12793
1766	1	11	200	8645	14780
1767	3	16	80	8650	5094
1768	4	7	160	8655	5228
1769	15	0	120	8660	946
1770	19	8	200	8665	28664
1771	3	16	200	8670	2789
1772	4	7	120	8675	7413
1773	1	11	160	8680	609
1774	15	0	160	8685	1714
1775	3	16	200	8690	34671
1776	19	8	200	8695	9430
1777	5	13	80	8700	5204
1778	4	7	160	8705	4314
1779	15	0	200	8710	12760
1780	0	18	160	8715	1449
1781	0	18	160	8720	1534
1782	19	8	120	8725	9217
1783	6	19	160	8730	33640
1784	4	7	80	8735	25756
1785	3	16	200	8740	10932
1786	3	16	160	8745	7051
1787	5	13	80	8750	30255
1788	6	19	80	8755	3116
1789	1	11	80	8800	4516
1790	6	19	120	8805	248
1791	1	11	120	8810	3916
1792	5	13	80	8815	268
1793	0	18	200	8820	23308
1794	19	8	200	8825	4775
1795	1	11	120	8830	13924
1796	3	16	120	8835	23252
1797	4	7	200	8840	14263
1798	5	13	80	8845	2148
1799	19	8	120	8850	424
1800	5	13	160	8855	6507
1801	15	0	200	8860	10842
1802	15	0	200	8865	14726
1803	4	7	120	8870	6773
1804	6	19	80	8875	3451
1805	0	18	120	8880	3892
1806	3	16	120	8885	2133
1807	4	7	120	8890	405
1808	3	16	160	8895	11038
1809	6	19	200	8900	4465
1810	1	11	200	8905	21379
1811	4	7	120	8910	5061
1812	19	8	80	8915	4967
1813	6	19	160	8920	11370
1814	3	16	160	8925	16397
1815	1	11	120	8930	3396
1816	5	13	80	8935	15080
1817	4	7	160	8940	6285
1818	1	11	160	8945	23301
1819	0	18	80	8950	2018
1820	5	13	80	8955	1907
1821	6	19	200	8960	16029
1822	6	19	80	8965	1284
1823	3	16	120	8970	396
1824	0	18	80	8975	675
1825	6	19	120	8980	7037
1826	15	0	200	8985	2424
1827	4	7	120	8990	8593
1828	3	16	160	8995	7821
1829	5	13	120	9000	3674
1830	19	8	160	9005	339
1831	4	7	200	9010	15758
1832	19	8	80	9015	2224
1833	5	13	80	9020	3635
1834	1	11	120	9025	2199
1835	1	11	160	9030	4406
1836	1	11	160	9035	3242
1837	4	7	80	9040	958
1838	19	8	120	9045	8055
1839	3	16	160	9050	6840
1840	0	18	120	9055	5721
1841	15	0	80	9060	6149
1842	1	11	120	9065	2079
1843	19	8	120	9070	18024
1844	19	8	120	9075	5553
1845	3	16	200	9080	6599
1846	1	11	80	9085	20681
1847	15	0	120	9090	2565
1848	6	19	80	9095	619
1849	15	0	160	9100	875
1850	6	19	80	9105	29971
1851	19	8	200	9110	4102
1852	1	11	80	9115	17385
1853	4	7	200	9120	100
1854	4	7	120	9125	14635
1855	19	8	200	9130	9408
1856	0	18	200	9135	7207
1857	5	13	160	9140	12596
1858	4	7	80	9145	5389
1859	19	8	200	9150	11596
1860	1	11	120	9155	1057
1861	19	8	80	9160	6857
1862	1	11	200	9165	4435
1863	15	0	80	9200	3825
1864	6	19	80	9205	3904
1865	15	0	200	9210	584
1866	4	7	120	9215	2049
1867	4	7	80	9220	819
1868	4	7	120	9225	5841
1869	1	11	200	9230	4748
1870	19	8	200	9235	102
1871	1	11	200	9240	10633
1872	5	13	80	9245	19219
1873	15	0	200	9250	3708
1874	0	18	160	9255	9959
1875	6	19	200	9260	9011
1876	4	7	120	9265	8091
1877	15	0	200	9270	2338
1878	3	16	200	9275	6351
1879	15	0	80	9280	5859
1880	4	7	80	9285	8641
1881	19	8	120	9290	34793
1882	6	19	120	9295	7015
1883	5	13	200	9300	5875
1884	19	8	80	9305	3979
1885	0	18	200	9310	8181
1886	3	16	200	9315	29296
1887	5	13	80	9320	2093
1888	1	11	160	9325	5967
1889	3	16	160	9330	6368
1890	1	11	200	9335	14164
1891	6	19	200	9340	6217
1892	0	18	200	9345	7797
1893	19	8	160	9350	16281
1894	1	11	80	9355	4795
1895	1	11	120	9360	21899
1896	5	13	120	9365	938
1897	4	7	120	9370	15111
1898	1	11	80	9375	5686
1899	1	11	160	9380	4498
1900	15	0	160	9385	3272
1901	15	0	80	9390	14049
1902	4	7	80	9395	11290
1903	5	13	120	9400	7885
1904	15	0	200	9405	762
1905	5	13	80	9410	2206
1906	4	7	160	9415	5412
1907	3	16	80	9420	5793
1908	4	7	80	9425	2858
1909	6	19	160	9430	1429
1910	4	7	120	9435	454
1911	3	16	200	9440	3328
1912	1	11	160	9445	2248
1913	6	19	80	9450	28292
1914	5	13	160	9455	886
1915	1	11	80	9460	1176
1916	1	11	200	9465	38363
1917	6	19	200	9470	18863
1918	15	0	80	9475	35523
1919	6	19	120	9480	10957
1920	4	7	200	9485	808
1921	19	8	80	9490	43674
1922	3	16	120	9495	6781
1923	1	11	200	9500	27870
1924	19	8	200	9505	7696
1925	1	11	200	9510	5115
1926	0	18	80	9515	955
1927	5	13	120	9520	327
1928	6	19	160	9525	20207
1929	19	8	80	9530	11996
1930	1	11	160	9535	6660
1931	0	18	80	9540	12392
1932	6	19	200	9545	10922
1933	1	11	120	9600	1002
1934	19	8	120	9605	1622
1935	6	19	80	9610	14325
1936	5	13	80	9615	2100
1937	1	11	200	9620	25191
1938	6	19	80	9625	4487
1939	4	7	80	9630	1307
1940	6	19	80	9635	1288
1941	19	8	160	9640	4915
1942	0	18	200	9645	21252
1943	4	7	80	9650	3595
1944	15	0	80	9655	5444
1945	19	8	200	9660	5377
1946	4	7	120	9665	2799
1947	4	7	200	9670	8440
1948	4	7	200	9675	11567
1949	19	8	80	9680	3016
1950	19	8	160	9685	22992
1951	19	8	120	9690	1838
1952	5	13	80	9695	15760
1953	5	13	160	9700	11514
1954	6	19	160	9705	3251
1955	19	8	160	9710	3323
1956	5	13	160	9715	2362
1957	1	11	120	9720	12366
1958	5	13	120	9725	71
1959	6	19	200	9730	7708
1960	4	7	80	9735	1100
1961	15	0	120	9740	4804
1962	6	19	160	9745	7235
1963	5	13	200	9750	5933
1964	4	7	200	9755	7302
1965	4	7	120	9760	2492
1966	6	19	80	9765	7244
1967	0	18	120	9770	1088
1968	6	19	160	9775	12382
1969	19	8	160	9780	2536
1970	6	19	80	9785	18902
1971	19	8	200	9790	281
1972	0	18	160	9795	5171
1973	4	7	200	9800	14532
1974	19	8	120	9805	7271
1975	5	13	120	9810	8107
1976	15	0	80	9815	545
1977	15	0	120	9820	1881
1978	4	7	160	9825	5164
1979	0	18	200	9830	1100
1980	15	0	160	9835	1559
1981	6	19	80	9840	4941
1982	1	11	120	9845	2580
1983	6	19	160	9850	7448
1984	19	8	160	9855	14329
1985	1	11	80	9860	3566
1986	4	7	200	9865	20936
1987	0	18	80	9870	32039
1988	4	7	160	9875	12253
1989	0	18	200	9880	14844
1990	0	18	120	9885	6891
1991	3	16	160	9890	4696
1992	5	13	120	9895	23680
1993	0	18	120	9900	13320
1994	19	8	200	9905	180
1995	19	8	160	9910	9558
1996	3	16	200	9915	15949
1997	5	13	80	9920	4168
1998	19	8	80	9925	11531
1999	3	16	160	9930	2049
