0	4	14	13	0	3518
1	4	8	19	14	7900
2	3	1	23	28	3308
3	3	1	23	42	4550
4	3	1	23	56	22204
5	3	1	23	70	3999
6	4	14	19	84	6071
7	3	1	19	98	865
8	3	1	19	112	8930
9	4	14	19	126	1313
10	4	14	23	140	304
11	4	8	13	154	4437
12	3	1	19	168	2199
13	3	1	23	182	1319
14	0	12	19	196	4023
15	3	1	13	210	4281
16	4	8	19	224	1372
17	4	14	19	238	4386
18	4	8	23	252	594
19	3	1	19	266	1020
20	4	8	13	280	52
21	4	14	23	294	5206
22	0	12	23	308	8577
23	0	12	19	322	3722
24	4	14	19	336	3025
25	4	14	13	350	3360
26	3	1	19	364	7375
27	4	14	23	400	1140
28	3	1	19	412	6450
29	4	14	19	424	4353
30	3	1	23	436	2233
31	3	1	19	448	9884
32	4	14	13	460	3980
33	3	1	13	472	10122
34	3	1	13	484	5994
35	3	1	23	496	6257
36	4	14	19	508	5378
37	4	14	23	520	2062
38	4	14	23	532	2099
39	4	14	19	544	4500
40	4	14	13	556	10254
41	0	12	13	568	527
42	4	14	19	580	2328
43	4	14	23	592	4070
44	3	1	19	604	2310
45	4	14	19	616	1260
46	4	14	13	628	2915
47	4	14	23	640	4916
48	4	8	13	652	4286
49	4	14	23	664	2736
50	0	12	13	676	6387
51	3	1	23	688	753
52	0	12	19	700	314
53	3	1	19	712	6443
54	3	1	13	724	846
55	4	8	13	736	7783
56	0	12	23	748	15344
57	3	1	19	760	12589
58	3	1	19	772	644
59	3	1	19	800	2232
60	4	14	19	808	6248
61	4	8	19	816	3043
62	0	12	23	824	2003
63	4	14	13	832	1042
64	3	1	23	840	7640
65	3	1	19	848	687
66	3	1	23	856	163
67	3	1	19	864	2793
68	4	14	19	872	2807
69	4	14	19	880	7418
70	4	14	23	888	9990
71	3	1	19	896	8740
72	4	8	19	904	1191
73	3	1	19	912	2484
74	4	14	13	920	1439
75	0	12	23	928	8810
76	4	14	19	936	1350
77	3	1	13	944	1120
78	3	1	23	952	730
79	4	14	23	960	1205
80	4	8	13	968	208
81	3	1	19	976	576
82	3	1	23	984	3570
83	3	1	23	992	1456
84	4	14	13	1000	8032
85	4	14	23	1008	1183
86	3	1	23	1016	7328
87	3	1	19	1024	7087
88	4	14	13	1032	5230
89	4	8	23	1040	10073
90	4	8	13	1048	6692
91	4	8	13	1056	6098
92	3	1	19	1064	1172
93	3	1	19	1072	15782
94	4	14	23	1080	8654
95	3	1	19	1088	1978
96	0	12	19	1096	5231
97	3	1	13	1104	951
98	3	1	23	1112	6178
99	0	12	13	1120	1318
100	3	1	19	1128	1047
101	3	1	23	1136	60
102	4	14	13	1144	908
103	3	1	23	1152	6729
104	0	12	23	1160	3448
105	4	14	19	1200	9629
106	3	1	13	1209	9819
107	3	1	23	1218	3796
108	3	1	19	1227	2756
109	3	1	13	1236	1434
110	3	1	23	1245	3380
111	4	14	19	1254	5298
112	4	8	19	1263	6243
113	3	1	19	1272	8777
114	4	8	13	1281	1892
115	3	1	23	1290	4268
116	4	14	23	1299	11411
117	3	1	13	1308	371
118	4	14	13	1317	1808
119	3	1	23	1326	3622
120	4	14	23	1335	1530
121	4	14	13	1344	942
122	3	1	19	1353	5932
123	4	14	23	1362	3517
124	4	14	13	1371	126
125	4	14	23	1380	581
126	0	12	13	1389	4014
127	4	14	13	1398	1296
128	4	14	23	1407	3447
129	3	1	23	1416	9726
130	0	12	19	1425	696
131	4	14	13	1434	311
132	4	8	13	1443	2447
133	3	1	23	1452	8690
134	3	1	19	1461	121
135	3	1	13	1470	146
136	3	1	13	1479	10705
137	3	1	23	1488	5991
138	3	1	23	1497	5200
139	0	12	19	1506	12476
140	3	1	19	1515	1674
141	4	14	13	1524	1029
142	4	14	13	1533	1613
143	3	1	23	1542	2235
144	4	14	13	1551	1716
145	3	1	23	1560	325
146	0	12	23	1600	19438
147	4	14	23	1610	1819
148	3	1	13	1620	3702
149	3	1	23	1630	1040
150	4	14	19	1640	2375
151	3	1	13	1650	4095
152	3	1	13	1660	7535
153	4	14	13	1670	847
154	0	12	13	1680	13171
155	4	14	13	1690	82
156	4	14	19	1700	1107
157	0	12	19	1710	3851
158	3	1	23	1720	6109
159	3	1	13	1730	2335
160	4	14	13	1740	1294
161	3	1	13	1750	4055
162	4	14	13	1760	143
163	3	1	19	1770	3526
164	3	1	23	1780	610
165	4	14	19	1790	2738
166	3	1	13	1800	1293
167	4	14	19	1810	9371
168	4	8	13	1820	7826
169	4	14	13	1830	1668
170	4	14	23	1840	5161
171	3	1	13	1850	725
172	0	12	13	1860	1793
173	4	14	23	1870	2096
174	4	14	13	1880	1170
175	0	12	19	1890	381
176	0	12	23	1900	8415
177	3	1	19	1910	1691
178	4	14	23	1920	1077
179	3	1	13	1930	12220
180	3	1	13	1940	618
181	3	1	19	1950	1247
182	3	1	13	1960	4473
183	3	1	23	1970	1714
184	3	1	13	1980	2496
185	3	1	13	1990	2928
186	3	1	13	2000	1028
187	3	1	13	2011	1241
188	3	1	19	2022	10270
189	4	14	13	2033	38
190	3	1	23	2044	6321
191	3	1	19	2055	1501
192	4	14	23	2066	20133
193	0	12	19	2077	1343
194	3	1	13	2088	4548
195	4	14	19	2099	4881
196	3	1	23	2110	851
197	4	14	23	2121	5483
198	0	12	23	2132	1351
199	3	1	19	2143	7674
200	4	14	19	2154	6475
201	3	1	13	2165	369
202	4	14	23	2176	2827
203	4	14	23	2187	1219
204	3	1	13	2198	2806
205	3	1	13	2209	1324
206	3	1	13	2220	1311
207	3	1	19	2231	2319
208	4	14	23	2242	11068
209	0	12	23	2253	8219
210	4	14	13	2264	614
211	4	14	23	2275	9092
212	4	8	23	2286	1925
213	4	8	19	2297	7088
214	4	14	13	2308	1421
215	3	1	23	2319	34
216	4	14	23	2330	13297
217	3	1	13	2341	4643
218	4	14	13	2352	518
219	4	14	23	2363	3895
220	3	1	13	2374	1252
221	3	1	13	2400	38
222	3	1	23	2408	15783
223	3	1	23	2416	7564
224	0	12	19	2424	3166
225	3	1	13	2432	2122
226	4	14	13	2440	757
227	0	12	23	2448	316
228	3	1	19	2456	5217
229	0	12	19	2464	3183
230	4	14	23	2472	9182
231	3	1	13	2480	565
232	3	1	23	2488	239
233	4	14	13	2496	1930
234	3	1	23	2504	654
235	3	1	23	2512	225
236	3	1	19	2520	5727
237	4	14	13	2528	2113
238	4	14	23	2536	7438
239	4	8	23	2544	804
240	4	8	13	2552	1095
241	4	14	23	2560	6181
242	3	1	13	2568	1600
243	3	1	23	2576	211
244	0	12	23	2584	8075
245	4	14	23	2592	9095
246	3	1	23	2600	10689
247	4	14	19	2608	713
248	4	8	19	2616	17101
249	4	14	19	2624	4443
250	4	14	23	2632	5401
251	4	14	19	2640	2811
252	4	14	19	2648	3917
253	3	1	13	2656	4366
254	4	14	13	2664	3511
255	3	1	19	2672	6289
256	4	14	13	2680	455
257	3	1	23	2688	4288
258	4	14	19	2696	5032
259	3	1	13	2704	387
260	4	14	13	2712	463
261	3	1	19	2720	910
262	0	12	23	2728	4970
263	4	14	19	2736	1966
264	3	1	13	2744	14387
265	3	1	13	2752	41
266	3	1	13	2760	7303
267	3	1	23	2800	28551
268	4	14	23	2813	4545
269	4	14	19	2826	1120
270	4	14	13	2839	1137
271	0	12	19	2852	3225
272	3	1	19	2865	7394
273	3	1	13	2878	11211
274	3	1	23	2891	1930
275	3	1	19	2904	2632
276	4	14	23	2917	4554
277	3	1	13	2930	10595
278	3	1	13	2943	16048
279	4	8	19	2956	4197
280	4	14	19	2969	2622
281	0	12	23	2982	36
282	4	14	13	2995	377
283	3	1	13	3008	238
284	0	12	23	3021	6600
285	4	14	13	3034	2006
286	3	1	23	3047	2832
287	4	14	19	3060	2001
288	4	14	13	3073	6409
289	4	14	19	3086	1776
290	3	1	19	3099	11766
291	3	1	19	3112	436
292	3	1	23	3125	4745
293	4	14	19	3138	5574
294	3	1	23	3151	302
295	4	14	23	3164	146
296	4	14	13	3177	313
297	4	14	23	3200	11348
298	4	14	23	3210	328
299	4	14	23	3220	7773
300	3	1	23	3230	239
301	4	14	13	3240	10736
302	4	14	19	3250	2649
303	3	1	23	3260	5416
304	4	14	13	3270	2201
305	4	14	19	3280	829
306	3	1	13	3290	4343
307	3	1	13	3300	4621
308	4	14	19	3310	1322
309	3	1	23	3320	431
310	4	14	19	3330	478
311	4	14	13	3340	785
312	4	14	23	3350	4505
313	3	1	13	3360	273
314	3	1	23	3370	3782
315	3	1	19	3380	423
316	3	1	13	3390	482
317	3	1	23	3400	4239
318	4	14	23	3410	3473
319	3	1	23	3420	3452
320	4	14	13	3430	2796
321	3	1	19	3440	2356
322	3	1	19	3450	895
323	4	14	19	3460	1545
324	3	1	23	3470	1409
325	4	14	23	3480	622
326	4	14	23	3490	7832
327	4	14	23	3500	380
328	4	14	19	3510	8057
329	4	14	23	3520	1704
330	4	14	19	3530	2088
331	4	8	13	3540	5362
332	3	1	13	3550	7601
333	4	14	13	3560	534
334	4	14	23	3570	3582
335	4	14	13	3580	3186
336	4	8	13	3600	2974
337	3	1	19	3609	1711
338	3	1	23	3618	4027
339	0	12	13	3627	3877
340	3	1	13	3636	5267
341	4	14	19	3645	6913
342	3	1	13	3654	476
343	3	1	13	3663	4768
344	4	8	13	3672	1128
345	4	14	19	3681	5858
346	3	1	23	3690	2231
347	4	14	19	3699	3962
348	3	1	23	3708	604
349	4	14	19	3717	14338
350	4	8	23	3726	10225
351	3	1	13	3735	2192
352	4	14	13	3744	1791
353	3	1	23	3753	2777
354	4	14	19	3762	1746
355	4	14	13	3771	3797
356	3	1	19	3780	5253
357	4	8	13	3789	716
358	3	1	13	3798	2353
359	3	1	19	3807	1309
360	3	1	23	3816	1592
361	4	14	13	3825	3391
362	3	1	23	3834	6825
363	4	14	19	3843	10903
364	4	14	19	3852	4755
365	3	1	13	3861	1875
366	3	1	23	3870	1589
367	3	1	19	3879	3200
368	4	14	13	3888	2572
369	3	1	19	3897	257
370	3	1	13	3906	3431
371	3	1	19	3915	5800
372	4	14	23	3924	76
373	4	14	19	3933	12844
374	0	12	23	3942	7487
375	4	14	23	3951	4564
376	3	1	13	3960	1618
377	4	8	19	3969	2806
378	3	1	19	3978	310
379	3	1	19	3987	3004
380	3	1	23	4000	5042
381	4	14	13	4007	1046
382	3	1	13	4014	12017
383	0	12	23	4021	8990
384	4	14	13	4028	2210
385	3	1	13	4035	16758
386	3	1	13	4042	1894
387	4	14	19	4049	1722
388	4	14	23	4056	5900
389	4	14	19	4063	15381
390	3	1	23	4070	6816
391	4	14	23	4077	1789
392	4	14	13	4084	9347
393	3	1	19	4091	1756
394	4	14	19	4098	1382
395	3	1	13	4105	699
396	3	1	23	4112	15
397	3	1	23	4119	783
398	3	1	23	4126	3
399	3	1	23	4133	8207
400	3	1	19	4140	2326
401	4	14	13	4147	8377
402	0	12	19	4154	670
403	0	12	19	4161	324
404	3	1	13	4168	2018
405	4	14	13	4175	683
406	3	1	13	4182	2063
407	4	8	23	4189	2052
408	3	1	23	4196	4250
409	4	14	23	4203	4475
410	4	14	23	4210	1315
411	3	1	23	4217	1029
412	3	1	23	4224	374
413	4	14	23	4231	9934
414	4	14	19	4238	3308
415	3	1	19	4245	413
416	3	1	23	4252	3883
417	3	1	23	4259	10314
418	3	1	13	4266	2853
419	3	1	13	4273	4959
420	3	1	13	4280	23389
421	3	1	19	4287	15271
422	4	14	23	4294	6046
423	4	14	19	4301	2738
424	4	14	19	4308	1120
425	3	1	13	4315	969
426	3	1	19	4322	7924
427	4	14	19	4329	4356
428	4	14	23	4336	4403
429	3	1	23	4343	4631
430	3	1	23	4350	4514
431	4	14	19	4357	673
432	4	14	19	4364	2798
433	0	12	19	4371	908
434	0	12	23	4400	365
435	3	1	19	4409	7320
436	4	14	19	4418	316
437	3	1	19	4427	8239
438	3	1	19	4436	2757
439	4	14	13	4445	1245
440	4	14	23	4454	3487
441	4	8	13	4463	14898
442	3	1	19	4472	4755
443	4	14	23	4481	412
444	0	12	23	4490	4795
445	3	1	23	4499	3578
446	3	1	13	4508	1265
447	0	12	19	4517	17311
448	3	1	23	4526	6293
449	3	1	23	4535	863
450	0	12	13	4544	3098
451	0	12	23	4553	332
452	0	12	19	4562	4407
453	4	14	19	4571	1372
454	3	1	19	4580	8298
455	4	14	13	4589	2486
456	3	1	19	4598	410
457	0	12	23	4607	4297
458	3	1	13	4616	7173
459	4	8	13	4625	798
460	3	1	19	4634	1397
461	4	14	23	4643	5382
462	3	1	23	4652	5295
463	4	14	13	4661	13844
464	3	1	13	4670	22956
465	4	14	19	4679	534
466	4	14	19	4688	5144
467	3	1	19	4697	8695
468	4	14	23	4706	7071
469	3	1	23	4715	5136
470	3	1	23	4724	89
471	4	8	19	4733	5524
472	4	14	13	4742	2221
473	3	1	13	4751	1110
474	4	14	13	4760	551
475	4	8	23	4769	85
476	3	1	23	4800	1328
477	4	14	13	4810	4576
478	4	14	23	4820	6384
479	3	1	19	4830	4234
480	0	12	13	4840	11534
481	3	1	23	4850	8326
482	3	1	19	4860	8186
483	3	1	23	4870	2565
484	3	1	23	4880	634
485	3	1	23	4890	3632
486	4	14	23	4900	2671
487	4	14	13	4910	957
488	4	14	23	4920	1594
489	4	8	23	4930	3916
490	0	12	13	4940	5422
491	4	14	23	4950	2162
492	4	8	19	4960	158
493	3	1	19	4970	1525
494	3	1	19	4980	14388
495	4	14	13	4990	7385
496	4	14	19	5000	1108
497	3	1	19	5010	5190
498	3	1	23	5020	426
499	3	1	13	5030	3406
500	4	14	19	5040	8086
501	4	14	23	5050	1944
502	4	8	23	5060	685
503	4	14	13	5070	288
504	0	12	13	5080	754
505	4	14	19	5090	6250
506	4	8	19	5100	4242
507	3	1	19	5110	2215
508	4	8	13	5120	704
509	0	12	23	5130	7673
510	3	1	13	5140	795
511	3	1	19	5150	2150
512	4	8	13	5160	7897
513	4	14	19	5170	796
514	0	12	23	5180	1081
515	4	14	19	5200	2176
516	3	1	19	5208	8123
517	4	14	23	5216	1207
518	3	1	13	5224	6901
519	0	12	13	5232	2043
520	4	14	19	5240	4063
521	0	12	13	5248	2859
522	4	14	19	5256	3262
523	4	14	23	5264	917
524	3	1	23	5272	15838
525	4	14	13	5280	3711
526	4	14	13	5288	4948
527	3	1	23	5296	461
528	4	8	19	5304	1258
529	4	14	13	5312	1350
530	3	1	19	5320	6043
531	4	14	19	5328	3245
532	3	1	19	5336	3473
533	4	14	23	5344	1014
534	4	14	23	5352	6158
535	3	1	19	5360	3275
536	3	1	13	5368	5060
537	3	1	19	5376	6463
538	3	1	23	5384	1434
539	3	1	13	5392	1761
540	3	1	13	5400	11459
541	3	1	13	5408	255
542	3	1	23	5416	210
543	4	14	13	5424	2581
544	3	1	23	5432	2347
545	3	1	23	5440	1579
546	4	14	23	5448	3251
547	3	1	23	5456	7818
548	3	1	23	5464	334
549	3	1	23	5472	3220
550	3	1	19	5480	14510
551	4	14	19	5488	15940
552	4	14	13	5496	9412
553	3	1	19	5504	4830
554	3	1	19	5512	10957
555	4	14	13	5520	1765
556	4	14	13	5528	7027
557	3	1	23	5536	12188
558	3	1	13	5544	371
559	3	1	23	5552	3351
560	0	12	19	5600	336
561	4	14	23	5610	3147
562	3	1	13	5620	675
563	3	1	13	5630	8316
564	4	14	13	5640	307
565	3	1	19	5650	3918
566	0	12	13	5660	7219
567	3	1	13	5670	4054
568	4	14	19	5680	2010
569	4	14	13	5690	4530
570	4	14	19	5700	4840
571	3	1	13	5710	279
572	4	14	13	5720	12785
573	4	14	13	5730	2506
574	4	14	23	5740	2442
575	4	14	13	5750	3431
576	3	1	19	5760	2460
577	3	1	13	5770	342
578	4	8	13	5780	5725
579	4	14	13	5790	4252
580	4	14	19	5800	197
581	3	1	13	5810	7625
582	4	8	13	5820	116
583	4	14	19	5830	5048
584	3	1	23	5840	1502
585	3	1	23	5850	6395
586	0	12	13	5860	4208
587	3	1	23	5870	8457
588	3	1	13	5880	1362
589	3	1	19	5890	2239
590	3	1	13	5900	5262
591	4	14	19	5910	5797
592	4	14	13	5920	4989
593	4	14	23	5930	5298
594	3	1	19	5940	1289
595	3	1	13	5950	2031
596	0	12	13	5960	9482
597	0	12	23	5970	775
598	4	14	13	6000	2054
599	4	14	13	6012	6845
600	3	1	23	6024	2699
601	3	1	19	6036	10066
602	4	14	13	6048	2490
603	3	1	19	6060	2059
604	4	14	19	6072	7617
605	4	8	13	6084	9455
606	3	1	13	6096	90
607	4	14	13	6108	2314
608	3	1	19	6120	1119
609	4	14	13	6132	1781
610	0	12	23	6144	9105
611	4	14	13	6156	5470
612	3	1	19	6168	850
613	4	14	13	6180	2276
614	3	1	19	6192	2928
615	3	1	19	6204	1041
616	4	14	23	6216	2902
617	3	1	19	6228	2308
618	0	12	13	6240	3300
619	4	8	13	6252	1291
620	3	1	19	6264	14562
621	4	14	13	6276	12514
622	4	8	13	6288	1713
623	4	14	13	6300	13555
624	3	1	23	6312	11685
625	4	14	23	6324	11033
626	3	1	13	6336	1752
627	4	14	13	6348	1019
628	3	1	19	6360	842
629	3	1	19	6372	242
630	4	14	13	6384	4426
631	3	1	23	6400	1331
632	3	1	13	6408	4563
633	4	8	13	6416	11364
634	3	1	13	6424	715
635	4	14	13	6432	552
636	4	14	13	6440	1963
637	4	14	19	6448	3938
638	4	8	23	6456	8036
639	3	1	19	6464	2091
640	3	1	19	6472	5976
641	4	8	13	6480	950
642	4	14	13	6488	4034
643	4	14	23	6496	10589
644	4	8	23	6504	3031
645	4	14	13	6512	17178
646	3	1	13	6520	3411
647	4	8	13	6528	1307
648	3	1	19	6536	968
649	4	14	13	6544	190
650	4	14	19	6552	8558
651	3	1	19	6560	2525
652	0	12	19	6568	3813
653	4	14	23	6576	537
654	3	1	19	6584	7473
655	3	1	19	6592	3059
656	0	12	19	6600	3382
657	0	12	13	6608	2749
658	4	14	19	6616	2436
659	4	14	23	6624	9835
660	3	1	13	6632	3204
661	3	1	13	6640	6384
662	3	1	23	6648	1146
663	4	8	23	6656	819
664	0	12	13	6664	4686
665	4	14	13	6672	3809
666	3	1	13	6680	268
667	4	8	13	6688	1149
668	0	12	23	6696	1259
669	4	14	19	6704	1978
670	4	14	19	6712	7361
671	0	12	13	6720	8812
672	3	1	19	6728	3399
673	4	14	19	6736	671
674	4	14	19	6744	2776
675	3	1	19	6752	5745
676	4	8	23	6760	1548
677	3	1	13	6768	2174
678	3	1	13	6776	2282
679	4	14	23	6784	12853
680	3	1	19	6800	1802
681	3	1	23	6807	316
682	3	1	19	6814	40
683	3	1	13	6821	620
684	3	1	13	6828	776
685	0	12	19	6835	898
686	3	1	13	6842	4417
687	3	1	13	6849	3237
688	4	14	19	6856	403
689	0	12	23	6863	3969
690	4	14	19	6870	3267
691	4	14	23	6877	8859
692	4	14	13	6884	746
693	3	1	13	6891	12097
694	4	14	19	6898	7752
695	4	14	19	6905	15310
696	4	14	13	6912	13110
697	4	14	13	6919	2391
698	3	1	23	6926	1092
699	3	1	23	6933	9964
700	3	1	13	6940	10177
701	3	1	23	6947	1565
702	0	12	19	6954	34
703	3	1	13	6961	6966
704	3	1	23	6968	918
705	4	14	13	6975	19707
706	3	1	13	6982	9038
707	3	1	23	6989	2464
708	4	14	13	6996	3925
709	4	8	13	7003	348
710	3	1	19	7010	961
711	3	1	13	7017	656
712	3	1	23	7024	257
713	0	12	23	7031	2744
714	4	14	13	7038	3208
715	4	8	13	7045	2579
716	4	8	19	7052	6191
717	0	12	19	7059	446
718	4	14	23	7066	35
719	0	12	23	7073	2684
720	4	8	23	7080	11646
721	4	14	23	7087	2853
722	3	1	23	7094	668
723	4	14	23	7101	4095
724	4	8	23	7108	7135
725	4	14	19	7115	12017
726	3	1	13	7122	5083
727	4	14	19	7129	3882
728	4	8	13	7136	1418
729	4	14	13	7143	2954
730	4	14	13	7150	6436
731	3	1	23	7200	8192
732	4	14	13	7211	795
733	4	14	19	7222	2916
734	4	14	23	7233	156
735	4	14	19	7244	158
736	3	1	19	7255	278
737	4	14	13	7266	819
738	4	8	19	7277	11153
739	3	1	23	7288	812
740	4	14	19	7299	1458
741	4	8	13	7310	936
742	4	14	13	7321	10615
743	3	1	13	7332	50
744	4	14	13	7343	2149
745	4	8	13	7354	2088
746	3	1	23	7365	7053
747	4	14	19	7376	4479
748	4	14	13	7387	2041
749	3	1	13	7398	1917
750	4	14	23	7409	847
751	4	14	23	7420	7769
752	4	14	19	7431	2327
753	3	1	13	7442	5547
754	3	1	23	7453	14240
755	3	1	19	7464	2120
756	4	14	13	7475	745
757	4	8	19	7486	1834
758	3	1	19	7497	19687
759	3	1	19	7508	1175
760	3	1	13	7519	1277
761	3	1	19	7530	1283
762	4	8	23	7541	704
763	4	14	13	7552	434
764	3	1	13	7563	1333
765	4	14	23	7600	1677
766	3	1	13	7610	14184
767	3	1	19	7620	3146
768	3	1	23	7630	2451
769	4	14	19	7640	2876
770	4	14	19	7650	2096
771	3	1	13	7660	3685
772	4	14	13	7670	731
773	3	1	23	7680	6973
774	3	1	13	7690	810
775	0	12	23	7700	5341
776	4	8	23	7710	3474
777	0	12	19	7720	608
778	4	8	23	7730	1019
779	0	12	19	7740	2215
780	3	1	19	7750	519
781	4	14	23	7760	186
782	3	1	13	7770	1000
783	3	1	23	7780	9991
784	3	1	13	7790	1609
785	4	14	13	7800	11479
786	4	14	13	7810	2247
787	3	1	13	7820	2249
788	4	14	23	7830	3159
789	3	1	19	7840	3943
790	4	14	13	7850	8122
791	3	1	13	7860	4807
792	3	1	23	7870	855
793	4	14	23	7880	4605
794	4	14	23	7890	9647
795	3	1	23	7900	126
796	4	14	19	7910	193
797	4	14	23	7920	7009
798	0	12	13	7930	5224
799	4	14	19	7940	303
800	3	1	13	7950	2287
801	4	14	19	7960	1335
802	3	1	19	7970	971
803	4	14	19	7980	8720
804	4	14	19	8000	14428
805	3	1	23	8011	3556
806	4	14	23	8022	4677
807	4	14	19	8033	3829
808	3	1	23	8044	3346
809	3	1	13	8055	1069
810	3	1	23	8066	7111
811	4	14	23	8077	117
812	4	14	23	8088	616
813	3	1	13	8099	3351
814	0	12	23	8110	569
815	4	14	13	8121	1033
816	4	14	19	8132	218
817	3	1	23	8143	1117
818	4	14	13	8154	5908
819	3	1	23	8165	1663
820	3	1	19	8176	9752
821	4	8	23	8187	3115
822	4	14	23	8198	25927
823	0	12	19	8209	7118
824	0	12	13	8220	4131
825	3	1	19	8231	4931
826	4	14	19	8242	2106
827	3	1	13	8253	2641
828	3	1	13	8264	9846
829	4	14	19	8275	660
830	4	8	19	8286	4681
831	3	1	23	8297	5606
832	0	12	19	8308	2124
833	3	1	13	8319	658
834	3	1	13	8330	18307
835	4	14	13	8341	7279
836	3	1	19	8352	7090
837	3	1	23	8363	1628
838	4	14	13	8374	11592
839	4	14	13	8400	5423
840	4	8	19	8407	1171
841	4	14	23	8414	6723
842	0	12	13	8421	7960
843	3	1	19	8428	1493
844	4	14	23	8435	6356
845	4	14	19	8442	7326
846	3	1	19	8449	3252
847	0	12	19	8456	3924
848	3	1	13	8463	3202
849	4	8	19	8470	4591
850	4	14	19	8477	15258
851	3	1	19	8484	6509
852	0	12	19	8491	225
853	3	1	13	8498	1970
854	4	14	23	8505	699
855	3	1	13	8512	8998
856	4	14	23	8519	1344
857	3	1	23	8526	1939
858	4	14	19	8533	1113
859	3	1	13	8540	1227
860	3	1	13	8547	791
861	3	1	23	8554	922
862	3	1	19	8561	4834
863	4	14	19	8568	2141
864	4	8	23	8575	3148
865	4	14	23	8582	321
866	4	14	19	8589	3836
867	4	14	19	8596	18834
868	4	14	23	8603	3448
869	3	1	23	8610	1397
870	3	1	23	8617	2027
871	3	1	19	8624	5073
872	4	14	19	8631	1419
873	4	14	23	8638	119
874	3	1	19	8645	361
875	3	1	23	8652	416
876	0	12	23	8659	4529
877	3	1	13	8666	4645
878	4	8	23	8673	144
879	4	8	23	8680	6522
880	4	8	23	8687	659
881	4	14	23	8694	6135
882	4	14	23	8701	10778
883	4	8	19	8708	1056
884	0	12	23	8715	766
885	4	14	23	8722	8691
886	3	1	13	8729	4800
887	3	1	13	8736	93
888	3	1	19	8743	19010
889	4	14	23	8750	400
890	4	14	13	8757	3216
891	4	8	23	8764	2361
892	4	14	19	8771	383
893	3	1	13	8778	4564
894	4	8	13	8785	3309
895	4	14	23	8800	195
896	3	1	13	8809	476
897	3	1	19	8818	2382
898	3	1	23	8827	5821
899	4	14	23	8836	5072
900	4	14	23	8845	1009
901	4	14	13	8854	3334
902	4	8	19	8863	194
903	0	12	13	8872	1183
904	4	14	23	8881	1342
905	4	8	23	8890	1200
906	3	1	23	8899	2810
907	4	8	23	8908	103
908	4	8	19	8917	1441
909	3	1	23	8926	254
910	3	1	19	8935	977
911	3	1	19	8944	3650
912	4	8	23	8953	1716
913	3	1	19	8962	2310
914	4	8	13	8971	476
915	4	14	13	8980	2011
916	4	14	23	8989	1278
917	3	1	23	8998	2534
918	4	14	23	9007	1098
919	3	1	23	9016	4300
920	4	14	19	9025	1901
921	3	1	13	9034	3601
922	4	8	23	9043	31397
923	4	14	13	9052	2635
924	4	14	19	9061	5424
925	3	1	13	9070	12123
926	4	14	13	9079	3947
927	3	1	19	9088	3851
928	4	14	23	9097	2514
929	4	14	23	9106	157
930	4	14	19	9115	17217
931	4	14	13	9124	1039
932	3	1	13	9133	10116
933	4	8	13	9142	1523
934	3	1	23	9151	3480
935	3	1	23	9160	3532
936	4	14	19	9169	5339
937	4	14	23	9178	4511
938	3	1	19	9187	11748
939	4	14	13	9200	9863
940	4	8	13	9209	1921
941	4	8	19	9218	4475
942	3	1	19	9227	5100
943	4	8	23	9236	10623
944	4	14	19	9245	8424
945	3	1	23	9254	12312
946	4	14	23	9263	408
947	4	8	23	9272	4230
948	3	1	23	9281	3359
949	3	1	23	9290	733
950	4	14	23	9299	5952
951	3	1	19	9308	4121
952	4	14	23	9317	935
953	4	14	13	9326	456
954	3	1	13	9335	1663
955	3	1	19	9344	3971
956	3	1	19	9353	3338
957	4	8	19	9362	3328
958	3	1	19	9371	2884
959	3	1	23	9380	1621
960	3	1	19	9389	3998
961	4	8	13	9398	8704
962	3	1	13	9407	3273
963	3	1	23	9416	1226
964	4	14	13	9425	312
965	4	14	13	9434	17680
966	4	14	19	9443	4535
967	0	12	23	9452	130
968	3	1	23	9461	7797
969	4	14	19	9470	2984
970	0	12	23	9479	4296
971	4	8	23	9488	3638
972	4	14	19	9497	2955
973	4	14	19	9506	1573
974	3	1	23	9515	1299
975	3	1	13	9524	4883
976	4	8	23	9533	8254
977	4	14	13	9542	289
978	3	1	19	9551	3707
979	4	8	23	9560	6212
980	3	1	13	9600	7716
981	3	1	19	9612	14675
982	4	8	19	9624	205
983	3	1	23	9636	1421
984	4	14	23	9648	1228
985	3	1	13	9660	1682
986	0	12	19	9672	82
987	3	1	13	9684	6692
988	4	14	23	9696	14989
989	4	14	13	9708	12117
990	0	12	19	9720	83
991	3	1	23	9732	754
992	3	1	19	9744	709
993	4	14	23	9756	3803
994	3	1	19	9768	1331
995	0	12	23	9780	2731
996	4	14	19	9792	486
997	4	14	23	9804	2439
998	3	1	19	9816	7714
999	4	14	19	9828	8841
1000	3	1	19	9840	1290
1001	4	14	23	9852	268
1002	4	14	23	9864	6341
1003	4	14	19	9876	173
1004	3	1	13	9888	2846
1005	4	14	23	9900	778
1006	3	1	13	9912	514
1007	4	14	13	9924	8596
1008	4	14	13	9936	7102
1009	4	14	13	9948	4034
1010	3	1	23	9960	5649
1011	3	1	13	9972	2741
1012	4	14	13	9984	12941
1013	3	1	23	10000	5169
1014	0	12	19	10010	2605
1015	4	14	13	10020	4285
1016	0	12	19	10030	7245
1017	4	14	13	10040	1203
1018	4	14	23	10050	32295
1019	4	8	13	10060	5262
1020	4	14	23	10070	13724
1021	3	1	19	10080	8037
1022	4	8	13	10090	229
1023	3	1	23	10100	9456
1024	3	1	23	10110	2814
1025	3	1	13	10120	2665
1026	4	14	19	10130	2282
1027	4	14	19	10140	9574
1028	3	1	13	10150	171
1029	4	8	13	10160	6101
1030	4	14	23	10170	3572
1031	3	1	13	10180	2154
1032	3	1	23	10190	969
1033	3	1	13	10200	5005
1034	4	14	19	10210	2875
1035	3	1	13	10220	6239
1036	4	14	23	10230	790
1037	3	1	13	10240	30
1038	0	12	23	10250	6240
1039	4	8	23	10260	366
1040	4	8	13	10270	1007
1041	0	12	13	10280	588
1042	4	14	23	10290	15999
1043	4	8	19	10300	1668
1044	3	1	13	10310	868
1045	3	1	13	10320	2973
1046	4	14	23	10330	949
1047	0	12	23	10340	2299
1048	4	14	13	10350	580
1049	4	14	19	10360	3929
1050	4	14	13	10400	4295
1051	4	14	13	10410	7712
1052	4	8	23	10420	2441
1053	3	1	19	10430	524
1054	3	1	19	10440	10239
1055	0	12	13	10450	2108
1056	4	14	23	10460	36
1057	3	1	13	10470	8798
1058	4	8	23	10480	3081
1059	4	14	23	10490	91
1060	4	14	19	10500	5420
1061	3	1	19	10510	953
1062	4	14	13	10520	7363
1063	3	1	13	10530	197
1064	4	8	19	10540	182
1065	4	14	23	10550	1661
1066	4	8	19	10560	1319
1067	3	1	23	10570	1133
1068	3	1	13	10580	956
1069	3	1	13	10590	4668
1070	4	8	13	10600	2601
1071	4	14	19	10610	7065
1072	4	14	19	10620	2539
1073	3	1	23	10630	9730
1074	4	14	23	10640	2845
1075	3	1	19	10650	7105
1076	3	1	19	10660	8625
1077	0	12	19	10670	5015
1078	0	12	19	10680	4962
1079	0	12	19	10690	15810
1080	4	14	13	10700	1287
1081	4	14	23	10710	24117
1082	0	12	19	10720	5943
1083	4	14	23	10730	2154
1084	3	1	13	10740	530
1085	4	14	19	10750	5327
1086	3	1	13	10760	12837
1087	0	12	13	10800	387
1088	4	8	19	10812	6265
1089	4	14	19	10824	434
1090	4	14	19	10836	6069
1091	3	1	19	10848	1371
1092	3	1	19	10860	2541
1093	3	1	23	10872	5829
1094	4	8	19	10884	1695
1095	4	14	23	10896	42
1096	3	1	13	10908	1401
1097	3	1	19	10920	10841
1098	0	12	13	10932	1406
1099	3	1	19	10944	7730
1100	3	1	23	10956	1116
1101	3	1	23	10968	13355
1102	3	1	19	10980	1017
1103	3	1	23	10992	2364
1104	3	1	13	11004	638
1105	3	1	19	11016	7070
1106	0	12	19	11028	1942
1107	3	1	23	11040	3146
1108	3	1	23	11052	3806
1109	4	14	23	11064	385
1110	3	1	19	11076	2982
1111	4	14	13	11088	1395
1112	3	1	19	11100	785
1113	0	12	13	11112	3251
1114	4	14	19	11124	5506
1115	4	8	19	11136	5457
1116	3	1	23	11148	2307
1117	4	14	13	11160	2212
1118	4	8	13	11172	10312
1119	3	1	23	11184	1476
1120	4	14	19	11200	1914
1121	0	12	13	11210	836
1122	3	1	13	11220	2431
1123	4	14	23	11230	464
1124	4	14	23	11240	9546
1125	4	14	23	11250	832
1126	3	1	13	11260	1777
1127	3	1	23	11270	4853
1128	3	1	19	11280	3345
1129	4	8	23	11290	2760
1130	4	8	19	11300	3064
1131	4	8	13	11310	12044
1132	0	12	19	11320	2166
1133	3	1	13	11330	7739
1134	4	14	23	11340	5346
1135	4	14	19	11350	1487
1136	3	1	19	11360	5931
1137	4	14	19	11370	1586
1138	3	1	19	11380	1253
1139	4	14	19	11390	1397
1140	4	14	23	11400	1731
1141	4	14	19	11410	2144
1142	3	1	19	11420	2603
1143	3	1	19	11430	4806
1144	4	8	13	11440	3445
1145	4	8	13	11450	2662
1146	0	12	13	11460	474
1147	3	1	13	11470	9807
1148	3	1	13	11480	79
1149	4	14	23	11490	3674
1150	3	1	23	11500	3396
1151	3	1	23	11510	8183
1152	3	1	19	11520	37
1153	4	14	13	11530	17612
1154	4	14	23	11540	2576
1155	3	1	19	11550	225
1156	4	14	19	11560	2845
1157	3	1	19	11570	488
1158	4	14	13	11580	3090
1159	4	14	19	11590	12828
1160	0	12	13	11600	2543
1161	3	1	23	11609	4580
1162	4	8	19	11618	15250
1163	3	1	23	11627	490
1164	3	1	19	11636	3254
1165	3	1	13	11645	3420
1166	4	14	23	11654	8364
1167	4	14	19	11663	1559
1168	3	1	19	11672	6840
1169	4	8	13	11681	2297
1170	4	14	13	11690	14223
1171	3	1	13	11699	470
1172	4	14	23	11708	677
1173	3	1	19	11717	3968
1174	4	14	23	11726	12612
1175	0	12	13	11735	13457
1176	3	1	23	11744	4955
1177	4	14	19	11753	5646
1178	4	14	23	11762	3039
1179	3	1	19	11771	2192
1180	4	14	23	11780	316
1181	4	14	13	11789	2354
1182	0	12	19	11798	4597
1183	3	1	19	11807	13503
1184	3	1	23	11816	10431
1185	3	1	23	11825	4368
1186	4	14	23	11834	11345
1187	3	1	13	11843	2251
1188	4	14	19	11852	1916
1189	3	1	19	11861	4587
1190	4	14	23	11870	6471
1191	4	14	23	11879	4293
1192	0	12	19	11888	6227
1193	3	1	13	11897	1481
1194	4	14	13	11906	6956
1195	3	1	13	11915	4429
1196	3	1	23	11924	2298
1197	3	1	23	11933	1804
1198	4	14	13	11942	615
1199	4	14	23	11951	10
1200	3	1	19	11960	3762
1201	3	1	23	11969	6223
1202	4	14	23	11978	397
1203	3	1	23	11987	3496
1204	0	12	23	12000	3971
1205	4	14	19	12007	2473
1206	4	14	13	12014	5020
1207	0	12	23	12021	1913
1208	4	14	19	12028	123
1209	4	14	23	12035	2848
1210	4	14	19	12042	1690
1211	4	8	23	12049	5589
1212	4	14	23	12056	3494
1213	0	12	19	12063	494
1214	4	14	23	12070	8597
1215	0	12	13	12077	103
1216	3	1	19	12084	26559
1217	4	14	23	12091	48
1218	4	14	23	12098	838
1219	0	12	19	12105	8912
1220	3	1	19	12112	4013
1221	3	1	19	12119	2363
1222	4	14	13	12126	11396
1223	4	8	23	12133	588
1224	3	1	13	12140	4034
1225	3	1	13	12147	1503
1226	3	1	23	12154	1553
1227	4	8	19	12161	7490
1228	3	1	19	12168	6537
1229	3	1	23	12175	1357
1230	4	14	13	12182	3006
1231	3	1	23	12189	1706
1232	4	14	19	12196	3804
1233	4	14	13	12203	3016
1234	4	8	23	12210	6692
1235	3	1	23	12217	1353
1236	4	8	13	12224	1724
1237	3	1	19	12231	423
1238	3	1	19	12238	1639
1239	3	1	19	12245	2502
1240	4	14	23	12252	11946
1241	4	14	13	12259	3294
1242	3	1	23	12266	2042
1243	4	8	23	12273	8200
1244	3	1	23	12280	1648
1245	4	14	23	12287	200
1246	4	14	13	12294	314
1247	0	12	23	12301	4470
1248	4	14	19	12308	2221
1249	4	14	23	12315	6411
1250	4	14	19	12322	4445
1251	4	14	13	12329	2213
1252	3	1	13	12336	764
1253	4	14	23	12343	1152
1254	3	1	19	12350	1843
1255	4	8	23	12400	714
1256	3	1	23	12411	7506
1257	4	14	23	12422	12669
1258	0	12	23	12433	11787
1259	4	14	19	12444	1520
1260	3	1	23	12455	600
1261	4	14	23	12466	8120
1262	4	14	13	12477	3425
1263	3	1	23	12488	5430
1264	0	12	19	12499	15863
1265	3	1	19	12510	23708
1266	3	1	19	12521	598
1267	4	14	23	12532	217
1268	4	14	23	12543	1448
1269	3	1	23	12554	3629
1270	4	14	13	12565	4501
1271	4	14	23	12576	9142
1272	3	1	19	12587	4505
1273	3	1	19	12598	5149
1274	3	1	23	12609	11439
1275	4	14	19	12620	299
1276	4	14	23	12631	189
1277	4	14	19	12642	293
1278	4	14	13	12653	6419
1279	4	14	13	12664	3530
1280	3	1	13	12675	1085
1281	3	1	13	12686	4185
1282	3	1	23	12697	2180
1283	3	1	19	12708	25
1284	4	14	13	12719	3837
1285	4	14	13	12730	436
1286	4	14	23	12741	761
1287	0	12	19	12752	1806
1288	4	14	23	12763	699
1289	4	14	13	12774	4185
1290	4	8	13	12800	2320
1291	3	1	13	12810	1992
1292	3	1	23	12820	663
1293	4	14	23	12830	81
1294	0	12	23	12840	1575
1295	4	14	13	12850	337
1296	3	1	23	12860	17054
1297	0	12	13	12870	4281
1298	4	8	13	12880	8837
1299	4	14	13	12890	1664
1300	3	1	19	12900	9628
1301	0	12	19	12910	91
1302	0	12	13	12920	1842
1303	3	1	23	12930	7080
1304	4	14	23	12940	525
1305	4	14	23	12950	5923
1306	4	8	19	12960	5531
1307	4	8	23	12970	2391
1308	3	1	13	12980	1470
1309	4	14	13	12990	1409
1310	3	1	13	13000	499
1311	4	14	13	13010	5985
1312	4	8	23	13020	691
1313	3	1	19	13030	1792
1314	3	1	19	13040	327
1315	0	12	19	13050	2698
1316	4	8	23	13060	2380
1317	0	12	23	13070	3366
1318	4	14	19	13080	538
1319	0	12	19	13090	8402
1320	4	14	23	13100	6949
1321	4	8	13	13110	5976
1322	3	1	13	13120	8923
1323	4	14	19	13130	4257
1324	3	1	19	13140	679
1325	3	1	23	13150	1331
1326	3	1	23	13160	5472
1327	4	14	19	13170	4265
1328	4	8	23	13180	2032
1329	3	1	23	13190	7917
1330	3	1	19	13200	360
1331	4	14	23	13211	1971
1332	3	1	13	13222	796
1333	4	14	23	13233	2454
1334	3	1	23	13244	4512
1335	3	1	23	13255	968
1336	3	1	23	13266	1312
1337	3	1	23	13277	3571
1338	4	14	19	13288	8584
1339	4	14	19	13299	7438
1340	4	14	19	13310	1749
1341	4	14	13	13321	5140
1342	4	14	19	13332	230
1343	4	14	23	13343	7961
1344	3	1	13	13354	3032
1345	3	1	13	13365	4363
1346	3	1	19	13376	1063
1347	3	1	19	13387	6275
1348	3	1	19	13398	11352
1349	4	14	13	13409	7206
1350	4	14	13	13420	4002
1351	4	8	13	13431	2157
1352	3	1	19	13442	3030
1353	0	12	23	13453	50
1354	3	1	19	13464	2906
1355	3	1	19	13475	577
1356	4	14	13	13486	557
1357	4	8	19	13497	5007
1358	4	14	19	13508	4477
1359	3	1	13	13519	7329
1360	3	1	23	13530	110
1361	3	1	13	13541	392
1362	0	12	13	13552	211
1363	4	14	19	13563	2360
1364	3	1	19	13574	946
1365	4	14	13	13585	5211
1366	4	8	13	13600	3620
1367	3	1	23	13609	4818
1368	4	14	19	13618	4618
1369	4	14	23	13627	7969
1370	4	14	19	13636	947
1371	4	14	23	13645	7807
1372	3	1	13	13654	4632
1373	4	14	13	13663	1322
1374	3	1	23	13672	2963
1375	4	14	19	13681	424
1376	3	1	19	13690	5087
1377	3	1	19	13699	118
1378	3	1	19	13708	527
1379	4	14	19	13717	2710
1380	3	1	13	13726	203
1381	0	12	19	13735	12289
1382	3	1	13	13744	5010
1383	4	8	19	13753	3314
1384	4	14	19	13762	1042
1385	3	1	19	13771	4426
1386	3	1	19	13780	7802
1387	3	1	19	13789	735
1388	3	1	19	13798	11405
1389	4	8	19	13807	3123
1390	3	1	19	13816	354
1391	3	1	19	13825	3335
1392	3	1	19	13834	9955
1393	3	1	13	13843	176
1394	3	1	19	13852	6795
1395	3	1	13	13861	1208
1396	4	14	13	13870	4455
1397	4	14	13	13879	3768
1398	4	14	13	13888	4229
1399	4	14	23	13897	6501
1400	3	1	23	13906	284
1401	4	14	23	13915	3048
1402	3	1	23	13924	452
1403	3	1	19	13933	324
1404	3	1	19	13942	3912
1405	4	14	13	13951	5955
1406	4	14	23	13960	5252
1407	4	14	13	14000	1148
1408	4	14	23	14011	2687
1409	3	1	23	14022	2149
1410	4	14	23	14033	2142
1411	3	1	23	14044	425
1412	4	14	23	14055	3570
1413	3	1	13	14066	800
1414	0	12	13	14077	6247
1415	3	1	13	14088	305
1416	4	14	13	14099	1906
1417	4	14	19	14110	2679
1418	3	1	23	14121	974
1419	4	14	13	14132	3118
1420	3	1	23	14143	8174
1421	4	14	19	14154	2231
1422	0	12	13	14165	5674
1423	4	14	23	14176	616
1424	3	1	19	14187	6034
1425	3	1	13	14198	4146
1426	3	1	19	14209	11320
1427	4	14	23	14220	4118
1428	3	1	19	14231	2498
1429	4	14	23	14242	1217
1430	3	1	19	14253	2240
1431	4	14	19	14264	463
1432	3	1	13	14275	1890
1433	3	1	23	14286	1545
1434	3	1	19	14297	2203
1435	3	1	19	14308	2906
1436	4	14	19	14319	7503
1437	3	1	19	14330	4047
1438	4	14	13	14341	11215
1439	4	14	13	14352	2428
1440	3	1	19	14363	11146
1441	4	14	13	14400	3747
1442	4	14	23	14408	4540
1443	0	12	23	14416	2990
1444	3	1	23	14424	544
1445	4	14	19	14432	16523
1446	3	1	23	14440	14801
1447	0	12	13	14448	5321
1448	3	1	13	14456	1165
1449	4	8	13	14464	5444
1450	4	14	13	14472	8536
1451	4	14	23	14480	811
1452	3	1	13	14488	2003
1453	4	14	13	14496	471
1454	4	14	13	14504	10796
1455	4	14	13	14512	4098
1456	4	14	19	14520	5972
1457	4	14	13	14528	13307
1458	4	14	13	14536	1421
1459	4	14	13	14544	15387
1460	3	1	23	14552	7168
1461	4	14	23	14560	369
1462	3	1	19	14568	6150
1463	0	12	13	14576	1028
1464	0	12	13	14584	17327
1465	4	14	13	14592	1456
1466	4	14	19	14600	5154
1467	3	1	13	14608	1258
1468	4	14	19	14616	5671
1469	3	1	19	14624	1279
1470	4	14	19	14632	1028
1471	3	1	23	14640	5430
1472	4	14	13	14648	3183
1473	3	1	19	14656	5728
1474	3	1	19	14664	3695
1475	3	1	19	14672	1216
1476	4	14	23	14680	5527
1477	4	14	19	14688	1053
1478	3	1	13	14696	62
1479	3	1	23	14704	6336
1480	4	14	19	14712	4435
1481	3	1	13	14720	919
1482	4	14	23	14728	1977
1483	4	8	19	14736	5105
1484	4	14	23	14744	1917
1485	3	1	23	14752	1126
1486	4	14	13	14760	5028
1487	4	14	13	14800	1233
1488	4	14	19	14810	1962
1489	4	14	13	14820	6102
1490	4	14	23	14830	5405
1491	0	12	19	14840	8572
1492	3	1	19	14850	1646
1493	4	8	13	14860	12952
1494	3	1	19	14870	3887
1495	3	1	19	14880	7594
1496	3	1	19	14890	6928
1497	4	14	19	14900	2404
1498	4	14	19	14910	3102
1499	4	14	19	14920	6906
1500	4	14	23	14930	1202
1501	3	1	19	14940	4887
1502	3	1	19	14950	15243
1503	4	14	19	14960	15450
1504	3	1	19	14970	2910
1505	3	1	13	14980	598
1506	4	14	19	14990	4028
1507	4	14	19	15000	4006
1508	4	8	19	15010	2838
1509	4	8	23	15020	4440
1510	4	14	13	15030	8908
1511	4	14	13	15040	3139
1512	3	1	23	15050	11873
1513	3	1	13	15060	2806
1514	4	14	23	15070	1476
1515	4	14	19	15080	3955
1516	3	1	13	15090	4791
1517	3	1	13	15100	265
1518	4	8	13	15110	7483
1519	3	1	19	15120	5411
1520	4	8	23	15130	3563
1521	4	8	19	15140	2456
1522	3	1	19	15150	8556
1523	4	14	19	15160	14799
1524	4	14	19	15170	3043
1525	4	14	13	15180	1686
1526	3	1	13	15190	2078
1527	4	14	13	15200	3547
1528	4	8	13	15208	600
1529	0	12	23	15216	5590
1530	3	1	13	15224	2313
1531	3	1	13	15232	1409
1532	0	12	23	15240	4708
1533	3	1	19	15248	859
1534	3	1	13	15256	3065
1535	4	14	23	15264	13374
1536	4	8	23	15272	1032
1537	4	14	13	15280	2117
1538	4	14	23	15288	912
1539	3	1	19	15296	1107
1540	4	14	13	15304	3773
1541	4	14	23	15312	345
1542	4	14	23	15320	5661
1543	4	14	23	15328	5052
1544	4	8	13	15336	8841
1545	4	14	23	15344	878
1546	3	1	23	15352	10877
1547	4	14	19	15360	7165
1548	3	1	13	15368	4223
1549	3	1	13	15376	20224
1550	3	1	19	15384	659
1551	0	12	13	15392	5689
1552	3	1	13	15400	3724
1553	3	1	23	15408	6400
1554	3	1	19	15416	1058
1555	4	14	19	15424	6451
1556	4	14	23	15432	6928
1557	3	1	13	15440	10
1558	4	14	23	15448	2364
1559	4	14	19	15456	759
1560	4	8	23	15464	5291
1561	0	12	19	15472	191
1562	3	1	19	15480	2719
1563	0	12	19	15488	5632
1564	4	14	23	15496	1052
1565	3	1	23	15504	3616
1566	4	14	13	15512	7642
1567	4	14	19	15520	5629
1568	4	14	23	15528	13883
1569	0	12	23	15536	1685
1570	4	14	23	15544	2047
1571	3	1	13	15552	1353
1572	4	14	19	15560	7869
1573	3	1	23	15568	3706
1574	4	14	19	15576	560
1575	3	1	13	15584	2828
1576	3	1	19	15600	4839
1577	4	14	23	15609	721
1578	4	14	19	15618	355
1579	4	14	23	15627	1635
1580	4	8	13	15636	2110
1581	3	1	23	15645	3395
1582	3	1	23	15654	10988
1583	4	14	13	15663	630
1584	4	14	19	15672	3672
1585	3	1	23	15681	4561
1586	4	14	13	15690	4700
1587	3	1	13	15699	8966
1588	4	8	23	15708	12972
1589	3	1	23	15717	5305
1590	4	14	23	15726	610
1591	4	14	19	15735	1018
1592	4	14	13	15744	13386
1593	4	14	13	15753	126
1594	3	1	19	15762	2839
1595	4	14	19	15771	3320
1596	3	1	13	15780	3561
1597	4	14	19	15789	7
1598	4	14	13	15798	2661
1599	4	14	13	15807	1399
1600	4	8	23	15816	1693
1601	4	14	13	15825	788
1602	4	14	19	15834	7990
1603	3	1	13	15843	1473
1604	4	14	13	15852	3596
1605	4	14	19	15861	8009
1606	3	1	19	15870	9159
1607	4	14	19	15879	6
1608	3	1	13	15888	4402
1609	4	8	19	15897	5171
1610	3	1	23	15906	416
1611	0	12	13	15915	4293
1612	4	14	23	15924	9987
1613	0	12	13	15933	469
1614	4	14	13	15942	5757
1615	4	14	13	15951	704
1616	3	1	23	15960	469
1617	4	14	19	16000	1707
1618	3	1	23	16008	672
1619	4	14	23	16016	3203
1620	3	1	23	16024	9371
1621	4	8	13	16032	12706
1622	4	14	19	16040	6325
1623	3	1	13	16048	1068
1624	4	8	13	16056	904
1625	4	8	13	16064	772
1626	4	14	23	16072	1556
1627	4	14	19	16080	7064
1628	4	8	19	16088	402
1629	3	1	13	16096	3346
1630	0	12	23	16104	9974
1631	4	14	13	16112	4816
1632	4	14	23	16120	4545
1633	0	12	13	16128	6237
1634	4	14	23	16136	18545
1635	3	1	23	16144	1051
1636	3	1	19	16152	4920
1637	3	1	19	16160	3952
1638	4	14	23	16168	3219
1639	4	8	13	16176	5323
1640	4	14	13	16184	6085
1641	4	14	19	16192	4677
1642	0	12	23	16200	1026
1643	4	14	19	16208	1073
1644	0	12	23	16216	4038
1645	4	14	23	16224	2642
1646	4	14	19	16232	1468
1647	4	14	23	16240	7698
1648	3	1	23	16248	1249
1649	4	14	19	16256	1703
1650	0	12	23	16264	2414
1651	3	1	23	16272	1108
1652	3	1	19	16280	7510
1653	4	8	13	16288	10929
1654	4	8	13	16296	1985
1655	4	14	19	16304	1957
1656	0	12	23	16312	1941
1657	3	1	13	16320	3977
1658	4	8	13	16328	447
1659	4	14	13	16336	2160
1660	4	8	19	16344	3129
1661	4	14	23	16352	289
1662	4	14	23	16400	9454
1663	3	1	13	16418	423
1664	4	8	19	16436	6603
1665	4	14	19	16454	2035
1666	0	12	13	16472	15462
1667	4	14	19	16490	547
1668	3	1	13	16508	513
1669	3	1	13	16526	3035
1670	4	8	19	16544	2419
1671	3	1	13	16562	2639
1672	4	8	23	16580	6330
1673	4	8	23	16598	2171
1674	4	14	19	16616	5869
1675	4	14	13	16634	965
1676	4	8	19	16652	5264
1677	4	14	23	16670	3273
1678	3	1	13	16688	3651
1679	4	8	13	16706	5075
1680	4	8	23	16724	8113
1681	4	14	13	16742	2526
1682	3	1	23	16760	3291
1683	3	1	13	16778	5530
1684	3	1	19	16800	482
1685	4	14	13	16809	4498
1686	3	1	23	16818	7667
1687	4	14	19	16827	5452
1688	4	14	23	16836	2033
1689	4	14	13	16845	3698
1690	3	1	13	16854	7497
1691	3	1	13	16863	323
1692	4	8	19	16872	2951
1693	4	8	23	16881	582
1694	4	14	23	16890	857
1695	0	12	13	16899	4977
1696	0	12	19	16908	6121
1697	4	14	19	16917	538
1698	4	14	13	16926	2229
1699	3	1	19	16935	1080
1700	4	14	23	16944	2808
1701	3	1	23	16953	790
1702	3	1	19	16962	5292
1703	4	8	19	16971	5332
1704	3	1	23	16980	8935
1705	4	14	19	16989	14029
1706	4	8	13	16998	2373
1707	3	1	23	17007	2235
1708	3	1	19	17016	723
1709	3	1	23	17025	778
1710	4	14	13	17034	4257
1711	3	1	23	17043	6988
1712	0	12	13	17052	127
1713	4	14	13	17061	1957
1714	3	1	13	17070	3184
1715	3	1	19	17079	309
1716	3	1	13	17088	2844
1717	3	1	23	17097	682
1718	4	14	23	17106	17285
1719	3	1	13	17115	570
1720	3	1	23	17124	3158
1721	4	8	19	17133	1071
1722	4	14	19	17142	5228
1723	3	1	13	17151	2911
1724	4	14	13	17160	4624
1725	4	14	13	17200	1887
1726	4	8	19	17212	13007
1727	4	14	13	17224	4304
1728	4	8	23	17236	1024
1729	4	14	13	17248	237
1730	4	14	23	17260	2255
1731	3	1	23	17272	3724
1732	4	14	23	17284	563
1733	4	14	23	17296	1796
1734	3	1	19	17308	965
1735	4	14	23	17320	4673
1736	3	1	19	17332	5305
1737	4	8	19	17344	6959
1738	4	14	13	17356	7757
1739	3	1	23	17368	620
1740	3	1	13	17380	1033
1741	3	1	23	17392	2212
1742	4	14	23	17404	3457
1743	3	1	13	17416	1002
1744	0	12	13	17428	11847
1745	0	12	13	17440	84
1746	4	8	13	17452	189
1747	4	8	13	17464	579
1748	4	14	19	17476	3532
1749	4	14	19	17488	504
1750	3	1	13	17500	907
1751	4	14	19	17512	3941
1752	4	14	23	17524	599
1753	3	1	23	17536	1395
1754	4	8	19	17548	4695
1755	4	14	13	17560	1256
1756	3	1	19	17572	2390
1757	0	12	19	17600	976
1758	3	1	13	17612	209
1759	3	1	23	17624	2909
1760	4	14	23	17636	35
1761	4	8	23	17648	6213
1762	0	12	23	17660	903
1763	3	1	19	17672	456
1764	4	14	13	17684	5478
1765	4	14	19	17696	201
1766	3	1	23	17708	4739
1767	4	8	13	17720	4427
1768	4	14	23	17732	757
1769	4	14	19	17744	7857
1770	4	14	13	17756	1661
1771	3	1	23	17768	4614
1772	3	1	23	17780	1430
1773	4	14	23	17792	7406
1774	4	14	13	17804	9422
1775	0	12	23	17816	516
1776	3	1	23	17828	4271
1777	3	1	19	17840	2834
1778	3	1	23	17852	3364
1779	4	14	23	17864	4368
1780	4	14	23	17876	1600
1781	0	12	13	17888	7005
1782	3	1	23	17900	301
1783	3	1	19	17912	454
1784	3	1	13	17924	7714
1785	4	14	13	17936	6523
1786	3	1	23	17948	2514
1787	4	14	13	17960	7256
1788	4	14	19	18000	4447
1789	3	1	13	18010	11599
1790	3	1	19	18020	1093
1791	3	1	23	18030	2918
1792	4	14	13	18040	5938
1793	3	1	13	18050	1658
1794	4	14	23	18060	579
1795	3	1	13	18070	2313
1796	4	8	23	18080	1007
1797	4	8	19	18090	2545
1798	3	1	23	18100	2584
1799	3	1	19	18110	9173
1800	4	14	13	18120	1581
1801	0	12	13	18130	1892
1802	3	1	19	18140	13116
1803	4	14	23	18150	5189
1804	4	14	13	18160	6032
1805	4	8	19	18170	2923
1806	3	1	23	18180	1578
1807	3	1	23	18190	1405
1808	3	1	23	18200	1972
1809	4	8	19	18210	3373
1810	3	1	13	18220	3799
1811	0	12	23	18230	11400
1812	4	14	19	18240	4175
1813	3	1	19	18250	1954
1814	4	14	23	18260	828
1815	4	14	23	18270	804
1816	4	14	13	18280	5033
1817	4	14	19	18290	398
1818	4	8	13	18300	1167
1819	4	14	13	18310	11359
1820	3	1	19	18320	3494
1821	3	1	23	18330	7784
1822	3	1	23	18340	25738
1823	3	1	19	18350	1032
1824	3	1	13	18360	3875
1825	3	1	13	18370	6904
1826	3	1	19	18380	9680
1827	4	14	19	18400	12999
1828	4	14	13	18408	4924
1829	4	14	23	18416	2508
1830	4	14	23	18424	9146
1831	3	1	13	18432	820
1832	4	14	23	18440	129
1833	0	12	19	18448	4430
1834	0	12	19	18456	1648
1835	4	14	23	18464	12215
1836	4	14	23	18472	7983
1837	3	1	23	18480	1697
1838	3	1	13	18488	1593
1839	0	12	19	18496	1639
1840	3	1	19	18504	2601
1841	0	12	23	18512	747
1842	3	1	13	18520	2374
1843	4	14	23	18528	427
1844	3	1	23	18536	1612
1845	3	1	19	18544	1410
1846	4	14	13	18552	8161
1847	3	1	23	18560	1956
1848	4	14	19	18568	661
1849	0	12	13	18576	12204
1850	3	1	13	18584	5140
1851	3	1	19	18592	547
1852	4	14	13	18600	981
1853	3	1	23	18608	3057
1854	4	8	23	18616	1522
1855	3	1	13	18624	2535
1856	4	14	13	18632	1902
1857	0	12	13	18640	5309
1858	3	1	19	18648	449
1859	3	1	13	18656	12556
1860	4	14	13	18664	3739
1861	3	1	13	18672	1815
1862	3	1	23	18680	3548
1863	4	14	13	18688	10277
1864	3	1	19	18696	4451
1865	4	14	13	18704	2232
1866	0	12	13	18712	9647
1867	3	1	13	18720	15304
1868	3	1	23	18728	199
1869	0	12	13	18736	1067
1870	0	12	23	18744	1531
1871	3	1	13	18752	1848
1872	0	12	13	18760	5813
1873	4	8	19	18768	9955
1874	3	1	19	18776	2489
1875	3	1	23	18784	2125
1876	4	8	23	18800	2107
1877	4	14	23	18811	9095
1878	0	12	19	18822	9045
1879	3	1	19	18833	1562
1880	4	14	13	18844	12145
1881	4	14	19	18855	2971
1882	3	1	13	18866	6618
1883	4	14	23	18877	5631
1884	4	8	23	18888	5427
1885	3	1	13	18899	5887
1886	3	1	23	18910	13766
1887	3	1	23	18921	2752
1888	4	14	19	18932	1742
1889	4	14	13	18943	8111
1890	0	12	19	18954	3416
1891	4	14	23	18965	553
1892	4	8	19	18976	1095
1893	3	1	13	18987	1860
1894	3	1	19	18998	5220
1895	0	12	19	19009	481
1896	4	14	23	19020	3491
1897	4	14	23	19031	2971
1898	3	1	13	19042	2247
1899	3	1	23	19053	9376
1900	4	8	19	19064	1955
1901	4	8	13	19075	8895
1902	4	8	13	19086	1650
1903	4	14	19	19097	10012
1904	0	12	13	19108	4026
1905	3	1	23	19119	1743
1906	3	1	19	19130	1795
1907	4	14	19	19141	1429
1908	4	14	13	19152	294
1909	4	14	13	19163	9386
1910	0	12	19	19174	247
1911	4	8	19	19185	2626
1912	4	14	19	19200	7305
1913	4	8	23	19210	6109
1914	3	1	23	19220	18
1915	4	14	19	19230	347
1916	4	8	23	19240	3247
1917	3	1	23	19250	7154
1918	3	1	19	19260	798
1919	4	14	13	19270	9244
1920	3	1	13	19280	2462
1921	3	1	13	19290	2130
1922	4	14	19	19300	3923
1923	4	14	19	19310	795
1924	0	12	19	19320	4314
1925	3	1	13	19330	837
1926	4	8	23	19340	559
1927	4	14	23	19350	2005
1928	4	14	13	19360	833
1929	3	1	13	19370	1723
1930	3	1	23	19380	7087
1931	3	1	23	19390	8658
1932	3	1	19	19400	2518
1933	4	14	19	19410	19172
1934	4	8	13	19420	11034
1935	4	14	13	19430	248
1936	4	14	19	19440	824
1937	4	14	23	19450	8853
1938	4	14	23	19460	515
1939	4	14	13	19470	1972
1940	4	14	23	19480	2102
1941	3	1	13	19490	4403
1942	3	1	23	19500	2224
1943	4	14	13	19510	2383
1944	4	14	23	19520	6609
1945	4	14	13	19530	389
1946	4	14	13	19540	1371
1947	0	12	19	19550	2439
1948	4	14	19	19560	1830
1949	3	1	13	19570	4150
1950	4	14	19	19600	3259
1951	3	1	13	19613	5535
1952	4	8	19	19626	1682
1953	3	1	13	19639	3012
1954	0	12	23	19652	2350
1955	3	1	19	19665	14581
1956	3	1	19	19678	1241
1957	3	1	23	19691	686
1958	3	1	23	19704	1195
1959	4	14	13	19717	2360
1960	4	8	23	19730	1008
1961	4	14	23	19743	13695
1962	0	12	19	19756	476
1963	3	1	23	19769	5104
1964	3	1	19	19782	308
1965	3	1	19	19795	768
1966	4	14	23	19808	57
1967	3	1	23	19821	7516
1968	4	14	23	19834	7490
1969	4	14	23	19847	11566
1970	3	1	23	19860	9089
1971	3	1	13	19873	4378
1972	3	1	13	19886	4979
1973	3	1	19	19899	6273
1974	0	12	19	19912	2709
1975	4	14	23	19925	6285
1976	0	12	13	19938	17172
1977	4	14	13	19951	775
1978	4	14	19	19964	1860
1979	4	8	19	20000	3348
1980	4	14	23	20019	9152
1981	0	12	19	20038	4482
1982	4	14	19	20057	109
1983	3	1	23	20076	3127
1984	4	14	23	20095	6294
1985	3	1	23	20114	336
1986	3	1	13	20133	3121
1987	4	14	19	20152	11130
1988	3	1	23	20171	3170
1989	3	1	19	20190	13159
1990	3	1	19	20209	6307
1991	4	8	23	20228	115
1992	4	8	23	20247	4002
1993	3	1	19	20266	4497
1994	4	14	13	20285	728
1995	4	8	23	20304	2329
1996	3	1	23	20323	3239
1997	0	12	23	20342	4891
1998	3	1	23	20361	1877
1999	4	8	13	20380	4016
