0	4	8	29	0	11490
1	3	1	37	9	781
2	3	1	29	18	35050
3	4	14	37	27	4333
4	3	1	31	36	1051
5	3	1	23	45	26688
6	4	8	37	54	14019
7	4	8	37	63	8270
8	0	12	31	72	8766
9	4	14	23	81	387
10	4	14	23	90	8405
11	4	8	31	99	10634
12	3	1	23	108	2921
13	4	14	29	117	904
14	4	8	31	126	1288
15	4	14	31	135	27330
16	3	1	37	144	15505
17	4	14	31	153	8198
18	3	1	23	162	37896
19	3	1	23	171	14294
20	4	14	23	180	7103
21	4	14	23	189	36657
22	4	14	37	198	31657
23	3	1	29	207	6491
24	3	1	23	216	8049
25	3	1	37	225	13349
26	3	1	31	234	26586
27	3	1	31	243	26642
28	3	1	29	252	24262
29	4	8	23	261	702
30	4	8	37	270	403
31	4	14	37	279	4562
32	3	1	29	288	7115
33	3	1	31	297	22806
34	3	1	31	306	1961
35	4	14	29	315	901
36	4	14	23	324	4286
37	3	1	37	333	18876
38	4	14	23	342	5777
39	4	14	37	351	8854
40	3	1	29	360	30283
41	4	14	23	369	7448
42	3	1	31	378	4337
43	4	8	31	400	12764
44	0	12	37	409	3117
45	4	14	23	418	9332
46	4	8	29	427	1752
47	4	14	23	436	25348
48	4	14	23	445	16487
49	0	12	23	454	32720
50	4	8	37	463	9512
51	3	1	23	472	15955
52	3	1	23	481	17884
53	4	14	31	490	2812
54	4	8	23	499	7625
55	3	1	29	508	13062
56	3	1	23	517	1733
57	0	12	23	526	9017
58	3	1	37	535	20209
59	0	12	37	544	6384
60	4	14	31	553	11
61	3	1	29	562	19175
62	4	14	29	571	11945
63	4	14	31	580	7428
64	4	14	29	589	79808
65	4	14	23	598	2489
66	4	14	29	607	1817
67	4	14	31	616	5460
68	3	1	37	625	30589
69	3	1	29	634	357
70	4	14	31	643	10908
71	4	14	23	652	32385
72	3	1	29	661	1437
73	4	14	29	670	6864
74	3	1	31	679	17970
75	0	12	23	688	49881
76	3	1	29	697	12581
77	4	14	23	706	3837
78	3	1	29	715	2513
79	4	14	37	724	35514
80	0	12	31	733	9198
81	3	1	29	742	143
82	4	14	29	751	1872
83	3	1	29	760	32440
84	4	14	23	769	8546
85	4	14	31	778	4239
86	3	1	37	800	9359
87	4	14	37	810	3267
88	3	1	29	820	5739
89	4	8	23	830	8021
90	3	1	29	840	33344
91	4	14	23	850	17743
92	4	8	23	860	45910
93	4	14	29	870	41874
94	4	14	29	880	8831
95	4	14	23	890	1563
96	0	12	31	900	21404
97	3	1	37	910	22127
98	3	1	29	920	12809
99	4	8	37	930	508
100	4	14	37	940	6130
101	4	8	31	950	17650
102	3	1	29	960	37814
103	3	1	37	970	15170
104	3	1	29	980	4940
105	3	1	37	990	11444
106	4	8	31	1000	11689
107	4	14	37	1010	4969
108	3	1	37	1020	6800
109	0	12	23	1030	7985
110	4	14	37	1040	166
111	4	14	37	1050	23665
112	4	14	31	1060	4974
113	3	1	37	1070	24139
114	4	14	23	1080	25168
115	3	1	23	1090	54197
116	4	14	37	1100	12707
117	3	1	23	1110	14344
118	4	14	29	1120	36463
119	4	14	31	1130	14490
120	3	1	29	1140	12453
121	3	1	29	1150	27891
122	4	14	23	1160	50727
123	3	1	31	1170	6837
124	0	12	23	1200	1151
125	4	14	31	1210	20918
126	4	14	37	1220	37083
127	4	14	23	1230	1857
128	4	14	37	1240	29533
129	3	1	31	1250	12742
130	0	12	29	1260	1983
131	3	1	29	1270	19785
132	3	1	31	1280	11534
133	4	8	31	1290	1915
134	4	14	23	1300	9532
135	4	14	37	1310	17384
136	3	1	23	1320	674
137	4	8	31	1330	6681
138	4	8	37	1340	10862
139	4	14	29	1350	27018
140	3	1	37	1360	13492
141	4	14	23	1370	2714
142	0	12	23	1380	19664
143	4	8	29	1390	26954
144	3	1	29	1400	7703
145	3	1	29	1410	962
146	0	12	29	1420	6802
147	4	14	29	1430	1424
148	4	14	23	1440	1161
149	3	1	23	1450	9108
150	4	14	23	1460	7594
151	3	1	29	1470	1734
152	3	1	31	1480	26456
153	3	1	37	1490	37226
154	4	14	29	1500	6044
155	4	14	31	1510	8267
156	3	1	29	1520	18437
157	4	8	37	1530	8879
158	3	1	31	1540	11803
159	3	1	37	1550	8620
160	3	1	37	1560	12951
161	3	1	31	1570	7825
162	4	14	37	1580	6629
163	0	12	23	1600	18082
164	0	12	31	1609	4870
165	3	1	29	1618	2768
166	3	1	23	1627	3344
167	4	14	23	1636	2555
168	3	1	37	1645	4594
169	0	12	29	1654	1426
170	0	12	37	1663	32693
171	4	14	29	1672	3077
172	3	1	23	1681	1289
173	3	1	23	1690	708
174	3	1	31	1699	315
175	4	14	29	1708	7029
176	4	8	29	1717	1216
177	3	1	37	1726	1147
178	4	14	23	1735	38812
179	3	1	31	1744	174
180	4	14	23	1753	5977
181	4	8	31	1762	22183
182	4	14	37	1771	630
183	3	1	37	1780	5790
184	3	1	31	1789	2458
185	3	1	37	1798	215
186	4	14	37	1807	30012
187	4	14	37	1816	13035
188	3	1	23	1825	16723
189	3	1	29	1834	618
190	3	1	31	1843	47098
191	0	12	29	1852	9106
192	4	14	37	1861	19368
193	4	14	23	1870	1041
194	3	1	29	1879	3208
195	0	12	29	1888	2619
196	4	14	23	1897	18061
197	4	14	37	1906	333
198	4	8	37	1915	9867
199	4	8	37	1924	3738
200	3	1	23	1933	21532
201	3	1	23	1942	3307
202	0	12	29	1951	18951
203	3	1	37	1960	47036
204	3	1	23	2000	10919
205	3	1	31	2008	3336
206	3	1	29	2016	399
207	4	8	29	2024	21432
208	3	1	23	2032	31764
209	4	14	23	2040	36533
210	3	1	29	2048	6160
211	4	14	31	2056	14196
212	3	1	31	2064	9912
213	4	14	37	2072	11348
214	3	1	31	2080	1535
215	3	1	29	2088	20420
216	3	1	37	2096	6700
217	3	1	37	2104	510
218	3	1	29	2112	10791
219	4	14	31	2120	4555
220	3	1	31	2128	4077
221	4	14	23	2136	10431
222	4	8	37	2144	6957
223	4	8	29	2152	3741
224	4	14	31	2160	1696
225	4	14	31	2168	6182
226	4	14	29	2176	6646
227	3	1	37	2184	227
228	0	12	31	2192	20761
229	3	1	29	2200	21249
230	0	12	23	2208	13134
231	4	8	29	2216	857
232	3	1	37	2224	9076
233	3	1	29	2232	14168
234	3	1	29	2240	2391
235	3	1	23	2248	1970
236	4	8	23	2256	598
237	3	1	37	2264	884
238	4	14	31	2272	18463
239	3	1	37	2280	34273
240	4	8	31	2288	50451
241	4	14	29	2296	1074
242	3	1	37	2304	15863
243	4	14	23	2312	19280
244	4	14	23	2320	12554
245	3	1	37	2328	4052
246	4	14	31	2336	41910
247	4	14	37	2344	2518
248	3	1	31	2352	39554
249	4	14	23	2360	6474
250	3	1	29	2368	17544
251	3	1	29	2376	15997
252	3	1	29	2384	6834
253	3	1	29	2400	3367
254	3	1	29	2410	46727
255	3	1	37	2420	3500
256	3	1	23	2430	19368
257	4	14	23	2440	8959
258	4	14	23	2450	22630
259	3	1	31	2460	2600
260	3	1	29	2470	20408
261	4	14	29	2480	168
262	0	12	37	2490	116
263	4	14	37	2500	1255
264	4	14	23	2510	4060
265	3	1	37	2520	4850
266	3	1	37	2530	2135
267	4	14	29	2540	24418
268	4	14	29	2550	6764
269	4	14	29	2560	41575
270	4	8	23	2570	17581
271	3	1	37	2580	5296
272	4	14	29	2590	3554
273	3	1	31	2600	12619
274	3	1	37	2610	4819
275	4	14	23	2620	2714
276	4	8	29	2630	22556
277	3	1	37	2640	12277
278	3	1	29	2650	11582
279	4	8	37	2660	22391
280	3	1	23	2670	6809
281	0	12	29	2680	3229
282	4	14	23	2690	688
283	4	8	31	2700	6245
284	4	14	37	2710	762
285	4	14	37	2720	31731
286	4	14	37	2730	12086
287	4	14	31	2740	4041
288	4	14	37	2750	14991
289	4	14	29	2760	31515
290	4	8	37	2770	5178
291	3	1	23	2780	8873
292	3	1	31	2800	3023
293	3	1	23	2813	10712
294	4	14	31	2826	1603
295	3	1	29	2839	42539
296	4	14	31	2852	948
297	3	1	37	2865	12063
298	4	14	37	2878	8618
299	4	14	23	2891	4561
300	4	14	23	2904	1583
301	4	14	29	2917	1267
302	3	1	31	2930	17046
303	4	14	23	2943	61929
304	4	14	37	2956	12530
305	3	1	29	2969	6359
306	4	14	37	2982	7847
307	3	1	37	2995	18366
308	4	8	29	3008	29431
309	4	14	29	3021	18018
310	3	1	31	3034	6243
311	4	14	29	3047	2097
312	4	14	31	3060	28492
313	4	14	29	3073	36
314	4	8	29	3086	17216
315	3	1	37	3099	10452
316	4	14	23	3112	38083
317	4	14	29	3125	11112
318	0	12	37	3138	461
319	0	12	29	3151	5320
320	3	1	23	3164	14358
321	4	14	23	3200	25155
322	4	14	29	3215	2035
323	4	14	37	3230	8396
324	4	14	31	3245	11555
325	4	14	23	3260	3393
326	4	14	29	3275	1728
327	3	1	29	3290	13155
328	3	1	37	3305	8947
329	4	14	31	3320	5348
330	4	8	29	3335	1622
331	3	1	31	3350	2879
332	4	14	23	3365	1645
333	3	1	23	3380	4329
334	3	1	31	3395	15346
335	4	14	31	3410	4855
336	4	14	37	3425	7790
337	3	1	37	3440	762
338	3	1	31	3455	17013
339	4	14	29	3470	12603
340	0	12	37	3485	7151
341	3	1	37	3500	22859
342	4	14	29	3515	5582
343	3	1	31	3530	33003
344	3	1	37	3545	8857
345	3	1	31	3560	2530
346	3	1	29	3575	11476
347	4	14	29	3600	2976
348	0	12	31	3612	21167
349	4	14	37	3624	9411
350	4	14	23	3636	156
351	4	14	29	3648	7666
352	3	1	37	3660	10884
353	4	14	31	3672	2010
354	4	8	37	3684	11562
355	3	1	23	3696	3396
356	4	14	37	3708	34645
357	3	1	31	3720	3534
358	4	14	31	3732	5660
359	4	14	37	3744	6164
360	3	1	23	3756	3896
361	3	1	31	3768	20190
362	0	12	23	3780	3581
363	4	8	31	3792	9696
364	3	1	37	3804	12623
365	4	14	37	3816	2563
366	0	12	23	3828	392
367	0	12	31	3840	11117
368	3	1	31	3852	3965
369	3	1	37	3864	6725
370	3	1	23	3876	1317
371	3	1	29	3888	27232
372	4	14	37	3900	22458
373	3	1	31	3912	5884
374	0	12	29	3924	28788
375	0	12	23	3936	22495
376	4	14	37	3948	8440
377	4	14	37	3960	2980
378	3	1	37	3972	47740
379	3	1	23	3984	6705
380	3	1	31	4000	11950
381	4	14	37	4012	29503
382	3	1	31	4024	21786
383	4	14	23	4036	48219
384	3	1	31	4048	5108
385	3	1	23	4060	12747
386	0	12	31	4072	11517
387	4	14	29	4084	43769
388	3	1	23	4096	13840
389	4	14	31	4108	7735
390	4	14	37	4120	5901
391	3	1	29	4132	3018
392	3	1	29	4144	13880
393	3	1	31	4156	5281
394	0	12	23	4168	5599
395	4	14	29	4180	12089
396	3	1	37	4192	10792
397	3	1	31	4204	20426
398	4	14	37	4216	4031
399	3	1	23	4228	4798
400	3	1	29	4240	2062
401	3	1	37	4252	140
402	3	1	31	4264	33420
403	3	1	37	4276	6121
404	0	12	37	4288	6949
405	3	1	37	4300	1484
406	4	8	31	4312	11802
407	0	12	29	4324	2808
408	4	14	23	4336	3373
409	0	12	37	4348	17733
410	3	1	23	4360	16230
411	0	12	23	4372	15463
412	4	14	31	4400	3840
413	3	1	29	4409	35460
414	3	1	29	4418	17693
415	4	14	23	4427	5408
416	4	14	37	4436	45189
417	3	1	23	4445	3875
418	4	14	23	4454	2792
419	4	8	37	4463	67638
420	4	14	29	4472	10277
421	3	1	31	4481	720
422	4	14	29	4490	30251
423	3	1	23	4499	19693
424	4	14	37	4508	497
425	3	1	31	4517	25597
426	4	14	37	4526	2845
427	4	8	23	4535	8081
428	3	1	29	4544	177
429	3	1	23	4553	3848
430	4	14	29	4562	3507
431	3	1	29	4571	13952
432	4	14	23	4580	32725
433	4	14	37	4589	12654
434	4	14	37	4598	3780
435	4	14	37	4607	11577
436	3	1	29	4616	44842
437	4	14	37	4625	6908
438	4	14	29	4634	9381
439	4	8	37	4643	3141
440	3	1	29	4652	344
441	0	12	29	4661	6297
442	0	12	29	4670	15663
443	3	1	29	4679	29241
444	3	1	31	4688	15879
445	4	14	31	4697	13093
446	3	1	37	4706	35605
447	4	14	37	4715	16052
448	0	12	29	4724	10552
449	3	1	37	4733	121
450	4	14	29	4742	12874
451	0	12	31	4751	4578
452	4	14	31	4760	11303
453	4	14	37	4769	4091
454	4	14	37	4778	16842
455	4	8	31	4800	1259
456	4	14	29	4812	1158
457	4	14	31	4824	1699
458	4	14	37	4836	5336
459	4	14	23	4848	9799
460	3	1	37	4860	28274
461	0	12	29	4872	1753
462	4	14	37	4884	2588
463	3	1	23	4896	42355
464	3	1	29	4908	8768
465	0	12	37	4920	666
466	4	8	23	4932	18713
467	4	14	31	4944	11680
468	4	14	31	4956	13587
469	4	14	29	4968	1980
470	4	8	37	4980	5865
471	4	14	23	4992	9296
472	4	14	31	5004	15872
473	4	14	23	5016	45414
474	4	14	29	5028	41347
475	4	14	23	5040	2192
476	3	1	29	5052	4794
477	3	1	23	5064	84
478	4	14	31	5076	903
479	4	14	29	5088	5667
480	4	14	37	5100	32434
481	0	12	37	5112	7699
482	0	12	37	5124	28262
483	0	12	29	5136	55
484	3	1	37	5148	11496
485	3	1	31	5160	33034
486	3	1	31	5172	964
487	3	1	23	5200	12451
488	4	8	23	5210	27320
489	4	14	23	5220	2244
490	4	14	29	5230	8980
491	4	14	31	5240	22305
492	0	12	37	5250	983
493	4	14	23	5260	49862
494	4	14	37	5270	4718
495	3	1	23	5280	26750
496	3	1	29	5290	2894
497	3	1	23	5300	17036
498	0	12	23	5310	6012
499	3	1	31	5320	13661
500	4	14	31	5330	24895
501	3	1	23	5340	4740
502	4	8	23	5350	740
503	3	1	37	5360	6803
504	3	1	23	5370	11719
505	0	12	23	5380	1518
506	3	1	23	5390	10512
507	0	12	29	5400	12023
508	4	14	31	5410	4641
509	0	12	37	5420	10619
510	4	14	23	5430	17649
511	4	14	29	5440	1065
512	4	14	23	5450	736
513	0	12	31	5460	48592
514	4	14	23	5470	11772
515	4	8	37	5480	6780
516	4	14	31	5490	3149
517	4	14	29	5500	2519
518	3	1	29	5510	5249
519	4	14	31	5520	10472
520	3	1	23	5530	45165
521	4	14	37	5540	1866
522	4	14	29	5550	15483
523	4	14	31	5560	8489
524	4	14	23	5570	11779
525	3	1	23	5600	9384
526	4	14	29	5608	7404
527	4	14	31	5616	16600
528	4	14	23	5624	12673
529	3	1	23	5632	945
530	3	1	31	5640	36618
531	4	14	29	5648	10159
532	4	8	37	5656	11390
533	3	1	37	5664	5987
534	4	8	31	5672	8366
535	3	1	31	5680	11196
536	4	14	37	5688	6407
537	4	14	23	5696	7671
538	4	14	29	5704	5759
539	3	1	31	5712	8258
540	4	8	31	5720	5218
541	3	1	29	5728	7052
542	3	1	29	5736	4715
543	4	8	29	5744	4454
544	4	14	23	5752	6136
545	3	1	23	5760	6998
546	4	14	31	5768	18424
547	4	14	29	5776	1212
548	4	14	37	5784	5340
549	4	14	23	5792	26868
550	3	1	29	5800	13001
551	4	14	37	5808	302
552	3	1	37	5816	6208
553	3	1	29	5824	20051
554	0	12	29	5832	14563
555	4	14	31	5840	15727
556	4	14	31	5848	11041
557	3	1	31	5856	9655
558	4	14	37	5864	19771
559	4	14	37	5872	1012
560	4	8	37	5880	12887
561	3	1	29	5888	21570
562	3	1	23	5896	47345
563	3	1	29	5904	3373
564	4	14	23	5912	12079
565	4	8	37	5920	2664
566	3	1	29	5928	7665
567	3	1	23	5936	13184
568	4	14	23	5944	7859
569	4	14	31	5952	223
570	3	1	23	5960	217
571	3	1	31	6000	17048
572	4	14	23	6007	19813
573	0	12	31	6014	23320
574	4	14	37	6021	3128
575	4	14	31	6028	9121
576	3	1	31	6035	20519
577	3	1	23	6042	6427
578	0	12	31	6049	1355
579	3	1	37	6056	2431
580	4	14	31	6063	17020
581	4	14	37	6070	5437
582	4	14	31	6077	5932
583	4	8	23	6084	17062
584	3	1	37	6091	6416
585	4	14	37	6098	31537
586	3	1	29	6105	2196
587	4	14	31	6112	19373
588	3	1	31	6119	14051
589	3	1	37	6126	17723
590	3	1	37	6133	61
591	4	14	23	6140	23676
592	0	12	23	6147	13118
593	0	12	31	6154	4285
594	0	12	31	6161	21929
595	4	14	23	6168	8767
596	3	1	29	6175	7477
597	3	1	37	6182	998
598	3	1	23	6189	13508
599	4	14	23	6196	2695
600	4	14	31	6203	42011
601	3	1	29	6210	1505
602	4	14	29	6217	11472
603	3	1	29	6224	5000
604	3	1	23	6231	25002
605	0	12	37	6238	28010
606	4	14	37	6245	2931
607	3	1	23	6252	9505
608	3	1	29	6259	10479
609	4	8	31	6266	2242
610	3	1	23	6273	29058
611	4	8	31	6280	2481
612	3	1	23	6287	7086
613	3	1	37	6294	11740
614	0	12	29	6301	4681
615	3	1	37	6308	4178
616	4	14	37	6315	7049
617	4	8	37	6322	3010
618	4	14	31	6329	21326
619	0	12	23	6336	14721
620	3	1	29	6343	388
621	3	1	37	6350	13342
622	4	8	31	6400	45144
623	4	14	23	6413	14807
624	4	8	31	6426	161
625	4	14	37	6439	2048
626	4	8	29	6452	1179
627	4	14	29	6465	8507
628	4	14	37	6478	213
629	4	14	37	6491	14901
630	4	14	29	6504	853
631	4	14	31	6517	16130
632	0	12	37	6530	16124
633	3	1	29	6543	28319
634	3	1	23	6556	2883
635	3	1	23	6569	12258
636	4	14	31	6582	16575
637	4	14	23	6595	606
638	4	14	23	6608	25771
639	3	1	37	6621	8585
640	4	14	23	6634	14897
641	3	1	29	6647	11614
642	3	1	23	6660	2959
643	3	1	37	6673	8794
644	4	14	31	6686	23633
645	3	1	29	6699	20462
646	3	1	37	6712	6433
647	4	14	29	6725	499
648	0	12	23	6738	45433
649	4	14	37	6751	9453
650	0	12	29	6764	924
651	4	8	29	6777	3322
652	3	1	23	6800	3435
653	3	1	23	6810	41614
654	4	8	37	6820	2226
655	3	1	37	6830	4259
656	4	8	37	6840	1826
657	3	1	23	6850	28466
658	0	12	37	6860	4759
659	4	14	23	6870	15213
660	4	14	31	6880	19897
661	4	8	29	6890	14809
662	3	1	23	6900	9047
663	4	14	31	6910	24603
664	3	1	29	6920	1288
665	3	1	29	6930	2264
666	4	8	31	6940	7124
667	4	14	37	6950	9328
668	4	14	31	6960	6342
669	4	14	29	6970	13787
670	3	1	29	6980	9456
671	4	14	37	6990	6029
672	3	1	37	7000	4962
673	4	14	37	7010	4625
674	3	1	23	7020	65457
675	3	1	23	7030	6367
676	0	12	31	7040	7228
677	4	14	37	7050	7334
678	4	14	31	7060	22638
679	4	14	23	7070	2604
680	4	8	23	7080	16255
681	3	1	37	7090	651
682	4	14	29	7100	9073
683	0	12	23	7110	7674
684	4	14	31	7120	12159
685	3	1	23	7130	21042
686	4	14	29	7140	8086
687	3	1	37	7150	17652
688	4	8	31	7160	15993
689	4	14	29	7170	29551
690	3	1	29	7200	8289
691	4	14	31	7209	22143
692	3	1	29	7218	15356
693	4	14	23	7227	2159
694	3	1	29	7236	14509
695	3	1	37	7245	25
696	0	12	23	7254	1139
697	4	14	31	7263	5119
698	4	14	31	7272	6488
699	4	8	23	7281	13996
700	3	1	37	7290	5555
701	3	1	23	7299	24915
702	4	14	31	7308	11939
703	3	1	37	7317	4182
704	4	14	31	7326	107690
705	0	12	29	7335	13642
706	4	14	31	7344	28015
707	4	14	29	7353	31766
708	4	8	37	7362	43384
709	4	14	31	7371	17002
710	3	1	23	7380	22474
711	3	1	37	7389	13818
712	3	1	31	7398	721
713	3	1	31	7407	1703
714	4	14	37	7416	45048
715	3	1	31	7425	16961
716	3	1	23	7434	2357
717	3	1	37	7443	704
718	4	14	23	7452	3203
719	4	14	29	7461	3858
720	4	14	23	7470	13736
721	3	1	37	7479	13576
722	4	14	29	7488	19563
723	4	14	29	7497	8215
724	3	1	23	7506	2443
725	3	1	31	7515	14578
726	3	1	29	7524	13416
727	4	14	37	7533	2293
728	3	1	31	7542	11557
729	4	14	29	7551	60614
730	4	8	23	7560	4648
731	3	1	23	7569	1333
732	0	12	29	7600	485
733	4	14	29	7608	2090
734	4	14	29	7616	20883
735	4	14	37	7624	24240
736	4	14	29	7632	6589
737	3	1	29	7640	3234
738	3	1	31	7648	7677
739	4	14	23	7656	37987
740	4	14	29	7664	30874
741	4	14	23	7672	9882
742	3	1	37	7680	19147
743	3	1	37	7688	46206
744	4	14	23	7696	851
745	0	12	29	7704	20245
746	3	1	37	7712	18372
747	3	1	37	7720	10686
748	0	12	23	7728	2500
749	4	14	31	7736	34772
750	0	12	37	7744	20830
751	4	14	23	7752	409
752	0	12	29	7760	1438
753	0	12	29	7768	1847
754	3	1	23	7776	82
755	4	14	23	7784	14177
756	4	14	31	7792	877
757	4	14	29	7800	1733
758	4	14	37	7808	1399
759	4	8	37	7816	4222
760	4	14	23	7824	73
761	4	14	37	7832	15675
762	3	1	37	7840	4467
763	3	1	31	7848	46644
764	4	14	31	7856	6879
765	4	14	23	7864	16216
766	4	8	31	7872	12400
767	3	1	29	7880	27444
768	4	14	29	7888	4414
769	0	12	37	7896	1387
770	3	1	29	7904	4879
771	4	8	31	7912	34193
772	4	14	29	7920	10538
773	4	14	23	7928	3883
774	4	14	37	7936	5193
775	0	12	23	7944	1541
776	0	12	37	7952	25461
777	3	1	29	7960	20943
778	3	1	29	7968	6687
779	3	1	31	7976	5530
780	0	12	31	7984	30242
781	0	12	31	8000	1046
782	4	14	31	8009	51103
783	3	1	37	8018	13429
784	4	14	31	8027	2233
785	3	1	37	8036	4070
786	3	1	31	8045	58263
787	0	12	37	8054	27274
788	3	1	23	8063	1993
789	4	14	29	8072	1690
790	4	14	23	8081	19127
791	4	8	37	8090	4076
792	3	1	29	8099	1618
793	3	1	37	8108	2322
794	3	1	37	8117	36368
795	0	12	31	8126	2595
796	4	14	23	8135	3456
797	0	12	29	8144	20426
798	3	1	29	8153	9380
799	4	14	37	8162	4758
800	4	14	31	8171	2246
801	4	14	31	8180	25981
802	4	14	31	8189	3971
803	0	12	23	8198	986
804	3	1	29	8207	11321
805	4	14	23	8216	25606
806	4	14	37	8225	7153
807	3	1	29	8234	21729
808	4	8	29	8243	18806
809	3	1	23	8252	26088
810	4	14	29	8261	20117
811	3	1	29	8270	3373
812	3	1	23	8279	14742
813	3	1	23	8288	16200
814	0	12	23	8297	5679
815	3	1	31	8306	30699
816	3	1	23	8315	16318
817	4	14	37	8324	12173
818	4	14	23	8333	19906
819	3	1	31	8342	1932
820	4	14	29	8351	16583
821	4	8	31	8360	16502
822	4	14	23	8369	16415
823	4	14	37	8378	2329
824	3	1	31	8400	4493
825	3	1	29	8409	566
826	4	14	23	8418	20308
827	4	14	31	8427	6301
828	3	1	23	8436	4712
829	4	14	23	8445	2046
830	3	1	37	8454	24507
831	0	12	29	8463	774
832	4	14	23	8472	3992
833	4	14	29	8481	1263
834	3	1	23	8490	2655
835	4	8	37	8499	418
836	3	1	23	8508	19420
837	4	14	29	8517	28496
838	4	14	31	8526	777
839	4	14	29	8535	4079
840	3	1	23	8544	21884
841	0	12	29	8553	2031
842	4	14	29	8562	1339
843	3	1	23	8571	3723
844	3	1	23	8580	4599
845	3	1	37	8589	9630
846	4	14	37	8598	10431
847	4	14	29	8607	5842
848	4	8	31	8616	19247
849	4	14	29	8625	355
850	4	14	31	8634	7200
851	4	14	23	8643	11387
852	3	1	23	8652	97
853	3	1	31	8661	6004
854	4	14	29	8670	10365
855	4	14	37	8679	6610
856	4	14	31	8688	1808
857	4	14	31	8697	1335
858	4	14	29	8706	17457
859	0	12	37	8715	9978
860	4	8	37	8724	815
861	3	1	23	8733	496
862	4	14	29	8742	8601
863	3	1	29	8751	12080
864	4	14	23	8760	193
865	3	1	37	8800	16659
866	3	1	23	8812	39261
867	4	14	31	8824	11218
868	0	12	23	8836	9376
869	4	14	23	8848	5036
870	0	12	29	8860	1544
871	4	14	31	8872	21721
872	4	14	29	8884	10259
873	4	14	31	8896	8843
874	4	14	31	8908	4455
875	4	14	23	8920	10792
876	3	1	29	8932	12313
877	3	1	37	8944	7814
878	3	1	37	8956	23425
879	4	14	37	8968	17152
880	4	14	29	8980	7513
881	0	12	37	8992	6755
882	3	1	37	9004	11287
883	4	14	31	9016	4205
884	4	8	29	9028	14673
885	3	1	31	9040	3571
886	4	14	29	9052	671
887	4	14	31	9064	26416
888	4	14	37	9076	8844
889	4	14	23	9088	17899
890	4	8	29	9100	26975
891	3	1	29	9112	14306
892	4	14	37	9124	1815
893	4	14	31	9136	8272
894	4	14	29	9148	3020
895	0	12	37	9160	19194
896	3	1	23	9172	12394
897	3	1	23	9184	7641
898	3	1	37	9200	3464
899	4	14	29	9208	10068
900	4	14	37	9216	10691
901	4	14	23	9224	43510
902	4	14	23	9232	22233
903	3	1	31	9240	7308
904	4	14	37	9248	28679
905	0	12	37	9256	11448
906	4	14	37	9264	467
907	3	1	29	9272	8001
908	3	1	23	9280	1046
909	3	1	29	9288	50601
910	3	1	31	9296	18275
911	3	1	37	9304	12991
912	3	1	31	9312	3409
913	4	14	31	9320	72
914	3	1	31	9328	1254
915	0	12	23	9336	12101
916	4	14	29	9344	6765
917	4	14	31	9352	2921
918	3	1	23	9360	31739
919	3	1	31	9368	17055
920	4	14	29	9376	14293
921	4	14	31	9384	905
922	4	8	37	9392	1077
923	3	1	23	9400	17493
924	4	14	37	9408	7138
925	3	1	23	9416	6626
926	4	14	31	9424	14287
927	0	12	37	9432	955
928	3	1	29	9440	4261
929	4	14	31	9448	8612
930	3	1	23	9456	35746
931	4	14	29	9464	2244
932	0	12	23	9472	3102
933	4	14	31	9480	4112
934	0	12	37	9488	2247
935	4	14	29	9496	8126
936	3	1	37	9504	10620
937	3	1	29	9512	1999
938	4	8	37	9520	5877
939	0	12	31	9528	1141
940	4	14	37	9536	2969
941	3	1	37	9544	10064
942	3	1	31	9552	19667
943	3	1	31	9560	9220
944	3	1	31	9568	59631
945	4	14	31	9576	3184
946	0	12	37	9584	7155
947	4	8	29	9592	1731
948	3	1	23	9600	6107
949	4	14	29	9610	10620
950	3	1	31	9620	5488
951	3	1	29	9630	6702
952	3	1	37	9640	9371
953	4	8	29	9650	8131
954	4	14	37	9660	24648
955	0	12	29	9670	8733
956	4	14	29	9680	26215
957	3	1	23	9690	947
958	3	1	31	9700	93
959	0	12	37	9710	7940
960	3	1	23	9720	30140
961	4	14	23	9730	39116
962	3	1	23	9740	2495
963	3	1	29	9750	10167
964	4	14	23	9760	441
965	4	14	29	9770	11340
966	3	1	31	9780	6818
967	4	14	23	9790	37802
968	4	14	37	9800	21636
969	3	1	23	9810	11215
970	4	14	23	9820	589
971	3	1	37	9830	3900
972	4	14	31	9840	21180
973	4	8	29	9850	21858
974	4	14	31	9860	9301
975	4	14	31	9870	1648
976	3	1	37	9880	3725
977	4	14	29	9890	9573
978	4	14	31	9900	17857
979	0	12	29	9910	2909
980	3	1	23	9920	44358
981	4	14	29	9930	9894
982	3	1	31	9940	13587
983	3	1	23	9950	14921
984	4	14	23	9960	1880
985	4	8	31	10000	8837
986	3	1	29	10009	11884
987	4	14	31	10018	15966
988	4	14	37	10027	6502
989	0	12	31	10036	12728
990	4	14	23	10045	11131
991	4	14	37	10054	8593
992	4	14	31	10063	1889
993	4	8	37	10072	28025
994	4	14	29	10081	2263
995	4	14	37	10090	3575
996	4	14	31	10099	5736
997	4	14	23	10108	3205
998	3	1	29	10117	8320
999	3	1	23	10126	5769
1000	3	1	37	10135	19289
1001	3	1	37	10144	8127
1002	3	1	31	10153	4266
1003	4	14	37	10162	18819
1004	0	12	23	10171	9302
1005	4	14	31	10180	1125
1006	3	1	37	10189	10969
1007	4	8	31	10198	14600
1008	3	1	31	10207	36642
1009	3	1	23	10216	16323
1010	3	1	29	10225	3454
1011	0	12	37	10234	4946
1012	4	14	31	10243	4310
1013	3	1	29	10252	18869
1014	3	1	31	10261	8531
1015	3	1	37	10270	5305
1016	3	1	29	10279	4007
1017	4	14	23	10288	7758
1018	4	14	29	10297	6668
1019	4	14	29	10306	8680
1020	3	1	23	10315	48751
1021	3	1	23	10324	14360
1022	4	14	23	10333	9287
1023	4	14	23	10342	2402
1024	3	1	23	10351	33
1025	4	14	29	10360	9229
1026	4	14	23	10400	1695
1027	4	14	31	10409	31178
1028	3	1	23	10418	13171
1029	4	14	37	10427	3970
1030	4	14	37	10436	16557
1031	3	1	37	10445	396
1032	3	1	37	10454	610
1033	3	1	29	10463	5980
1034	4	14	29	10472	6447
1035	4	8	29	10481	7921
1036	3	1	37	10490	3651
1037	3	1	37	10499	26070
1038	3	1	37	10508	2268
1039	4	14	29	10517	685
1040	4	14	37	10526	30624
1041	4	8	31	10535	31043
1042	3	1	23	10544	18326
1043	3	1	31	10553	13485
1044	3	1	23	10562	6203
1045	4	14	23	10571	3722
1046	3	1	29	10580	2822
1047	3	1	29	10589	5229
1048	3	1	29	10598	6018
1049	4	8	31	10607	20222
1050	3	1	31	10616	43680
1051	3	1	31	10625	28104
1052	4	8	37	10634	19806
1053	4	14	23	10643	50562
1054	0	12	23	10652	6108
1055	4	14	37	10661	1288
1056	3	1	31	10670	36741
1057	4	14	29	10679	1503
1058	3	1	31	10688	18661
1059	3	1	31	10697	33
1060	0	12	31	10706	37975
1061	4	14	23	10715	13433
1062	4	14	29	10724	458
1063	3	1	37	10733	13343
1064	3	1	29	10742	63700
1065	0	12	31	10751	2944
1066	4	14	23	10760	4079
1067	3	1	23	10769	28795
1068	4	14	37	10778	5674
1069	3	1	29	10787	311
1070	3	1	37	10800	1196
1071	4	14	31	10807	6085
1072	3	1	23	10814	4347
1073	4	14	23	10821	5560
1074	4	8	29	10828	10782
1075	3	1	29	10835	717
1076	0	12	37	10842	29574
1077	3	1	31	10849	23928
1078	4	8	37	10856	18046
1079	4	14	23	10863	15983
1080	3	1	23	10870	4751
1081	3	1	37	10877	18090
1082	0	12	29	10884	9090
1083	4	8	31	10891	22904
1084	3	1	23	10898	4417
1085	3	1	23	10905	22333
1086	3	1	37	10912	3050
1087	3	1	31	10919	798
1088	3	1	29	10926	60608
1089	4	14	31	10933	4520
1090	4	14	31	10940	9060
1091	4	14	29	10947	1874
1092	0	12	23	10954	1227
1093	0	12	23	10961	2227
1094	4	14	31	10968	1234
1095	4	14	37	10975	3428
1096	3	1	29	10982	26193
1097	4	14	23	10989	1422
1098	0	12	23	10996	13669
1099	3	1	31	11003	2470
1100	4	8	37	11010	46067
1101	0	12	23	11017	4286
1102	4	14	29	11024	44987
1103	4	8	37	11031	5520
1104	4	14	31	11038	15261
1105	3	1	37	11045	10295
1106	4	14	29	11052	10994
1107	3	1	37	11059	6897
1108	4	14	31	11066	5978
1109	4	14	31	11073	5001
1110	4	14	37	11080	2482
1111	4	14	23	11087	1123
1112	3	1	29	11094	4986
1113	4	14	31	11101	650
1114	4	14	31	11108	13517
1115	4	14	31	11115	2369
1116	4	14	31	11122	1842
1117	4	14	37	11129	2465
1118	4	14	31	11136	5414
1119	0	12	23	11143	1958
1120	4	14	31	11150	59807
1121	3	1	29	11157	3041
1122	4	14	37	11164	29673
1123	4	14	29	11171	779
1124	4	14	31	11178	8213
1125	4	14	31	11200	36029
1126	4	14	29	11212	4289
1127	4	8	23	11224	1732
1128	4	14	29	11236	3827
1129	3	1	31	11248	5064
1130	4	14	23	11260	2247
1131	4	8	37	11272	19506
1132	3	1	29	11284	2439
1133	4	14	29	11296	10748
1134	3	1	23	11308	17003
1135	3	1	37	11320	323
1136	3	1	29	11332	19439
1137	4	14	29	11344	2126
1138	3	1	37	11356	1699
1139	4	8	23	11368	15801
1140	3	1	37	11380	3365
1141	4	14	23	11392	18572
1142	4	14	37	11404	13376
1143	3	1	31	11416	12692
1144	4	8	37	11428	1630
1145	4	14	31	11440	6971
1146	4	8	37	11452	19589
1147	3	1	29	11464	545
1148	0	12	31	11476	8165
1149	4	8	23	11488	30088
1150	4	14	23	11500	1347
1151	4	14	29	11512	14508
1152	4	14	31	11524	16570
1153	4	14	23	11536	9043
1154	4	14	37	11548	2571
1155	4	14	29	11560	16859
1156	4	8	23	11600	5827
1157	4	14	23	11612	29379
1158	3	1	29	11624	24775
1159	3	1	23	11636	17601
1160	3	1	31	11648	3866
1161	4	14	29	11660	7517
1162	3	1	31	11672	2150
1163	3	1	23	11684	591
1164	4	14	31	11696	2237
1165	3	1	23	11708	5807
1166	4	14	31	11720	28295
1167	4	14	23	11732	16556
1168	3	1	29	11744	4198
1169	4	14	31	11756	12570
1170	3	1	23	11768	5680
1171	4	14	29	11780	46893
1172	3	1	37	11792	662
1173	4	14	29	11804	11967
1174	3	1	29	11816	28376
1175	4	14	31	11828	2766
1176	3	1	29	11840	9632
1177	3	1	29	11852	3660
1178	4	14	29	11864	32960
1179	4	14	37	11876	678
1180	3	1	31	11888	1890
1181	4	14	37	11900	3549
1182	0	12	29	11912	12287
1183	4	14	23	11924	5254
1184	3	1	29	11936	3262
1185	4	8	31	11948	7601
1186	4	8	29	11960	673
1187	3	1	29	11972	12757
1188	4	14	29	11984	6105
1189	4	14	37	12000	35
1190	3	1	31	12009	12324
1191	3	1	29	12018	26328
1192	3	1	23	12027	4097
1193	0	12	37	12036	5406
1194	4	14	31	12045	7317
1195	4	14	29	12054	18116
1196	3	1	29	12063	11711
1197	3	1	37	12072	11734
1198	4	14	37	12081	7908
1199	3	1	37	12090	16321
1200	4	8	23	12099	9195
1201	3	1	37	12108	694
1202	4	14	23	12117	16597
1203	3	1	37	12126	22328
1204	4	14	37	12135	9354
1205	4	8	37	12144	1620
1206	3	1	29	12153	12523
1207	3	1	23	12162	1500
1208	3	1	37	12171	11716
1209	0	12	23	12180	52123
1210	3	1	37	12189	2718
1211	4	14	37	12198	1558
1212	4	8	31	12207	45639
1213	4	14	29	12216	20455
1214	4	14	31	12225	11723
1215	4	14	31	12234	234
1216	4	14	23	12243	20893
1217	4	14	29	12252	19895
1218	4	14	31	12261	19929
1219	4	14	23	12270	14480
1220	3	1	31	12279	4789
1221	3	1	29	12288	3464
1222	4	14	37	12297	5161
1223	4	14	29	12306	4148
1224	3	1	37	12315	87
1225	4	14	37	12324	8046
1226	3	1	23	12333	14078
1227	3	1	23	12342	14090
1228	0	12	31	12351	2302
1229	4	14	37	12360	1629
1230	3	1	29	12400	10488
1231	4	14	31	12409	31571
1232	4	14	29	12418	18183
1233	3	1	31	12427	2565
1234	4	14	31	12436	8800
1235	3	1	31	12445	1126
1236	4	14	37	12454	8483
1237	4	14	31	12463	19099
1238	4	14	29	12472	20132
1239	3	1	29	12481	1422
1240	4	14	23	12490	20672
1241	4	14	23	12499	33181
1242	4	14	29	12508	381
1243	4	14	23	12517	6367
1244	3	1	37	12526	19325
1245	3	1	37	12535	8811
1246	3	1	31	12544	29006
1247	4	14	31	12553	7644
1248	3	1	23	12562	16127
1249	4	14	23	12571	6897
1250	4	14	29	12580	37042
1251	4	14	23	12589	20164
1252	4	14	23	12598	20176
1253	4	14	37	12607	18269
1254	4	8	23	12616	6418
1255	4	14	37	12625	4017
1256	3	1	23	12634	14715
1257	4	8	31	12643	7325
1258	0	12	37	12652	21780
1259	4	8	37	12661	651
1260	4	14	31	12670	6865
1261	0	12	23	12679	37730
1262	3	1	29	12688	34366
1263	3	1	37	12697	8229
1264	4	14	37	12706	6215
1265	3	1	29	12715	3854
1266	0	12	29	12724	5013
1267	4	14	23	12733	18457
1268	4	8	31	12742	4253
1269	3	1	37	12751	9162
1270	4	14	31	12760	8622
1271	0	12	29	12769	344
1272	0	12	37	12778	67112
1273	3	1	23	12800	14376
1274	4	14	37	12813	25384
1275	3	1	31	12826	5972
1276	3	1	37	12839	2973
1277	4	14	31	12852	33333
1278	3	1	31	12865	8129
1279	4	14	23	12878	8012
1280	3	1	23	12891	10345
1281	4	14	31	12904	2973
1282	0	12	23	12917	36376
1283	4	8	29	12930	16045
1284	4	14	31	12943	2274
1285	4	14	23	12956	17585
1286	3	1	29	12969	1453
1287	4	14	31	12982	77561
1288	4	8	29	12995	18073
1289	4	14	37	13008	3217
1290	4	14	31	13021	5793
1291	4	14	23	13034	614
1292	4	14	31	13047	38397
1293	3	1	29	13060	17144
1294	4	14	37	13073	13528
1295	4	14	37	13086	23987
1296	4	14	31	13099	61551
1297	3	1	31	13112	9187
1298	4	8	29	13125	90
1299	0	12	31	13138	8945
1300	3	1	29	13151	2361
1301	3	1	31	13164	1610
1302	3	1	37	13200	2274
1303	4	14	29	13211	2756
1304	4	14	31	13222	31025
1305	4	14	37	13233	31258
1306	3	1	23	13244	20406
1307	4	8	37	13255	1474
1308	4	14	23	13266	27924
1309	4	14	31	13277	269
1310	3	1	23	13288	806
1311	3	1	29	13299	17573
1312	4	14	23	13310	40168
1313	0	12	37	13321	5170
1314	4	14	37	13332	7733
1315	4	14	23	13343	2922
1316	4	14	23	13354	61
1317	4	8	23	13365	2761
1318	3	1	29	13376	4693
1319	0	12	31	13387	12102
1320	0	12	37	13398	2101
1321	3	1	37	13409	5042
1322	4	14	37	13420	84
1323	3	1	37	13431	783
1324	4	14	23	13442	1964
1325	3	1	31	13453	7452
1326	3	1	37	13464	858
1327	3	1	29	13475	3228
1328	4	14	29	13486	268
1329	3	1	37	13497	180
1330	4	14	37	13508	6090
1331	4	14	23	13519	13843
1332	4	14	29	13530	31971
1333	3	1	23	13541	40796
1334	3	1	31	13552	4427
1335	4	14	31	13563	7220
1336	3	1	31	13574	575
1337	3	1	31	13585	16470
1338	4	8	37	13600	20103
1339	4	14	31	13608	3397
1340	0	12	23	13616	36341
1341	0	12	31	13624	77712
1342	4	14	31	13632	1211
1343	3	1	37	13640	16929
1344	3	1	37	13648	2238
1345	4	8	29	13656	11428
1346	4	14	23	13664	1067
1347	3	1	31	13672	11274
1348	4	14	31	13680	4031
1349	4	14	31	13688	7392
1350	4	14	31	13696	23539
1351	4	14	31	13704	18643
1352	4	14	23	13712	2848
1353	0	12	31	13720	5586
1354	4	14	31	13728	5446
1355	4	8	31	13736	21660
1356	3	1	31	13744	1515
1357	3	1	37	13752	1390
1358	0	12	23	13760	668
1359	3	1	37	13768	7439
1360	3	1	37	13776	23342
1361	4	8	31	13784	10453
1362	3	1	29	13792	1178
1363	4	14	23	13800	26220
1364	4	14	31	13808	11743
1365	3	1	37	13816	5746
1366	4	14	23	13824	21874
1367	3	1	23	13832	75891
1368	3	1	29	13840	508
1369	4	14	23	13848	278
1370	4	14	29	13856	2226
1371	4	14	31	13864	3590
1372	4	14	23	13872	5986
1373	3	1	37	13880	963
1374	4	14	31	13888	13810
1375	0	12	23	13896	2123
1376	3	1	29	13904	3405
1377	3	1	37	13912	3467
1378	4	14	23	13920	26823
1379	3	1	37	13928	9236
1380	4	14	29	13936	5688
1381	4	14	29	13944	7390
1382	4	14	37	13952	36085
1383	3	1	37	13960	9910
1384	3	1	23	13968	2028
1385	0	12	29	13976	11283
1386	4	14	23	13984	7692
1387	4	14	37	14000	9801
1388	3	1	29	14009	11048
1389	3	1	23	14018	7686
1390	3	1	37	14027	4868
1391	4	14	37	14036	33244
1392	4	8	31	14045	14145
1393	4	14	37	14054	5182
1394	3	1	31	14063	5921
1395	4	14	29	14072	5545
1396	4	14	23	14081	28235
1397	0	12	29	14090	2805
1398	3	1	29	14099	1697
1399	4	14	37	14108	18710
1400	3	1	29	14117	17938
1401	3	1	23	14126	1090
1402	4	14	29	14135	10062
1403	4	14	29	14144	3651
1404	4	14	29	14153	4119
1405	4	14	23	14162	11018
1406	4	14	29	14171	6044
1407	3	1	29	14180	1728
1408	0	12	23	14189	13998
1409	4	14	29	14198	2717
1410	3	1	23	14207	10654
1411	4	8	37	14216	24271
1412	3	1	37	14225	2926
1413	3	1	29	14234	8740
1414	4	14	29	14243	1059
1415	4	14	31	14252	6073
1416	3	1	31	14261	11962
1417	0	12	31	14270	9095
1418	3	1	37	14279	15801
1419	4	14	23	14288	177
1420	3	1	37	14297	28534
1421	0	12	29	14306	3947
1422	0	12	31	14315	6058
1423	4	8	23	14324	10086
1424	3	1	29	14333	14032
1425	4	14	31	14342	3167
1426	3	1	37	14351	10023
1427	3	1	23	14360	515
1428	4	8	23	14369	13962
1429	0	12	23	14378	4514
1430	3	1	23	14387	3568
1431	3	1	37	14400	471
1432	4	14	31	14410	1521
1433	3	1	23	14420	1308
1434	4	8	31	14430	17182
1435	3	1	29	14440	4120
1436	4	14	37	14450	26727
1437	4	14	31	14460	13984
1438	3	1	31	14470	3802
1439	3	1	23	14480	9709
1440	3	1	37	14490	2886
1441	4	14	31	14500	4969
1442	4	14	31	14510	24442
1443	3	1	37	14520	6111
1444	4	14	37	14530	25902
1445	3	1	23	14540	7524
1446	4	14	37	14550	15316
1447	4	14	29	14560	2308
1448	4	14	31	14570	3714
1449	4	14	23	14580	58412
1450	3	1	31	14590	16124
1451	4	14	29	14600	5611
1452	4	14	29	14610	7766
1453	3	1	23	14620	1495
1454	4	8	23	14630	25690
1455	3	1	37	14640	8208
1456	4	8	29	14650	14072
1457	4	14	23	14660	84684
1458	3	1	37	14670	10210
1459	0	12	31	14680	724
1460	3	1	29	14690	421
1461	3	1	29	14700	5236
1462	4	8	23	14710	7098
1463	0	12	23	14720	5640
1464	4	14	29	14730	34898
1465	4	8	29	14740	9580
1466	4	8	23	14750	16570
1467	0	12	37	14760	1440
1468	3	1	31	14770	16936
1469	4	14	37	14800	18954
1470	4	14	31	14812	8438
1471	3	1	23	14824	34330
1472	3	1	23	14836	3609
1473	4	14	37	14848	2341
1474	3	1	29	14860	19368
1475	4	14	23	14872	10076
1476	3	1	31	14884	6346
1477	4	14	37	14896	71178
1478	3	1	29	14908	13824
1479	3	1	23	14920	3037
1480	0	12	37	14932	8586
1481	4	14	31	14944	5955
1482	4	14	31	14956	17947
1483	3	1	23	14968	14261
1484	3	1	29	14980	10252
1485	3	1	31	14992	25820
1486	3	1	29	15004	9907
1487	3	1	31	15016	22
1488	0	12	37	15028	2995
1489	4	14	31	15040	3706
1490	4	8	23	15052	10999
1491	3	1	37	15064	26823
1492	4	14	31	15076	1469
1493	3	1	37	15088	2874
1494	4	8	31	15100	8814
1495	4	14	31	15112	23606
1496	3	1	31	15124	26773
1497	3	1	31	15136	8187
1498	4	14	29	15148	7254
1499	4	14	31	15160	4888
1500	4	8	23	15172	15155
1501	4	14	37	15184	11233
1502	3	1	31	15200	6512
1503	0	12	31	15209	7670
1504	3	1	29	15218	8016
1505	0	12	31	15227	19095
1506	4	8	29	15236	1449
1507	3	1	31	15245	4267
1508	0	12	37	15254	4562
1509	3	1	23	15263	4527
1510	4	14	29	15272	1061
1511	3	1	29	15281	14175
1512	3	1	31	15290	4542
1513	0	12	37	15299	5156
1514	0	12	37	15308	9515
1515	3	1	31	15317	12369
1516	4	14	37	15326	10345
1517	4	14	23	15335	16692
1518	4	14	31	15344	19346
1519	3	1	31	15353	764
1520	3	1	37	15362	52944
1521	4	14	29	15371	16481
1522	4	14	37	15380	26730
1523	3	1	23	15389	8090
1524	3	1	37	15398	2584
1525	3	1	31	15407	11360
1526	4	14	31	15416	21091
1527	3	1	29	15425	574
1528	3	1	23	15434	12839
1529	4	14	37	15443	33913
1530	3	1	29	15452	13507
1531	4	14	37	15461	29748
1532	4	14	29	15470	9414
1533	4	14	37	15479	5158
1534	0	12	23	15488	8473
1535	3	1	37	15497	28019
1536	3	1	37	15506	43075
1537	3	1	23	15515	4342
1538	0	12	37	15524	2798
1539	3	1	31	15533	18067
1540	3	1	29	15542	17634
1541	3	1	37	15551	3658
1542	3	1	37	15560	13884
1543	4	14	31	15569	28447
1544	4	14	29	15578	2396
1545	4	14	31	15600	28504
1546	4	14	23	15610	10350
1547	3	1	37	15620	17425
1548	3	1	23	15630	13141
1549	4	14	23	15640	25145
1550	4	8	31	15650	3982
1551	3	1	31	15660	1829
1552	4	14	37	15670	14210
1553	3	1	37	15680	5969
1554	4	8	37	15690	5108
1555	3	1	31	15700	42245
1556	4	14	37	15710	15091
1557	4	14	31	15720	31636
1558	4	14	31	15730	3916
1559	4	14	31	15740	24982
1560	3	1	37	15750	41604
1561	4	14	37	15760	831
1562	4	14	29	15770	12335
1563	3	1	37	15780	5650
1564	4	14	31	15790	12217
1565	0	12	29	15800	2214
1566	4	14	37	15810	1942
1567	3	1	37	15820	40465
1568	4	14	31	15830	22207
1569	4	14	37	15840	12405
1570	0	12	31	15850	13335
1571	3	1	31	15860	3844
1572	4	14	29	15870	9400
1573	3	1	37	15880	272
1574	4	14	23	15890	4139
1575	4	8	37	15900	15494
1576	3	1	31	15910	757
1577	3	1	29	15920	50906
1578	4	14	37	15930	4442
1579	4	14	23	15940	4055
1580	3	1	31	15950	415
1581	3	1	37	15960	763
1582	4	14	29	15970	5760
1583	4	14	23	15980	18169
1584	3	1	23	16000	12887
1585	4	14	37	16010	9166
1586	4	14	37	16020	3014
1587	3	1	31	16030	1974
1588	4	14	23	16040	32
1589	4	14	31	16050	9215
1590	3	1	37	16060	2491
1591	3	1	29	16070	540
1592	4	14	29	16080	305
1593	3	1	23	16090	4854
1594	4	8	37	16100	19886
1595	3	1	29	16110	14567
1596	4	14	29	16120	11627
1597	4	14	37	16130	4454
1598	4	14	23	16140	3741
1599	4	14	37	16150	151
1600	4	14	37	16160	17005
1601	3	1	23	16170	11368
1602	3	1	23	16180	30776
1603	4	14	23	16190	256
1604	3	1	29	16200	2769
1605	4	14	37	16210	99
1606	4	14	23	16220	10943
1607	4	14	23	16230	13361
1608	4	14	31	16240	1267
1609	4	14	37	16250	11663
1610	4	14	37	16260	28795
1611	3	1	31	16270	15713
1612	3	1	37	16280	11578
1613	4	14	31	16290	57537
1614	3	1	23	16300	22084
1615	4	14	23	16310	28523
1616	4	8	31	16320	13889
1617	4	14	29	16330	23789
1618	4	14	37	16340	15154
1619	4	8	31	16350	1325
1620	0	12	29	16360	35098
1621	3	1	29	16400	72901
1622	4	14	37	16409	39551
1623	4	8	23	16418	4397
1624	4	8	37	16427	7323
1625	3	1	29	16436	11829
1626	3	1	29	16445	3436
1627	4	14	23	16454	2835
1628	4	8	23	16463	2875
1629	3	1	31	16472	10663
1630	3	1	31	16481	1325
1631	3	1	31	16490	16688
1632	3	1	23	16499	15180
1633	4	14	37	16508	4226
1634	4	14	29	16517	9039
1635	3	1	29	16526	6574
1636	4	14	31	16535	1789
1637	3	1	23	16544	5356
1638	3	1	31	16553	10236
1639	4	14	23	16562	12600
1640	0	12	37	16571	32968
1641	3	1	37	16580	9597
1642	4	14	23	16589	634
1643	4	14	23	16598	5757
1644	0	12	31	16607	11827
1645	4	8	29	16616	7338
1646	3	1	31	16625	6641
1647	0	12	37	16634	407
1648	4	14	23	16643	8115
1649	4	8	31	16652	27893
1650	3	1	37	16661	208
1651	4	14	23	16670	17038
1652	0	12	23	16679	10784
1653	4	14	29	16688	2138
1654	4	14	29	16697	822
1655	3	1	31	16706	17119
1656	3	1	29	16715	12572
1657	3	1	37	16724	11492
1658	3	1	23	16733	9971
1659	4	14	23	16742	10388
1660	3	1	31	16751	17089
1661	4	8	23	16760	5888
1662	3	1	37	16800	7360
1663	0	12	37	16809	8595
1664	3	1	29	16818	8735
1665	4	8	29	16827	2065
1666	4	14	29	16836	148
1667	3	1	37	16845	4665
1668	0	12	29	16854	7451
1669	0	12	37	16863	6524
1670	4	8	29	16872	17563
1671	4	14	29	16881	4727
1672	4	14	31	16890	4082
1673	3	1	31	16899	833
1674	4	8	37	16908	2216
1675	4	14	29	16917	6045
1676	4	14	23	16926	35062
1677	3	1	37	16935	10464
1678	0	12	31	16944	13674
1679	0	12	31	16953	87880
1680	3	1	31	16962	2705
1681	3	1	31	16971	2914
1682	4	14	23	16980	15230
1683	4	14	31	16989	4469
1684	3	1	37	16998	10169
1685	4	14	29	17007	5101
1686	3	1	31	17016	2066
1687	4	14	37	17025	9703
1688	3	1	31	17034	3145
1689	3	1	31	17043	17598
1690	4	14	23	17052	17769
1691	3	1	37	17061	8866
1692	4	14	23	17070	19059
1693	3	1	31	17079	62752
1694	0	12	31	17088	26574
1695	4	14	37	17097	9530
1696	4	14	23	17106	1159
1697	4	14	23	17115	9320
1698	3	1	37	17124	23938
1699	4	14	23	17133	7587
1700	4	8	37	17142	7070
1701	4	14	37	17151	1303
1702	4	14	31	17160	10151
1703	4	14	29	17169	897
1704	0	12	29	17178	1720
1705	3	1	29	17200	14116
1706	0	12	29	17210	7615
1707	4	14	29	17220	8953
1708	3	1	31	17230	62616
1709	4	14	37	17240	13321
1710	4	14	29	17250	20166
1711	4	8	31	17260	837
1712	3	1	23	17270	33022
1713	3	1	29	17280	9989
1714	4	14	29	17290	5686
1715	4	8	37	17300	9414
1716	3	1	37	17310	13263
1717	3	1	29	17320	1915
1718	4	14	37	17330	33746
1719	3	1	37	17340	2247
1720	3	1	31	17350	124897
1721	0	12	31	17360	7344
1722	0	12	29	17370	1152
1723	4	14	31	17380	14181
1724	4	8	31	17390	12491
1725	4	14	31	17400	3392
1726	4	8	29	17410	9058
1727	3	1	23	17420	4173
1728	4	8	23	17430	2327
1729	4	8	23	17440	11630
1730	0	12	29	17450	4342
1731	0	12	37	17460	6251
1732	4	14	37	17470	15186
1733	4	8	29	17480	2850
1734	4	14	37	17490	9692
1735	3	1	37	17500	1250
1736	3	1	23	17510	12419
1737	4	14	37	17520	12491
1738	4	14	29	17530	2343
1739	0	12	31	17540	25432
1740	4	14	23	17550	25091
1741	4	14	29	17560	12008
1742	3	1	23	17570	9850
1743	3	1	31	17600	9854
1744	3	1	29	17611	37363
1745	4	14	31	17622	14656
1746	4	8	31	17633	10586
1747	3	1	37	17644	3147
1748	3	1	23	17655	11523
1749	4	14	31	17666	5116
1750	3	1	37	17677	25362
1751	4	8	37	17688	34708
1752	0	12	29	17699	11000
1753	4	14	37	17710	14177
1754	3	1	31	17721	7588
1755	4	8	23	17732	52556
1756	4	14	31	17743	137
1757	4	8	37	17754	25202
1758	4	14	31	17765	6644
1759	3	1	31	17776	26195
1760	4	8	37	17787	2116
1761	4	14	29	17798	2324
1762	3	1	23	17809	5160
1763	3	1	29	17820	5620
1764	4	14	31	17831	5484
1765	4	14	29	17842	6283
1766	3	1	31	17853	5159
1767	0	12	37	17864	15482
1768	3	1	31	17875	131
1769	3	1	31	17886	3916
1770	4	14	37	17897	27499
1771	3	1	37	17908	266
1772	4	14	23	17919	42142
1773	3	1	23	17930	742
1774	4	14	37	17941	4184
1775	4	14	29	17952	5498
1776	4	14	29	17963	27370
1777	4	14	31	18000	9096
1778	3	1	23	18012	16059
1779	3	1	23	18024	34105
1780	3	1	23	18036	12950
1781	4	14	31	18048	4266
1782	4	14	23	18060	13543
1783	3	1	31	18072	21205
1784	4	14	23	18084	16230
1785	4	14	29	18096	5338
1786	4	14	31	18108	19672
1787	4	8	37	18120	300
1788	4	14	37	18132	16292
1789	4	14	31	18144	10034
1790	3	1	29	18156	1099
1791	4	8	23	18168	17491
1792	4	8	29	18180	3007
1793	4	14	31	18192	4111
1794	4	14	31	18204	15198
1795	4	8	31	18216	14460
1796	3	1	23	18228	3990
1797	0	12	37	18240	2468
1798	3	1	37	18252	2577
1799	3	1	37	18264	9526
1800	3	1	37	18276	5275
1801	0	12	37	18288	23710
1802	4	14	23	18300	2978
1803	3	1	29	18312	4963
1804	0	12	31	18324	7135
1805	4	14	23	18336	23355
1806	3	1	37	18348	43979
1807	3	1	23	18360	9321
1808	4	14	23	18400	6105
1809	3	1	29	18410	1278
1810	3	1	37	18420	1127
1811	4	8	37	18430	7845
1812	4	14	37	18440	1807
1813	3	1	29	18450	7927
1814	4	14	31	18460	3092
1815	3	1	29	18470	23805
1816	4	14	23	18480	8308
1817	3	1	31	18490	8815
1818	4	14	29	18500	12014
1819	4	14	23	18510	93
1820	4	14	37	18520	11047
1821	0	12	31	18530	4711
1822	3	1	37	18540	48237
1823	4	14	37	18550	7048
1824	4	14	29	18560	2542
1825	4	14	31	18570	1694
1826	3	1	31	18580	19331
1827	4	14	29	18590	13675
1828	4	14	31	18600	5019
1829	4	14	23	18610	10818
1830	3	1	23	18620	1062
1831	3	1	31	18630	14931
1832	3	1	31	18640	4952
1833	4	14	23	18650	2525
1834	4	14	23	18660	10582
1835	3	1	29	18670	19239
1836	0	12	29	18680	993
1837	4	14	31	18690	4945
1838	4	8	37	18700	5754
1839	4	14	23	18710	25872
1840	3	1	31	18720	5827
1841	3	1	29	18730	3707
1842	3	1	37	18740	11800
1843	3	1	31	18750	12315
1844	4	8	37	18760	7777
1845	3	1	29	18770	11226
1846	3	1	29	18780	11845
1847	4	14	23	18800	16082
1848	0	12	37	18808	779
1849	4	14	29	18816	23234
1850	3	1	31	18824	2688
1851	4	14	31	18832	17254
1852	3	1	29	18840	9672
1853	3	1	37	18848	2462
1854	4	14	23	18856	35062
1855	3	1	29	18864	378
1856	4	14	37	18872	25374
1857	0	12	29	18880	17929
1858	3	1	23	18888	1919
1859	3	1	37	18896	4567
1860	3	1	31	18904	702
1861	3	1	29	18912	4183
1862	4	14	31	18920	2652
1863	3	1	37	18928	19600
1864	0	12	23	18936	198
1865	4	14	23	18944	5694
1866	4	14	23	18952	1834
1867	4	14	31	18960	35961
1868	3	1	23	18968	27335
1869	4	8	29	18976	6711
1870	3	1	23	18984	18335
1871	0	12	29	18992	2118
1872	4	8	31	19000	1801
1873	0	12	23	19008	16557
1874	3	1	29	19016	11708
1875	3	1	29	19024	4913
1876	4	14	31	19032	14397
1877	0	12	29	19040	4993
1878	4	14	23	19048	41025
1879	4	14	37	19056	10504
1880	3	1	29	19064	8422
1881	3	1	29	19072	769
1882	4	14	31	19080	11520
1883	4	14	29	19088	7988
1884	3	1	31	19096	5997
1885	3	1	29	19104	4665
1886	3	1	23	19112	2070
1887	4	14	37	19120	1987
1888	3	1	37	19128	3350
1889	3	1	37	19136	9715
1890	4	14	31	19144	30226
1891	4	14	23	19152	4346
1892	3	1	31	19160	2527
1893	4	14	37	19168	798
1894	4	8	31	19200	21076
1895	4	14	29	19212	1136
1896	4	14	37	19224	838
1897	4	14	23	19236	20659
1898	4	8	29	19248	11779
1899	4	8	31	19260	1253
1900	3	1	23	19272	7525
1901	4	14	31	19284	13572
1902	3	1	37	19296	22043
1903	4	14	31	19308	12078
1904	3	1	23	19320	906
1905	3	1	23	19332	475
1906	4	14	23	19344	11711
1907	3	1	29	19356	19618
1908	4	14	29	19368	9918
1909	3	1	37	19380	11305
1910	4	14	31	19392	4846
1911	4	14	29	19404	9290
1912	3	1	23	19416	19822
1913	4	14	23	19428	9976
1914	3	1	31	19440	20068
1915	4	8	23	19452	63082
1916	4	14	37	19464	13568
1917	4	14	29	19476	14947
1918	0	12	29	19488	6359
1919	3	1	37	19500	14218
1920	4	14	23	19512	2971
1921	4	8	29	19524	54225
1922	3	1	37	19536	14707
1923	4	14	23	19548	5032
1924	3	1	37	19560	8534
1925	3	1	23	19572	7827
1926	4	14	37	19600	42853
1927	3	1	31	19609	935
1928	4	14	31	19618	30465
1929	4	14	23	19627	9129
1930	4	14	29	19636	3752
1931	4	14	31	19645	25196
1932	4	14	23	19654	15066
1933	3	1	29	19663	24306
1934	3	1	31	19672	1498
1935	3	1	37	19681	21056
1936	4	14	31	19690	3003
1937	0	12	37	19699	48622
1938	3	1	23	19708	6399
1939	4	14	31	19717	5252
1940	4	14	29	19726	14406
1941	4	14	37	19735	5233
1942	4	14	31	19744	10705
1943	0	12	37	19753	12043
1944	4	14	23	19762	3022
1945	4	14	23	19771	5746
1946	3	1	37	19780	8211
1947	4	14	31	19789	11783
1948	3	1	29	19798	3487
1949	4	14	31	19807	21443
1950	4	8	31	19816	6396
1951	4	14	31	19825	5266
1952	4	14	31	19834	6328
1953	4	14	31	19843	32097
1954	3	1	31	19852	25423
1955	3	1	37	19861	7772
1956	4	8	31	19870	42438
1957	3	1	31	19879	8273
1958	3	1	31	19888	1610
1959	4	8	23	19897	10804
1960	3	1	23	19906	832
1961	3	1	29	19915	9534
1962	3	1	31	19924	25848
1963	3	1	23	19933	362
1964	4	14	31	19942	5016
1965	4	14	23	19951	7278
1966	4	14	23	19960	20837
1967	4	14	31	20000	33807
1968	3	1	29	20012	7111
1969	4	14	31	20024	50531
1970	3	1	31	20036	17814
1971	3	1	37	20048	14232
1972	3	1	23	20060	4260
1973	3	1	37	20072	702
1974	4	14	29	20084	64218
1975	4	14	29	20096	24112
1976	3	1	31	20108	6107
1977	3	1	37	20120	909
1978	3	1	23	20132	1532
1979	3	1	31	20144	1649
1980	4	14	23	20156	49325
1981	0	12	29	20168	5104
1982	4	14	29	20180	20765
1983	4	14	23	20192	1111
1984	3	1	31	20204	1527
1985	4	14	37	20216	29343
1986	4	8	37	20228	7565
1987	3	1	31	20240	18389
1988	4	14	37	20252	53353
1989	0	12	37	20264	12281
1990	3	1	23	20276	23268
1991	3	1	37	20288	15415
1992	4	14	29	20300	23341
1993	3	1	37	20312	20562
1994	3	1	29	20324	4067
1995	3	1	37	20336	1960
1996	3	1	23	20348	7606
1997	4	14	29	20360	9864
1998	3	1	29	20372	4140
1999	0	12	23	20384	17528
