0	0	12	5	0	2147483647
1	3	1	15	5	2147483647
2	4	8	20	10	2147483647
3	4	14	10	15	2147483647
4	3	1	10	20	2147483647
5	3	1	5	25	2147483647
6	3	1	15	30	2147483647
7	4	14	20	35	2147483647
8	4	8	20	40	2147483647
9	3	1	5	45	2147483647
10	4	8	5	50	2147483647
11	4	14	5	55	2147483647
12	4	14	10	60	2147483647
13	4	14	15	65	2147483647
14	4	14	10	70	2147483647
15	4	8	10	75	2147483647
16	4	14	5	80	2147483647
17	4	8	10	85	2147483647
18	4	8	10	90	2147483647
19	4	8	15	95	2147483647
20	4	14	5	100	2147483647
21	4	14	5	105	2147483647
22	0	12	10	110	2147483647
23	4	14	20	115	2147483647
24	4	8	5	120	2147483647
25	4	8	5	125	2147483647
26	0	12	15	130	2147483647
27	4	14	5	135	2147483647
28	4	14	15	140	2147483647
29	4	14	20	145	2147483647
30	3	1	5	150	2147483647
31	4	14	15	155	2147483647
32	4	14	15	160	2147483647
33	3	1	5	165	2147483647
34	4	8	20	170	2147483647
35	4	14	10	175	2147483647
36	3	1	5	180	2147483647
37	4	14	5	185	2147483647
38	4	14	20	190	2147483647
39	3	1	10	195	2147483647
40	0	12	10	200	2147483647
41	4	14	15	205	2147483647
42	4	14	10	210	2147483647
43	3	1	15	215	2147483647
44	0	12	20	220	2147483647
45	4	14	10	225	2147483647
46	3	1	5	230	2147483647
47	4	8	15	235	2147483647
48	4	14	15	240	2147483647
49	4	8	15	245	2147483647
50	4	14	15	250	2147483647
51	4	14	5	255	2147483647
52	4	8	10	260	2147483647
53	3	1	10	265	2147483647
54	0	12	10	270	2147483647
55	3	1	20	275	2147483647
56	3	1	10	280	2147483647
57	4	8	20	285	2147483647
58	3	1	10	290	2147483647
59	4	8	5	295	2147483647
60	3	1	10	300	2147483647
61	4	14	10	305	2147483647
62	0	12	10	310	2147483647
63	3	1	20	315	2147483647
64	4	14	20	320	2147483647
65	4	8	10	325	2147483647
66	4	8	15	330	2147483647
67	3	1	10	335	2147483647
68	3	1	15	340	2147483647
69	0	12	5	345	2147483647
70	4	14	10	350	2147483647
71	4	8	20	355	2147483647
72	3	1	10	360	2147483647
73	4	14	20	365	2147483647
74	4	8	5	370	2147483647
75	0	12	15	375	2147483647
76	4	14	20	380	2147483647
77	3	1	20	385	2147483647
78	4	14	20	390	2147483647
79	4	8	20	395	2147483647
80	4	14	20	400	2147483647
81	4	14	5	405	2147483647
82	4	14	10	410	2147483647
83	4	14	20	415	2147483647
84	4	14	10	420	2147483647
85	3	1	5	425	2147483647
86	4	14	5	430	2147483647
87	0	12	5	435	2147483647
88	3	1	15	440	2147483647
89	4	14	5	445	2147483647
90	3	1	5	450	2147483647
91	4	8	5	455	2147483647
92	4	8	20	460	2147483647
93	3	1	15	465	2147483647
94	4	14	20	470	2147483647
95	4	8	20	475	2147483647
96	4	14	5	480	2147483647
97	4	8	15	485	2147483647
98	3	1	15	490	2147483647
99	4	14	15	495	2147483647
100	4	14	20	500	2147483647
101	0	12	20	505	2147483647
102	4	14	20	510	2147483647
103	3	1	10	515	2147483647
104	4	8	10	520	2147483647
105	4	14	15	525	2147483647
106	3	1	15	530	2147483647
107	3	1	10	535	2147483647
108	3	1	5	540	2147483647
109	0	12	20	545	2147483647
110	3	1	5	550	2147483647
111	4	14	10	555	2147483647
112	3	1	20	560	2147483647
113	4	8	15	565	2147483647
114	3	1	10	570	2147483647
115	3	1	10	575	2147483647
116	4	14	5	580	2147483647
117	3	1	15	585	2147483647
118	3	1	10	590	2147483647
119	3	1	20	595	2147483647
120	3	1	10	600	2147483647
121	4	8	10	605	2147483647
122	4	14	15	610	2147483647
123	4	14	15	615	2147483647
124	4	14	5	620	2147483647
125	3	1	5	625	2147483647
126	4	14	5	630	2147483647
127	4	14	15	635	2147483647
128	4	14	20	640	2147483647
129	0	12	10	645	2147483647
130	4	8	10	650	2147483647
131	4	14	5	655	2147483647
132	4	14	10	660	2147483647
133	4	14	10	665	2147483647
134	3	1	20	670	2147483647
135	4	14	5	675	2147483647
136	4	8	5	680	2147483647
137	3	1	5	685	2147483647
138	3	1	10	690	2147483647
139	3	1	20	695	2147483647
140	0	12	10	700	2147483647
141	4	8	15	705	2147483647
142	4	14	5	710	2147483647
143	4	8	20	715	2147483647
144	3	1	20	720	2147483647
145	3	1	15	725	2147483647
146	4	14	10	730	2147483647
147	0	12	10	735	2147483647
148	0	12	10	740	2147483647
149	3	1	15	745	2147483647
150	4	8	20	750	2147483647
151	3	1	10	755	2147483647
152	4	14	5	760	2147483647
153	4	8	20	765	2147483647
154	3	1	10	770	2147483647
155	4	14	10	775	2147483647
156	0	12	10	780	2147483647
157	0	12	10	785	2147483647
158	4	14	10	790	2147483647
159	4	14	10	795	2147483647
160	4	14	15	800	2147483647
161	4	14	20	805	2147483647
162	3	1	15	810	2147483647
163	3	1	20	815	2147483647
164	4	14	10	820	2147483647
165	4	14	20	825	2147483647
166	0	12	5	830	2147483647
167	3	1	15	835	2147483647
168	4	14	15	840	2147483647
169	4	14	5	845	2147483647
170	4	8	5	850	2147483647
171	3	1	20	855	2147483647
172	4	8	10	860	2147483647
173	0	12	15	865	2147483647
174	3	1	15	870	2147483647
175	4	8	15	875	2147483647
176	3	1	10	880	2147483647
177	4	14	15	885	2147483647
178	4	8	15	890	2147483647
179	3	1	10	895	2147483647
180	4	14	20	900	2147483647
181	4	14	15	905	2147483647
182	4	14	10	910	2147483647
183	3	1	10	915	2147483647
184	4	14	10	920	2147483647
185	4	14	5	925	2147483647
186	4	14	20	930	2147483647
187	4	14	15	935	2147483647
188	3	1	20	940	2147483647
189	4	14	15	945	2147483647
190	3	1	20	950	2147483647
191	4	8	15	955	2147483647
192	3	1	20	960	2147483647
193	4	14	20	965	2147483647
194	4	14	10	970	2147483647
195	3	1	10	975	2147483647
196	4	14	5	980	2147483647
197	3	1	5	985	2147483647
198	3	1	15	990	2147483647
199	4	14	20	995	2147483647
200	4	8	15	1000	2147483647
201	3	1	15	1005	2147483647
202	3	1	20	1010	2147483647
203	4	8	5	1015	2147483647
204	4	8	10	1020	2147483647
205	4	14	20	1025	2147483647
206	4	8	5	1030	2147483647
207	4	14	15	1035	2147483647
208	4	14	5	1040	2147483647
209	0	12	15	1045	2147483647
210	4	8	20	1050	2147483647
211	3	1	15	1055	2147483647
212	4	14	15	1060	2147483647
213	3	1	20	1065	2147483647
214	4	14	15	1070	2147483647
215	4	14	20	1075	2147483647
216	4	14	15	1080	2147483647
217	0	12	5	1085	2147483647
218	3	1	15	1090	2147483647
219	4	14	10	1095	2147483647
220	4	14	20	1100	2147483647
221	3	1	15	1105	2147483647
222	4	14	15	1110	2147483647
223	4	14	20	1115	2147483647
224	3	1	10	1120	2147483647
225	0	12	15	1125	2147483647
226	0	12	5	1130	2147483647
227	3	1	10	1135	2147483647
228	3	1	10	1140	2147483647
229	4	14	5	1145	2147483647
230	3	1	10	1150	2147483647
231	4	14	5	1155	2147483647
232	4	8	20	1160	2147483647
233	4	8	15	1165	2147483647
234	4	8	20	1170	2147483647
235	4	8	5	1175	2147483647
236	4	14	15	1180	2147483647
237	3	1	5	1185	2147483647
238	3	1	20	1190	2147483647
239	4	8	10	1195	2147483647
240	4	14	20	1200	2147483647
241	4	8	10	1205	2147483647
242	4	14	10	1210	2147483647
243	3	1	10	1215	2147483647
244	4	14	15	1220	2147483647
245	4	8	5	1225	2147483647
246	3	1	20	1230	2147483647
247	0	12	5	1235	2147483647
248	4	14	10	1240	2147483647
249	4	14	10	1245	2147483647
250	3	1	15	1250	2147483647
251	4	14	20	1255	2147483647
252	4	14	15	1260	2147483647
253	3	1	10	1265	2147483647
254	4	8	5	1270	2147483647
255	4	14	5	1275	2147483647
256	4	14	5	1280	2147483647
257	3	1	20	1285	2147483647
258	4	14	15	1290	2147483647
259	4	8	20	1295	2147483647
260	4	14	20	1300	2147483647
261	4	14	20	1305	2147483647
262	3	1	10	1310	2147483647
263	4	14	5	1315	2147483647
264	3	1	5	1320	2147483647
265	4	8	20	1325	2147483647
266	0	12	15	1330	2147483647
267	4	14	5	1335	2147483647
268	3	1	20	1340	2147483647
269	4	14	15	1345	2147483647
270	4	8	5	1350	2147483647
271	3	1	10	1355	2147483647
272	4	14	10	1360	2147483647
273	4	8	10	1365	2147483647
274	3	1	10	1370	2147483647
275	3	1	15	1375	2147483647
276	3	1	5	1380	2147483647
277	4	8	10	1385	2147483647
278	0	12	5	1390	2147483647
279	4	8	5	1395	2147483647
280	4	14	15	1400	2147483647
281	4	14	5	1405	2147483647
282	4	14	5	1410	2147483647
283	3	1	20	1415	2147483647
284	4	14	10	1420	2147483647
285	4	14	15	1425	2147483647
286	0	12	15	1430	2147483647
287	4	14	15	1435	2147483647
288	0	12	15	1440	2147483647
289	4	8	20	1445	2147483647
290	3	1	5	1450	2147483647
291	0	12	15	1455	2147483647
292	4	14	10	1460	2147483647
293	4	8	20	1465	2147483647
294	4	14	15	1470	2147483647
295	4	14	20	1475	2147483647
296	4	14	5	1480	2147483647
297	4	14	5	1485	2147483647
298	0	12	5	1490	2147483647
299	3	1	20	1495	2147483647
300	0	12	10	1500	2147483647
301	4	14	20	1505	2147483647
302	4	14	5	1510	2147483647
303	4	14	15	1515	2147483647
304	4	14	10	1520	2147483647
305	4	14	5	1525	2147483647
306	4	14	15	1530	2147483647
307	4	14	10	1535	2147483647
308	4	8	20	1540	2147483647
309	4	14	10	1545	2147483647
310	4	8	20	1550	2147483647
311	3	1	15	1555	2147483647
312	3	1	20	1560	2147483647
313	4	14	10	1565	2147483647
314	3	1	10	1570	2147483647
315	4	14	15	1575	2147483647
316	4	14	20	1580	2147483647
317	4	14	15	1585	2147483647
318	3	1	15	1590	2147483647
319	3	1	15	1595	2147483647
320	4	8	5	1600	2147483647
321	4	8	5	1605	2147483647
322	4	14	10	1610	2147483647
323	4	8	20	1615	2147483647
324	4	8	15	1620	2147483647
325	0	12	10	1625	2147483647
326	4	14	5	1630	2147483647
327	3	1	10	1635	2147483647
328	4	14	15	1640	2147483647
329	3	1	10	1645	2147483647
330	3	1	15	1650	2147483647
331	4	14	5	1655	2147483647
332	4	8	10	1660	2147483647
333	4	14	10	1665	2147483647
334	0	12	20	1670	2147483647
335	0	12	15	1675	2147483647
336	4	8	20	1680	2147483647
337	4	14	10	1685	2147483647
338	4	14	15	1690	2147483647
339	4	14	5	1695	2147483647
340	4	14	5	1700	2147483647
341	3	1	10	1705	2147483647
342	4	14	15	1710	2147483647
343	4	8	10	1715	2147483647
344	4	14	5	1720	2147483647
345	4	8	10	1725	2147483647
346	4	14	20	1730	2147483647
347	4	14	20	1735	2147483647
348	4	14	15	1740	2147483647
349	4	14	20	1745	2147483647
350	4	8	5	1750	2147483647
351	4	8	10	1755	2147483647
352	3	1	15	1760	2147483647
353	3	1	10	1765	2147483647
354	3	1	20	1770	2147483647
355	4	14	10	1775	2147483647
356	4	14	15	1780	2147483647
357	3	1	5	1785	2147483647
358	4	14	5	1790	2147483647
359	4	14	20	1795	2147483647
360	4	14	5	1800	2147483647
361	3	1	5	1805	2147483647
362	0	12	15	1810	2147483647
363	4	14	15	1815	2147483647
364	3	1	20	1820	2147483647
365	4	14	20	1825	2147483647
366	0	12	10	1830	2147483647
367	4	14	10	1835	2147483647
368	4	14	15	1840	2147483647
369	3	1	20	1845	2147483647
370	3	1	20	1850	2147483647
371	4	14	10	1855	2147483647
372	4	8	20	1860	2147483647
373	3	1	10	1865	2147483647
374	3	1	15	1870	2147483647
375	4	14	20	1875	2147483647
376	3	1	15	1880	2147483647
377	3	1	5	1885	2147483647
378	4	8	20	1890	2147483647
379	0	12	10	1895	2147483647
380	3	1	10	1900	2147483647
381	0	12	5	1905	2147483647
382	4	14	20	1910	2147483647
383	4	14	20	1915	2147483647
384	4	8	10	1920	2147483647
385	4	8	5	1925	2147483647
386	0	12	10	1930	2147483647
387	4	14	20	1935	2147483647
388	3	1	15	1940	2147483647
389	4	8	10	1945	2147483647
390	0	12	20	1950	2147483647
391	4	14	15	1955	2147483647
392	3	1	5	1960	2147483647
393	4	14	15	1965	2147483647
394	4	14	20	1970	2147483647
395	3	1	20	1975	2147483647
396	3	1	20	1980	2147483647
397	0	12	5	1985	2147483647
398	4	14	10	1990	2147483647
399	3	1	5	1995	2147483647
400	0	12	20	2000	2147483647
401	4	14	15	2005	2147483647
402	4	8	5	2010	2147483647
403	3	1	20	2015	2147483647
404	4	14	5	2020	2147483647
405	4	8	15	2025	2147483647
406	4	14	15	2030	2147483647
407	0	12	5	2035	2147483647
408	4	14	15	2040	2147483647
409	3	1	5	2045	2147483647
410	3	1	15	2050	2147483647
411	3	1	15	2055	2147483647
412	3	1	10	2060	2147483647
413	3	1	20	2065	2147483647
414	3	1	10	2070	2147483647
415	4	14	5	2075	2147483647
416	4	14	5	2080	2147483647
417	3	1	15	2085	2147483647
418	3	1	5	2090	2147483647
419	4	8	15	2095	2147483647
420	3	1	10	2100	2147483647
421	4	8	10	2105	2147483647
422	3	1	20	2110	2147483647
423	3	1	10	2115	2147483647
424	3	1	20	2120	2147483647
425	4	14	5	2125	2147483647
426	3	1	10	2130	2147483647
427	4	8	5	2135	2147483647
428	4	14	15	2140	2147483647
429	0	12	15	2145	2147483647
430	3	1	20	2150	2147483647
431	3	1	15	2155	2147483647
432	4	14	15	2160	2147483647
433	4	14	20	2165	2147483647
434	0	12	10	2170	2147483647
435	3	1	20	2175	2147483647
436	4	14	20	2180	2147483647
437	3	1	5	2185	2147483647
438	0	12	20	2190	2147483647
439	0	12	15	2195	2147483647
440	3	1	15	2200	2147483647
441	0	12	10	2205	2147483647
442	0	12	5	2210	2147483647
443	4	14	15	2215	2147483647
444	4	14	15	2220	2147483647
445	4	14	10	2225	2147483647
446	4	8	10	2230	2147483647
447	4	14	10	2235	2147483647
448	4	14	10	2240	2147483647
449	4	14	20	2245	2147483647
450	4	14	15	2250	2147483647
451	0	12	5	2255	2147483647
452	3	1	20	2260	2147483647
453	3	1	15	2265	2147483647
454	4	14	20	2270	2147483647
455	4	14	10	2275	2147483647
456	3	1	15	2280	2147483647
457	3	1	20	2285	2147483647
458	4	14	20	2290	2147483647
459	0	12	20	2295	2147483647
460	4	14	10	2300	2147483647
461	4	14	10	2305	2147483647
462	4	8	15	2310	2147483647
463	4	14	5	2315	2147483647
464	4	8	5	2320	2147483647
465	0	12	5	2325	2147483647
466	4	14	20	2330	2147483647
467	4	14	10	2335	2147483647
468	3	1	15	2340	2147483647
469	4	14	15	2345	2147483647
470	0	12	10	2350	2147483647
471	4	8	5	2355	2147483647
472	3	1	15	2360	2147483647
473	3	1	15	2365	2147483647
474	4	14	5	2370	2147483647
475	3	1	20	2375	2147483647
476	4	8	5	2380	2147483647
477	4	14	10	2385	2147483647
478	4	14	15	2390	2147483647
479	4	14	10	2395	2147483647
480	3	1	15	2400	2147483647
481	4	14	5	2405	2147483647
482	4	14	20	2410	2147483647
483	0	12	15	2415	2147483647
484	4	8	20	2420	2147483647
485	3	1	20	2425	2147483647
486	4	14	15	2430	2147483647
487	4	8	20	2435	2147483647
488	4	14	20	2440	2147483647
489	4	8	20	2445	2147483647
490	0	12	10	2450	2147483647
491	3	1	20	2455	2147483647
492	3	1	5	2460	2147483647
493	4	14	5	2465	2147483647
494	3	1	10	2470	2147483647
495	4	14	5	2475	2147483647
496	4	14	20	2480	2147483647
497	4	8	5	2485	2147483647
498	3	1	10	2490	2147483647
499	4	14	15	2495	2147483647
500	0	12	10	2500	2147483647
501	4	14	20	2505	2147483647
502	3	1	15	2510	2147483647
503	4	14	20	2515	2147483647
504	4	14	10	2520	2147483647
505	4	14	15	2525	2147483647
506	4	14	10	2530	2147483647
507	4	14	10	2535	2147483647
508	4	14	10	2540	2147483647
509	3	1	20	2545	2147483647
510	3	1	10	2550	2147483647
511	4	14	5	2555	2147483647
512	4	14	5	2560	2147483647
513	4	8	15	2565	2147483647
514	4	14	5	2570	2147483647
515	0	12	10	2575	2147483647
516	4	8	10	2580	2147483647
517	4	8	20	2585	2147483647
518	4	14	5	2590	2147483647
519	4	14	5	2595	2147483647
520	4	8	10	2600	2147483647
521	3	1	20	2605	2147483647
522	4	14	15	2610	2147483647
523	4	8	15	2615	2147483647
524	4	14	10	2620	2147483647
525	4	14	10	2625	2147483647
526	4	14	5	2630	2147483647
527	3	1	15	2635	2147483647
528	4	8	5	2640	2147483647
529	4	8	5	2645	2147483647
530	3	1	20	2650	2147483647
531	4	14	5	2655	2147483647
532	4	8	20	2660	2147483647
533	4	8	5	2665	2147483647
534	4	14	5	2670	2147483647
535	4	14	15	2675	2147483647
536	3	1	10	2680	2147483647
537	4	14	5	2685	2147483647
538	3	1	10	2690	2147483647
539	3	1	10	2695	2147483647
540	3	1	10	2700	2147483647
541	4	14	10	2705	2147483647
542	3	1	10	2710	2147483647
543	3	1	20	2715	2147483647
544	4	14	15	2720	2147483647
545	3	1	5	2725	2147483647
546	4	14	20	2730	2147483647
547	4	8	15	2735	2147483647
548	4	8	20	2740	2147483647
549	3	1	5	2745	2147483647
550	3	1	15	2750	2147483647
551	4	14	5	2755	2147483647
552	4	14	20	2760	2147483647
553	4	14	10	2765	2147483647
554	3	1	5	2770	2147483647
555	3	1	10	2775	2147483647
556	4	14	10	2780	2147483647
557	4	8	5	2785	2147483647
558	4	14	10	2790	2147483647
559	0	12	5	2795	2147483647
560	4	14	15	2800	2147483647
561	3	1	15	2805	2147483647
562	4	14	5	2810	2147483647
563	4	14	10	2815	2147483647
564	4	14	5	2820	2147483647
565	3	1	10	2825	2147483647
566	3	1	10	2830	2147483647
567	3	1	5	2835	2147483647
568	3	1	15	2840	2147483647
569	0	12	15	2845	2147483647
570	4	14	20	2850	2147483647
571	4	8	10	2855	2147483647
572	4	14	15	2860	2147483647
573	4	8	20	2865	2147483647
574	3	1	20	2870	2147483647
575	4	8	5	2875	2147483647
576	0	12	15	2880	2147483647
577	4	8	15	2885	2147483647
578	3	1	5	2890	2147483647
579	3	1	10	2895	2147483647
580	0	12	15	2900	2147483647
581	3	1	15	2905	2147483647
582	0	12	20	2910	2147483647
583	4	14	5	2915	2147483647
584	4	14	10	2920	2147483647
585	4	14	20	2925	2147483647
586	3	1	5	2930	2147483647
587	3	1	15	2935	2147483647
588	4	14	5	2940	2147483647
589	4	8	15	2945	2147483647
590	4	14	10	2950	2147483647
591	4	8	5	2955	2147483647
592	4	14	15	2960	2147483647
593	3	1	5	2965	2147483647
594	3	1	20	2970	2147483647
595	4	8	15	2975	2147483647
596	0	12	10	2980	2147483647
597	4	14	5	2985	2147483647
598	4	14	20	2990	2147483647
599	4	8	10	2995	2147483647
600	4	14	15	3000	2147483647
601	4	8	15	3005	2147483647
602	4	14	20	3010	2147483647
603	4	8	5	3015	2147483647
604	4	14	5	3020	2147483647
605	4	8	10	3025	2147483647
606	0	12	15	3030	2147483647
607	3	1	5	3035	2147483647
608	3	1	15	3040	2147483647
609	4	8	5	3045	2147483647
610	3	1	20	3050	2147483647
611	4	14	15	3055	2147483647
612	3	1	5	3060	2147483647
613	4	14	5	3065	2147483647
614	4	14	15	3070	2147483647
615	3	1	5	3075	2147483647
616	4	8	20	3080	2147483647
617	4	14	20	3085	2147483647
618	4	14	5	3090	2147483647
619	4	8	5	3095	2147483647
620	4	8	5	3100	2147483647
621	0	12	15	3105	2147483647
622	4	14	5	3110	2147483647
623	3	1	20	3115	2147483647
624	4	8	5	3120	2147483647
625	3	1	15	3125	2147483647
626	3	1	15	3130	2147483647
627	3	1	10	3135	2147483647
628	3	1	5	3140	2147483647
629	4	8	5	3145	2147483647
630	4	8	15	3150	2147483647
631	4	8	10	3155	2147483647
632	3	1	20	3160	2147483647
633	3	1	15	3165	2147483647
634	3	1	15	3170	2147483647
635	4	14	20	3175	2147483647
636	4	14	15	3180	2147483647
637	4	14	15	3185	2147483647
638	4	8	5	3190	2147483647
639	3	1	20	3195	2147483647
640	4	14	5	3200	2147483647
641	4	14	5	3205	2147483647
642	4	8	5	3210	2147483647
643	3	1	20	3215	2147483647
644	3	1	15	3220	2147483647
645	0	12	20	3225	2147483647
646	4	14	5	3230	2147483647
647	4	8	10	3235	2147483647
648	3	1	15	3240	2147483647
649	0	12	20	3245	2147483647
650	4	14	20	3250	2147483647
651	4	8	10	3255	2147483647
652	4	14	20	3260	2147483647
653	3	1	15	3265	2147483647
654	4	14	5	3270	2147483647
655	4	14	5	3275	2147483647
656	4	14	15	3280	2147483647
657	4	8	20	3285	2147483647
658	0	12	5	3290	2147483647
659	4	8	10	3295	2147483647
660	4	14	20	3300	2147483647
661	4	14	5	3305	2147483647
662	4	14	20	3310	2147483647
663	4	8	10	3315	2147483647
664	0	12	10	3320	2147483647
665	4	8	10	3325	2147483647
666	4	8	20	3330	2147483647
667	4	8	10	3335	2147483647
668	0	12	15	3340	2147483647
669	4	8	15	3345	2147483647
670	4	14	10	3350	2147483647
671	3	1	5	3355	2147483647
672	4	14	20	3360	2147483647
673	3	1	10	3365	2147483647
674	3	1	20	3370	2147483647
675	3	1	5	3375	2147483647
676	4	14	10	3380	2147483647
677	0	12	5	3385	2147483647
678	4	14	10	3390	2147483647
679	4	8	10	3395	2147483647
680	4	14	15	3400	2147483647
681	4	8	5	3405	2147483647
682	0	12	20	3410	2147483647
683	3	1	10	3415	2147483647
684	4	8	5	3420	2147483647
685	4	14	10	3425	2147483647
686	3	1	15	3430	2147483647
687	4	14	5	3435	2147483647
688	3	1	15	3440	2147483647
689	4	14	10	3445	2147483647
690	4	8	10	3450	2147483647
691	3	1	15	3455	2147483647
692	4	14	15	3460	2147483647
693	4	8	15	3465	2147483647
694	4	14	5	3470	2147483647
695	0	12	5	3475	2147483647
696	4	14	5	3480	2147483647
697	0	12	15	3485	2147483647
698	3	1	10	3490	2147483647
699	4	8	5	3495	2147483647
700	4	14	20	3500	2147483647
701	3	1	20	3505	2147483647
702	4	8	20	3510	2147483647
703	4	8	20	3515	2147483647
704	3	1	10	3520	2147483647
705	3	1	20	3525	2147483647
706	3	1	15	3530	2147483647
707	3	1	15	3535	2147483647
708	0	12	20	3540	2147483647
709	4	14	20	3545	2147483647
710	0	12	15	3550	2147483647
711	3	1	10	3555	2147483647
712	3	1	15	3560	2147483647
713	4	14	15	3565	2147483647
714	4	8	20	3570	2147483647
715	4	14	15	3575	2147483647
716	3	1	5	3580	2147483647
717	3	1	15	3585	2147483647
718	0	12	10	3590	2147483647
719	0	12	5	3595	2147483647
720	4	14	20	3600	2147483647
721	3	1	15	3605	2147483647
722	4	14	20	3610	2147483647
723	3	1	5	3615	2147483647
724	0	12	10	3620	2147483647
725	4	8	20	3625	2147483647
726	4	14	15	3630	2147483647
727	3	1	5	3635	2147483647
728	4	14	10	3640	2147483647
729	3	1	20	3645	2147483647
730	3	1	5	3650	2147483647
731	4	14	15	3655	2147483647
732	3	1	15	3660	2147483647
733	3	1	5	3665	2147483647
734	3	1	10	3670	2147483647
735	3	1	15	3675	2147483647
736	4	14	10	3680	2147483647
737	4	14	5	3685	2147483647
738	4	8	5	3690	2147483647
739	4	14	10	3695	2147483647
740	3	1	15	3700	2147483647
741	4	8	5	3705	2147483647
742	4	14	10	3710	2147483647
743	4	14	15	3715	2147483647
744	4	14	20	3720	2147483647
745	3	1	20	3725	2147483647
746	0	12	20	3730	2147483647
747	0	12	20	3735	2147483647
748	4	14	20	3740	2147483647
749	0	12	10	3745	2147483647
750	3	1	20	3750	2147483647
751	3	1	10	3755	2147483647
752	0	12	10	3760	2147483647
753	3	1	10	3765	2147483647
754	3	1	10	3770	2147483647
755	3	1	10	3775	2147483647
756	4	14	5	3780	2147483647
757	4	14	15	3785	2147483647
758	4	8	10	3790	2147483647
759	4	8	10	3795	2147483647
760	4	14	5	3800	2147483647
761	4	14	10	3805	2147483647
762	3	1	5	3810	2147483647
763	4	14	20	3815	2147483647
764	4	8	20	3820	2147483647
765	4	8	20	3825	2147483647
766	0	12	20	3830	2147483647
767	4	14	10	3835	2147483647
768	3	1	5	3840	2147483647
769	4	14	5	3845	2147483647
770	4	14	10	3850	2147483647
771	4	14	5	3855	2147483647
772	4	8	15	3860	2147483647
773	4	8	20	3865	2147483647
774	4	14	10	3870	2147483647
775	4	14	20	3875	2147483647
776	3	1	10	3880	2147483647
777	4	14	5	3885	2147483647
778	4	14	10	3890	2147483647
779	3	1	10	3895	2147483647
780	4	8	5	3900	2147483647
781	3	1	15	3905	2147483647
782	4	14	10	3910	2147483647
783	4	14	20	3915	2147483647
784	4	14	5	3920	2147483647
785	4	14	15	3925	2147483647
786	4	14	10	3930	2147483647
787	0	12	10	3935	2147483647
788	0	12	20	3940	2147483647
789	0	12	5	3945	2147483647
790	4	14	15	3950	2147483647
791	0	12	15	3955	2147483647
792	4	14	15	3960	2147483647
793	0	12	15	3965	2147483647
794	4	14	5	3970	2147483647
795	3	1	10	3975	2147483647
796	3	1	20	3980	2147483647
797	4	8	10	3985	2147483647
798	4	14	15	3990	2147483647
799	3	1	20	3995	2147483647
800	3	1	5	4000	2147483647
801	4	8	10	4005	2147483647
802	4	14	15	4010	2147483647
803	4	14	15	4015	2147483647
804	4	8	5	4020	2147483647
805	4	14	15	4025	2147483647
806	4	8	20	4030	2147483647
807	4	14	15	4035	2147483647
808	4	14	20	4040	2147483647
809	4	14	15	4045	2147483647
810	4	14	20	4050	2147483647
811	4	8	20	4055	2147483647
812	4	8	5	4060	2147483647
813	4	14	20	4065	2147483647
814	4	14	10	4070	2147483647
815	4	8	15	4075	2147483647
816	4	8	5	4080	2147483647
817	4	14	10	4085	2147483647
818	4	14	20	4090	2147483647
819	3	1	10	4095	2147483647
820	3	1	15	4100	2147483647
821	4	14	15	4105	2147483647
822	4	14	15	4110	2147483647
823	3	1	5	4115	2147483647
824	4	8	15	4120	2147483647
825	4	14	15	4125	2147483647
826	4	14	15	4130	2147483647
827	4	8	20	4135	2147483647
828	3	1	15	4140	2147483647
829	4	8	5	4145	2147483647
830	4	8	20	4150	2147483647
831	3	1	20	4155	2147483647
832	0	12	15	4160	2147483647
833	4	8	15	4165	2147483647
834	4	14	10	4170	2147483647
835	0	12	15	4175	2147483647
836	4	14	20	4180	2147483647
837	4	14	15	4185	2147483647
838	3	1	20	4190	2147483647
839	4	14	10	4195	2147483647
840	3	1	15	4200	2147483647
841	0	12	15	4205	2147483647
842	3	1	10	4210	2147483647
843	4	8	10	4215	2147483647
844	4	8	5	4220	2147483647
845	3	1	15	4225	2147483647
846	4	14	15	4230	2147483647
847	0	12	15	4235	2147483647
848	0	12	10	4240	2147483647
849	4	14	15	4245	2147483647
850	4	8	5	4250	2147483647
851	4	14	15	4255	2147483647
852	4	8	10	4260	2147483647
853	4	8	10	4265	2147483647
854	0	12	5	4270	2147483647
855	3	1	15	4275	2147483647
856	3	1	20	4280	2147483647
857	3	1	15	4285	2147483647
858	4	14	5	4290	2147483647
859	4	14	15	4295	2147483647
860	4	14	5	4300	2147483647
861	4	14	5	4305	2147483647
862	3	1	20	4310	2147483647
863	4	14	20	4315	2147483647
864	4	14	15	4320	2147483647
865	3	1	5	4325	2147483647
866	0	12	10	4330	2147483647
867	4	8	10	4335	2147483647
868	4	14	15	4340	2147483647
869	4	14	20	4345	2147483647
870	3	1	15	4350	2147483647
871	3	1	10	4355	2147483647
872	3	1	15	4360	2147483647
873	4	14	15	4365	2147483647
874	4	14	15	4370	2147483647
875	3	1	5	4375	2147483647
876	4	14	5	4380	2147483647
877	3	1	5	4385	2147483647
878	4	8	20	4390	2147483647
879	4	14	20	4395	2147483647
880	4	14	20	4400	2147483647
881	4	14	20	4405	2147483647
882	4	8	15	4410	2147483647
883	4	14	5	4415	2147483647
884	4	14	20	4420	2147483647
885	3	1	10	4425	2147483647
886	0	12	15	4430	2147483647
887	4	14	5	4435	2147483647
888	0	12	15	4440	2147483647
889	3	1	20	4445	2147483647
890	4	14	15	4450	2147483647
891	3	1	10	4455	2147483647
892	4	14	15	4460	2147483647
893	4	14	10	4465	2147483647
894	4	14	5	4470	2147483647
895	3	1	15	4475	2147483647
896	4	14	20	4480	2147483647
897	4	14	10	4485	2147483647
898	4	14	15	4490	2147483647
899	3	1	5	4495	2147483647
900	3	1	10	4500	2147483647
901	4	14	5	4505	2147483647
902	3	1	5	4510	2147483647
903	4	8	15	4515	2147483647
904	3	1	20	4520	2147483647
905	4	14	20	4525	2147483647
906	3	1	5	4530	2147483647
907	3	1	20	4535	2147483647
908	4	8	15	4540	2147483647
909	3	1	5	4545	2147483647
910	4	14	10	4550	2147483647
911	4	14	15	4555	2147483647
912	4	8	15	4560	2147483647
913	0	12	10	4565	2147483647
914	4	14	15	4570	2147483647
915	0	12	5	4575	2147483647
916	4	14	15	4580	2147483647
917	4	14	15	4585	2147483647
918	4	14	5	4590	2147483647
919	4	8	10	4595	2147483647
920	3	1	10	4600	2147483647
921	4	8	5	4605	2147483647
922	0	12	20	4610	2147483647
923	4	8	15	4615	2147483647
924	4	8	5	4620	2147483647
925	4	14	10	4625	2147483647
926	3	1	20	4630	2147483647
927	3	1	10	4635	2147483647
928	4	14	10	4640	2147483647
929	3	1	5	4645	2147483647
930	4	14	5	4650	2147483647
931	4	14	20	4655	2147483647
932	4	14	15	4660	2147483647
933	4	14	20	4665	2147483647
934	4	8	10	4670	2147483647
935	4	8	20	4675	2147483647
936	3	1	20	4680	2147483647
937	4	14	20	4685	2147483647
938	4	8	10	4690	2147483647
939	3	1	20	4695	2147483647
940	0	12	5	4700	2147483647
941	4	14	15	4705	2147483647
942	3	1	10	4710	2147483647
943	3	1	15	4715	2147483647
944	4	14	15	4720	2147483647
945	4	14	5	4725	2147483647
946	3	1	20	4730	2147483647
947	4	14	10	4735	2147483647
948	0	12	15	4740	2147483647
949	4	14	5	4745	2147483647
950	4	14	5	4750	2147483647
951	4	14	5	4755	2147483647
952	0	12	10	4760	2147483647
953	3	1	10	4765	2147483647
954	0	12	15	4770	2147483647
955	4	8	5	4775	2147483647
956	3	1	10	4780	2147483647
957	0	12	10	4785	2147483647
958	4	14	15	4790	2147483647
959	4	14	10	4795	2147483647
960	0	12	5	4800	2147483647
961	4	14	20	4805	2147483647
962	3	1	10	4810	2147483647
963	4	14	15	4815	2147483647
964	4	14	20	4820	2147483647
965	4	14	15	4825	2147483647
966	0	12	5	4830	2147483647
967	3	1	15	4835	2147483647
968	4	14	20	4840	2147483647
969	3	1	15	4845	2147483647
970	3	1	5	4850	2147483647
971	4	14	15	4855	2147483647
972	3	1	10	4860	2147483647
973	3	1	5	4865	2147483647
974	4	8	5	4870	2147483647
975	4	14	15	4875	2147483647
976	4	14	20	4880	2147483647
977	3	1	10	4885	2147483647
978	4	14	5	4890	2147483647
979	3	1	5	4895	2147483647
980	3	1	15	4900	2147483647
981	4	14	15	4905	2147483647
982	3	1	15	4910	2147483647
983	4	14	10	4915	2147483647
984	3	1	20	4920	2147483647
985	4	14	20	4925	2147483647
986	4	14	10	4930	2147483647
987	3	1	10	4935	2147483647
988	3	1	5	4940	2147483647
989	4	14	10	4945	2147483647
990	4	14	15	4950	2147483647
991	3	1	15	4955	2147483647
992	0	12	10	4960	2147483647
993	4	14	20	4965	2147483647
994	4	8	20	4970	2147483647
995	4	8	10	4975	2147483647
996	4	8	10	4980	2147483647
997	4	14	15	4985	2147483647
998	4	14	15	4990	2147483647
999	4	14	20	4995	2147483647
1000	4	14	20	5000	2147483647
1001	4	14	5	5005	2147483647
1002	4	8	10	5010	2147483647
1003	3	1	5	5015	2147483647
1004	3	1	20	5020	2147483647
1005	4	14	15	5025	2147483647
1006	3	1	20	5030	2147483647
1007	4	14	10	5035	2147483647
1008	4	8	5	5040	2147483647
1009	4	8	20	5045	2147483647
1010	4	14	10	5050	2147483647
1011	4	14	20	5055	2147483647
1012	3	1	5	5060	2147483647
1013	3	1	15	5065	2147483647
1014	4	8	20	5070	2147483647
1015	3	1	15	5075	2147483647
1016	4	8	10	5080	2147483647
1017	3	1	5	5085	2147483647
1018	3	1	20	5090	2147483647
1019	4	14	20	5095	2147483647
1020	4	14	5	5100	2147483647
1021	3	1	20	5105	2147483647
1022	4	14	10	5110	2147483647
1023	4	14	10	5115	2147483647
1024	4	14	5	5120	2147483647
1025	4	14	15	5125	2147483647
1026	4	14	5	5130	2147483647
1027	4	14	10	5135	2147483647
1028	4	8	5	5140	2147483647
1029	4	14	15	5145	2147483647
1030	3	1	10	5150	2147483647
1031	4	14	5	5155	2147483647
1032	4	14	15	5160	2147483647
1033	4	14	10	5165	2147483647
1034	4	14	5	5170	2147483647
1035	3	1	15	5175	2147483647
1036	3	1	5	5180	2147483647
1037	0	12	10	5185	2147483647
1038	3	1	10	5190	2147483647
1039	4	14	10	5195	2147483647
1040	3	1	5	5200	2147483647
1041	3	1	5	5205	2147483647
1042	4	8	5	5210	2147483647
1043	4	8	10	5215	2147483647
1044	3	1	5	5220	2147483647
1045	4	14	15	5225	2147483647
1046	0	12	10	5230	2147483647
1047	3	1	20	5235	2147483647
1048	3	1	5	5240	2147483647
1049	4	14	10	5245	2147483647
1050	0	12	5	5250	2147483647
1051	4	14	5	5255	2147483647
1052	4	8	20	5260	2147483647
1053	4	14	15	5265	2147483647
1054	4	14	20	5270	2147483647
1055	4	8	5	5275	2147483647
1056	4	14	15	5280	2147483647
1057	3	1	5	5285	2147483647
1058	4	14	20	5290	2147483647
1059	3	1	5	5295	2147483647
1060	4	8	10	5300	2147483647
1061	4	14	15	5305	2147483647
1062	3	1	5	5310	2147483647
1063	3	1	10	5315	2147483647
1064	4	14	10	5320	2147483647
1065	4	14	5	5325	2147483647
1066	4	8	5	5330	2147483647
1067	3	1	20	5335	2147483647
1068	4	14	10	5340	2147483647
1069	4	14	10	5345	2147483647
1070	4	14	10	5350	2147483647
1071	4	8	20	5355	2147483647
1072	0	12	15	5360	2147483647
1073	4	14	10	5365	2147483647
1074	3	1	20	5370	2147483647
1075	3	1	5	5375	2147483647
1076	3	1	15	5380	2147483647
1077	4	14	5	5385	2147483647
1078	3	1	5	5390	2147483647
1079	4	8	10	5395	2147483647
1080	4	14	5	5400	2147483647
1081	4	8	10	5405	2147483647
1082	3	1	5	5410	2147483647
1083	4	8	20	5415	2147483647
1084	4	14	10	5420	2147483647
1085	4	14	10	5425	2147483647
1086	4	14	5	5430	2147483647
1087	4	14	5	5435	2147483647
1088	0	12	15	5440	2147483647
1089	3	1	20	5445	2147483647
1090	4	14	20	5450	2147483647
1091	0	12	5	5455	2147483647
1092	3	1	15	5460	2147483647
1093	4	14	10	5465	2147483647
1094	3	1	5	5470	2147483647
1095	4	14	10	5475	2147483647
1096	4	14	5	5480	2147483647
1097	4	14	15	5485	2147483647
1098	3	1	20	5490	2147483647
1099	4	14	20	5495	2147483647
1100	3	1	10	5500	2147483647
1101	3	1	15	5505	2147483647
1102	4	14	10	5510	2147483647
1103	4	14	20	5515	2147483647
1104	4	14	20	5520	2147483647
1105	4	14	10	5525	2147483647
1106	4	14	10	5530	2147483647
1107	4	14	15	5535	2147483647
1108	3	1	15	5540	2147483647
1109	3	1	20	5545	2147483647
1110	4	14	15	5550	2147483647
1111	4	8	10	5555	2147483647
1112	4	14	20	5560	2147483647
1113	3	1	15	5565	2147483647
1114	4	14	20	5570	2147483647
1115	4	14	5	5575	2147483647
1116	4	8	15	5580	2147483647
1117	4	8	5	5585	2147483647
1118	3	1	20	5590	2147483647
1119	4	14	5	5595	2147483647
1120	4	14	5	5600	2147483647
1121	4	8	5	5605	2147483647
1122	3	1	10	5610	2147483647
1123	4	8	15	5615	2147483647
1124	4	8	10	5620	2147483647
1125	4	14	10	5625	2147483647
1126	4	14	5	5630	2147483647
1127	4	8	10	5635	2147483647
1128	4	8	10	5640	2147483647
1129	3	1	15	5645	2147483647
1130	4	14	20	5650	2147483647
1131	4	14	20	5655	2147483647
1132	4	8	10	5660	2147483647
1133	4	14	10	5665	2147483647
1134	4	14	5	5670	2147483647
1135	3	1	15	5675	2147483647
1136	3	1	20	5680	2147483647
1137	4	14	5	5685	2147483647
1138	3	1	20	5690	2147483647
1139	0	12	5	5695	2147483647
1140	0	12	5	5700	2147483647
1141	0	12	15	5705	2147483647
1142	3	1	10	5710	2147483647
1143	4	14	20	5715	2147483647
1144	4	14	10	5720	2147483647
1145	3	1	15	5725	2147483647
1146	0	12	5	5730	2147483647
1147	0	12	5	5735	2147483647
1148	0	12	10	5740	2147483647
1149	3	1	5	5745	2147483647
1150	3	1	15	5750	2147483647
1151	3	1	20	5755	2147483647
1152	4	8	20	5760	2147483647
1153	3	1	20	5765	2147483647
1154	4	14	20	5770	2147483647
1155	4	8	10	5775	2147483647
1156	0	12	10	5780	2147483647
1157	3	1	20	5785	2147483647
1158	3	1	15	5790	2147483647
1159	4	14	15	5795	2147483647
1160	4	14	5	5800	2147483647
1161	3	1	20	5805	2147483647
1162	3	1	5	5810	2147483647
1163	0	12	5	5815	2147483647
1164	3	1	20	5820	2147483647
1165	4	8	15	5825	2147483647
1166	0	12	5	5830	2147483647
1167	4	8	15	5835	2147483647
1168	4	14	10	5840	2147483647
1169	3	1	10	5845	2147483647
1170	4	14	5	5850	2147483647
1171	3	1	10	5855	2147483647
1172	4	14	10	5860	2147483647
1173	3	1	20	5865	2147483647
1174	4	14	5	5870	2147483647
1175	4	14	10	5875	2147483647
1176	4	14	20	5880	2147483647
1177	4	14	15	5885	2147483647
1178	4	14	10	5890	2147483647
1179	4	14	20	5895	2147483647
1180	4	14	5	5900	2147483647
1181	4	14	5	5905	2147483647
1182	4	8	5	5910	2147483647
1183	4	14	10	5915	2147483647
1184	4	14	20	5920	2147483647
1185	4	8	5	5925	2147483647
1186	3	1	5	5930	2147483647
1187	3	1	10	5935	2147483647
1188	0	12	10	5940	2147483647
1189	3	1	20	5945	2147483647
1190	4	8	10	5950	2147483647
1191	4	14	5	5955	2147483647
1192	4	8	15	5960	2147483647
1193	4	14	10	5965	2147483647
1194	4	8	20	5970	2147483647
1195	3	1	5	5975	2147483647
1196	4	14	10	5980	2147483647
1197	3	1	10	5985	2147483647
1198	0	12	20	5990	2147483647
1199	3	1	15	5995	2147483647
1200	3	1	10	6000	2147483647
1201	4	14	15	6005	2147483647
1202	3	1	15	6010	2147483647
1203	4	14	20	6015	2147483647
1204	4	14	20	6020	2147483647
1205	4	14	10	6025	2147483647
1206	4	14	15	6030	2147483647
1207	4	14	20	6035	2147483647
1208	3	1	20	6040	2147483647
1209	4	14	10	6045	2147483647
1210	3	1	15	6050	2147483647
1211	4	8	15	6055	2147483647
1212	4	14	10	6060	2147483647
1213	4	14	20	6065	2147483647
1214	4	14	10	6070	2147483647
1215	4	8	20	6075	2147483647
1216	3	1	15	6080	2147483647
1217	4	14	20	6085	2147483647
1218	0	12	5	6090	2147483647
1219	3	1	15	6095	2147483647
1220	4	14	15	6100	2147483647
1221	3	1	15	6105	2147483647
1222	4	8	5	6110	2147483647
1223	4	8	15	6115	2147483647
1224	4	8	5	6120	2147483647
1225	4	14	20	6125	2147483647
1226	3	1	20	6130	2147483647
1227	4	8	20	6135	2147483647
1228	3	1	20	6140	2147483647
1229	3	1	20	6145	2147483647
1230	4	8	5	6150	2147483647
1231	3	1	15	6155	2147483647
1232	4	14	15	6160	2147483647
1233	3	1	15	6165	2147483647
1234	3	1	10	6170	2147483647
1235	4	8	15	6175	2147483647
1236	3	1	15	6180	2147483647
1237	3	1	10	6185	2147483647
1238	4	14	10	6190	2147483647
1239	0	12	15	6195	2147483647
1240	3	1	10	6200	2147483647
1241	4	14	5	6205	2147483647
1242	4	14	15	6210	2147483647
1243	4	8	20	6215	2147483647
1244	4	8	10	6220	2147483647
1245	4	8	15	6225	2147483647
1246	4	14	15	6230	2147483647
1247	3	1	15	6235	2147483647
1248	4	14	5	6240	2147483647
1249	4	14	20	6245	2147483647
1250	0	12	15	6250	2147483647
1251	4	14	10	6255	2147483647
1252	4	8	5	6260	2147483647
1253	4	14	5	6265	2147483647
1254	3	1	5	6270	2147483647
1255	4	14	20	6275	2147483647
1256	4	14	10	6280	2147483647
1257	0	12	20	6285	2147483647
1258	3	1	20	6290	2147483647
1259	4	8	20	6295	2147483647
1260	3	1	10	6300	2147483647
1261	4	14	20	6305	2147483647
1262	4	8	20	6310	2147483647
1263	0	12	20	6315	2147483647
1264	3	1	10	6320	2147483647
1265	4	14	5	6325	2147483647
1266	3	1	5	6330	2147483647
1267	3	1	20	6335	2147483647
1268	3	1	10	6340	2147483647
1269	4	14	15	6345	2147483647
1270	4	14	10	6350	2147483647
1271	4	14	10	6355	2147483647
1272	4	14	15	6360	2147483647
1273	0	12	15	6365	2147483647
1274	4	14	10	6370	2147483647
1275	4	14	10	6375	2147483647
1276	3	1	20	6380	2147483647
1277	4	14	10	6385	2147483647
1278	0	12	10	6390	2147483647
1279	0	12	10	6395	2147483647
1280	4	14	10	6400	2147483647
1281	0	12	5	6405	2147483647
1282	3	1	15	6410	2147483647
1283	3	1	5	6415	2147483647
1284	3	1	10	6420	2147483647
1285	3	1	15	6425	2147483647
1286	3	1	10	6430	2147483647
1287	0	12	10	6435	2147483647
1288	4	14	10	6440	2147483647
1289	3	1	15	6445	2147483647
1290	3	1	10	6450	2147483647
1291	3	1	20	6455	2147483647
1292	0	12	10	6460	2147483647
1293	4	14	10	6465	2147483647
1294	3	1	5	6470	2147483647
1295	4	14	15	6475	2147483647
1296	4	14	5	6480	2147483647
1297	4	14	15	6485	2147483647
1298	4	14	15	6490	2147483647
1299	3	1	10	6495	2147483647
1300	4	14	15	6500	2147483647
1301	3	1	20	6505	2147483647
1302	4	14	5	6510	2147483647
1303	0	12	15	6515	2147483647
1304	3	1	15	6520	2147483647
1305	0	12	5	6525	2147483647
1306	4	14	20	6530	2147483647
1307	4	8	10	6535	2147483647
1308	4	14	20	6540	2147483647
1309	4	14	20	6545	2147483647
1310	3	1	20	6550	2147483647
1311	4	14	5	6555	2147483647
1312	0	12	10	6560	2147483647
1313	3	1	10	6565	2147483647
1314	4	8	15	6570	2147483647
1315	3	1	5	6575	2147483647
1316	4	8	5	6580	2147483647
1317	4	14	20	6585	2147483647
1318	4	14	15	6590	2147483647
1319	4	8	20	6595	2147483647
1320	3	1	15	6600	2147483647
1321	3	1	15	6605	2147483647
1322	4	14	10	6610	2147483647
1323	4	14	20	6615	2147483647
1324	4	8	10	6620	2147483647
1325	4	8	15	6625	2147483647
1326	4	14	20	6630	2147483647
1327	4	8	10	6635	2147483647
1328	3	1	10	6640	2147483647
1329	4	8	15	6645	2147483647
1330	4	8	5	6650	2147483647
1331	4	14	10	6655	2147483647
1332	4	8	15	6660	2147483647
1333	4	14	5	6665	2147483647
1334	3	1	20	6670	2147483647
1335	3	1	10	6675	2147483647
1336	4	8	20	6680	2147483647
1337	3	1	5	6685	2147483647
1338	0	12	15	6690	2147483647
1339	3	1	5	6695	2147483647
1340	3	1	15	6700	2147483647
1341	0	12	5	6705	2147483647
1342	3	1	15	6710	2147483647
1343	4	8	15	6715	2147483647
1344	4	8	15	6720	2147483647
1345	4	14	5	6725	2147483647
1346	3	1	10	6730	2147483647
1347	4	14	5	6735	2147483647
1348	3	1	15	6740	2147483647
1349	4	14	5	6745	2147483647
1350	3	1	15	6750	2147483647
1351	4	14	10	6755	2147483647
1352	4	8	5	6760	2147483647
1353	3	1	20	6765	2147483647
1354	0	12	15	6770	2147483647
1355	3	1	20	6775	2147483647
1356	3	1	15	6780	2147483647
1357	0	12	10	6785	2147483647
1358	4	14	5	6790	2147483647
1359	0	12	5	6795	2147483647
1360	4	8	5	6800	2147483647
1361	4	14	15	6805	2147483647
1362	4	14	20	6810	2147483647
1363	4	14	10	6815	2147483647
1364	3	1	15	6820	2147483647
1365	4	14	15	6825	2147483647
1366	3	1	10	6830	2147483647
1367	3	1	10	6835	2147483647
1368	0	12	10	6840	2147483647
1369	4	14	10	6845	2147483647
1370	3	1	5	6850	2147483647
1371	4	14	20	6855	2147483647
1372	4	14	10	6860	2147483647
1373	3	1	10	6865	2147483647
1374	4	14	5	6870	2147483647
1375	3	1	10	6875	2147483647
1376	0	12	5	6880	2147483647
1377	4	14	15	6885	2147483647
1378	3	1	5	6890	2147483647
1379	3	1	5	6895	2147483647
1380	4	14	5	6900	2147483647
1381	3	1	20	6905	2147483647
1382	4	14	15	6910	2147483647
1383	3	1	10	6915	2147483647
1384	3	1	20	6920	2147483647
1385	3	1	20	6925	2147483647
1386	3	1	10	6930	2147483647
1387	4	14	20	6935	2147483647
1388	3	1	10	6940	2147483647
1389	4	14	5	6945	2147483647
1390	0	12	20	6950	2147483647
1391	4	8	15	6955	2147483647
1392	3	1	5	6960	2147483647
1393	0	12	10	6965	2147483647
1394	4	8	5	6970	2147483647
1395	4	14	5	6975	2147483647
1396	3	1	5	6980	2147483647
1397	4	14	5	6985	2147483647
1398	4	14	5	6990	2147483647
1399	3	1	5	6995	2147483647
1400	4	8	15	7000	2147483647
1401	4	14	5	7005	2147483647
1402	3	1	15	7010	2147483647
1403	4	14	5	7015	2147483647
1404	4	14	20	7020	2147483647
1405	3	1	15	7025	2147483647
1406	4	8	5	7030	2147483647
1407	4	14	15	7035	2147483647
1408	4	14	15	7040	2147483647
1409	4	14	10	7045	2147483647
1410	3	1	15	7050	2147483647
1411	4	14	20	7055	2147483647
1412	3	1	5	7060	2147483647
1413	3	1	20	7065	2147483647
1414	4	8	20	7070	2147483647
1415	4	14	5	7075	2147483647
1416	4	14	20	7080	2147483647
1417	0	12	15	7085	2147483647
1418	0	12	10	7090	2147483647
1419	4	14	20	7095	2147483647
1420	3	1	5	7100	2147483647
1421	4	14	15	7105	2147483647
1422	4	14	20	7110	2147483647
1423	4	8	10	7115	2147483647
1424	4	14	15	7120	2147483647
1425	4	8	15	7125	2147483647
1426	3	1	20	7130	2147483647
1427	4	14	20	7135	2147483647
1428	4	8	10	7140	2147483647
1429	4	8	5	7145	2147483647
1430	0	12	5	7150	2147483647
1431	3	1	20	7155	2147483647
1432	4	14	15	7160	2147483647
1433	4	14	5	7165	2147483647
1434	4	8	15	7170	2147483647
1435	4	14	5	7175	2147483647
1436	4	14	10	7180	2147483647
1437	0	12	15	7185	2147483647
1438	4	14	10	7190	2147483647
1439	0	12	10	7195	2147483647
1440	3	1	15	7200	2147483647
1441	3	1	15	7205	2147483647
1442	4	14	5	7210	2147483647
1443	4	14	5	7215	2147483647
1444	3	1	10	7220	2147483647
1445	4	8	20	7225	2147483647
1446	4	14	15	7230	2147483647
1447	4	14	5	7235	2147483647
1448	4	14	15	7240	2147483647
1449	3	1	20	7245	2147483647
1450	4	14	5	7250	2147483647
1451	4	8	15	7255	2147483647
1452	4	14	15	7260	2147483647
1453	4	14	5	7265	2147483647
1454	4	8	20	7270	2147483647
1455	4	8	5	7275	2147483647
1456	4	8	10	7280	2147483647
1457	3	1	5	7285	2147483647
1458	4	8	15	7290	2147483647
1459	3	1	10	7295	2147483647
1460	0	12	15	7300	2147483647
1461	3	1	5	7305	2147483647
1462	4	14	10	7310	2147483647
1463	3	1	15	7315	2147483647
1464	4	14	5	7320	2147483647
1465	0	12	15	7325	2147483647
1466	4	14	10	7330	2147483647
1467	3	1	5	7335	2147483647
1468	3	1	10	7340	2147483647
1469	3	1	20	7345	2147483647
1470	0	12	20	7350	2147483647
1471	4	14	10	7355	2147483647
1472	4	8	5	7360	2147483647
1473	0	12	5	7365	2147483647
1474	3	1	5	7370	2147483647
1475	4	14	15	7375	2147483647
1476	0	12	10	7380	2147483647
1477	4	14	15	7385	2147483647
1478	4	14	20	7390	2147483647
1479	3	1	15	7395	2147483647
1480	3	1	20	7400	2147483647
1481	4	14	20	7405	2147483647
1482	4	14	5	7410	2147483647
1483	4	14	15	7415	2147483647
1484	3	1	20	7420	2147483647
1485	4	14	15	7425	2147483647
1486	4	14	10	7430	2147483647
1487	4	8	10	7435	2147483647
1488	4	14	5	7440	2147483647
1489	4	14	10	7445	2147483647
1490	4	14	20	7450	2147483647
1491	3	1	5	7455	2147483647
1492	4	14	20	7460	2147483647
1493	3	1	5	7465	2147483647
1494	4	14	15	7470	2147483647
1495	4	14	15	7475	2147483647
1496	4	14	10	7480	2147483647
1497	3	1	15	7485	2147483647
1498	4	8	20	7490	2147483647
1499	3	1	15	7495	2147483647
1500	3	1	15	7500	2147483647
1501	4	8	15	7505	2147483647
1502	3	1	15	7510	2147483647
1503	3	1	20	7515	2147483647
1504	3	1	20	7520	2147483647
1505	4	14	20	7525	2147483647
1506	0	12	10	7530	2147483647
1507	4	14	15	7535	2147483647
1508	4	8	5	7540	2147483647
1509	3	1	10	7545	2147483647
1510	4	8	20	7550	2147483647
1511	4	8	15	7555	2147483647
1512	4	14	10	7560	2147483647
1513	4	14	5	7565	2147483647
1514	4	14	10	7570	2147483647
1515	3	1	20	7575	2147483647
1516	3	1	20	7580	2147483647
1517	0	12	15	7585	2147483647
1518	0	12	20	7590	2147483647
1519	4	14	10	7595	2147483647
1520	3	1	10	7600	2147483647
1521	4	14	5	7605	2147483647
1522	4	14	20	7610	2147483647
1523	3	1	5	7615	2147483647
1524	3	1	20	7620	2147483647
1525	3	1	20	7625	2147483647
1526	0	12	15	7630	2147483647
1527	4	14	20	7635	2147483647
1528	0	12	15	7640	2147483647
1529	4	14	15	7645	2147483647
1530	4	8	5	7650	2147483647
1531	4	14	15	7655	2147483647
1532	4	14	15	7660	2147483647
1533	4	8	10	7665	2147483647
1534	4	14	5	7670	2147483647
1535	3	1	10	7675	2147483647
1536	0	12	5	7680	2147483647
1537	3	1	10	7685	2147483647
1538	3	1	15	7690	2147483647
1539	4	14	5	7695	2147483647
1540	4	14	5	7700	2147483647
1541	0	12	20	7705	2147483647
1542	4	14	10	7710	2147483647
1543	3	1	15	7715	2147483647
1544	4	14	10	7720	2147483647
1545	3	1	5	7725	2147483647
1546	4	14	20	7730	2147483647
1547	4	8	20	7735	2147483647
1548	3	1	20	7740	2147483647
1549	3	1	15	7745	2147483647
1550	4	8	15	7750	2147483647
1551	3	1	15	7755	2147483647
1552	3	1	20	7760	2147483647
1553	3	1	10	7765	2147483647
1554	0	12	5	7770	2147483647
1555	4	14	15	7775	2147483647
1556	3	1	15	7780	2147483647
1557	4	8	15	7785	2147483647
1558	4	14	20	7790	2147483647
1559	4	14	5	7795	2147483647
1560	4	14	10	7800	2147483647
1561	3	1	15	7805	2147483647
1562	3	1	20	7810	2147483647
1563	3	1	10	7815	2147483647
1564	0	12	5	7820	2147483647
1565	3	1	5	7825	2147483647
1566	4	14	20	7830	2147483647
1567	3	1	20	7835	2147483647
1568	4	14	20	7840	2147483647
1569	4	14	20	7845	2147483647
1570	3	1	20	7850	2147483647
1571	4	8	15	7855	2147483647
1572	3	1	5	7860	2147483647
1573	3	1	15	7865	2147483647
1574	4	8	10	7870	2147483647
1575	3	1	15	7875	2147483647
1576	4	14	15	7880	2147483647
1577	3	1	5	7885	2147483647
1578	3	1	15	7890	2147483647
1579	4	8	15	7895	2147483647
1580	4	14	20	7900	2147483647
1581	4	14	15	7905	2147483647
1582	4	8	20	7910	2147483647
1583	3	1	5	7915	2147483647
1584	3	1	5	7920	2147483647
1585	4	14	10	7925	2147483647
1586	4	8	20	7930	2147483647
1587	4	8	10	7935	2147483647
1588	4	8	5	7940	2147483647
1589	4	8	15	7945	2147483647
1590	4	14	15	7950	2147483647
1591	4	14	10	7955	2147483647
1592	3	1	15	7960	2147483647
1593	3	1	10	7965	2147483647
1594	4	14	20	7970	2147483647
1595	4	8	15	7975	2147483647
1596	3	1	20	7980	2147483647
1597	4	8	20	7985	2147483647
1598	3	1	10	7990	2147483647
1599	3	1	10	7995	2147483647
1600	4	14	10	8000	2147483647
1601	4	8	20	8005	2147483647
1602	3	1	20	8010	2147483647
1603	4	14	5	8015	2147483647
1604	4	8	20	8020	2147483647
1605	0	12	20	8025	2147483647
1606	4	14	10	8030	2147483647
1607	0	12	5	8035	2147483647
1608	0	12	5	8040	2147483647
1609	4	14	15	8045	2147483647
1610	4	14	20	8050	2147483647
1611	4	8	10	8055	2147483647
1612	4	14	5	8060	2147483647
1613	4	14	5	8065	2147483647
1614	0	12	10	8070	2147483647
1615	4	14	15	8075	2147483647
1616	4	8	15	8080	2147483647
1617	0	12	20	8085	2147483647
1618	4	8	5	8090	2147483647
1619	3	1	15	8095	2147483647
1620	4	8	10	8100	2147483647
1621	3	1	15	8105	2147483647
1622	3	1	15	8110	2147483647
1623	4	14	10	8115	2147483647
1624	4	14	5	8120	2147483647
1625	3	1	10	8125	2147483647
1626	4	14	5	8130	2147483647
1627	4	14	20	8135	2147483647
1628	3	1	20	8140	2147483647
1629	0	12	15	8145	2147483647
1630	4	14	15	8150	2147483647
1631	4	14	15	8155	2147483647
1632	4	14	15	8160	2147483647
1633	0	12	10	8165	2147483647
1634	3	1	10	8170	2147483647
1635	3	1	20	8175	2147483647
1636	3	1	20	8180	2147483647
1637	3	1	20	8185	2147483647
1638	4	8	5	8190	2147483647
1639	3	1	5	8195	2147483647
1640	4	14	5	8200	2147483647
1641	4	8	15	8205	2147483647
1642	4	8	5	8210	2147483647
1643	3	1	15	8215	2147483647
1644	4	8	15	8220	2147483647
1645	4	14	10	8225	2147483647
1646	4	8	10	8230	2147483647
1647	4	14	10	8235	2147483647
1648	3	1	5	8240	2147483647
1649	4	14	5	8245	2147483647
1650	0	12	5	8250	2147483647
1651	3	1	5	8255	2147483647
1652	0	12	20	8260	2147483647
1653	0	12	15	8265	2147483647
1654	3	1	5	8270	2147483647
1655	3	1	20	8275	2147483647
1656	4	14	5	8280	2147483647
1657	4	14	15	8285	2147483647
1658	4	8	20	8290	2147483647
1659	4	14	15	8295	2147483647
1660	3	1	20	8300	2147483647
1661	4	14	15	8305	2147483647
1662	3	1	5	8310	2147483647
1663	0	12	15	8315	2147483647
1664	4	14	20	8320	2147483647
1665	4	8	5	8325	2147483647
1666	4	8	15	8330	2147483647
1667	4	14	15	8335	2147483647
1668	3	1	20	8340	2147483647
1669	4	14	10	8345	2147483647
1670	3	1	20	8350	2147483647
1671	4	14	15	8355	2147483647
1672	4	14	15	8360	2147483647
1673	4	14	5	8365	2147483647
1674	4	14	15	8370	2147483647
1675	4	14	15	8375	2147483647
1676	4	8	15	8380	2147483647
1677	4	14	5	8385	2147483647
1678	3	1	15	8390	2147483647
1679	4	14	20	8395	2147483647
1680	3	1	20	8400	2147483647
1681	4	14	15	8405	2147483647
1682	3	1	20	8410	2147483647
1683	3	1	15	8415	2147483647
1684	4	14	15	8420	2147483647
1685	3	1	10	8425	2147483647
1686	3	1	20	8430	2147483647
1687	4	14	20	8435	2147483647
1688	4	14	10	8440	2147483647
1689	4	14	10	8445	2147483647
1690	4	14	15	8450	2147483647
1691	4	14	10	8455	2147483647
1692	4	8	20	8460	2147483647
1693	3	1	15	8465	2147483647
1694	0	12	5	8470	2147483647
1695	4	14	15	8475	2147483647
1696	4	14	10	8480	2147483647
1697	4	8	15	8485	2147483647
1698	4	14	15	8490	2147483647
1699	0	12	15	8495	2147483647
1700	3	1	15	8500	2147483647
1701	3	1	15	8505	2147483647
1702	3	1	10	8510	2147483647
1703	4	14	15	8515	2147483647
1704	3	1	10	8520	2147483647
1705	4	8	10	8525	2147483647
1706	3	1	15	8530	2147483647
1707	3	1	15	8535	2147483647
1708	3	1	5	8540	2147483647
1709	3	1	10	8545	2147483647
1710	4	8	10	8550	2147483647
1711	4	14	5	8555	2147483647
1712	3	1	20	8560	2147483647
1713	4	8	5	8565	2147483647
1714	3	1	20	8570	2147483647
1715	3	1	5	8575	2147483647
1716	3	1	15	8580	2147483647
1717	0	12	10	8585	2147483647
1718	4	8	20	8590	2147483647
1719	4	8	10	8595	2147483647
1720	4	14	10	8600	2147483647
1721	4	8	20	8605	2147483647
1722	4	14	10	8610	2147483647
1723	3	1	10	8615	2147483647
1724	4	14	15	8620	2147483647
1725	4	14	15	8625	2147483647
1726	4	14	20	8630	2147483647
1727	3	1	5	8635	2147483647
1728	4	14	20	8640	2147483647
1729	4	14	5	8645	2147483647
1730	4	8	5	8650	2147483647
1731	0	12	5	8655	2147483647
1732	0	12	10	8660	2147483647
1733	4	8	5	8665	2147483647
1734	3	1	10	8670	2147483647
1735	4	14	5	8675	2147483647
1736	4	14	5	8680	2147483647
1737	4	14	5	8685	2147483647
1738	0	12	10	8690	2147483647
1739	4	14	10	8695	2147483647
1740	0	12	20	8700	2147483647
1741	4	8	5	8705	2147483647
1742	3	1	20	8710	2147483647
1743	3	1	20	8715	2147483647
1744	4	14	5	8720	2147483647
1745	4	14	15	8725	2147483647
1746	4	8	10	8730	2147483647
1747	4	14	20	8735	2147483647
1748	4	14	20	8740	2147483647
1749	4	14	20	8745	2147483647
1750	4	8	20	8750	2147483647
1751	3	1	5	8755	2147483647
1752	0	12	15	8760	2147483647
1753	3	1	10	8765	2147483647
1754	3	1	10	8770	2147483647
1755	3	1	20	8775	2147483647
1756	3	1	5	8780	2147483647
1757	4	14	5	8785	2147483647
1758	4	14	5	8790	2147483647
1759	4	14	20	8795	2147483647
1760	3	1	15	8800	2147483647
1761	0	12	15	8805	2147483647
1762	3	1	20	8810	2147483647
1763	3	1	20	8815	2147483647
1764	4	8	10	8820	2147483647
1765	4	8	10	8825	2147483647
1766	4	14	20	8830	2147483647
1767	4	8	20	8835	2147483647
1768	4	14	20	8840	2147483647
1769	3	1	15	8845	2147483647
1770	4	14	5	8850	2147483647
1771	4	14	10	8855	2147483647
1772	4	14	5	8860	2147483647
1773	3	1	15	8865	2147483647
1774	4	8	15	8870	2147483647
1775	3	1	5	8875	2147483647
1776	4	14	20	8880	2147483647
1777	4	14	15	8885	2147483647
1778	4	14	10	8890	2147483647
1779	3	1	5	8895	2147483647
1780	3	1	5	8900	2147483647
1781	4	14	20	8905	2147483647
1782	3	1	5	8910	2147483647
1783	0	12	20	8915	2147483647
1784	4	14	10	8920	2147483647
1785	4	14	5	8925	2147483647
1786	4	14	10	8930	2147483647
1787	3	1	5	8935	2147483647
1788	4	14	20	8940	2147483647
1789	4	14	15	8945	2147483647
1790	3	1	20	8950	2147483647
1791	4	14	5	8955	2147483647
1792	4	14	5	8960	2147483647
1793	3	1	10	8965	2147483647
1794	4	8	20	8970	2147483647
1795	0	12	10	8975	2147483647
1796	4	14	10	8980	2147483647
1797	0	12	5	8985	2147483647
1798	4	8	10	8990	2147483647
1799	3	1	15	8995	2147483647
1800	4	14	20	9000	2147483647
1801	4	8	15	9005	2147483647
1802	4	14	5	9010	2147483647
1803	3	1	5	9015	2147483647
1804	4	14	20	9020	2147483647
1805	3	1	10	9025	2147483647
1806	3	1	20	9030	2147483647
1807	4	14	20	9035	2147483647
1808	3	1	20	9040	2147483647
1809	4	14	10	9045	2147483647
1810	4	14	20	9050	2147483647
1811	4	14	15	9055	2147483647
1812	4	14	15	9060	2147483647
1813	3	1	5	9065	2147483647
1814	4	8	20	9070	2147483647
1815	4	14	15	9075	2147483647
1816	3	1	10	9080	2147483647
1817	3	1	20	9085	2147483647
1818	4	14	10	9090	2147483647
1819	3	1	10	9095	2147483647
1820	4	8	20	9100	2147483647
1821	3	1	15	9105	2147483647
1822	4	8	20	9110	2147483647
1823	4	14	5	9115	2147483647
1824	4	14	15	9120	2147483647
1825	4	14	20	9125	2147483647
1826	4	8	10	9130	2147483647
1827	4	14	20	9135	2147483647
1828	4	8	20	9140	2147483647
1829	4	8	5	9145	2147483647
1830	4	14	15	9150	2147483647
1831	4	14	15	9155	2147483647
1832	3	1	5	9160	2147483647
1833	3	1	15	9165	2147483647
1834	3	1	10	9170	2147483647
1835	3	1	10	9175	2147483647
1836	4	14	20	9180	2147483647
1837	4	14	5	9185	2147483647
1838	4	8	20	9190	2147483647
1839	3	1	5	9195	2147483647
1840	0	12	5	9200	2147483647
1841	3	1	10	9205	2147483647
1842	0	12	5	9210	2147483647
1843	4	14	15	9215	2147483647
1844	3	1	15	9220	2147483647
1845	4	14	10	9225	2147483647
1846	4	8	10	9230	2147483647
1847	0	12	5	9235	2147483647
1848	4	8	15	9240	2147483647
1849	4	14	10	9245	2147483647
1850	3	1	5	9250	2147483647
1851	4	8	15	9255	2147483647
1852	4	8	15	9260	2147483647
1853	4	14	5	9265	2147483647
1854	4	8	20	9270	2147483647
1855	3	1	5	9275	2147483647
1856	4	14	20	9280	2147483647
1857	0	12	20	9285	2147483647
1858	4	14	10	9290	2147483647
1859	4	8	5	9295	2147483647
1860	4	8	20	9300	2147483647
1861	4	14	5	9305	2147483647
1862	3	1	5	9310	2147483647
1863	4	8	15	9315	2147483647
1864	3	1	15	9320	2147483647
1865	4	14	10	9325	2147483647
1866	3	1	10	9330	2147483647
1867	4	8	5	9335	2147483647
1868	0	12	15	9340	2147483647
1869	4	14	10	9345	2147483647
1870	4	14	15	9350	2147483647
1871	3	1	10	9355	2147483647
1872	3	1	20	9360	2147483647
1873	3	1	10	9365	2147483647
1874	3	1	5	9370	2147483647
1875	4	14	15	9375	2147483647
1876	3	1	15	9380	2147483647
1877	3	1	10	9385	2147483647
1878	3	1	15	9390	2147483647
1879	4	8	10	9395	2147483647
1880	4	14	10	9400	2147483647
1881	0	12	10	9405	2147483647
1882	3	1	5	9410	2147483647
1883	3	1	10	9415	2147483647
1884	4	14	5	9420	2147483647
1885	3	1	20	9425	2147483647
1886	3	1	20	9430	2147483647
1887	4	14	20	9435	2147483647
1888	3	1	20	9440	2147483647
1889	4	8	10	9445	2147483647
1890	3	1	15	9450	2147483647
1891	4	14	5	9455	2147483647
1892	4	8	15	9460	2147483647
1893	4	14	20	9465	2147483647
1894	4	8	5	9470	2147483647
1895	4	8	5	9475	2147483647
1896	4	14	5	9480	2147483647
1897	4	14	15	9485	2147483647
1898	3	1	20	9490	2147483647
1899	3	1	10	9495	2147483647
1900	3	1	20	9500	2147483647
1901	4	14	10	9505	2147483647
1902	0	12	10	9510	2147483647
1903	4	8	10	9515	2147483647
1904	4	14	15	9520	2147483647
1905	4	14	15	9525	2147483647
1906	4	14	20	9530	2147483647
1907	4	14	10	9535	2147483647
1908	3	1	5	9540	2147483647
1909	4	8	10	9545	2147483647
1910	4	14	15	9550	2147483647
1911	3	1	10	9555	2147483647
1912	3	1	5	9560	2147483647
1913	3	1	5	9565	2147483647
1914	3	1	15	9570	2147483647
1915	0	12	15	9575	2147483647
1916	3	1	20	9580	2147483647
1917	4	14	20	9585	2147483647
1918	4	14	15	9590	2147483647
1919	4	14	20	9595	2147483647
1920	3	1	10	9600	2147483647
1921	4	14	15	9605	2147483647
1922	4	14	10	9610	2147483647
1923	4	14	10	9615	2147483647
1924	3	1	15	9620	2147483647
1925	4	14	15	9625	2147483647
1926	4	8	15	9630	2147483647
1927	3	1	20	9635	2147483647
1928	4	8	10	9640	2147483647
1929	4	8	20	9645	2147483647
1930	0	12	10	9650	2147483647
1931	3	1	20	9655	2147483647
1932	4	14	10	9660	2147483647
1933	4	8	10	9665	2147483647
1934	4	14	15	9670	2147483647
1935	4	14	5	9675	2147483647
1936	0	12	5	9680	2147483647
1937	4	8	20	9685	2147483647
1938	4	14	20	9690	2147483647
1939	4	14	10	9695	2147483647
1940	3	1	5	9700	2147483647
1941	4	14	15	9705	2147483647
1942	3	1	20	9710	2147483647
1943	4	8	15	9715	2147483647
1944	3	1	20	9720	2147483647
1945	0	12	5	9725	2147483647
1946	3	1	20	9730	2147483647
1947	4	14	15	9735	2147483647
1948	3	1	10	9740	2147483647
1949	4	8	15	9745	2147483647
1950	4	14	5	9750	2147483647
1951	4	14	10	9755	2147483647
1952	4	8	5	9760	2147483647
1953	4	14	5	9765	2147483647
1954	4	14	20	9770	2147483647
1955	4	14	10	9775	2147483647
1956	4	8	5	9780	2147483647
1957	3	1	20	9785	2147483647
1958	4	14	15	9790	2147483647
1959	4	8	5	9795	2147483647
1960	4	14	20	9800	2147483647
1961	3	1	20	9805	2147483647
1962	3	1	20	9810	2147483647
1963	4	8	10	9815	2147483647
1964	4	8	20	9820	2147483647
1965	3	1	15	9825	2147483647
1966	4	14	5	9830	2147483647
1967	4	8	20	9835	2147483647
1968	4	14	10	9840	2147483647
1969	4	14	10	9845	2147483647
1970	0	12	10	9850	2147483647
1971	4	8	5	9855	2147483647
1972	3	1	20	9860	2147483647
1973	4	14	5	9865	2147483647
1974	4	8	15	9870	2147483647
1975	4	14	15	9875	2147483647
1976	4	8	15	9880	2147483647
1977	3	1	15	9885	2147483647
1978	3	1	15	9890	2147483647
1979	3	1	10	9895	2147483647
1980	3	1	15	9900	2147483647
1981	3	1	5	9905	2147483647
1982	4	14	15	9910	2147483647
1983	4	8	20	9915	2147483647
1984	3	1	15	9920	2147483647
1985	4	8	20	9925	2147483647
1986	3	1	20	9930	2147483647
1987	0	12	10	9935	2147483647
1988	3	1	10	9940	2147483647
1989	4	14	10	9945	2147483647
1990	3	1	5	9950	2147483647
1991	4	14	10	9955	2147483647
1992	3	1	5	9960	2147483647
1993	3	1	15	9965	2147483647
1994	4	14	10	9970	2147483647
1995	0	12	10	9975	2147483647
1996	4	8	15	9980	2147483647
1997	4	8	15	9985	2147483647
1998	4	8	15	9990	2147483647
1999	4	14	5	9995	2147483647
