0	3	1	45	0	2953
1	4	14	35	13	4851
2	4	8	30	26	1128
3	3	1	45	39	4627
4	4	14	30	52	880
5	3	1	45	65	585
6	3	1	30	78	81
7	4	14	45	91	388
8	4	14	35	104	4230
9	3	1	35	117	1911
10	3	1	45	130	4553
11	3	1	45	143	1941
12	3	1	35	156	782
13	3	1	45	169	587
14	4	14	50	182	4378
15	4	14	35	195	2207
16	4	14	30	208	8951
17	4	14	50	221	2431
18	4	14	35	234	629
19	4	14	35	247	2275
20	4	14	50	260	1462
21	3	1	35	273	6754
22	4	14	50	286	4368
23	4	14	45	299	1925
24	4	14	50	312	9727
25	3	1	45	325	15381
26	4	8	45	338	3976
27	3	1	35	351	2235
28	4	14	30	364	3931
29	4	8	45	400	2571
30	3	1	30	410	4664
31	4	14	30	420	5058
32	3	1	50	430	2766
33	4	14	50	440	2574
34	0	12	45	450	399
35	3	1	30	460	4457
36	4	8	45	470	4720
37	4	14	35	480	1499
38	4	8	50	490	1981
39	3	1	45	500	6195
40	4	14	50	510	5470
41	4	14	50	520	2643
42	3	1	35	530	7763
43	0	12	45	540	2885
44	4	14	50	550	5335
45	3	1	35	560	1663
46	3	1	30	570	6879
47	4	14	35	580	3886
48	3	1	45	590	1693
49	4	14	35	600	5138
50	3	1	30	610	5330
51	0	12	50	620	5581
52	3	1	45	630	12151
53	4	14	30	640	6891
54	4	14	35	650	2002
55	0	12	30	660	4908
56	4	14	35	670	155
57	3	1	45	680	7972
58	3	1	50	690	5938
59	4	14	35	700	988
60	4	8	50	710	2822
61	4	14	50	720	3586
62	4	14	35	730	2516
63	3	1	50	740	786
64	4	8	30	750	4703
65	4	14	35	760	13078
66	0	12	45	800	8662
67	4	14	45	810	4855
68	3	1	50	820	169
69	4	8	45	830	20116
70	4	14	50	840	5256
71	4	14	45	850	3477
72	4	14	30	860	267
73	3	1	50	870	1773
74	4	14	35	880	4665
75	4	14	30	890	6919
76	0	12	30	900	12758
77	4	14	30	910	653
78	0	12	45	920	4148
79	4	14	35	930	3393
80	4	14	45	940	686
81	4	8	35	950	33
82	0	12	45	960	346
83	4	14	45	970	9310
84	4	14	45	980	5358
85	3	1	35	990	11004
86	4	8	45	1000	5802
87	4	14	50	1010	4529
88	4	14	35	1020	337
89	4	14	45	1030	1964
90	4	14	50	1040	4017
91	4	14	50	1050	7065
92	4	8	45	1060	3098
93	4	14	35	1070	753
94	4	8	45	1080	1321
95	4	14	30	1090	665
96	4	14	35	1100	67
97	0	12	45	1110	4532
98	4	14	45	1120	6912
99	4	14	45	1130	5959
100	4	8	45	1140	2427
101	4	14	35	1150	502
102	3	1	35	1160	3469
103	3	1	50	1170	1733
104	4	14	35	1180	19296
105	4	14	45	1190	675
106	3	1	50	1200	4652
107	0	12	45	1210	3605
108	4	14	50	1220	570
109	4	14	35	1230	3386
110	0	12	30	1240	5514
111	4	14	30	1250	8737
112	4	8	30	1260	984
113	4	14	35	1270	900
114	4	14	50	1280	252
115	4	14	45	1290	2754
116	4	14	30	1300	2846
117	0	12	45	1310	3324
118	4	14	30	1320	2321
119	4	14	50	1330	5631
120	4	14	45	1340	874
121	4	8	50	1350	930
122	4	14	35	1360	3892
123	3	1	35	1370	4239
124	3	1	50	1380	1783
125	4	14	30	1390	9300
126	4	14	50	1400	170
127	0	12	45	1410	8941
128	3	1	30	1420	319
129	4	14	35	1430	3064
130	0	12	45	1440	6560
131	4	14	35	1450	1318
132	0	12	45	1460	1591
133	4	8	30	1470	8189
134	3	1	45	1480	497
135	4	8	30	1490	162
136	4	14	50	1500	2237
137	4	14	45	1510	5254
138	0	12	35	1520	9654
139	4	14	50	1530	3494
140	4	14	45	1540	1143
141	4	8	30	1550	752
142	4	14	50	1560	3148
143	4	8	30	1570	2851
144	4	14	45	1600	4086
145	4	14	45	1610	5486
146	3	1	50	1620	3774
147	3	1	30	1630	1647
148	4	14	45	1640	468
149	4	8	30	1650	6121
150	4	14	50	1660	4132
151	4	14	50	1670	2407
152	4	8	35	1680	1085
153	4	8	50	1690	277
154	4	8	50	1700	3452
155	4	14	45	1710	1136
156	4	14	30	1720	2739
157	4	14	50	1730	10440
158	4	14	30	1740	19335
159	4	14	35	1750	376
160	4	14	45	1760	483
161	3	1	30	1770	6328
162	4	14	35	1780	2913
163	4	14	35	1790	3642
164	4	14	45	1800	5793
165	0	12	45	1810	2519
166	4	14	45	1820	3276
167	4	14	50	1830	1706
168	3	1	45	1840	353
169	4	14	45	1850	86
170	0	12	45	1860	287
171	4	8	45	1870	6020
172	4	14	35	1880	4244
173	4	14	35	1890	7802
174	4	14	30	1900	2826
175	3	1	45	1910	100
176	3	1	50	1920	4347
177	4	14	35	1930	476
178	4	14	45	1940	54
179	4	14	30	1950	3801
180	3	1	30	1960	1377
181	3	1	50	1970	4870
182	4	8	50	1980	6102
183	0	12	30	1990	1387
184	0	12	45	2000	8870
185	4	8	50	2009	1746
186	4	14	50	2018	176
187	4	14	45	2027	1211
188	4	8	35	2036	1385
189	3	1	50	2045	8147
190	4	8	50	2054	3139
191	0	12	30	2063	2788
192	4	14	45	2072	5374
193	0	12	50	2081	6876
194	4	14	35	2090	2529
195	4	14	35	2099	2422
196	3	1	45	2108	4249
197	4	8	45	2117	11760
198	3	1	35	2126	5461
199	4	14	50	2135	758
200	4	14	50	2144	829
201	3	1	50	2153	1223
202	4	14	35	2162	1166
203	4	8	50	2171	373
204	4	8	45	2180	5010
205	4	14	35	2189	8042
206	4	14	35	2198	6405
207	3	1	30	2207	1910
208	3	1	45	2216	3287
209	3	1	30	2225	3224
210	4	14	45	2234	3514
211	3	1	50	2243	1935
212	4	8	30	2252	9769
213	4	8	50	2261	1903
214	3	1	30	2270	6404
215	4	14	50	2279	2109
216	4	8	35	2288	48
217	4	14	35	2297	1014
218	4	14	50	2306	4904
219	3	1	45	2315	2119
220	3	1	45	2324	2207
221	4	14	50	2333	1414
222	4	14	45	2342	224
223	4	8	45	2351	968
224	3	1	50	2360	2597
225	4	14	45	2369	3350
226	3	1	50	2400	158
227	4	14	45	2409	7161
228	4	14	30	2418	1971
229	4	8	50	2427	215
230	4	8	30	2436	1851
231	4	8	35	2445	5029
232	4	8	50	2454	1832
233	4	14	50	2463	7347
234	4	14	30	2472	2221
235	4	14	30	2481	112
236	3	1	35	2490	2399
237	0	12	50	2499	4729
238	4	14	45	2508	3459
239	3	1	35	2517	101
240	4	8	45	2526	3242
241	3	1	50	2535	4355
242	4	14	50	2544	4828
243	3	1	30	2553	5378
244	4	14	30	2562	1341
245	4	14	30	2571	698
246	4	14	50	2580	3556
247	4	14	45	2589	1787
248	3	1	45	2598	90
249	3	1	35	2607	242
250	3	1	30	2616	2335
251	4	14	35	2625	2250
252	3	1	45	2634	1100
253	4	14	50	2643	1622
254	3	1	35	2652	5523
255	4	8	50	2661	8805
256	4	14	35	2670	937
257	3	1	45	2679	154
258	4	14	30	2688	3780
259	4	8	50	2697	635
260	3	1	35	2706	7022
261	4	14	50	2715	13439
262	3	1	30	2724	18700
263	4	8	50	2733	2836
264	3	1	30	2742	808
265	3	1	35	2751	8132
266	4	8	30	2760	64
267	3	1	35	2800	300
268	3	1	45	2812	12185
269	4	14	50	2824	5886
270	0	12	35	2836	12740
271	0	12	35	2848	1533
272	4	14	50	2860	4144
273	3	1	45	2872	4576
274	4	8	50	2884	7749
275	4	14	50	2896	5721
276	4	8	30	2908	3634
277	4	8	45	2920	1514
278	3	1	35	2932	10647
279	4	14	45	2944	1527
280	4	8	50	2956	15329
281	3	1	35	2968	4538
282	3	1	50	2980	6656
283	3	1	45	2992	1603
284	4	14	50	3004	3768
285	3	1	45	3016	11267
286	4	14	50	3028	2577
287	4	8	50	3040	139
288	4	8	45	3052	386
289	3	1	35	3064	3078
290	0	12	50	3076	6833
291	4	14	45	3088	2132
292	3	1	45	3100	342
293	3	1	45	3112	2262
294	4	14	50	3124	881
295	4	8	50	3136	3567
296	0	12	45	3148	4467
297	3	1	30	3160	858
298	0	12	50	3200	3251
299	4	8	50	3209	2150
300	4	14	30	3218	622
301	3	1	35	3227	2907
302	3	1	50	3236	2096
303	4	14	45	3245	1161
304	4	8	50	3254	422
305	3	1	45	3263	528
306	4	14	35	3272	6150
307	4	14	50	3281	3275
308	4	14	50	3290	2596
309	4	14	35	3299	17643
310	4	14	50	3308	1383
311	3	1	50	3317	8969
312	0	12	30	3326	455
313	0	12	45	3335	1391
314	4	8	30	3344	738
315	4	14	50	3353	644
316	3	1	50	3362	671
317	4	14	35	3371	4320
318	3	1	30	3380	9119
319	0	12	35	3389	1112
320	4	14	35	3398	2004
321	4	14	30	3407	16034
322	4	8	50	3416	15703
323	4	14	35	3425	2148
324	4	14	30	3434	12115
325	0	12	50	3443	3152
326	4	14	45	3452	1078
327	3	1	35	3461	958
328	3	1	45	3470	2644
329	0	12	30	3479	1235
330	4	14	30	3488	368
331	4	14	50	3497	2068
332	4	8	45	3506	5688
333	3	1	45	3515	2889
334	4	14	45	3524	761
335	4	14	35	3533	2477
336	4	8	45	3542	1261
337	4	14	30	3551	3271
338	4	8	45	3560	1044
339	4	8	30	3569	2664
340	3	1	35	3578	674
341	4	14	50	3587	9905
342	3	1	30	3600	3254
343	4	14	30	3608	440
344	4	14	35	3616	1120
345	4	14	30	3624	10363
346	4	14	35	3632	1458
347	4	8	30	3640	6209
348	3	1	35	3648	1222
349	4	8	50	3656	201
350	4	14	50	3664	2287
351	4	8	35	3672	49
352	4	14	30	3680	1400
353	0	12	45	3688	1505
354	3	1	45	3696	87
355	4	14	30	3704	708
356	3	1	35	3712	3074
357	3	1	35	3720	19484
358	0	12	45	3728	1428
359	4	8	30	3736	3238
360	4	14	50	3744	8738
361	3	1	30	3752	3394
362	3	1	35	3760	313
363	3	1	45	3768	951
364	4	14	35	3776	9201
365	4	8	50	3784	8779
366	4	8	30	3792	579
367	4	14	45	3800	3598
368	4	8	50	3808	513
369	3	1	45	3816	4908
370	4	14	35	3824	8421
371	4	14	50	3832	3624
372	4	14	50	3840	2252
373	3	1	50	3848	2119
374	3	1	30	3856	367
375	0	12	45	3864	2601
376	3	1	50	3872	2214
377	3	1	50	3880	8351
378	4	8	30	3888	751
379	0	12	30	3896	107
380	4	8	35	3904	1096
381	3	1	45	3912	2377
382	4	14	50	3920	11962
383	3	1	45	3928	2280
384	3	1	35	3936	7094
385	4	14	50	3944	315
386	4	14	50	3952	459
387	4	8	30	3960	2356
388	0	12	50	3968	2714
389	4	8	45	4000	44
390	3	1	30	4009	10383
391	3	1	30	4018	1303
392	4	14	45	4027	1195
393	0	12	45	4036	4495
394	3	1	30	4045	3653
395	4	14	30	4054	3499
396	4	8	45	4063	7345
397	4	14	35	4072	1692
398	4	14	50	4081	914
399	3	1	35	4090	1758
400	3	1	50	4099	6244
401	4	8	45	4108	4983
402	0	12	35	4117	4406
403	0	12	45	4126	3252
404	3	1	45	4135	749
405	4	14	50	4144	7320
406	3	1	35	4153	3485
407	3	1	30	4162	8617
408	3	1	35	4171	1024
409	4	8	30	4180	3137
410	3	1	30	4189	5345
411	4	14	45	4198	4318
412	3	1	30	4207	6883
413	4	14	45	4216	1279
414	0	12	45	4225	1514
415	4	8	35	4234	2314
416	4	14	30	4243	3894
417	0	12	45	4252	4095
418	4	8	30	4261	1920
419	0	12	35	4270	6947
420	3	1	30	4279	6059
421	0	12	30	4288	4682
422	4	14	45	4297	424
423	0	12	35	4306	464
424	4	8	45	4315	6082
425	0	12	35	4324	3665
426	3	1	30	4333	1647
427	3	1	35	4342	5636
428	4	14	50	4351	6695
429	3	1	50	4360	2809
430	4	14	50	4369	4058
431	3	1	45	4378	333
432	4	14	50	4387	4454
433	3	1	50	4400	6759
434	4	14	30	4410	1079
435	4	14	45	4420	2998
436	3	1	35	4430	6064
437	4	14	35	4440	1998
438	4	14	30	4450	1224
439	4	14	35	4460	18715
440	4	8	35	4470	2726
441	3	1	50	4480	1016
442	4	14	45	4490	989
443	4	14	50	4500	11906
444	4	14	35	4510	1279
445	3	1	35	4520	1232
446	4	8	50	4530	2443
447	4	14	30	4540	16683
448	0	12	50	4550	1783
449	3	1	45	4560	694
450	4	8	50	4570	12960
451	4	8	30	4580	891
452	4	14	30	4590	13266
453	4	14	35	4600	1915
454	4	8	35	4610	3428
455	3	1	45	4620	422
456	3	1	50	4630	3783
457	0	12	50	4640	3266
458	4	14	30	4650	5968
459	3	1	35	4660	3384
460	3	1	50	4670	2788
461	4	14	30	4680	6995
462	3	1	30	4690	296
463	4	14	35	4700	5111
464	3	1	30	4710	9462
465	4	14	45	4720	4282
466	4	8	45	4730	17920
467	4	14	35	4740	22
468	4	8	35	4750	151
469	4	8	50	4760	6201
470	4	14	30	4800	4302
471	4	14	50	4809	1040
472	4	8	35	4818	1893
473	3	1	45	4827	1981
474	4	14	50	4836	1600
475	4	14	30	4845	3245
476	3	1	35	4854	2544
477	4	14	50	4863	657
478	4	8	50	4872	7228
479	4	14	30	4881	2905
480	4	14	35	4890	616
481	4	14	30	4899	1741
482	3	1	35	4908	2016
483	4	14	30	4917	4233
484	3	1	30	4926	3138
485	3	1	50	4935	2302
486	4	14	35	4944	494
487	4	14	45	4953	1376
488	3	1	45	4962	1097
489	3	1	45	4971	585
490	3	1	45	4980	9895
491	3	1	35	4989	1006
492	4	14	35	4998	3850
493	3	1	50	5007	4719
494	4	8	45	5016	2683
495	4	8	35	5025	4412
496	4	14	45	5034	663
497	4	14	35	5043	2754
498	4	8	50	5052	175
499	4	14	50	5061	3834
500	3	1	45	5070	1294
501	4	8	35	5079	2401
502	3	1	50	5088	11772
503	4	14	50	5097	3393
504	4	14	45	5106	2776
505	3	1	30	5115	5264
506	0	12	45	5124	6918
507	4	8	35	5133	3404
508	0	12	35	5142	208
509	3	1	30	5151	80
510	4	14	30	5160	3973
511	3	1	30	5169	2464
512	4	14	30	5178	5122
513	4	8	50	5200	1197
514	3	1	50	5210	2234
515	4	14	50	5220	645
516	3	1	45	5230	2249
517	4	14	30	5240	2168
518	3	1	35	5250	782
519	4	14	30	5260	2527
520	3	1	35	5270	3113
521	3	1	30	5280	4783
522	4	14	50	5290	5805
523	4	14	50	5300	9251
524	4	14	30	5310	8225
525	4	8	45	5320	2294
526	4	14	45	5330	3775
527	4	14	45	5340	4614
528	4	8	30	5350	9288
529	3	1	45	5360	4333
530	0	12	35	5370	2062
531	3	1	30	5380	14420
532	4	14	30	5390	460
533	3	1	50	5400	990
534	3	1	35	5410	1096
535	4	14	50	5420	4704
536	4	8	30	5430	2081
537	3	1	45	5440	6949
538	4	14	35	5450	661
539	4	14	50	5460	6683
540	3	1	35	5470	3818
541	3	1	50	5480	3134
542	4	14	30	5490	1099
543	0	12	35	5500	994
544	3	1	35	5510	2825
545	4	14	45	5520	2433
546	4	14	30	5530	2774
547	4	14	45	5540	1781
548	4	14	50	5550	1229
549	3	1	50	5560	1660
550	4	14	50	5600	1087
551	0	12	45	5607	5301
552	4	8	50	5614	1543
553	3	1	45	5621	3417
554	3	1	45	5628	314
555	4	14	45	5635	3459
556	3	1	45	5642	4629
557	4	14	30	5649	189
558	4	8	45	5656	4812
559	3	1	50	5663	264
560	3	1	45	5670	515
561	4	8	50	5677	594
562	4	14	35	5684	4448
563	3	1	50	5691	1972
564	4	8	45	5698	3838
565	3	1	50	5705	4278
566	4	14	30	5712	1731
567	4	8	30	5719	2795
568	4	14	35	5726	76
569	4	14	30	5733	5335
570	4	14	45	5740	5438
571	0	12	50	5747	3726
572	4	14	45	5754	1237
573	3	1	35	5761	1821
574	3	1	50	5768	7681
575	4	14	45	5775	24215
576	4	14	30	5782	2444
577	4	14	35	5789	3156
578	3	1	35	5796	2006
579	4	14	45	5803	2153
580	3	1	45	5810	11010
581	4	8	30	5817	1158
582	4	14	45	5824	2177
583	4	14	35	5831	3303
584	4	14	50	5838	2202
585	0	12	50	5845	4417
586	4	8	35	5852	4229
587	3	1	35	5859	3056
588	4	14	35	5866	620
589	3	1	50	5873	4326
590	4	8	35	5880	23
591	3	1	30	5887	1781
592	4	8	30	5894	530
593	3	1	45	5901	370
594	3	1	35	5908	4697
595	4	8	35	5915	2591
596	3	1	35	5922	8224
597	4	8	35	5929	7614
598	4	14	50	5936	3696
599	4	14	35	5943	7580
600	4	14	35	5950	441
601	3	1	30	5957	23862
602	4	14	30	5964	1664
603	0	12	50	6000	3004
604	4	14	30	6011	3630
605	4	14	50	6022	3998
606	4	8	30	6033	2526
607	4	14	35	6044	12352
608	4	14	50	6055	5107
609	3	1	30	6066	325
610	4	8	45	6077	518
611	4	14	30	6088	602
612	4	8	45	6099	4219
613	3	1	50	6110	1333
614	4	8	35	6121	546
615	3	1	35	6132	8141
616	3	1	30	6143	5068
617	4	8	30	6154	461
618	4	14	30	6165	13505
619	4	8	45	6176	11853
620	3	1	45	6187	16
621	3	1	45	6198	6794
622	4	8	45	6209	1780
623	3	1	35	6220	1772
624	3	1	50	6231	5247
625	4	8	35	6242	1936
626	4	14	50	6253	2629
627	3	1	50	6264	782
628	0	12	30	6275	4492
629	4	8	35	6286	1890
630	3	1	30	6297	536
631	3	1	45	6308	3729
632	4	14	45	6319	11432
633	3	1	50	6330	3147
634	4	14	30	6341	1495
635	4	14	35	6352	11174
636	4	8	50	6363	9682
637	4	14	50	6400	8889
638	4	14	30	6411	13486
639	4	8	50	6422	6271
640	4	14	45	6433	894
641	3	1	50	6444	4792
642	3	1	45	6455	6709
643	3	1	35	6466	271
644	4	8	35	6477	3100
645	3	1	30	6488	8036
646	4	8	45	6499	4919
647	4	14	30	6510	7351
648	4	8	30	6521	12937
649	4	8	50	6532	6895
650	4	14	30	6543	5682
651	4	8	35	6554	5759
652	3	1	35	6565	8656
653	3	1	30	6576	4254
654	3	1	50	6587	7470
655	3	1	50	6598	1355
656	4	8	35	6609	4066
657	3	1	45	6620	16161
658	3	1	50	6631	6387
659	4	14	45	6642	956
660	4	14	50	6653	650
661	4	14	30	6664	1373
662	4	14	35	6675	1312
663	3	1	35	6686	1689
664	4	14	50	6697	12183
665	4	14	50	6708	2896
666	0	12	45	6719	879
667	4	14	45	6730	452
668	3	1	50	6741	14234
669	4	8	50	6752	837
670	4	8	45	6763	12703
671	3	1	35	6800	7011
672	4	8	50	6810	618
673	3	1	30	6820	766
674	4	8	50	6830	5513
675	4	14	50	6840	1460
676	4	14	30	6850	15
677	4	14	35	6860	1390
678	4	8	30	6870	6828
679	4	8	45	6880	8003
680	4	14	50	6890	4508
681	4	14	50	6900	4097
682	4	8	50	6910	978
683	4	14	30	6920	7671
684	3	1	30	6930	3851
685	3	1	50	6940	1801
686	4	14	35	6950	5109
687	3	1	35	6960	1357
688	4	14	30	6970	4805
689	3	1	35	6980	99
690	4	14	30	6990	1430
691	3	1	30	7000	10564
692	3	1	50	7010	395
693	3	1	35	7020	5592
694	4	8	50	7030	4101
695	4	8	45	7040	9622
696	4	14	35	7050	2168
697	4	14	30	7060	2529
698	3	1	45	7070	480
699	4	8	35	7080	97
700	4	8	45	7090	4417
701	3	1	50	7100	3671
702	3	1	35	7110	8139
703	4	14	30	7120	5906
704	4	14	35	7130	7962
705	4	8	50	7140	10735
706	0	12	35	7150	3867
707	0	12	30	7160	4962
708	4	8	30	7170	9489
709	4	14	50	7200	3102
710	3	1	45	7208	1333
711	3	1	30	7216	1689
712	4	8	45	7224	715
713	4	8	35	7232	10793
714	4	14	50	7240	3077
715	4	8	30	7248	2846
716	3	1	35	7256	305
717	4	14	35	7264	2224
718	0	12	30	7272	5182
719	3	1	30	7280	3565
720	0	12	35	7288	6319
721	4	14	30	7296	9607
722	4	14	45	7304	2095
723	0	12	35	7312	11747
724	3	1	50	7320	8771
725	4	14	35	7328	119
726	4	8	35	7336	5275
727	4	14	45	7344	1979
728	4	8	30	7352	3045
729	4	8	35	7360	7286
730	4	14	35	7368	8734
731	4	14	50	7376	3064
732	4	8	50	7384	796
733	0	12	45	7392	6328
734	0	12	30	7400	873
735	3	1	30	7408	313
736	3	1	45	7416	5908
737	4	8	45	7424	2358
738	0	12	45	7432	18300
739	4	8	35	7440	4639
740	3	1	35	7448	5431
741	4	14	30	7456	41
742	0	12	30	7464	1919
743	4	8	30	7472	695
744	4	14	45	7480	5405
745	3	1	30	7488	12493
746	3	1	45	7496	5791
747	0	12	45	7504	704
748	3	1	45	7512	974
749	4	8	45	7520	567
750	4	14	35	7528	7238
751	4	8	30	7536	19281
752	4	14	30	7544	5426
753	0	12	35	7552	2962
754	4	8	50	7560	1046
755	3	1	35	7568	5694
756	4	14	35	7576	857
757	3	1	50	7600	10221
758	3	1	35	7610	8589
759	4	8	30	7620	7180
760	4	14	45	7630	888
761	4	8	50	7640	1042
762	4	14	30	7650	783
763	4	8	50	7660	283
764	4	14	45	7670	4224
765	4	14	45	7680	5516
766	4	8	30	7690	716
767	4	8	50	7700	1843
768	4	8	30	7710	5334
769	3	1	45	7720	2474
770	4	14	45	7730	5349
771	4	8	45	7740	3955
772	4	14	50	7750	2297
773	4	14	50	7760	162
774	4	8	45	7770	7512
775	4	8	35	7780	6122
776	4	14	30	7790	3005
777	4	14	35	7800	1140
778	4	8	45	7810	921
779	4	8	50	7820	10778
780	3	1	45	7830	1229
781	4	8	45	7840	3385
782	3	1	50	7850	765
783	4	8	35	7860	2048
784	3	1	50	7870	7
785	4	14	35	7880	9031
786	0	12	50	7890	6295
787	4	8	35	7900	4283
788	4	14	45	7910	3323
789	3	1	50	7920	2298
790	4	14	50	7930	8565
791	4	14	45	7940	7571
792	4	14	35	7950	3304
793	4	14	35	7960	677
794	4	8	45	7970	2672
795	4	8	45	7980	2881
796	4	14	30	8000	7149
797	4	14	35	8012	1499
798	3	1	45	8024	2832
799	4	8	30	8036	19802
800	4	8	50	8048	6278
801	0	12	50	8060	2014
802	4	14	45	8072	2213
803	0	12	50	8084	5625
804	3	1	30	8096	2008
805	3	1	50	8108	934
806	4	14	30	8120	3238
807	0	12	30	8132	4852
808	4	14	50	8144	4509
809	4	14	45	8156	2366
810	4	14	30	8168	1049
811	0	12	50	8180	11583
812	4	8	30	8192	5042
813	0	12	45	8204	12044
814	4	14	45	8216	3369
815	4	14	30	8228	3956
816	4	14	50	8240	227
817	4	14	45	8252	6002
818	4	14	50	8264	275
819	4	8	30	8276	5655
820	4	14	50	8288	12445
821	0	12	50	8300	2827
822	3	1	30	8312	6537
823	4	14	35	8324	1423
824	4	14	50	8336	3458
825	4	14	30	8348	8760
826	3	1	35	8360	272
827	4	14	35	8372	1320
828	4	14	30	8384	3215
829	0	12	30	8400	1624
830	3	1	30	8411	12063
831	4	14	50	8422	972
832	3	1	50	8433	5399
833	0	12	45	8444	957
834	4	8	50	8455	605
835	4	8	45	8466	8127
836	3	1	50	8477	631
837	4	8	50	8488	2173
838	4	14	35	8499	24
839	0	12	30	8510	6313
840	0	12	30	8521	1664
841	0	12	50	8532	377
842	4	8	45	8543	15885
843	4	14	30	8554	501
844	4	14	45	8565	924
845	4	14	50	8576	11108
846	4	14	35	8587	570
847	4	14	50	8598	3781
848	4	14	50	8609	3532
849	3	1	45	8620	7842
850	3	1	45	8631	2451
851	4	8	35	8642	228
852	4	8	35	8653	1129
853	4	8	35	8664	5554
854	3	1	30	8675	152
855	0	12	50	8686	1342
856	4	14	50	8697	3573
857	0	12	35	8708	536
858	3	1	50	8719	775
859	3	1	30	8730	2826
860	0	12	35	8741	614
861	4	14	50	8752	1280
862	3	1	50	8763	651
863	4	14	50	8774	1676
864	4	14	45	8785	2736
865	4	14	35	8800	60
866	4	14	30	8812	912
867	4	8	45	8824	2801
868	4	14	45	8836	6647
869	3	1	30	8848	4821
870	3	1	30	8860	2631
871	3	1	30	8872	4042
872	4	14	35	8884	5895
873	4	14	45	8896	1274
874	0	12	50	8908	2154
875	3	1	50	8920	8021
876	4	14	35	8932	2983
877	3	1	30	8944	4647
878	4	14	45	8956	391
879	0	12	50	8968	4097
880	0	12	45	8980	5629
881	3	1	45	8992	2422
882	4	14	35	9004	4744
883	4	8	45	9016	4726
884	4	14	35	9028	8333
885	4	8	45	9040	9030
886	4	14	35	9052	13994
887	4	8	35	9064	18482
888	3	1	35	9076	771
889	0	12	30	9088	7737
890	4	14	45	9100	1304
891	3	1	45	9112	82
892	4	14	50	9124	1113
893	4	8	35	9136	2767
894	4	14	50	9148	4213
895	4	8	30	9160	275
896	3	1	50	9172	11239
897	3	1	50	9200	4072
898	4	8	35	9209	3894
899	4	14	30	9218	848
900	0	12	50	9227	5293
901	3	1	50	9236	3969
902	4	14	35	9245	6462
903	3	1	50	9254	8690
904	4	8	35	9263	1894
905	4	14	45	9272	6908
906	4	8	30	9281	1339
907	3	1	50	9290	14458
908	4	8	35	9299	1627
909	4	14	30	9308	755
910	4	8	45	9317	5697
911	4	8	50	9326	9358
912	4	8	45	9335	131
913	4	8	50	9344	3065
914	3	1	35	9353	5568
915	3	1	50	9362	4660
916	4	14	35	9371	3463
917	4	8	35	9380	2443
918	0	12	35	9389	2516
919	3	1	50	9398	3666
920	4	8	30	9407	185
921	3	1	45	9416	962
922	4	14	30	9425	1590
923	4	14	35	9434	12383
924	4	14	35	9443	2193
925	0	12	35	9452	2476
926	4	14	30	9461	1997
927	4	14	30	9470	1267
928	4	14	50	9479	3888
929	4	14	50	9488	1722
930	4	14	30	9497	10394
931	4	8	45	9506	8719
932	3	1	45	9515	267
933	4	8	35	9524	9288
934	0	12	30	9533	9508
935	3	1	45	9542	538
936	4	14	35	9551	4234
937	3	1	45	9560	6610
938	0	12	30	9569	1519
939	0	12	45	9578	219
940	4	14	45	9587	3774
941	3	1	45	9600	22848
942	0	12	50	9607	4267
943	3	1	30	9614	13
944	4	14	35	9621	404
945	3	1	50	9628	1877
946	4	8	30	9635	17702
947	4	14	30	9642	4919
948	4	14	50	9649	5512
949	3	1	50	9656	13195
950	3	1	50	9663	2671
951	4	8	45	9670	2636
952	3	1	35	9677	754
953	4	14	45	9684	89
954	3	1	30	9691	631
955	3	1	30	9698	2935
956	4	14	50	9705	1433
957	0	12	50	9712	7495
958	3	1	35	9719	2494
959	0	12	30	9726	9889
960	4	8	45	9733	2242
961	3	1	30	9740	52
962	3	1	50	9747	1731
963	4	8	45	9754	16622
964	4	14	30	9761	1131
965	0	12	30	9768	8236
966	4	14	30	9775	7301
967	4	14	30	9782	559
968	4	8	50	9789	3956
969	4	14	50	9796	3928
970	4	14	45	9803	142
971	3	1	50	9810	5893
972	4	8	30	9817	608
973	4	14	45	9824	2135
974	4	14	35	9831	18168
975	4	14	45	9838	199
976	3	1	50	9845	3264
977	3	1	50	9852	1570
978	0	12	50	9859	7825
979	3	1	35	9866	195
980	4	14	35	9873	2566
981	4	14	30	9880	4625
982	0	12	30	9887	2965
983	3	1	50	9894	4298
984	3	1	30	9901	7942
985	4	14	45	9908	2340
986	4	14	30	9915	5022
987	4	14	50	9922	173
988	4	14	35	9929	5641
989	3	1	50	9936	1959
990	4	14	50	9943	6965
991	4	14	35	9950	6571
992	4	8	30	10000	1689
993	4	14	30	10013	2045
994	4	14	30	10026	3914
995	3	1	35	10039	3642
996	4	14	45	10052	4146
997	4	14	30	10065	4454
998	3	1	30	10078	5657
999	4	14	35	10091	1012
1000	4	14	45	10104	3069
1001	4	8	50	10117	7794
1002	3	1	30	10130	331
1003	4	14	50	10143	522
1004	3	1	35	10156	10524
1005	4	14	50	10169	5039
1006	0	12	35	10182	1672
1007	3	1	45	10195	5678
1008	0	12	35	10208	133
1009	4	14	35	10221	409
1010	0	12	35	10234	13084
1011	3	1	50	10247	14999
1012	4	14	50	10260	17637
1013	4	14	30	10273	2153
1014	4	8	45	10286	2334
1015	4	8	45	10299	5446
1016	3	1	50	10312	2689
1017	4	8	50	10325	4720
1018	4	14	45	10338	518
1019	3	1	45	10351	6509
1020	3	1	50	10364	684
1021	4	8	35	10400	6364
1022	3	1	45	10410	1877
1023	4	14	50	10420	1101
1024	4	14	30	10430	6453
1025	4	8	30	10440	1037
1026	4	8	45	10450	2223
1027	3	1	30	10460	5399
1028	0	12	45	10470	6232
1029	3	1	50	10480	1988
1030	4	8	30	10490	2065
1031	4	14	45	10500	8695
1032	4	14	50	10510	3355
1033	3	1	45	10520	4030
1034	4	14	45	10530	2868
1035	4	14	45	10540	3828
1036	3	1	50	10550	3722
1037	4	8	30	10560	2050
1038	4	14	45	10570	5246
1039	3	1	30	10580	633
1040	4	14	30	10590	427
1041	4	8	45	10600	12583
1042	3	1	45	10610	38
1043	4	14	50	10620	4298
1044	3	1	35	10630	2215
1045	3	1	50	10640	7541
1046	4	14	45	10650	6831
1047	4	8	30	10660	10533
1048	4	14	35	10670	12708
1049	4	14	45	10680	8494
1050	4	14	45	10690	457
1051	3	1	45	10700	12192
1052	0	12	45	10710	3193
1053	4	8	35	10720	12265
1054	3	1	45	10730	274
1055	3	1	35	10740	5379
1056	4	14	30	10750	2638
1057	4	14	30	10760	7301
1058	4	14	50	10770	1552
1059	3	1	30	10780	4809
1060	4	14	35	10800	1369
1061	4	14	30	10811	3674
1062	3	1	30	10822	13854
1063	4	14	45	10833	4099
1064	3	1	35	10844	4737
1065	3	1	50	10855	315
1066	3	1	30	10866	2101
1067	3	1	35	10877	1740
1068	4	8	45	10888	9392
1069	3	1	50	10899	6996
1070	4	14	50	10910	594
1071	4	8	45	10921	370
1072	3	1	35	10932	13096
1073	4	8	45	10943	14795
1074	4	14	35	10954	4846
1075	4	8	35	10965	894
1076	3	1	45	10976	6178
1077	3	1	50	10987	5033
1078	4	8	35	10998	6762
1079	3	1	30	11009	12191
1080	3	1	35	11020	2108
1081	4	14	45	11031	2758
1082	3	1	45	11042	6100
1083	3	1	30	11053	9590
1084	3	1	35	11064	1333
1085	4	14	35	11075	2396
1086	4	14	50	11086	1639
1087	4	14	35	11097	3811
1088	4	14	50	11108	3362
1089	4	8	30	11119	5922
1090	4	14	45	11130	570
1091	4	14	45	11141	5825
1092	3	1	35	11152	330
1093	3	1	35	11163	126
1094	4	14	45	11174	7763
1095	4	14	50	11185	2775
1096	4	14	35	11200	17787
1097	4	14	50	11212	1838
1098	3	1	35	11224	13355
1099	4	8	45	11236	1719
1100	4	8	45	11248	2315
1101	4	8	35	11260	2508
1102	0	12	45	11272	96
1103	4	8	35	11284	567
1104	0	12	45	11296	5425
1105	4	14	50	11308	79
1106	4	8	35	11320	18583
1107	4	14	30	11332	3420
1108	3	1	50	11344	1156
1109	4	8	35	11356	8042
1110	4	14	45	11368	12212
1111	3	1	35	11380	5828
1112	4	14	50	11392	94
1113	3	1	45	11404	1842
1114	4	14	50	11416	1368
1115	4	14	50	11428	6276
1116	4	8	45	11440	6826
1117	0	12	30	11452	245
1118	3	1	30	11464	1770
1119	4	14	30	11476	1115
1120	4	14	30	11488	5380
1121	3	1	50	11500	6326
1122	3	1	35	11512	6136
1123	0	12	35	11524	566
1124	4	14	35	11536	4724
1125	4	14	30	11548	1855
1126	4	14	35	11560	36
1127	4	14	50	11600	10696
1128	3	1	50	11608	505
1129	4	14	45	11616	902
1130	3	1	50	11624	953
1131	4	14	50	11632	2166
1132	0	12	35	11640	5567
1133	4	14	50	11648	2510
1134	3	1	45	11656	2878
1135	3	1	30	11664	11523
1136	4	14	30	11672	2573
1137	4	8	30	11680	4201
1138	3	1	35	11688	729
1139	4	14	35	11696	1224
1140	3	1	30	11704	2467
1141	4	14	50	11712	5733
1142	3	1	35	11720	1805
1143	4	14	45	11728	4848
1144	4	8	35	11736	6852
1145	4	8	30	11744	1822
1146	0	12	50	11752	5444
1147	4	14	45	11760	4955
1148	3	1	45	11768	5409
1149	4	14	50	11776	267
1150	4	14	35	11784	4580
1151	4	14	35	11792	10561
1152	3	1	45	11800	43
1153	3	1	35	11808	5108
1154	3	1	45	11816	3766
1155	3	1	50	11824	4144
1156	3	1	50	11832	4576
1157	4	14	30	11840	8893
1158	3	1	50	11848	2313
1159	0	12	45	11856	1856
1160	4	14	45	11864	43
1161	4	8	35	11872	244
1162	3	1	30	11880	2434
1163	4	14	35	11888	201
1164	4	14	45	11896	4245
1165	4	8	50	11904	3060
1166	3	1	50	11912	63
1167	4	14	50	11920	3257
1168	0	12	30	11928	7755
1169	3	1	45	11936	1697
1170	4	14	45	11944	1526
1171	4	14	35	11952	737
1172	4	14	45	11960	8937
1173	3	1	50	11968	394
1174	3	1	30	11976	6112
1175	4	14	30	12000	15260
1176	4	8	35	12008	2256
1177	4	14	50	12016	341
1178	4	14	30	12024	1497
1179	4	14	35	12032	1584
1180	4	14	35	12040	3949
1181	4	14	50	12048	1419
1182	3	1	30	12056	841
1183	3	1	50	12064	222
1184	4	14	30	12072	2937
1185	4	14	35	12080	1332
1186	3	1	30	12088	2092
1187	3	1	50	12096	122
1188	3	1	35	12104	7756
1189	4	14	45	12112	8094
1190	4	14	30	12120	1217
1191	4	14	50	12128	3496
1192	4	14	30	12136	947
1193	3	1	45	12144	6345
1194	0	12	50	12152	1166
1195	4	8	45	12160	2049
1196	3	1	45	12168	1458
1197	3	1	50	12176	1507
1198	4	14	50	12184	198
1199	4	14	35	12192	1341
1200	4	14	35	12200	1724
1201	3	1	50	12208	825
1202	4	14	35	12216	7700
1203	0	12	50	12224	2014
1204	4	14	35	12232	5503
1205	4	14	30	12240	2881
1206	0	12	45	12248	145
1207	4	14	50	12256	9947
1208	4	14	35	12264	11128
1209	3	1	35	12272	3998
1210	4	8	35	12280	963
1211	4	14	30	12288	3661
1212	0	12	30	12296	3464
1213	4	14	45	12304	475
1214	0	12	35	12312	5447
1215	4	14	50	12320	4979
1216	4	14	35	12328	8153
1217	4	14	35	12336	2055
1218	4	14	35	12344	3011
1219	4	8	30	12352	1852
1220	4	14	50	12360	544
1221	4	14	50	12368	16915
1222	4	8	45	12400	4828
1223	3	1	45	12409	17797
1224	4	14	45	12418	348
1225	0	12	50	12427	5305
1226	4	8	30	12436	12623
1227	4	8	30	12445	410
1228	3	1	50	12454	7355
1229	3	1	35	12463	1925
1230	3	1	35	12472	4463
1231	4	14	45	12481	498
1232	4	14	50	12490	136
1233	0	12	45	12499	110
1234	0	12	30	12508	15053
1235	3	1	35	12517	2325
1236	0	12	35	12526	2352
1237	4	8	30	12535	6319
1238	3	1	45	12544	1465
1239	4	8	30	12553	27
1240	4	14	50	12562	1138
1241	3	1	30	12571	2697
1242	4	14	45	12580	386
1243	4	14	50	12589	1015
1244	3	1	30	12598	4242
1245	4	14	50	12607	4347
1246	4	14	50	12616	13
1247	0	12	35	12625	416
1248	4	8	35	12634	211
1249	4	8	30	12643	3114
1250	4	8	35	12652	3030
1251	3	1	35	12661	9365
1252	3	1	45	12670	6149
1253	4	14	50	12679	4529
1254	0	12	35	12688	686
1255	4	14	35	12697	1815
1256	4	8	35	12706	2658
1257	3	1	50	12715	8034
1258	4	8	35	12724	1497
1259	4	14	45	12733	51
1260	3	1	50	12742	3247
1261	4	14	45	12751	11130
1262	3	1	30	12760	315
1263	4	14	30	12800	3247
1264	4	14	30	12808	12837
1265	3	1	50	12816	408
1266	4	14	30	12824	3340
1267	4	14	45	12832	3213
1268	4	14	45	12840	581
1269	3	1	30	12848	1443
1270	4	14	35	12856	1244
1271	4	14	30	12864	315
1272	3	1	50	12872	399
1273	4	14	35	12880	2954
1274	3	1	35	12888	525
1275	3	1	50	12896	4051
1276	3	1	35	12904	8950
1277	4	8	45	12912	2590
1278	4	14	35	12920	1629
1279	4	14	45	12928	2183
1280	4	8	50	12936	5256
1281	4	8	45	12944	7823
1282	4	14	45	12952	188
1283	3	1	45	12960	1427
1284	4	8	30	12968	7612
1285	4	8	50	12976	5853
1286	3	1	30	12984	1614
1287	4	8	30	12992	1758
1288	0	12	30	13000	8148
1289	3	1	45	13008	3786
1290	4	8	50	13016	12437
1291	3	1	35	13024	3458
1292	4	8	50	13032	2629
1293	4	14	30	13040	1392
1294	3	1	30	13048	2396
1295	4	14	30	13056	1481
1296	4	8	30	13064	2142
1297	0	12	45	13072	3072
1298	0	12	50	13080	1229
1299	0	12	35	13088	3254
1300	4	8	50	13096	406
1301	4	14	35	13104	2399
1302	4	8	50	13112	13242
1303	4	14	35	13120	5522
1304	3	1	50	13128	1277
1305	3	1	35	13136	2431
1306	0	12	45	13144	6617
1307	4	14	30	13152	1219
1308	4	8	45	13160	3235
1309	3	1	45	13168	2942
1310	3	1	50	13176	2551
1311	0	12	45	13200	35
1312	4	14	35	13210	3030
1313	4	8	45	13220	8885
1314	4	14	45	13230	1322
1315	3	1	35	13240	4782
1316	4	14	50	13250	8904
1317	4	14	35	13260	5980
1318	3	1	30	13270	4884
1319	4	14	30	13280	848
1320	4	8	50	13290	5792
1321	3	1	30	13300	945
1322	4	14	35	13310	4590
1323	3	1	50	13320	2964
1324	4	8	30	13330	1708
1325	4	8	50	13340	4667
1326	3	1	30	13350	3604
1327	3	1	45	13360	6459
1328	4	8	35	13370	297
1329	4	14	30	13380	6717
1330	3	1	50	13390	1004
1331	3	1	50	13400	1767
1332	4	8	50	13410	954
1333	4	14	30	13420	6016
1334	4	14	50	13430	1566
1335	4	8	45	13440	1315
1336	4	14	50	13450	9017
1337	4	8	35	13460	1412
1338	0	12	50	13470	107
1339	3	1	45	13480	2013
1340	4	8	35	13490	12854
1341	4	14	50	13500	287
1342	4	14	35	13510	6458
1343	3	1	45	13520	1715
1344	4	14	50	13530	605
1345	4	8	30	13540	11717
1346	4	14	30	13550	194
1347	4	14	35	13560	3568
1348	4	8	35	13570	49
1349	4	8	50	13580	5597
1350	0	12	35	13600	2161
1351	4	8	45	13607	4074
1352	3	1	45	13614	7112
1353	4	8	45	13621	305
1354	4	14	35	13628	6276
1355	3	1	45	13635	8690
1356	0	12	50	13642	5852
1357	4	14	50	13649	2320
1358	3	1	30	13656	2050
1359	4	8	50	13663	3516
1360	4	14	35	13670	7908
1361	3	1	50	13677	30
1362	3	1	50	13684	848
1363	3	1	45	13691	5406
1364	4	8	45	13698	1419
1365	0	12	50	13705	486
1366	4	14	50	13712	6369
1367	4	14	35	13719	5600
1368	3	1	45	13726	3352
1369	3	1	50	13733	5
1370	3	1	35	13740	6485
1371	3	1	45	13747	3611
1372	4	14	45	13754	5531
1373	4	14	35	13761	1482
1374	4	14	45	13768	1052
1375	3	1	30	13775	4758
1376	3	1	45	13782	2106
1377	3	1	45	13789	1625
1378	3	1	30	13796	1931
1379	0	12	30	13803	2049
1380	3	1	50	13810	4099
1381	4	14	45	13817	14
1382	3	1	35	13824	6218
1383	0	12	35	13831	1532
1384	4	14	50	13838	2017
1385	4	8	35	13845	3501
1386	4	14	35	13852	2986
1387	4	14	30	13859	597
1388	4	14	45	13866	17085
1389	4	8	30	13873	2304
1390	4	8	45	13880	2867
1391	0	12	30	13887	2427
1392	4	14	30	13894	9069
1393	4	14	50	13901	2332
1394	3	1	35	13908	3053
1395	4	14	35	13915	12154
1396	3	1	50	13922	8418
1397	3	1	50	13929	246
1398	3	1	30	13936	205
1399	4	14	50	13943	105
1400	3	1	35	13950	650
1401	0	12	45	14000	1393
1402	4	8	45	14009	92
1403	4	14	35	14018	44
1404	4	14	35	14027	12052
1405	3	1	45	14036	6924
1406	3	1	30	14045	8820
1407	3	1	30	14054	2947
1408	4	14	50	14063	7386
1409	3	1	35	14072	404
1410	0	12	30	14081	2590
1411	4	14	35	14090	2281
1412	3	1	45	14099	235
1413	3	1	30	14108	0
1414	4	14	50	14117	11505
1415	4	8	45	14126	7804
1416	0	12	45	14135	988
1417	4	8	35	14144	8249
1418	4	14	50	14153	1693
1419	4	14	35	14162	5027
1420	4	8	45	14171	3550
1421	4	14	45	14180	4290
1422	4	14	45	14189	5833
1423	3	1	45	14198	554
1424	4	8	35	14207	2690
1425	3	1	35	14216	1707
1426	4	14	35	14225	4791
1427	0	12	45	14234	1468
1428	3	1	50	14243	5979
1429	0	12	35	14252	1309
1430	4	14	30	14261	6805
1431	4	8	45	14270	1720
1432	4	14	45	14279	1335
1433	3	1	30	14288	1766
1434	4	14	45	14297	1155
1435	4	8	35	14306	1705
1436	3	1	30	14315	15824
1437	4	14	50	14324	6015
1438	4	8	30	14333	1832
1439	0	12	30	14342	3405
1440	4	14	35	14351	4730
1441	4	8	30	14360	18
1442	3	1	30	14400	1406
1443	3	1	35	14412	8827
1444	0	12	30	14424	13005
1445	3	1	35	14436	320
1446	3	1	35	14448	2028
1447	3	1	30	14460	9065
1448	4	14	30	14472	2757
1449	4	8	50	14484	4508
1450	3	1	50	14496	5284
1451	4	8	35	14508	21
1452	3	1	30	14520	5017
1453	3	1	45	14532	1629
1454	3	1	35	14544	2302
1455	3	1	50	14556	2710
1456	4	8	50	14568	2991
1457	4	14	30	14580	8950
1458	3	1	30	14592	2946
1459	3	1	30	14604	3699
1460	4	14	35	14616	532
1461	4	8	35	14628	3492
1462	4	8	30	14640	5477
1463	4	14	45	14652	3311
1464	3	1	30	14664	1305
1465	4	14	35	14676	543
1466	4	14	45	14688	653
1467	4	14	45	14700	4817
1468	4	14	35	14712	5531
1469	4	14	45	14724	3631
1470	4	14	35	14736	8382
1471	3	1	50	14748	2328
1472	4	8	35	14760	2816
1473	4	14	45	14772	5912
1474	0	12	30	14800	88
1475	0	12	45	14810	3505
1476	3	1	35	14820	1793
1477	3	1	30	14830	8397
1478	3	1	45	14840	736
1479	4	14	50	14850	2128
1480	4	14	50	14860	11955
1481	4	8	30	14870	6474
1482	0	12	45	14880	6626
1483	0	12	30	14890	419
1484	3	1	35	14900	3158
1485	4	14	45	14910	6692
1486	3	1	45	14920	4029
1487	3	1	50	14930	11918
1488	0	12	50	14940	10076
1489	0	12	50	14950	5689
1490	0	12	35	14960	6867
1491	3	1	30	14970	366
1492	0	12	45	14980	1184
1493	4	14	50	14990	5776
1494	4	8	50	15000	2379
1495	4	14	50	15010	471
1496	4	14	50	15020	1198
1497	4	14	35	15030	5288
1498	4	14	35	15040	3781
1499	4	8	45	15050	7186
1500	4	14	45	15060	10429
1501	4	14	50	15070	4785
1502	4	14	45	15080	636
1503	3	1	35	15090	9271
1504	3	1	35	15100	6418
1505	0	12	30	15110	1380
1506	0	12	30	15120	2771
1507	4	14	45	15130	11444
1508	3	1	45	15140	1499
1509	3	1	45	15150	7692
1510	4	14	35	15160	560
1511	4	14	45	15170	4190
1512	3	1	35	15180	5164
1513	4	14	35	15190	460
1514	4	14	30	15200	4242
1515	4	14	30	15210	1559
1516	4	8	50	15220	5934
1517	4	8	30	15230	4154
1518	4	8	35	15240	68
1519	4	14	35	15250	2510
1520	3	1	50	15260	2711
1521	4	8	50	15270	900
1522	4	14	45	15280	6067
1523	4	14	45	15290	18537
1524	3	1	35	15300	5988
1525	3	1	35	15310	6231
1526	3	1	30	15320	817
1527	3	1	35	15330	5408
1528	4	14	50	15340	1563
1529	3	1	30	15350	9668
1530	4	8	45	15360	1571
1531	4	14	50	15370	3954
1532	4	14	50	15380	1237
1533	4	8	50	15390	1626
1534	4	14	35	15400	2664
1535	4	8	30	15410	1161
1536	3	1	45	15420	4252
1537	4	14	30	15430	9530
1538	4	14	50	15440	1430
1539	3	1	35	15450	1172
1540	4	14	45	15460	1498
1541	4	14	30	15470	4710
1542	4	14	35	15480	4047
1543	3	1	30	15490	271
1544	4	8	45	15500	3956
1545	3	1	45	15510	750
1546	0	12	45	15520	1800
1547	0	12	35	15530	639
1548	0	12	50	15540	467
1549	3	1	45	15550	536
1550	3	1	50	15560	1649
1551	4	14	50	15570	3795
1552	3	1	30	15600	5040
1553	4	14	50	15610	627
1554	4	14	45	15620	1673
1555	4	14	50	15630	5158
1556	4	14	30	15640	9960
1557	0	12	30	15650	682
1558	4	14	50	15660	535
1559	0	12	50	15670	38
1560	4	14	50	15680	453
1561	3	1	45	15690	5683
1562	4	8	45	15700	3862
1563	4	8	35	15710	2055
1564	3	1	50	15720	3011
1565	0	12	35	15730	2795
1566	4	14	50	15740	1932
1567	3	1	45	15750	1983
1568	4	8	30	15760	3895
1569	3	1	30	15770	2055
1570	4	8	45	15780	4413
1571	3	1	45	15790	8023
1572	3	1	35	15800	1694
1573	4	14	50	15810	5757
1574	4	14	50	15820	667
1575	3	1	50	15830	6444
1576	4	8	35	15840	3330
1577	4	8	45	15850	5020
1578	3	1	50	15860	1798
1579	4	8	50	15870	3716
1580	4	8	50	15880	2226
1581	3	1	50	15890	151
1582	3	1	45	15900	3987
1583	0	12	35	15910	882
1584	4	14	35	15920	3402
1585	3	1	50	15930	4978
1586	3	1	45	15940	9702
1587	4	14	30	15950	514
1588	4	8	30	15960	19448
1589	4	8	35	16000	5736
1590	3	1	30	16008	1630
1591	3	1	35	16016	2754
1592	4	14	30	16024	6100
1593	3	1	50	16032	1375
1594	4	14	35	16040	636
1595	4	8	50	16048	3229
1596	4	14	35	16056	302
1597	4	14	50	16064	1069
1598	4	8	30	16072	3076
1599	0	12	30	16080	535
1600	3	1	50	16088	6203
1601	4	14	30	16096	14239
1602	4	14	35	16104	2979
1603	3	1	45	16112	4931
1604	3	1	30	16120	2444
1605	4	8	30	16128	2558
1606	4	8	35	16136	1244
1607	4	14	35	16144	12268
1608	0	12	50	16152	19116
1609	3	1	50	16160	3119
1610	3	1	35	16168	695
1611	3	1	35	16176	903
1612	3	1	30	16184	6333
1613	3	1	30	16192	2937
1614	4	14	50	16200	3495
1615	3	1	50	16208	289
1616	4	8	50	16216	545
1617	0	12	35	16224	2187
1618	4	8	30	16232	7064
1619	4	14	30	16240	6793
1620	4	14	45	16248	3578
1621	4	8	45	16256	1217
1622	0	12	35	16264	2034
1623	0	12	45	16272	7885
1624	4	8	30	16280	277
1625	4	14	35	16288	747
1626	3	1	35	16296	346
1627	0	12	35	16304	223
1628	4	14	35	16312	3827
1629	4	14	50	16320	3662
1630	4	14	35	16328	5201
1631	3	1	45	16336	1604
1632	4	8	35	16344	785
1633	3	1	50	16352	1081
1634	4	14	50	16360	6795
1635	3	1	50	16400	2430
1636	3	1	45	16407	2869
1637	4	14	30	16414	10229
1638	4	14	30	16421	5400
1639	4	14	30	16428	423
1640	4	8	35	16435	2351
1641	3	1	35	16442	12692
1642	4	14	35	16449	553
1643	4	14	35	16456	2397
1644	4	14	30	16463	3686
1645	4	14	45	16470	569
1646	4	14	30	16477	4856
1647	3	1	30	16484	1216
1648	4	14	50	16491	4929
1649	3	1	35	16498	320
1650	4	8	50	16505	2223
1651	4	14	30	16512	4217
1652	3	1	50	16519	2081
1653	4	8	30	16526	5086
1654	4	8	35	16533	3054
1655	4	8	30	16540	2981
1656	4	14	45	16547	3402
1657	4	14	45	16554	4368
1658	4	8	45	16561	4103
1659	4	14	50	16568	1351
1660	4	14	50	16575	1973
1661	0	12	30	16582	958
1662	4	14	50	16589	1647
1663	3	1	50	16596	1989
1664	4	14	35	16603	6726
1665	4	14	50	16610	7064
1666	3	1	30	16617	96
1667	0	12	35	16624	3263
1668	4	14	35	16631	4857
1669	4	8	30	16638	544
1670	4	14	35	16645	3265
1671	4	8	50	16652	917
1672	3	1	30	16659	4562
1673	3	1	30	16666	5216
1674	4	14	45	16673	1864
1675	4	8	30	16680	4010
1676	3	1	35	16687	572
1677	4	8	50	16694	11819
1678	4	8	45	16701	1196
1679	3	1	35	16708	10887
1680	4	14	30	16715	2520
1681	4	14	35	16722	6879
1682	4	8	35	16729	1698
1683	3	1	50	16736	3095
1684	3	1	50	16743	760
1685	4	8	35	16750	316
1686	4	14	50	16757	10354
1687	4	14	35	16764	2455
1688	4	8	35	16771	4853
1689	4	14	45	16778	1379
1690	4	14	30	16800	8565
1691	4	14	50	16810	7520
1692	4	14	35	16820	1319
1693	4	14	35	16830	2420
1694	4	14	35	16840	4965
1695	4	8	35	16850	1052
1696	4	14	45	16860	3876
1697	3	1	35	16870	5346
1698	4	8	30	16880	4052
1699	4	14	30	16890	5933
1700	3	1	45	16900	461
1701	4	14	45	16910	627
1702	4	14	45	16920	3275
1703	3	1	50	16930	3480
1704	3	1	30	16940	2928
1705	4	14	50	16950	1001
1706	4	8	30	16960	14181
1707	0	12	45	16970	4521
1708	3	1	45	16980	1705
1709	0	12	30	16990	9249
1710	4	14	50	17000	1991
1711	3	1	45	17010	3922
1712	3	1	30	17020	2082
1713	4	14	35	17030	4914
1714	4	14	45	17040	6845
1715	4	14	35	17050	3361
1716	4	14	50	17060	8075
1717	4	8	50	17070	6412
1718	4	14	30	17080	987
1719	3	1	30	17090	5355
1720	0	12	30	17100	9378
1721	3	1	50	17110	3329
1722	4	14	50	17120	7722
1723	0	12	45	17130	2120
1724	3	1	50	17140	1123
1725	4	8	35	17150	4959
1726	3	1	45	17160	10309
1727	3	1	45	17170	1026
1728	4	14	50	17200	70
1729	3	1	35	17209	608
1730	3	1	45	17218	50
1731	4	8	50	17227	2017
1732	4	14	50	17236	1490
1733	3	1	35	17245	2657
1734	4	8	50	17254	6978
1735	4	14	35	17263	1555
1736	4	8	45	17272	1214
1737	4	14	35	17281	5789
1738	4	14	50	17290	79
1739	4	14	50	17299	12120
1740	4	14	35	17308	443
1741	4	14	30	17317	1139
1742	3	1	45	17326	473
1743	4	8	35	17335	6475
1744	4	14	45	17344	9190
1745	4	8	45	17353	1191
1746	4	8	50	17362	2329
1747	4	14	30	17371	3410
1748	4	8	50	17380	4027
1749	4	8	50	17389	614
1750	3	1	35	17398	1811
1751	3	1	50	17407	6901
1752	4	14	35	17416	2923
1753	4	14	30	17425	9170
1754	4	14	30	17434	8130
1755	4	14	50	17443	3140
1756	4	8	50	17452	1371
1757	4	14	30	17461	638
1758	4	14	50	17470	1639
1759	3	1	45	17479	6611
1760	3	1	35	17488	1412
1761	4	14	35	17497	5461
1762	3	1	50	17506	4309
1763	0	12	35	17515	922
1764	3	1	45	17524	8774
1765	3	1	30	17533	22137
1766	4	14	50	17542	1506
1767	4	8	45	17551	10126
1768	4	14	35	17560	8548
1769	4	14	30	17569	2750
1770	4	14	45	17578	1464
1771	4	8	35	17587	431
1772	4	8	50	17600	6038
1773	0	12	30	17610	1242
1774	4	14	45	17620	4009
1775	4	8	50	17630	4271
1776	4	8	30	17640	2415
1777	3	1	45	17650	218
1778	0	12	50	17660	2869
1779	3	1	35	17670	17438
1780	4	14	45	17680	1253
1781	4	14	45	17690	1725
1782	3	1	45	17700	3583
1783	3	1	50	17710	8320
1784	4	8	50	17720	6002
1785	4	8	45	17730	845
1786	3	1	45	17740	8400
1787	4	8	50	17750	2124
1788	3	1	35	17760	3832
1789	3	1	50	17770	1321
1790	4	14	45	17780	129
1791	3	1	45	17790	485
1792	4	14	35	17800	2238
1793	3	1	30	17810	948
1794	4	8	45	17820	4247
1795	4	8	50	17830	1786
1796	3	1	30	17840	3550
1797	3	1	35	17850	9450
1798	4	14	45	17860	9784
1799	3	1	45	17870	9350
1800	3	1	50	17880	11507
1801	0	12	30	17890	2944
1802	4	8	45	17900	4706
1803	4	8	50	17910	591
1804	3	1	30	17920	7229
1805	4	8	30	17930	1214
1806	4	8	50	17940	175
1807	3	1	30	17950	1158
1808	0	12	35	17960	1236
1809	4	14	30	17970	956
1810	4	14	50	17980	380
1811	3	1	30	18000	1083
1812	4	14	35	18008	4037
1813	4	14	45	18016	1717
1814	3	1	30	18024	3101
1815	4	14	50	18032	11758
1816	3	1	50	18040	664
1817	4	14	30	18048	6137
1818	4	14	35	18056	2240
1819	4	8	50	18064	4787
1820	4	8	35	18072	504
1821	3	1	50	18080	9284
1822	4	14	35	18088	1449
1823	3	1	35	18096	3672
1824	4	8	45	18104	2504
1825	4	8	30	18112	854
1826	3	1	50	18120	4481
1827	4	14	50	18128	3355
1828	4	14	35	18136	3795
1829	3	1	50	18144	1274
1830	4	14	50	18152	281
1831	4	14	45	18160	3171
1832	4	14	50	18168	602
1833	4	14	30	18176	3751
1834	4	14	45	18184	177
1835	4	14	35	18192	5514
1836	4	14	50	18200	4299
1837	4	8	50	18208	2423
1838	0	12	45	18216	159
1839	4	14	45	18224	2896
1840	0	12	50	18232	639
1841	4	14	35	18240	3934
1842	4	8	45	18248	631
1843	4	14	30	18256	2068
1844	3	1	30	18264	845
1845	4	8	35	18272	6330
1846	4	14	30	18280	2606
1847	4	8	50	18288	331
1848	4	14	30	18296	4456
1849	3	1	50	18304	4911
1850	4	14	30	18312	928
1851	4	14	30	18320	6517
1852	3	1	50	18328	2592
1853	3	1	50	18336	970
1854	4	8	35	18344	6147
1855	4	14	50	18352	171
1856	3	1	45	18400	978
1857	4	14	30	18409	381
1858	4	14	30	18418	4459
1859	4	8	30	18427	4127
1860	4	14	35	18436	3546
1861	3	1	30	18445	2578
1862	4	14	50	18454	4072
1863	3	1	35	18463	19918
1864	4	14	35	18472	625
1865	4	14	30	18481	3134
1866	4	14	35	18490	410
1867	4	14	30	18499	109
1868	4	14	30	18508	1458
1869	4	14	45	18517	6268
1870	0	12	50	18526	1361
1871	4	8	50	18535	4797
1872	4	14	35	18544	5469
1873	0	12	50	18553	9798
1874	4	8	30	18562	3195
1875	4	8	30	18571	2712
1876	3	1	30	18580	5638
1877	4	14	35	18589	9222
1878	4	14	35	18598	2111
1879	4	14	30	18607	4444
1880	3	1	50	18616	5000
1881	4	8	50	18625	3609
1882	4	14	45	18634	9054
1883	4	8	45	18643	9445
1884	4	14	50	18652	271
1885	4	8	50	18661	1225
1886	3	1	45	18670	292
1887	4	8	30	18679	10321
1888	3	1	50	18688	6938
1889	4	14	45	18697	6
1890	3	1	45	18706	3029
1891	4	14	50	18715	3354
1892	4	8	45	18724	6098
1893	4	14	45	18733	2013
1894	4	8	35	18742	10481
1895	4	14	45	18751	4466
1896	4	8	45	18760	17490
1897	3	1	30	18769	664
1898	4	14	50	18800	1198
1899	4	14	50	18810	4168
1900	3	1	30	18820	4776
1901	4	14	30	18830	2403
1902	3	1	50	18840	5947
1903	4	8	35	18850	8494
1904	3	1	50	18860	2169
1905	3	1	30	18870	2841
1906	4	14	45	18880	242
1907	3	1	30	18890	3313
1908	4	8	45	18900	4377
1909	4	14	35	18910	1384
1910	3	1	45	18920	1348
1911	3	1	35	18930	1523
1912	4	14	50	18940	4568
1913	4	8	30	18950	4
1914	4	14	30	18960	10642
1915	4	14	35	18970	20213
1916	3	1	45	18980	3461
1917	3	1	30	18990	5281
1918	4	14	45	19000	10494
1919	4	14	35	19010	8508
1920	3	1	45	19020	2560
1921	3	1	30	19030	761
1922	3	1	35	19040	910
1923	4	14	35	19050	1449
1924	4	8	50	19060	1205
1925	4	8	30	19070	5101
1926	4	8	30	19080	9921
1927	4	14	50	19090	1721
1928	4	14	35	19100	17205
1929	4	14	35	19110	8400
1930	0	12	35	19120	2813
1931	4	14	50	19130	3693
1932	4	14	35	19140	4101
1933	4	8	35	19150	5755
1934	4	8	30	19160	14560
1935	4	14	50	19170	1214
1936	4	14	30	19180	6869
1937	4	14	30	19190	62
1938	4	14	45	19200	2670
1939	3	1	45	19210	3257
1940	4	8	35	19220	918
1941	4	8	45	19230	2831
1942	0	12	35	19240	1198
1943	3	1	45	19250	3028
1944	3	1	50	19260	5028
1945	0	12	30	19270	965
1946	4	14	50	19280	8718
1947	0	12	45	19290	6076
1948	4	8	45	19300	2505
1949	3	1	30	19310	10849
1950	0	12	30	19320	392
1951	4	14	45	19330	1174
1952	4	14	45	19340	1022
1953	4	8	35	19350	1900
1954	4	8	35	19360	767
1955	4	8	50	19370	2967
1956	4	8	45	19380	1141
1957	4	14	35	19390	2539
1958	4	14	45	19400	3871
1959	3	1	50	19410	4789
1960	3	1	30	19420	3588
1961	4	14	45	19430	4938
1962	3	1	45	19440	3439
1963	4	14	30	19450	6199
1964	4	14	50	19460	6195
1965	4	14	45	19470	4599
1966	4	14	30	19480	4499
1967	4	14	45	19490	10004
1968	4	14	50	19500	111
1969	4	14	30	19510	4413
1970	4	14	30	19520	760
1971	4	14	35	19530	3315
1972	4	14	35	19540	1129
1973	3	1	50	19550	1850
1974	3	1	30	19560	4502
1975	3	1	30	19600	13465
1976	3	1	50	19616	9827
1977	4	14	50	19632	4465
1978	3	1	35	19648	3550
1979	4	8	45	19664	187
1980	4	8	30	19680	7177
1981	0	12	45	19696	580
1982	4	14	35	19712	8624
1983	3	1	35	19728	217
1984	3	1	35	19744	6129
1985	3	1	50	19760	1154
1986	4	8	35	19776	1894
1987	4	14	30	19792	1222
1988	4	14	50	19808	3549
1989	4	8	35	19824	2390
1990	3	1	30	19840	54
1991	0	12	45	19856	1725
1992	4	14	45	19872	2013
1993	3	1	50	19888	6224
1994	0	12	45	19904	13388
1995	4	8	45	19920	2742
1996	4	14	50	19936	10663
1997	3	1	30	19952	2548
1998	4	14	45	19968	5441
1999	4	14	30	19984	130
