0	3	1	5	0	14315
1	4	14	5	4	8235
2	4	14	20	8	20441
3	4	14	15	12	13648
4	4	8	20	16	2682
5	3	1	5	20	3456
6	3	1	15	24	5726
7	0	12	5	28	29160
8	3	1	10	32	465
9	3	1	5	36	29180
10	4	14	20	40	2637
11	0	12	10	44	3319
12	4	14	10	48	8784
13	4	14	10	52	28491
14	3	1	5	56	826
15	3	1	15	60	16128
16	3	1	5	64	39574
17	4	14	15	68	731
18	4	14	10	72	2691
19	3	1	10	76	8478
20	4	14	15	80	11612
21	4	14	15	84	3380
22	4	14	10	88	2832
23	3	1	20	92	22958
24	3	1	15	96	13711
25	4	14	10	100	2447
26	4	14	15	104	2047
27	4	14	10	108	1614
28	4	14	10	112	45524
29	4	14	5	116	10366
30	3	1	5	120	3515
31	4	8	15	124	1892
32	4	14	20	128	26137
33	4	14	20	132	2734
34	4	14	15	136	1554
35	3	1	10	140	7519
36	3	1	20	144	3620
37	3	1	15	148	16
38	4	8	5	152	2112
39	4	14	20	156	934
40	3	1	5	160	12912
41	3	1	20	164	9185
42	4	14	10	168	7034
43	0	12	5	172	2686
44	4	14	20	176	12043
45	3	1	15	180	59687
46	4	14	10	184	10939
47	4	14	15	188	2232
48	0	12	5	192	22214
49	3	1	5	196	16778
50	3	1	20	200	6335
51	4	14	15	204	26481
52	3	1	5	208	6844
53	3	1	15	212	28819
54	4	14	5	216	23539
55	4	14	10	220	7199
56	3	1	15	224	4047
57	3	1	20	228	40420
58	4	8	5	232	76731
59	4	14	15	236	191
60	4	14	10	240	1177
61	4	14	10	244	3509
62	4	14	15	248	32704
63	4	14	10	252	7385
64	0	12	20	256	12882
65	4	14	10	260	633
66	3	1	10	264	5260
67	4	14	10	268	4545
68	4	14	20	272	18469
69	4	14	15	276	11025
70	4	14	15	280	7817
71	4	14	10	284	39125
72	4	14	10	288	27359
73	3	1	15	292	1615
74	4	14	10	296	22574
75	3	1	15	300	1068
76	0	12	10	304	19429
77	4	14	10	308	116
78	4	14	5	312	2965
79	3	1	20	316	13974
80	4	14	20	320	10593
81	4	14	5	324	52209
82	4	14	10	328	3991
83	3	1	10	332	3051
84	4	14	10	336	2211
85	4	14	15	340	5430
86	4	14	15	344	14905
87	4	14	10	348	45434
88	0	12	15	352	5065
89	4	14	5	356	13315
90	4	8	15	400	2370
91	4	14	5	405	4193
92	3	1	15	410	37
93	4	14	15	415	1888
94	4	14	10	420	47865
95	4	14	20	425	6239
96	4	14	5	430	11007
97	3	1	5	435	49594
98	0	12	5	440	9381
99	3	1	15	445	10467
100	4	14	5	450	12199
101	3	1	5	455	3989
102	3	1	20	460	5819
103	3	1	10	465	3324
104	3	1	10	470	3846
105	3	1	10	475	7142
106	4	14	5	480	58306
107	4	14	10	485	4430
108	4	14	10	490	765
109	4	14	10	495	17857
110	4	14	5	500	12572
111	4	14	10	505	3886
112	4	14	20	510	16473
113	4	14	5	515	4459
114	4	14	15	520	6734
115	4	14	10	525	1349
116	4	14	5	530	42335
117	4	8	10	535	14852
118	3	1	20	540	4132
119	3	1	5	545	4181
120	4	14	15	550	4989
121	4	14	5	555	5689
122	4	14	15	560	42462
123	4	14	15	565	1467
124	4	14	5	570	6572
125	3	1	15	575	2437
126	4	14	20	580	38197
127	4	14	15	585	16737
128	4	14	5	590	1872
129	4	14	15	595	7003
130	4	14	15	600	7957
131	4	14	10	605	20442
132	4	14	5	610	7555
133	3	1	10	615	12158
134	3	1	15	620	612
135	4	14	20	625	4340
136	4	14	10	630	11079
137	4	14	20	635	502
138	4	8	20	640	36017
139	3	1	20	645	15264
140	3	1	10	650	5577
141	0	12	10	655	6180
142	4	14	20	660	29649
143	3	1	5	665	10132
144	4	14	5	670	255
145	4	14	5	675	27946
146	0	12	5	680	9537
147	3	1	10	685	14158
148	4	14	5	690	15110
149	4	14	5	695	24965
150	3	1	20	700	6847
151	4	14	15	705	26536
152	4	14	5	710	14157
153	4	14	20	715	3423
154	4	14	20	720	3321
155	4	14	5	725	3622
156	4	14	10	730	4485
157	4	14	5	735	3763
158	3	1	10	740	20593
159	3	1	15	745	1137
160	4	14	10	750	8080
161	3	1	15	755	3295
162	3	1	5	760	2152
163	4	14	20	765	11601
164	3	1	20	770	4100
165	4	14	15	775	21355
166	0	12	10	800	19896
167	4	14	10	804	1393
168	4	14	10	808	3623
169	3	1	15	812	1615
170	4	14	20	816	8403
171	0	12	5	820	31848
172	0	12	15	824	17108
173	0	12	5	828	10171
174	4	14	20	832	30689
175	4	14	10	836	33299
176	0	12	5	840	7441
177	3	1	15	844	6145
178	4	14	10	848	1185
179	3	1	20	852	8785
180	4	8	15	856	12110
181	4	14	15	860	3708
182	4	14	15	864	439
183	4	14	5	868	3766
184	4	14	20	872	87
185	4	14	5	876	10826
186	0	12	10	880	1606
187	4	14	5	884	2966
188	4	14	10	888	6032
189	3	1	15	892	18680
190	3	1	15	896	57447
191	4	14	5	900	4870
192	3	1	15	904	2993
193	4	14	10	908	23580
194	4	14	15	912	3132
195	3	1	20	916	1693
196	4	14	5	920	3267
197	3	1	5	924	4207
198	3	1	10	928	3953
199	3	1	15	932	2525
200	4	14	20	936	1172
201	4	14	15	940	6928
202	4	14	5	944	6788
203	4	14	10	948	10705
204	4	14	5	952	5574
205	3	1	15	956	8443
206	4	14	20	960	1681
207	4	14	5	964	1548
208	4	14	5	968	4728
209	4	14	15	972	4351
210	4	14	20	976	19221
211	4	14	15	980	29041
212	3	1	20	984	2310
213	0	12	10	988	4299
214	4	8	5	992	7282
215	3	1	20	996	3045
216	3	1	5	1000	2739
217	4	14	5	1004	27026
218	3	1	5	1008	11373
219	4	14	15	1012	14254
220	4	14	10	1016	14689
221	3	1	5	1020	10712
222	4	14	20	1024	15044
223	3	1	20	1028	7652
224	0	12	20	1032	1730
225	4	14	20	1036	2235
226	4	14	15	1040	14808
227	4	8	10	1044	27609
228	4	14	10	1048	5019
229	4	14	20	1052	18779
230	4	14	5	1056	14420
231	4	14	5	1060	2183
232	0	12	5	1064	1534
233	3	1	20	1068	28157
234	4	14	20	1072	6661
235	4	14	20	1076	2630
236	4	14	10	1080	21537
237	4	14	5	1084	7082
238	0	12	5	1088	27370
239	3	1	5	1092	8368
240	4	14	5	1096	7473
241	3	1	10	1100	50
242	4	14	20	1104	26854
243	4	14	20	1108	1144
244	3	1	15	1112	56132
245	4	14	20	1116	1008
246	4	14	5	1120	2070
247	3	1	5	1124	30253
248	4	14	5	1128	6228
249	3	1	15	1132	67
250	4	14	20	1200	31484
251	4	14	5	1204	5050
252	4	14	5	1208	13799
253	4	14	15	1212	10570
254	4	14	5	1216	7934
255	3	1	20	1220	8381
256	4	14	15	1224	15452
257	3	1	5	1228	38792
258	4	14	10	1232	7304
259	4	14	5	1236	2702
260	4	14	5	1240	19094
261	4	14	15	1244	3151
262	3	1	15	1248	18127
263	4	8	5	1252	9183
264	4	14	15	1256	11142
265	0	12	20	1260	12000
266	4	14	15	1264	18786
267	0	12	5	1268	3790
268	4	8	15	1272	24965
269	4	14	5	1276	3582
270	4	14	10	1280	5937
271	4	14	20	1284	17042
272	4	14	5	1288	69828
273	0	12	20	1292	1402
274	4	14	15	1296	3161
275	4	14	5	1300	14517
276	3	1	5	1304	14334
277	0	12	5	1308	11724
278	4	14	10	1312	7865
279	3	1	5	1316	662
280	4	14	15	1320	138
281	4	14	10	1324	18684
282	3	1	5	1328	8196
283	3	1	15	1332	4918
284	4	14	5	1336	23890
285	3	1	5	1340	5276
286	0	12	20	1344	7916
287	3	1	10	1348	9175
288	3	1	15	1352	6547
289	4	14	5	1356	30822
290	4	14	5	1360	7680
291	4	14	10	1364	24789
292	0	12	20	1368	55086
293	3	1	20	1372	14295
294	4	14	20	1376	14681
295	3	1	10	1380	3176
296	4	14	15	1384	3058
297	4	14	20	1388	5327
298	4	14	5	1392	7988
299	3	1	15	1396	5328
300	3	1	10	1400	4102
301	4	14	5	1404	26231
302	3	1	15	1408	546
303	3	1	5	1412	1904
304	4	14	10	1416	11462
305	3	1	5	1420	2223
306	4	14	5	1424	5104
307	4	14	5	1428	10212
308	3	1	5	1432	5243
309	3	1	20	1436	18280
310	4	14	15	1440	19647
311	4	14	15	1444	1271
312	3	1	20	1448	7841
313	0	12	10	1452	6174
314	4	14	15	1456	2531
315	0	12	20	1460	85
316	3	1	15	1464	15983
317	3	1	20	1468	7021
318	3	1	5	1472	13353
319	4	14	10	1476	3437
320	0	12	20	1480	1938
321	4	8	10	1484	3557
322	4	14	10	1488	22792
323	3	1	10	1492	36382
324	4	14	20	1496	18466
325	4	14	5	1500	8733
326	4	14	20	1504	17557
327	4	14	5	1508	4294
328	3	1	5	1512	6220
329	3	1	5	1516	83162
330	4	14	10	1520	7771
331	4	14	10	1524	4961
332	3	1	20	1528	1774
333	4	14	15	1532	1564
334	3	1	15	1536	17334
335	3	1	10	1540	1586
336	3	1	20	1544	16385
337	4	14	20	1548	5134
338	3	1	10	1600	15318
339	4	14	5	1605	14221
340	3	1	5	1610	112
341	3	1	20	1615	28888
342	3	1	10	1620	2388
343	4	14	20	1625	12209
344	4	14	10	1630	1504
345	3	1	15	1635	5586
346	3	1	10	1640	6000
347	4	14	10	1645	10629
348	4	14	5	1650	8462
349	4	14	5	1655	14396
350	4	14	20	1660	8234
351	4	14	20	1665	18282
352	4	14	15	1670	13944
353	4	14	20	1675	3246
354	3	1	15	1680	2820
355	3	1	5	1685	402
356	4	14	20	1690	456
357	4	14	5	1695	1167
358	4	14	10	1700	5381
359	4	14	10	1705	1241
360	3	1	5	1710	6142
361	4	14	20	1715	560
362	4	14	5	1720	2214
363	4	14	20	1725	5261
364	4	14	15	1730	4371
365	4	14	10	1735	7547
366	3	1	15	1740	39568
367	4	14	10	1745	5309
368	4	14	15	1750	12197
369	4	14	5	1755	823
370	4	14	20	1760	3651
371	4	14	15	1765	5890
372	4	14	10	1770	15359
373	3	1	20	1775	45302
374	4	14	10	1780	3289
375	4	14	5	1785	3280
376	4	14	20	1790	948
377	4	14	15	1795	2856
378	4	14	5	1800	21543
379	3	1	10	1805	6396
380	4	14	15	1810	1581
381	4	14	15	1815	2394
382	3	1	20	1820	19008
383	4	14	20	1825	14682
384	3	1	10	1830	8377
385	3	1	15	1835	14236
386	4	14	15	1840	12648
387	3	1	5	1845	27685
388	3	1	5	1850	29271
389	4	8	15	1855	15761
390	3	1	15	1860	1086
391	4	14	20	1865	12666
392	3	1	15	1870	51857
393	3	1	5	1875	11697
394	4	14	5	1880	4172
395	4	14	5	1885	39791
396	4	14	20	1890	16231
397	3	1	10	1895	20953
398	3	1	5	1900	4862
399	3	1	5	1905	12631
400	4	14	20	1910	6315
401	4	14	5	1915	439
402	3	1	20	1920	35826
403	4	14	5	1925	6951
404	4	14	10	1930	6880
405	4	14	10	1935	1379
406	4	14	10	1940	743
407	3	1	15	1945	14857
408	3	1	10	1950	71005
409	4	14	10	1955	42173
410	3	1	5	1960	37759
411	3	1	10	1965	20945
412	3	1	5	1970	3593
413	4	14	5	1975	35535
414	3	1	15	1980	44145
415	4	14	15	1985	2977
416	3	1	20	1990	3464
417	4	14	5	2000	7454
418	4	14	15	2004	22964
419	4	14	5	2008	11318
420	4	14	15	2012	20273
421	3	1	15	2016	775
422	4	14	5	2020	7060
423	4	14	20	2024	28501
424	3	1	15	2028	46810
425	3	1	5	2032	11309
426	3	1	20	2036	6153
427	4	14	10	2040	1253
428	4	14	20	2044	13801
429	4	14	10	2048	3876
430	3	1	10	2052	8264
431	4	14	15	2056	3459
432	4	14	10	2060	25310
433	3	1	20	2064	2424
434	3	1	10	2068	47
435	3	1	15	2072	1099
436	4	14	15	2076	3158
437	3	1	20	2080	5265
438	4	14	15	2084	3767
439	4	14	20	2088	6008
440	4	14	5	2092	12080
441	4	14	20	2096	34044
442	0	12	20	2100	28014
443	4	14	15	2104	34280
444	4	14	15	2108	17852
445	3	1	5	2112	3631
446	3	1	20	2116	5994
447	4	14	15	2120	470
448	4	8	15	2124	12529
449	4	14	15	2128	921
450	4	14	10	2132	14976
451	4	14	15	2136	3921
452	4	14	15	2140	43380
453	4	14	5	2144	15385
454	4	14	10	2148	21665
455	4	14	10	2152	5107
456	4	14	20	2156	10733
457	3	1	20	2160	521
458	4	14	15	2164	7392
459	4	14	5	2168	20989
460	3	1	10	2172	14747
461	3	1	5	2176	38892
462	3	1	20	2180	324
463	3	1	5	2184	15330
464	3	1	5	2188	7674
465	4	14	10	2192	14711
466	4	14	5	2196	35196
467	4	14	5	2200	946
468	3	1	15	2204	34650
469	4	8	5	2208	26185
470	0	12	20	2212	53426
471	4	14	20	2216	27115
472	3	1	10	2220	2577
473	4	14	15	2224	7362
474	4	14	20	2228	44779
475	3	1	15	2232	24856
476	3	1	20	2236	2083
477	4	14	15	2240	8371
478	4	14	10	2244	1711
479	0	12	10	2248	15218
480	4	14	5	2252	2937
481	4	14	10	2256	5406
482	4	14	20	2260	7200
483	3	1	10	2264	11283
484	4	14	20	2268	9936
485	4	14	15	2272	2966
486	4	14	20	2276	3898
487	4	14	5	2280	2036
488	4	14	10	2284	5120
489	4	14	20	2288	12851
490	3	1	15	2292	8231
491	3	1	20	2296	2512
492	4	14	10	2300	27074
493	4	14	10	2304	7029
494	4	14	15	2308	13918
495	3	1	20	2312	13439
496	3	1	5	2316	29540
497	4	14	15	2320	2408
498	3	1	10	2324	7620
499	4	8	5	2328	839
500	3	1	5	2332	4528
501	4	14	20	2336	4580
502	4	14	20	2340	1187
503	4	14	10	2344	17165
504	4	14	15	2400	1073
505	4	14	10	2404	20400
506	4	14	5	2408	1072
507	4	8	20	2412	8670
508	4	14	5	2416	16469
509	4	14	20	2420	39119
510	4	14	15	2424	2487
511	0	12	5	2428	1117
512	3	1	10	2432	28842
513	4	14	5	2436	16222
514	0	12	5	2440	11266
515	4	14	20	2444	5071
516	4	14	10	2448	8551
517	3	1	10	2452	6479
518	4	14	5	2456	2066
519	4	14	15	2460	3507
520	4	8	10	2464	6727
521	0	12	20	2468	18765
522	3	1	15	2472	15647
523	4	14	15	2476	4058
524	4	14	10	2480	5947
525	4	14	20	2484	19279
526	4	14	15	2488	4
527	3	1	5	2492	16631
528	4	8	20	2496	17746
529	4	14	20	2500	4320
530	4	14	10	2504	38410
531	3	1	5	2508	45556
532	4	14	10	2512	392
533	4	14	10	2516	810
534	4	14	10	2520	6216
535	3	1	10	2524	27606
536	4	14	10	2528	3752
537	4	14	10	2532	14071
538	3	1	15	2536	8905
539	0	12	15	2540	16435
540	4	14	10	2544	1720
541	4	14	20	2548	17270
542	4	14	5	2552	6323
543	4	8	15	2556	5847
544	4	14	10	2560	7621
545	3	1	10	2564	6279
546	4	14	15	2568	3930
547	4	14	5	2572	2006
548	4	14	10	2576	21578
549	4	14	15	2580	5018
550	4	14	15	2584	2150
551	4	8	20	2588	8257
552	0	12	15	2592	287
553	4	14	15	2596	2929
554	4	14	15	2600	12207
555	3	1	5	2604	8900
556	3	1	5	2608	10663
557	4	14	5	2612	19754
558	3	1	5	2616	5543
559	0	12	20	2620	4044
560	4	14	15	2624	20377
561	3	1	5	2628	4905
562	0	12	5	2632	16275
563	0	12	5	2636	7047
564	4	14	10	2640	28
565	4	14	15	2644	2823
566	4	14	20	2648	701
567	4	14	5	2652	22317
568	4	8	15	2656	4930
569	4	14	15	2660	14819
570	4	14	15	2664	950
571	3	1	20	2668	20525
572	4	14	20	2672	26854
573	4	14	10	2676	6380
574	3	1	10	2680	1532
575	4	14	15	2684	13168
576	4	8	20	2688	5757
577	3	1	5	2692	5037
578	3	1	10	2696	20369
579	4	14	20	2700	49172
580	4	14	10	2704	8810
581	4	14	10	2708	22476
582	4	14	15	2712	29652
583	3	1	5	2716	6752
584	3	1	10	2720	1786
585	4	14	15	2724	7433
586	3	1	10	2800	36907
587	3	1	15	2805	20285
588	4	14	15	2810	6679
589	3	1	10	2815	25506
590	3	1	10	2820	4470
591	3	1	5	2825	7423
592	3	1	10	2830	4636
593	3	1	20	2835	3257
594	0	12	5	2840	31710
595	4	14	5	2845	19194
596	4	14	20	2850	248
597	4	14	20	2855	40371
598	4	14	5	2860	5802
599	3	1	15	2865	3620
600	4	14	15	2870	5181
601	3	1	10	2875	6851
602	4	14	15	2880	20384
603	3	1	15	2885	1606
604	3	1	5	2890	3705
605	4	8	15	2895	5074
606	3	1	5	2900	11121
607	3	1	5	2905	11340
608	3	1	10	2910	1220
609	4	14	5	2915	42980
610	3	1	10	2920	1846
611	0	12	5	2925	3387
612	4	14	20	2930	55723
613	4	14	5	2935	5864
614	3	1	15	2940	17429
615	3	1	5	2945	42332
616	4	14	10	2950	6537
617	4	14	20	2955	4488
618	4	14	20	2960	4381
619	4	14	20	2965	9333
620	4	8	5	2970	3545
621	3	1	10	2975	3312
622	4	14	10	2980	6483
623	4	14	10	2985	7312
624	4	14	10	2990	6092
625	4	14	10	2995	11448
626	3	1	15	3000	8287
627	4	14	20	3005	12790
628	4	14	10	3010	7929
629	4	14	5	3015	4661
630	4	14	15	3020	12453
631	3	1	5	3025	6447
632	4	14	20	3030	38452
633	4	14	15	3035	9753
634	4	14	10	3040	12019
635	4	14	20	3045	1067
636	4	8	20	3050	356
637	4	14	5	3055	18741
638	4	14	5	3060	2159
639	3	1	15	3065	18926
640	4	14	15	3070	23388
641	0	12	5	3075	5031
642	4	14	5	3080	15226
643	3	1	15	3085	7277
644	0	12	5	3090	16073
645	3	1	5	3095	807
646	4	14	10	3100	7639
647	4	14	5	3105	32594
648	3	1	5	3110	7658
649	4	14	20	3115	38096
650	4	14	20	3120	5697
651	4	14	5	3125	14788
652	3	1	20	3130	12929
653	4	14	10	3135	22205
654	3	1	15	3140	55
655	3	1	10	3145	1391
656	4	14	5	3150	212
657	4	14	5	3155	5370
658	4	14	10	3160	15585
659	4	14	20	3165	12626
660	4	14	5	3170	22456
661	4	14	5	3175	35622
662	4	14	20	3180	1640
663	4	14	10	3185	17889
664	4	14	15	3190	4741
665	4	8	5	3195	15577
666	3	1	5	3200	4051
667	4	14	5	3205	6829
668	4	14	20	3210	16822
669	4	14	15	3215	13706
670	3	1	10	3220	34037
671	3	1	10	3225	11924
672	4	14	15	3230	1913
673	4	14	10	3235	8619
674	3	1	10	3240	13785
675	0	12	20	3245	29347
676	4	14	5	3250	8866
677	3	1	20	3255	39470
678	4	14	10	3260	15202
679	3	1	5	3265	4861
680	4	14	20	3270	1864
681	4	14	15	3275	9985
682	3	1	20	3280	2437
683	4	14	15	3285	8942
684	4	14	10	3290	34575
685	0	12	10	3295	33244
686	4	8	5	3300	16933
687	0	12	15	3305	1487
688	4	14	5	3310	9629
689	3	1	5	3315	8889
690	4	14	15	3320	839
691	3	1	15	3325	13248
692	4	14	15	3330	782
693	3	1	10	3335	8654
694	3	1	15	3340	35330
695	4	14	10	3345	28758
696	4	14	10	3350	2900
697	0	12	20	3355	34602
698	4	14	5	3360	1647
699	4	14	20	3365	133
700	4	14	20	3370	18087
701	4	8	10	3375	451
702	4	14	10	3380	2381
703	4	14	15	3385	18777
704	4	14	15	3390	203
705	4	14	10	3395	16547
706	4	14	10	3400	9878
707	4	14	15	3405	1909
708	4	14	20	3410	2090
709	3	1	15	3415	1148
710	4	14	5	3420	10614
711	4	14	10	3425	677
712	3	1	20	3430	12343
713	3	1	5	3435	6011
714	4	14	20	3440	8485
715	3	1	10	3445	3962
716	4	14	10	3450	17368
717	4	14	10	3455	11068
718	3	1	5	3460	21324
719	4	14	5	3465	5912
720	0	12	20	3470	42415
721	3	1	15	3475	2235
722	4	14	5	3480	25664
723	4	14	15	3485	3145
724	4	14	20	3490	11402
725	4	8	15	3495	3824
726	3	1	15	3500	10035
727	4	14	10	3505	12048
728	3	1	15	3510	9990
729	4	14	20	3515	17846
730	4	14	15	3520	14391
731	4	14	5	3525	10361
732	4	14	20	3530	21578
733	4	14	15	3535	14740
734	4	14	5	3540	9705
735	4	14	15	3545	1356
736	0	12	5	3600	5830
737	4	14	5	3605	5989
738	3	1	20	3610	8524
739	4	14	20	3615	2614
740	3	1	20	3620	5666
741	4	14	15	3625	11269
742	4	14	15	3630	37682
743	4	14	10	3635	7405
744	4	14	20	3640	33018
745	0	12	10	3645	152
746	4	14	20	3650	315
747	4	14	10	3655	13270
748	3	1	15	3660	82
749	4	8	5	3665	13164
750	0	12	5	3670	1867
751	4	14	5	3675	11370
752	4	14	15	3680	1441
753	4	14	20	3685	16130
754	4	14	20	3690	492
755	4	14	10	3695	11253
756	3	1	10	3700	2017
757	0	12	15	3705	35815
758	4	14	15	3710	2345
759	4	14	5	3715	16348
760	4	14	15	3720	2402
761	3	1	5	3725	31473
762	3	1	20	3730	10468
763	4	14	5	3735	5850
764	4	14	5	3740	5984
765	3	1	20	3745	106
766	4	14	15	3750	2988
767	3	1	10	3755	32851
768	4	14	20	3760	21948
769	3	1	5	3765	6130
770	3	1	10	3770	27202
771	4	14	5	3775	5580
772	4	14	10	3780	1182
773	4	14	5	3785	12097
774	4	14	10	3790	153
775	4	14	10	3795	5389
776	4	14	20	3800	2878
777	3	1	15	3805	6572
778	0	12	20	3810	4184
779	4	14	15	3815	11015
780	3	1	15	3820	3402
781	4	14	5	3825	27349
782	4	14	20	3830	11824
783	3	1	15	3835	27503
784	4	14	15	3840	11926
785	4	14	10	3845	1082
786	4	14	15	3850	7507
787	4	14	20	3855	1199
788	4	14	15	3860	13195
789	4	14	20	3865	35046
790	4	14	10	3870	36476
791	4	14	10	3875	6859
792	3	1	15	3880	2910
793	4	14	20	3885	17357
794	3	1	5	3890	172
795	0	12	20	3895	7151
796	3	1	20	3900	328
797	4	14	15	3905	10151
798	3	1	10	3910	842
799	3	1	20	3915	31464
800	4	8	20	3920	18854
801	4	14	15	3925	1141
802	0	12	15	3930	21237
803	4	14	10	3935	11202
804	4	14	20	3940	17624
805	3	1	5	3945	17755
806	3	1	20	3950	8768
807	3	1	10	3955	7803
808	3	1	15	3960	15561
809	3	1	15	3965	13614
810	4	14	15	3970	6035
811	0	12	15	4000	15848
812	4	14	20	4004	12771
813	4	14	5	4008	10320
814	4	14	10	4012	8246
815	4	14	10	4016	4006
816	4	14	5	4020	4291
817	3	1	10	4024	13789
818	4	14	10	4028	16927
819	4	14	15	4032	4390
820	3	1	10	4036	9416
821	3	1	15	4040	1606
822	4	14	15	4044	3748
823	4	14	5	4048	26856
824	4	14	15	4052	7127
825	3	1	20	4056	7415
826	4	14	10	4060	2042
827	4	14	10	4064	4792
828	4	14	5	4068	11635
829	4	14	15	4072	9953
830	4	14	10	4076	4892
831	3	1	5	4080	12339
832	0	12	5	4084	5241
833	4	14	20	4088	5488
834	4	14	15	4092	19833
835	4	14	5	4096	2038
836	4	14	15	4100	845
837	4	14	10	4104	240
838	3	1	15	4108	1659
839	3	1	10	4112	23387
840	4	14	15	4116	10068
841	4	14	5	4120	52099
842	4	14	10	4124	5516
843	4	14	20	4128	53655
844	3	1	5	4132	9604
845	4	14	20	4136	2967
846	0	12	15	4140	18190
847	4	14	15	4144	12211
848	3	1	15	4148	3736
849	3	1	15	4152	15732
850	3	1	15	4156	1925
851	4	14	10	4160	5057
852	3	1	5	4164	20239
853	4	14	20	4168	17195
854	4	14	10	4172	5806
855	4	14	10	4176	13191
856	3	1	20	4180	20739
857	3	1	10	4184	33042
858	0	12	20	4188	2077
859	4	14	20	4192	4432
860	4	14	20	4196	11478
861	3	1	10	4200	2516
862	4	14	10	4204	23365
863	4	14	5	4208	2133
864	4	14	5	4212	5051
865	4	14	10	4216	16775
866	0	12	10	4220	5720
867	3	1	20	4224	4075
868	4	14	10	4228	17551
869	4	14	10	4232	5001
870	3	1	20	4236	2917
871	3	1	15	4240	3956
872	4	14	15	4244	9687
873	4	8	20	4248	27444
874	4	14	20	4252	16097
875	4	14	10	4256	9763
876	4	14	5	4260	16964
877	4	14	20	4264	3937
878	4	14	20	4268	5031
879	4	14	20	4272	3117
880	3	1	10	4276	13694
881	4	14	15	4280	8755
882	4	14	15	4284	764
883	3	1	10	4288	26522
884	3	1	20	4292	6442
885	4	14	5	4296	56412
886	4	14	5	4300	21089
887	3	1	10	4304	10772
888	4	14	15	4308	49214
889	4	14	10	4312	1832
890	3	1	5	4316	4873
891	3	1	5	4320	1694
892	4	14	15	4400	23669
893	4	14	20	4404	20599
894	4	14	15	4408	3321
895	4	14	5	4412	5711
896	3	1	15	4416	1666
897	4	14	10	4420	2763
898	4	14	20	4424	12426
899	4	14	20	4428	19190
900	3	1	10	4432	21986
901	4	14	15	4436	8136
902	4	14	10	4440	24499
903	3	1	5	4444	31364
904	4	14	20	4448	8674
905	3	1	20	4452	24248
906	4	8	15	4456	18725
907	3	1	5	4460	29784
908	4	14	20	4464	277
909	3	1	20	4468	21044
910	4	14	10	4472	28912
911	3	1	5	4476	9388
912	4	14	15	4480	10810
913	4	14	20	4484	31943
914	3	1	15	4488	11874
915	4	14	5	4492	1235
916	4	14	15	4496	1635
917	4	14	5	4500	40933
918	4	14	5	4504	16514
919	4	14	5	4508	5219
920	4	14	10	4512	31142
921	4	14	5	4516	18537
922	4	14	10	4520	4357
923	4	14	5	4524	11826
924	4	14	5	4528	84
925	3	1	15	4532	1054
926	4	14	5	4536	6535
927	3	1	20	4540	15873
928	3	1	10	4544	12827
929	3	1	15	4548	5351
930	4	14	20	4552	6684
931	4	14	15	4556	9611
932	3	1	5	4560	12086
933	0	12	5	4564	9437
934	4	8	15	4568	5908
935	4	14	15	4572	2501
936	4	14	10	4576	12520
937	3	1	15	4580	1740
938	3	1	10	4584	5653
939	0	12	5	4588	9528
940	4	14	10	4592	2691
941	4	14	20	4596	29041
942	4	14	15	4600	10117
943	4	14	15	4604	2043
944	4	14	5	4608	3159
945	0	12	5	4612	18789
946	3	1	15	4616	9263
947	4	14	20	4620	32030
948	4	14	5	4624	2559
949	3	1	10	4628	1864
950	4	14	10	4632	3472
951	4	14	15	4636	2130
952	4	14	10	4640	7354
953	3	1	15	4644	4148
954	4	14	10	4648	24722
955	4	14	10	4652	657
956	3	1	10	4656	2497
957	3	1	10	4660	3347
958	4	14	20	4664	30262
959	4	14	10	4668	6755
960	4	14	20	4672	7119
961	4	14	20	4676	696
962	4	14	20	4680	3609
963	4	14	5	4684	13054
964	4	14	5	4688	6125
965	4	14	15	4692	5337
966	3	1	5	4696	28623
967	4	14	10	4700	605
968	4	14	10	4704	9353
969	4	14	5	4708	6959
970	4	14	20	4712	7176
971	4	14	5	4716	58633
972	3	1	15	4720	10737
973	3	1	5	4724	2669
974	0	12	15	4800	1974
975	4	14	10	4805	172
976	3	1	10	4810	2935
977	0	12	15	4815	1921
978	3	1	20	4820	6036
979	4	14	5	4825	2919
980	4	14	20	4830	9482
981	4	14	10	4835	8062
982	4	14	15	4840	9357
983	4	14	20	4845	8627
984	4	14	10	4850	1378
985	4	14	10	4855	3684
986	4	14	10	4860	1169
987	4	14	10	4865	5031
988	3	1	15	4870	13376
989	3	1	5	4875	4905
990	3	1	5	4880	3
991	4	14	5	4885	6216
992	3	1	15	4890	2909
993	4	14	5	4895	34850
994	4	14	5	4900	1271
995	4	14	15	4905	1873
996	4	14	5	4910	12642
997	4	14	10	4915	28448
998	4	14	15	4920	16966
999	4	14	10	4925	24710
1000	4	14	20	4930	25761
1001	4	14	5	4935	8049
1002	4	14	10	4940	5918
1003	4	14	5	4945	16731
1004	4	14	15	4950	14202
1005	3	1	10	4955	3594
1006	4	14	20	4960	10165
1007	3	1	10	4965	3592
1008	3	1	5	4970	1817
1009	4	14	20	4975	23447
1010	4	14	20	4980	21716
1011	3	1	15	4985	489
1012	4	14	10	4990	22616
1013	4	14	20	4995	14597
1014	0	12	10	5000	25876
1015	4	14	15	5005	38101
1016	3	1	5	5010	8679
1017	4	14	20	5015	16494
1018	3	1	20	5020	9703
1019	4	14	20	5025	1745
1020	4	8	10	5030	3713
1021	3	1	20	5035	10001
1022	4	14	20	5040	5683
1023	3	1	5	5045	2764
1024	4	14	20	5050	6953
1025	4	14	20	5055	562
1026	3	1	15	5060	18015
1027	4	14	10	5065	12464
1028	4	14	20	5070	1250
1029	4	14	20	5075	86
1030	4	14	10	5080	5411
1031	4	14	20	5085	4459
1032	4	14	5	5090	5954
1033	4	14	15	5095	8879
1034	4	14	5	5100	4856
1035	3	1	15	5105	711
1036	3	1	20	5110	1263
1037	0	12	10	5115	18700
1038	3	1	5	5120	20505
1039	3	1	5	5125	22740
1040	3	1	10	5130	14172
1041	4	14	20	5135	21559
1042	4	14	5	5140	2707
1043	3	1	15	5145	20164
1044	4	14	10	5150	8299
1045	0	12	10	5200	38728
1046	4	14	15	5204	9748
1047	4	14	15	5208	8598
1048	4	14	20	5212	754
1049	4	14	15	5216	1842
1050	3	1	10	5220	11922
1051	4	14	5	5224	28153
1052	4	14	15	5228	5207
1053	4	14	15	5232	11656
1054	3	1	5	5236	11185
1055	4	14	5	5240	4587
1056	4	14	10	5244	1417
1057	3	1	5	5248	2433
1058	0	12	10	5252	4490
1059	4	14	20	5256	12530
1060	4	8	15	5260	7885
1061	4	14	10	5264	31127
1062	3	1	10	5268	2089
1063	4	14	5	5272	1717
1064	4	8	15	5276	8206
1065	4	8	20	5280	8955
1066	4	14	10	5284	12556
1067	0	12	15	5288	4721
1068	4	14	15	5292	5561
1069	4	14	15	5296	21032
1070	4	14	15	5300	23448
1071	3	1	20	5304	15506
1072	4	14	20	5308	31595
1073	4	14	20	5312	14642
1074	4	14	10	5316	7007
1075	3	1	10	5320	6787
1076	4	14	15	5324	5420
1077	4	14	5	5328	9948
1078	3	1	20	5332	14712
1079	4	14	10	5336	7834
1080	4	8	5	5340	8070
1081	3	1	20	5344	3704
1082	3	1	15	5348	10557
1083	4	14	10	5352	37660
1084	3	1	15	5356	5686
1085	4	14	10	5360	7365
1086	4	14	10	5364	38142
1087	4	14	10	5368	17621
1088	4	14	10	5372	29803
1089	3	1	5	5376	182
1090	3	1	10	5380	35050
1091	4	14	15	5384	29775
1092	4	14	5	5388	7785
1093	4	14	10	5392	2249
1094	3	1	10	5396	5506
1095	4	14	20	5400	17520
1096	4	14	15	5404	13463
1097	3	1	5	5408	853
1098	3	1	5	5412	4599
1099	4	14	10	5416	43502
1100	3	1	20	5420	4479
1101	4	14	20	5424	3151
1102	3	1	5	5428	1819
1103	4	14	5	5432	3202
1104	4	14	20	5436	4009
1105	4	14	10	5440	28170
1106	3	1	10	5444	44819
1107	4	14	20	5448	12502
1108	4	8	10	5452	2368
1109	4	8	15	5456	2298
1110	4	14	15	5460	37006
1111	4	14	10	5464	9526
1112	3	1	10	5468	7778
1113	4	14	20	5472	21457
1114	4	14	15	5476	2069
1115	4	14	15	5480	2921
1116	4	14	20	5484	4988
1117	4	14	5	5488	2724
1118	3	1	15	5492	16923
1119	4	8	5	5496	447
1120	3	1	15	5500	10059
1121	0	12	20	5504	25352
1122	4	14	5	5508	6305
1123	4	14	15	5512	5276
1124	4	14	10	5516	25502
1125	4	14	5	5520	34153
1126	3	1	20	5524	3420
1127	3	1	10	5528	16987
1128	4	14	10	5600	4928
1129	4	14	15	5604	13471
1130	4	14	15	5608	17008
1131	3	1	15	5612	4192
1132	3	1	20	5616	3375
1133	4	14	10	5620	15854
1134	3	1	10	5624	2206
1135	3	1	5	5628	3591
1136	3	1	20	5632	1601
1137	4	14	15	5636	5185
1138	4	14	10	5640	13400
1139	4	14	5	5644	7687
1140	4	14	5	5648	7906
1141	4	8	15	5652	4472
1142	4	14	5	5656	10717
1143	4	14	20	5660	16270
1144	3	1	10	5664	754
1145	4	14	20	5668	6094
1146	4	14	10	5672	6944
1147	4	14	5	5676	12414
1148	4	14	20	5680	150
1149	4	14	15	5684	1977
1150	4	14	5	5688	6695
1151	4	14	15	5692	7645
1152	0	12	10	5696	4499
1153	4	8	20	5700	3971
1154	4	14	20	5704	6246
1155	3	1	20	5708	6797
1156	3	1	15	5712	20727
1157	4	14	15	5716	18438
1158	3	1	20	5720	5237
1159	4	14	20	5724	5023
1160	4	14	15	5728	12819
1161	0	12	5	5732	2964
1162	4	14	10	5736	4459
1163	4	8	20	5740	8426
1164	3	1	20	5744	6467
1165	4	14	20	5748	12923
1166	3	1	10	5752	4327
1167	4	14	20	5756	16342
1168	3	1	10	5760	13116
1169	4	14	10	5764	27607
1170	4	14	20	5768	1147
1171	0	12	10	5772	54399
1172	4	14	15	5776	9073
1173	4	14	10	5780	3990
1174	3	1	5	5784	9690
1175	3	1	20	5788	3554
1176	3	1	20	5792	4084
1177	3	1	10	5796	13175
1178	3	1	5	5800	4192
1179	4	14	10	5804	7902
1180	3	1	15	5808	8379
1181	4	14	20	5812	11097
1182	4	14	10	5816	16386
1183	3	1	20	5820	2453
1184	0	12	10	5824	3403
1185	4	8	5	5828	4049
1186	3	1	5	5832	48319
1187	3	1	20	5836	39694
1188	4	14	15	5840	4758
1189	4	8	10	5844	15958
1190	4	14	10	5848	6880
1191	4	14	10	5852	4987
1192	4	14	15	5856	70610
1193	4	8	15	5860	4815
1194	4	14	15	5864	20355
1195	4	14	5	5868	3673
1196	3	1	10	5872	9
1197	4	14	10	5876	1080
1198	3	1	20	5880	4727
1199	4	14	10	5884	6160
1200	4	14	15	5888	1204
1201	0	12	15	5892	14271
1202	3	1	15	5896	46832
1203	3	1	10	5900	1434
1204	4	14	15	5904	752
1205	4	14	20	5908	6923
1206	4	14	20	5912	33903
1207	3	1	5	5916	363
1208	4	14	20	5920	15611
1209	3	1	20	5924	1942
1210	4	14	5	5928	1865
1211	3	1	10	6000	2032
1212	4	14	10	6004	8080
1213	4	14	10	6008	24602
1214	4	14	5	6012	21954
1215	4	14	20	6016	653
1216	4	14	15	6020	7712
1217	4	14	15	6024	1608
1218	0	12	10	6028	3574
1219	3	1	20	6032	1673
1220	3	1	20	6036	13568
1221	0	12	10	6040	4973
1222	4	14	5	6044	6463
1223	4	8	5	6048	31793
1224	4	14	20	6052	7469
1225	4	8	15	6056	16689
1226	4	14	15	6060	57996
1227	4	14	5	6064	2676
1228	4	14	20	6068	7534
1229	4	14	5	6072	4115
1230	4	8	15	6076	3542
1231	4	14	15	6080	2713
1232	4	14	15	6084	5000
1233	3	1	15	6088	26856
1234	4	14	20	6092	5870
1235	3	1	5	6096	19741
1236	4	14	5	6100	11724
1237	4	8	20	6104	11998
1238	4	14	5	6108	1591
1239	3	1	15	6112	19838
1240	3	1	10	6116	5090
1241	0	12	5	6120	36530
1242	4	14	5	6124	3225
1243	4	14	20	6128	2351
1244	3	1	10	6132	10743
1245	4	14	5	6136	3952
1246	0	12	20	6140	22768
1247	4	14	10	6144	1615
1248	4	14	10	6148	8105
1249	4	14	15	6152	17308
1250	3	1	10	6156	18701
1251	4	14	20	6160	24982
1252	4	14	20	6164	21158
1253	3	1	5	6168	2609
1254	4	14	15	6172	15463
1255	4	14	5	6176	16934
1256	3	1	10	6180	3927
1257	3	1	15	6184	621
1258	4	14	10	6188	12572
1259	4	14	5	6192	4446
1260	3	1	10	6196	7094
1261	0	12	20	6200	16200
1262	3	1	5	6204	9948
1263	3	1	20	6208	6901
1264	3	1	5	6212	26908
1265	3	1	15	6216	34086
1266	3	1	15	6220	20248
1267	3	1	15	6224	10896
1268	4	14	15	6228	7949
1269	3	1	5	6232	396
1270	4	14	15	6236	6733
1271	4	14	15	6240	22146
1272	3	1	10	6244	15
1273	4	14	20	6248	7152
1274	4	14	10	6252	18415
1275	3	1	15	6256	15484
1276	4	14	10	6260	1313
1277	3	1	10	6264	3269
1278	4	14	15	6268	4946
1279	4	14	15	6272	2422
1280	4	8	20	6276	27761
1281	4	14	10	6280	24129
1282	3	1	15	6284	14808
1283	3	1	5	6288	14552
1284	4	14	15	6292	8337
1285	4	14	20	6296	5742
1286	4	8	15	6300	5618
1287	4	14	15	6304	1884
1288	4	14	5	6308	2221
1289	3	1	20	6312	11955
1290	4	14	15	6316	9006
1291	3	1	15	6320	10213
1292	3	1	10	6324	48765
1293	4	14	5	6400	20219
1294	4	14	10	6404	5397
1295	3	1	10	6408	11145
1296	4	14	20	6412	5908
1297	3	1	10	6416	19211
1298	3	1	15	6420	4011
1299	4	14	15	6424	12594
1300	4	14	15	6428	7519
1301	4	14	10	6432	3506
1302	3	1	15	6436	12310
1303	3	1	5	6440	7362
1304	3	1	20	6444	4881
1305	4	14	20	6448	35359
1306	3	1	10	6452	24860
1307	4	14	5	6456	5726
1308	3	1	15	6460	6351
1309	4	14	20	6464	91660
1310	0	12	15	6468	12683
1311	3	1	5	6472	497
1312	3	1	20	6476	14966
1313	0	12	20	6480	7538
1314	4	14	5	6484	6302
1315	4	14	5	6488	10416
1316	4	14	5	6492	388
1317	3	1	20	6496	23673
1318	4	14	5	6500	33093
1319	4	14	10	6504	8645
1320	3	1	5	6508	10064
1321	4	14	20	6512	13290
1322	3	1	15	6516	6697
1323	3	1	20	6520	23062
1324	4	14	15	6524	8428
1325	3	1	5	6528	23282
1326	3	1	5	6532	23528
1327	4	14	10	6536	2480
1328	4	8	15	6540	1089
1329	4	14	5	6544	2374
1330	4	14	20	6548	4913
1331	3	1	5	6552	4372
1332	4	14	20	6556	37038
1333	4	14	20	6560	13973
1334	3	1	5	6564	15155
1335	3	1	10	6568	12519
1336	4	14	15	6572	3052
1337	3	1	15	6576	3457
1338	4	14	10	6580	5513
1339	4	14	20	6584	9671
1340	3	1	15	6588	8469
1341	3	1	10	6592	62198
1342	4	14	5	6596	15908
1343	3	1	5	6600	2228
1344	3	1	5	6604	45930
1345	4	14	15	6608	8016
1346	4	14	15	6612	23626
1347	3	1	15	6616	8716
1348	4	14	20	6620	6250
1349	3	1	10	6624	18279
1350	4	14	10	6628	10213
1351	4	14	20	6632	9006
1352	4	14	5	6636	23742
1353	4	14	5	6640	17672
1354	4	14	15	6644	1028
1355	4	14	15	6648	19074
1356	4	14	15	6652	20961
1357	4	8	20	6656	18606
1358	4	14	15	6660	36944
1359	4	14	15	6664	7798
1360	4	14	15	6668	1108
1361	4	14	5	6672	13950
1362	4	14	15	6676	4155
1363	4	14	15	6680	3159
1364	4	14	5	6684	13070
1365	4	14	15	6688	5116
1366	4	14	5	6692	1082
1367	3	1	20	6696	301
1368	4	14	15	6700	16601
1369	4	14	15	6704	17167
1370	4	8	10	6708	5273
1371	4	14	15	6712	18256
1372	3	1	15	6716	8140
1373	4	14	10	6720	5799
1374	4	14	20	6724	86
1375	4	14	15	6728	10221
1376	4	14	20	6732	32845
1377	4	14	10	6736	3584
1378	4	14	15	6740	24994
1379	4	14	5	6744	209
1380	4	14	15	6748	66079
1381	4	14	10	6752	5039
1382	4	14	10	6756	18209
1383	4	14	5	6760	4362
1384	3	1	15	6800	11189
1385	4	14	5	6803	19810
1386	4	14	5	6806	7035
1387	0	12	15	6809	2434
1388	3	1	5	6812	11169
1389	4	14	10	6815	30492
1390	4	14	20	6818	20714
1391	3	1	20	6821	6887
1392	4	14	5	6824	4217
1393	4	14	15	6827	26540
1394	3	1	5	6830	7507
1395	4	14	10	6833	20510
1396	4	14	20	6836	14515
1397	4	14	10	6839	8387
1398	4	14	5	6842	8461
1399	4	14	15	6845	11966
1400	3	1	10	6848	6150
1401	4	14	15	6851	21666
1402	4	14	5	6854	17483
1403	3	1	5	6857	12432
1404	3	1	20	6860	6669
1405	0	12	15	6863	18812
1406	3	1	5	6866	431
1407	4	14	15	6869	7812
1408	3	1	10	6872	17302
1409	0	12	5	6875	8531
1410	4	14	15	6878	23656
1411	4	14	10	6881	10056
1412	3	1	5	6884	29224
1413	4	14	15	6887	33114
1414	3	1	5	6890	7892
1415	4	14	10	6893	16414
1416	3	1	15	6896	28446
1417	4	14	10	6899	52983
1418	3	1	20	6902	11771
1419	4	8	20	6905	23204
1420	4	8	15	6908	28061
1421	4	14	15	6911	27951
1422	3	1	20	6914	6516
1423	3	1	5	6917	21128
1424	4	14	20	6920	33521
1425	4	14	15	6923	30145
1426	4	14	15	6926	7968
1427	3	1	5	6929	11057
1428	4	14	10	6932	30036
1429	4	14	10	6935	2501
1430	4	14	15	6938	24635
1431	0	12	10	6941	6794
1432	4	14	10	6944	16745
1433	3	1	5	6947	3361
1434	4	14	15	6950	11494
1435	4	8	20	6953	2096
1436	3	1	10	6956	10291
1437	3	1	10	6959	1748
1438	4	14	10	6962	25284
1439	3	1	20	6965	20245
1440	4	14	20	6968	17781
1441	4	14	10	6971	40277
1442	4	14	5	6974	6539
1443	3	1	20	6977	1223
1444	4	14	20	6980	748
1445	4	8	10	6983	3526
1446	3	1	15	6986	8915
1447	4	14	10	6989	5348
1448	4	14	15	6992	6301
1449	4	14	15	6995	15264
1450	3	1	20	6998	29221
1451	4	14	10	7001	15012
1452	4	14	15	7004	25231
1453	3	1	5	7007	12617
1454	4	14	5	7010	15604
1455	4	14	15	7013	8278
1456	3	1	20	7016	6466
1457	3	1	20	7019	33559
1458	4	14	5	7022	14705
1459	4	14	10	7025	8498
1460	3	1	5	7028	4387
1461	4	14	5	7031	6815
1462	3	1	10	7034	9860
1463	3	1	5	7037	10277
1464	4	8	15	7040	12165
1465	4	14	10	7043	6711
1466	4	14	20	7046	20258
1467	4	14	5	7049	13234
1468	4	14	20	7052	4634
1469	3	1	5	7055	4656
1470	4	8	5	7058	2228
1471	3	1	5	7061	17688
1472	3	1	5	7064	1391
1473	3	1	20	7067	19935
1474	4	14	20	7070	1034
1475	4	8	5	7073	33441
1476	4	14	10	7076	7905
1477	0	12	20	7079	4664
1478	4	14	10	7082	17510
1479	4	14	10	7085	13830
1480	4	14	5	7088	6022
1481	4	14	5	7091	1610
1482	4	14	10	7094	2580
1483	4	14	15	7097	2654
1484	4	14	10	7100	3871
1485	4	14	10	7200	2061
1486	3	1	20	7204	9701
1487	3	1	5	7208	1287
1488	4	14	20	7212	8727
1489	4	8	20	7216	1505
1490	4	14	5	7220	16338
1491	0	12	10	7224	12155
1492	4	14	5	7228	6728
1493	0	12	5	7232	5562
1494	4	8	15	7236	8528
1495	4	14	15	7240	4976
1496	4	14	5	7244	6226
1497	4	14	5	7248	22355
1498	3	1	10	7252	7389
1499	4	14	15	7256	11998
1500	4	8	15	7260	6946
1501	3	1	10	7264	23271
1502	4	8	15	7268	480
1503	3	1	10	7272	1090
1504	4	14	15	7276	9588
1505	4	8	20	7280	1829
1506	4	14	10	7284	11124
1507	4	14	20	7288	842
1508	4	14	5	7292	10070
1509	4	14	5	7296	18681
1510	0	12	5	7300	191
1511	3	1	5	7304	1191
1512	4	14	15	7308	2256
1513	4	14	15	7312	269
1514	0	12	10	7316	1437
1515	3	1	5	7320	2390
1516	0	12	15	7324	3289
1517	4	14	15	7328	5391
1518	4	14	15	7332	4272
1519	4	8	10	7336	7831
1520	4	14	10	7340	24850
1521	4	14	20	7344	14997
1522	3	1	5	7348	1968
1523	4	14	20	7352	2714
1524	4	14	5	7356	10349
1525	4	8	15	7360	9127
1526	4	14	20	7364	5018
1527	3	1	5	7368	16099
1528	3	1	5	7372	4303
1529	4	14	5	7376	16310
1530	3	1	20	7380	9151
1531	3	1	10	7384	12184
1532	4	14	10	7388	23793
1533	3	1	20	7392	1747
1534	4	14	20	7396	3367
1535	3	1	15	7400	9277
1536	4	14	10	7404	1083
1537	4	14	5	7408	1352
1538	4	14	20	7412	12535
1539	4	14	15	7416	1731
1540	3	1	20	7420	9677
1541	4	14	20	7424	8002
1542	3	1	20	7428	9156
1543	3	1	20	7432	15605
1544	0	12	20	7436	1291
1545	4	14	5	7440	12572
1546	4	14	20	7444	7516
1547	0	12	15	7448	6270
1548	0	12	20	7452	3581
1549	4	14	15	7456	4771
1550	4	14	5	7460	1260
1551	3	1	15	7464	526
1552	0	12	15	7468	9455
1553	0	12	5	7472	47216
1554	0	12	5	7476	17033
1555	3	1	20	7480	15536
1556	3	1	5	7484	14644
1557	3	1	15	7488	21754
1558	4	14	10	7492	8536
1559	4	14	5	7496	213
1560	4	14	20	7500	19290
1561	4	14	10	7504	24093
1562	3	1	15	7508	17448
1563	3	1	20	7512	20903
1564	3	1	5	7516	3542
1565	4	14	20	7520	5700
1566	3	1	20	7524	3170
1567	3	1	15	7528	438
1568	4	14	20	7600	18033
1569	4	14	15	7605	10252
1570	3	1	20	7610	1188
1571	4	14	15	7615	1714
1572	4	14	15	7620	15008
1573	4	14	20	7625	2167
1574	4	14	10	7630	31203
1575	4	14	10	7635	5876
1576	4	14	20	7640	2376
1577	4	14	10	7645	6614
1578	4	14	5	7650	1269
1579	4	14	5	7655	31679
1580	4	14	20	7660	834
1581	4	14	10	7665	32760
1582	3	1	5	7670	7858
1583	3	1	15	7675	43487
1584	4	14	5	7680	12375
1585	4	14	10	7685	8095
1586	4	8	15	7690	1164
1587	4	14	5	7695	25631
1588	3	1	20	7700	5685
1589	3	1	5	7705	8774
1590	4	14	10	7710	21516
1591	4	14	15	7715	3444
1592	4	14	15	7720	10923
1593	4	8	20	7725	11950
1594	3	1	20	7730	4890
1595	4	14	15	7735	13971
1596	4	14	10	7740	15290
1597	4	8	20	7745	14810
1598	3	1	20	7750	7663
1599	3	1	20	7755	15444
1600	4	14	10	7760	6476
1601	3	1	5	7765	6736
1602	4	8	20	7770	11915
1603	3	1	5	7775	13809
1604	4	14	15	7780	3195
1605	3	1	10	7785	40760
1606	4	14	20	7790	4791
1607	3	1	15	7795	5736
1608	3	1	20	7800	675
1609	4	14	15	7805	5562
1610	4	14	20	7810	9484
1611	4	14	20	7815	3961
1612	4	14	15	7820	16000
1613	4	8	10	7825	10421
1614	3	1	5	7830	36050
1615	3	1	10	7835	24015
1616	3	1	5	7840	5837
1617	3	1	5	7845	18903
1618	3	1	15	7850	2401
1619	3	1	15	7855	17377
1620	4	14	5	7860	4036
1621	3	1	15	7865	5175
1622	3	1	20	7870	12894
1623	4	14	15	7875	3593
1624	4	14	5	7880	16206
1625	4	14	5	7885	22357
1626	4	14	5	7890	9203
1627	4	14	20	7895	1041
1628	4	14	5	7900	21298
1629	0	12	20	7905	3260
1630	4	8	5	7910	13191
1631	3	1	20	7915	7635
1632	4	14	10	7920	36376
1633	4	14	5	7925	5668
1634	3	1	15	7930	8598
1635	4	14	15	7935	12180
1636	3	1	15	7940	4370
1637	0	12	5	7945	19128
1638	4	14	20	7950	16145
1639	4	14	20	7955	13558
1640	3	1	15	7960	2112
1641	4	14	5	7965	14959
1642	4	14	5	7970	21065
1643	4	14	5	7975	77
1644	4	14	5	7980	43060
1645	4	14	15	7985	9646
1646	3	1	5	7990	8635
1647	4	14	10	8000	208
1648	4	14	15	8004	13679
1649	4	14	10	8008	7615
1650	4	14	10	8012	4325
1651	4	14	5	8016	31455
1652	4	14	5	8020	8998
1653	4	14	10	8024	14730
1654	3	1	15	8028	6921
1655	4	8	15	8032	829
1656	4	14	5	8036	17690
1657	4	14	5	8040	5558
1658	3	1	20	8044	34315
1659	4	14	15	8048	5910
1660	4	14	10	8052	6765
1661	4	14	20	8056	3389
1662	4	14	10	8060	9568
1663	3	1	20	8064	20366
1664	3	1	10	8068	14611
1665	4	14	5	8072	942
1666	4	14	10	8076	4794
1667	4	14	10	8080	5354
1668	4	14	15	8084	855
1669	4	14	15	8088	4501
1670	4	14	15	8092	9840
1671	3	1	5	8096	10649
1672	4	14	5	8100	659
1673	4	14	20	8104	8424
1674	4	14	5	8108	11103
1675	4	8	5	8112	10214
1676	4	14	10	8116	8886
1677	4	14	20	8120	12671
1678	4	8	10	8124	4049
1679	4	14	15	8128	2506
1680	4	14	5	8132	4836
1681	4	8	20	8136	8767
1682	4	14	5	8140	6189
1683	4	14	15	8144	5366
1684	4	14	15	8148	32844
1685	4	14	20	8152	16145
1686	4	14	15	8156	34418
1687	4	14	5	8160	3368
1688	3	1	15	8164	33401
1689	3	1	5	8168	7061
1690	4	14	15	8172	24169
1691	4	14	15	8176	32716
1692	4	14	5	8180	23105
1693	4	14	10	8184	5180
1694	4	8	15	8188	3388
1695	3	1	15	8192	29625
1696	3	1	15	8196	2135
1697	4	14	10	8200	125
1698	4	14	15	8204	4320
1699	4	14	5	8208	27251
1700	4	14	5	8212	3027
1701	3	1	15	8216	1994
1702	4	14	15	8220	35567
1703	3	1	5	8224	5493
1704	3	1	20	8228	28936
1705	3	1	10	8232	15035
1706	0	12	20	8236	24839
1707	4	14	10	8240	280
1708	4	14	5	8244	1309
1709	3	1	15	8248	24045
1710	4	14	5	8252	9413
1711	4	14	10	8256	1519
1712	4	14	15	8260	1056
1713	4	14	10	8264	16838
1714	3	1	10	8268	706
1715	4	14	10	8272	29239
1716	3	1	20	8276	22229
1717	4	14	15	8280	2512
1718	4	14	10	8284	25600
1719	4	14	15	8288	40047
1720	4	14	10	8292	1703
1721	4	14	5	8296	1061
1722	4	14	20	8300	6573
1723	4	14	10	8304	11737
1724	3	1	5	8308	7092
1725	4	14	5	8312	11770
1726	4	14	20	8316	15896
1727	4	14	20	8320	14562
1728	4	14	5	8324	3587
1729	4	14	10	8328	13986
1730	4	14	10	8332	6333
1731	3	1	5	8336	8628
1732	4	8	5	8340	5165
1733	3	1	10	8344	5924
1734	4	14	10	8348	40407
1735	3	1	15	8352	2360
1736	4	8	5	8356	10127
1737	4	14	5	8360	435
1738	4	14	20	8364	7180
1739	3	1	5	8368	2995
1740	4	14	20	8400	24098
1741	4	14	10	8404	30320
1742	4	14	20	8408	1828
1743	3	1	5	8412	909
1744	4	14	5	8416	27775
1745	3	1	5	8420	16523
1746	3	1	20	8424	22787
1747	3	1	20	8428	1264
1748	4	14	20	8432	4167
1749	4	14	5	8436	4867
1750	3	1	20	8440	898
1751	3	1	20	8444	43859
1752	4	14	20	8448	1654
1753	4	14	5	8452	4947
1754	4	14	15	8456	17348
1755	4	14	20	8460	1786
1756	4	14	20	8464	15772
1757	4	14	5	8468	4705
1758	0	12	5	8472	30473
1759	3	1	15	8476	4030
1760	4	14	15	8480	47085
1761	4	14	5	8484	2249
1762	3	1	5	8488	17362
1763	3	1	20	8492	6436
1764	3	1	5	8496	7285
1765	3	1	20	8500	375
1766	3	1	10	8504	17590
1767	3	1	10	8508	14233
1768	4	14	20	8512	18652
1769	4	14	20	8516	25305
1770	3	1	10	8520	5032
1771	4	14	15	8524	19774
1772	3	1	20	8528	16100
1773	3	1	10	8532	12969
1774	4	8	15	8536	1246
1775	3	1	5	8540	2863
1776	4	14	10	8544	34437
1777	3	1	20	8548	5146
1778	4	14	10	8552	15396
1779	4	14	20	8556	14391
1780	4	14	5	8560	17886
1781	3	1	20	8564	12065
1782	4	14	20	8568	6320
1783	3	1	5	8572	31079
1784	4	14	15	8576	11488
1785	4	14	10	8580	6871
1786	3	1	10	8584	5813
1787	3	1	20	8588	143
1788	3	1	15	8592	11777
1789	4	14	10	8596	21064
1790	4	14	20	8600	7114
1791	4	14	20	8604	3382
1792	4	14	5	8608	1459
1793	4	14	5	8612	2164
1794	4	14	15	8616	3303
1795	0	12	20	8620	14241
1796	4	14	5	8624	2026
1797	4	14	5	8628	15543
1798	4	14	20	8632	11544
1799	4	14	5	8636	24515
1800	4	14	15	8640	46097
1801	3	1	15	8644	2030
1802	3	1	5	8648	4475
1803	4	14	5	8652	6429
1804	3	1	20	8656	56417
1805	4	14	5	8660	3688
1806	4	14	5	8664	3223
1807	4	14	15	8668	7576
1808	4	14	15	8672	3280
1809	4	14	15	8676	9638
1810	4	14	15	8680	2603
1811	4	14	5	8684	5786
1812	4	14	20	8688	11043
1813	4	8	5	8692	3020
1814	4	14	15	8696	8573
1815	4	14	15	8700	5097
1816	4	14	5	8704	17202
1817	4	8	5	8708	21969
1818	4	14	10	8712	19257
1819	4	14	20	8716	231
1820	4	14	15	8720	12491
1821	0	12	15	8724	16987
1822	4	14	15	8728	862
1823	4	8	10	8732	39090
1824	4	14	5	8736	6774
1825	4	14	10	8740	1223
1826	0	12	15	8744	14172
1827	4	14	20	8748	10227
1828	4	14	15	8752	6537
1829	4	8	15	8756	6207
1830	4	14	5	8760	703
1831	3	1	5	8800	2937
1832	4	14	20	8805	15751
1833	3	1	10	8810	22962
1834	4	8	10	8815	15277
1835	3	1	15	8820	11582
1836	3	1	20	8825	4677
1837	4	14	20	8830	62726
1838	4	14	10	8835	32627
1839	4	14	10	8840	5196
1840	0	12	10	8845	2683
1841	4	14	15	8850	29702
1842	4	14	5	8855	17777
1843	4	14	20	8860	911
1844	4	14	20	8865	11999
1845	4	14	20	8870	802
1846	4	14	5	8875	12394
1847	4	14	20	8880	26708
1848	4	14	15	8885	12752
1849	3	1	20	8890	26993
1850	3	1	20	8895	32487
1851	4	14	20	8900	4551
1852	4	14	20	8905	31427
1853	3	1	20	8910	10958
1854	4	14	10	8915	3035
1855	4	14	5	8920	3001
1856	3	1	20	8925	1083
1857	4	8	15	8930	5165
1858	3	1	5	8935	49210
1859	3	1	10	8940	26930
1860	4	14	15	8945	10171
1861	4	14	5	8950	13015
1862	4	14	20	8955	591
1863	4	14	5	8960	21644
1864	3	1	15	8965	8203
1865	4	14	10	8970	45781
1866	3	1	5	8975	12656
1867	4	14	15	8980	16594
1868	4	14	20	8985	8376
1869	3	1	5	8990	26645
1870	3	1	20	8995	282
1871	4	14	5	9000	17475
1872	3	1	20	9005	28329
1873	4	8	20	9010	7121
1874	4	14	15	9015	20493
1875	0	12	20	9020	15757
1876	3	1	10	9025	50035
1877	3	1	15	9030	67032
1878	4	8	15	9035	4795
1879	4	14	10	9040	5481
1880	3	1	10	9045	7237
1881	4	14	20	9050	19374
1882	3	1	10	9055	30172
1883	4	14	20	9060	8945
1884	4	14	20	9065	7632
1885	4	8	5	9070	16221
1886	4	14	10	9075	4109
1887	4	8	5	9080	1700
1888	4	14	20	9085	11897
1889	3	1	5	9090	8287
1890	4	8	15	9095	9131
1891	0	12	5	9100	43356
1892	4	14	20	9105	135
1893	4	14	20	9110	490
1894	3	1	20	9115	18163
1895	3	1	5	9120	9277
1896	4	14	20	9125	24278
1897	3	1	5	9130	33247
1898	4	14	10	9135	10349
1899	4	14	10	9140	12740
1900	4	14	15	9145	6392
1901	4	14	15	9150	27032
1902	4	14	5	9200	5923
1903	4	14	10	9205	17278
1904	4	14	5	9210	24599
1905	4	14	15	9215	2183
1906	3	1	5	9220	6331
1907	4	14	20	9225	7836
1908	4	14	10	9230	18170
1909	4	14	15	9235	8138
1910	4	14	15	9240	3242
1911	4	8	5	9245	1132
1912	4	14	5	9250	246
1913	4	14	20	9255	11509
1914	3	1	5	9260	6981
1915	0	12	15	9265	17665
1916	4	14	20	9270	16298
1917	4	14	5	9275	8872
1918	4	14	5	9280	5444
1919	4	8	15	9285	16828
1920	4	14	5	9290	13976
1921	0	12	20	9295	8796
1922	3	1	15	9300	1536
1923	4	14	15	9305	44
1924	3	1	10	9310	5330
1925	3	1	15	9315	618
1926	3	1	10	9320	16912
1927	4	14	20	9325	24082
1928	4	14	5	9330	13220
1929	3	1	15	9335	3947
1930	3	1	5	9340	23875
1931	3	1	5	9345	579
1932	4	14	10	9350	6502
1933	4	14	5	9355	13498
1934	4	14	15	9360	36870
1935	3	1	15	9365	9797
1936	0	12	15	9370	6361
1937	4	14	20	9375	2035
1938	4	14	15	9380	12743
1939	3	1	5	9385	4352
1940	4	14	20	9390	4827
1941	3	1	15	9395	19957
1942	3	1	20	9400	5208
1943	4	14	10	9405	1761
1944	4	14	10	9410	3645
1945	4	14	10	9415	7016
1946	4	8	5	9420	36605
1947	0	12	20	9425	6019
1948	3	1	20	9430	10965
1949	3	1	5	9435	112
1950	4	14	5	9440	19049
1951	4	14	20	9445	5080
1952	3	1	20	9450	10202
1953	3	1	20	9455	20840
1954	4	14	10	9460	40628
1955	4	14	20	9465	26865
1956	4	14	20	9470	17884
1957	4	14	10	9475	5850
1958	4	14	5	9480	6218
1959	4	14	15	9485	20645
1960	3	1	5	9490	6345
1961	4	14	5	9495	9434
1962	4	14	20	9500	20044
1963	4	14	15	9505	8310
1964	4	14	15	9510	11905
1965	3	1	15	9515	2522
1966	3	1	20	9520	13365
1967	3	1	5	9525	5078
1968	4	14	10	9530	13054
1969	3	1	10	9535	25753
1970	0	12	20	9540	5338
1971	3	1	5	9545	10607
1972	4	14	10	9550	24333
1973	4	14	5	9555	748
1974	3	1	15	9560	6594
1975	4	14	10	9565	25198
1976	4	14	5	9570	2199
1977	4	14	10	9575	49371
1978	0	12	5	9580	16243
1979	3	1	20	9585	29710
1980	3	1	10	9590	1232
1981	4	8	15	9600	5379
1982	4	14	5	9621	3720
1983	4	14	20	9642	12887
1984	4	14	10	9663	7957
1985	4	14	5	9684	8759
1986	4	14	5	9705	7720
1987	4	14	15	9726	10830
1988	4	14	15	9747	14819
1989	3	1	15	9768	746
1990	4	14	20	9789	18351
1991	3	1	10	9810	310
1992	4	14	20	9831	16714
1993	3	1	5	9852	21492
1994	0	12	20	9873	26879
1995	4	8	20	9894	18545
1996	4	14	20	9915	79114
1997	4	14	5	9936	22958
1998	3	1	20	9957	8494
1999	3	1	20	9978	901
