0	4	14	30	0	1232
1	4	8	30	10	393
2	0	12	30	20	865
3	0	12	35	30	2094
4	3	1	45	40	5376
5	4	8	30	50	555
6	4	8	45	60	559
7	0	12	50	70	1026
8	4	14	50	80	951
9	4	8	30	90	1769
10	3	1	30	100	5546
11	3	1	50	110	437
12	0	12	30	120	2234
13	4	14	30	130	2299
14	4	8	30	140	7010
15	4	14	35	150	3260
16	4	8	50	160	3697
17	3	1	50	170	3628
18	4	8	30	180	1795
19	4	14	30	190	3828
20	4	8	45	200	380
21	4	14	45	210	47
22	0	12	50	220	5192
23	4	14	30	230	3331
24	3	1	45	240	707
25	4	8	35	250	8331
26	3	1	45	260	281
27	3	1	50	270	580
28	0	12	30	280	2169
29	0	12	30	290	4607
30	3	1	45	300	1538
31	0	12	35	310	1442
32	3	1	35	320	2999
33	3	1	30	330	5569
34	0	12	30	340	879
35	0	12	35	350	4318
36	0	12	45	360	2585
37	3	1	45	370	3797
38	4	8	45	380	1408
39	4	8	45	390	758
40	3	1	35	400	734
41	0	12	30	408	949
42	4	14	30	416	3269
43	4	8	45	424	1751
44	4	14	35	432	2451
45	3	1	50	440	12591
46	4	8	30	448	4356
47	3	1	35	456	1779
48	4	14	35	464	137
49	3	1	50	472	1105
50	4	8	45	480	3743
51	3	1	45	488	966
52	4	14	50	496	164
53	4	14	45	504	2179
54	4	8	30	512	853
55	4	14	35	520	1146
56	0	12	35	528	584
57	4	8	50	536	1554
58	4	8	50	544	865
59	4	8	35	552	5894
60	3	1	35	560	235
61	4	14	50	568	9709
62	0	12	45	576	2689
63	4	14	50	584	1302
64	4	14	45	592	104
65	3	1	45	600	1102
66	4	14	35	608	1087
67	3	1	50	616	2652
68	3	1	30	624	793
69	4	8	50	632	178
70	4	14	50	640	163
71	3	1	35	648	9722
72	0	12	30	656	805
73	0	12	45	664	648
74	0	12	45	672	1576
75	0	12	45	680	3172
76	0	12	35	688	493
77	4	14	30	696	837
78	4	14	45	704	220
79	4	14	45	712	712
80	4	14	35	720	205
81	0	12	30	728	1562
82	4	14	35	736	410
83	3	1	35	744	541
84	3	1	35	752	110
85	4	14	50	760	333
86	4	8	35	768	1141
87	3	1	50	800	239
88	0	12	30	813	1786
89	0	12	45	826	5035
90	4	14	50	839	1995
91	4	14	45	852	409
92	0	12	50	865	1381
93	4	14	35	878	1632
94	3	1	30	891	457
95	4	14	35	904	756
96	0	12	35	917	2034
97	0	12	35	930	790
98	4	8	30	943	1521
99	4	8	50	956	664
100	3	1	45	969	1728
101	3	1	35	982	330
102	4	14	35	995	606
103	4	8	45	1008	7927
104	4	14	50	1021	849
105	4	14	30	1034	3846
106	3	1	35	1047	105
107	3	1	35	1060	3237
108	3	1	50	1073	252
109	4	8	45	1086	1606
110	4	14	50	1099	491
111	4	8	30	1112	4843
112	4	8	30	1125	1145
113	3	1	30	1138	106
114	4	8	30	1151	3791
115	3	1	35	1164	1684
116	0	12	45	1177	3286
117	4	8	35	1200	1394
118	0	12	45	1209	1105
119	0	12	45	1218	4550
120	0	12	35	1227	8969
121	4	8	35	1236	732
122	3	1	50	1245	310
123	4	8	35	1254	1048
124	4	8	50	1263	1210
125	0	12	30	1272	4480
126	4	8	45	1281	1359
127	0	12	50	1290	2970
128	3	1	35	1299	150
129	4	8	30	1308	523
130	4	14	30	1317	341
131	0	12	30	1326	4456
132	4	8	30	1335	3313
133	4	8	50	1344	3448
134	0	12	30	1353	2553
135	4	8	30	1362	5820
136	0	12	45	1371	657
137	4	8	50	1380	457
138	4	14	35	1389	4437
139	4	14	30	1398	446
140	0	12	35	1407	214
141	3	1	30	1416	2005
142	4	14	30	1425	10455
143	3	1	35	1434	78
144	4	8	45	1443	2418
145	3	1	50	1452	2546
146	4	8	45	1461	2765
147	3	1	45	1470	1185
148	3	1	35	1479	2463
149	4	14	45	1488	2016
150	4	14	50	1497	1420
151	4	14	30	1506	293
152	4	14	50	1515	4644
153	4	8	35	1524	2018
154	0	12	45	1533	696
155	4	8	30	1542	635
156	0	12	35	1551	16
157	4	8	30	1560	3843
158	0	12	45	1569	1497
159	3	1	50	1578	1204
160	4	8	45	1600	894
161	4	8	45	1609	651
162	0	12	50	1618	2614
163	4	8	45	1627	4380
164	3	1	45	1636	1006
165	4	14	45	1645	787
166	4	14	50	1654	215
167	4	14	30	1663	1905
168	4	8	50	1672	802
169	0	12	30	1681	4692
170	3	1	50	1690	681
171	3	1	45	1699	1842
172	3	1	50	1708	1888
173	4	8	35	1717	508
174	4	14	30	1726	3173
175	3	1	30	1735	878
176	4	8	35	1744	747
177	4	14	35	1753	222
178	0	12	45	1762	2451
179	4	14	30	1771	2647
180	4	14	45	1780	312
181	3	1	50	1789	94
182	3	1	35	1798	135
183	3	1	50	1807	1149
184	3	1	35	1816	2559
185	0	12	50	1825	41
186	0	12	35	1834	9280
187	4	14	50	1843	381
188	4	8	35	1852	1500
189	4	14	50	1861	1192
190	0	12	45	1870	5535
191	3	1	45	1879	1112
192	4	8	30	1888	2263
193	0	12	45	1897	1155
194	4	8	45	1906	3659
195	4	14	50	1915	3473
196	3	1	35	1924	4679
197	3	1	35	1933	225
198	0	12	50	1942	2060
199	4	8	50	1951	943
200	3	1	50	1960	1925
201	4	8	35	1969	289
202	4	8	45	2000	247
203	4	8	35	2010	3258
204	4	8	50	2020	850
205	0	12	35	2030	4737
206	0	12	35	2040	1490
207	3	1	35	2050	2263
208	3	1	35	2060	3666
209	3	1	35	2070	5574
210	4	14	50	2080	6446
211	4	8	50	2090	4665
212	0	12	35	2100	318
213	0	12	35	2110	3150
214	4	14	30	2120	736
215	3	1	45	2130	755
216	3	1	35	2140	478
217	4	8	50	2150	691
218	3	1	35	2160	363
219	3	1	45	2170	939
220	4	14	35	2180	816
221	4	14	30	2190	5267
222	3	1	50	2200	181
223	3	1	30	2210	4268
224	0	12	35	2220	6826
225	4	14	30	2230	3965
226	4	8	35	2240	5165
227	4	8	35	2250	377
228	4	14	50	2260	972
229	4	14	35	2270	7115
230	4	14	45	2280	1202
231	4	14	50	2290	459
232	3	1	45	2300	1240
233	4	14	45	2310	801
234	4	8	35	2320	246
235	4	8	35	2330	19
236	4	8	30	2340	5305
237	4	8	30	2350	605
238	4	8	50	2360	190
239	4	8	50	2370	3379
240	4	14	45	2400	1367
241	4	8	50	2408	750
242	4	8	45	2416	811
243	3	1	50	2424	1779
244	4	14	30	2432	1342
245	3	1	45	2440	69
246	4	8	30	2448	655
247	0	12	50	2456	4317
248	4	8	35	2464	280
249	4	14	50	2472	1489
250	0	12	45	2480	1889
251	0	12	35	2488	1889
252	4	14	30	2496	5636
253	3	1	30	2504	624
254	3	1	45	2512	83
255	3	1	50	2520	2341
256	3	1	45	2528	99
257	4	14	45	2536	535
258	0	12	50	2544	3626
259	3	1	45	2552	1323
260	4	14	50	2560	8033
261	3	1	30	2568	871
262	3	1	45	2576	692
263	3	1	50	2584	4059
264	4	14	50	2592	1332
265	0	12	50	2600	2811
266	3	1	35	2608	1162
267	4	8	50	2616	3396
268	4	14	30	2624	2261
269	4	8	50	2632	708
270	4	8	35	2640	972
271	4	8	30	2648	6044
272	0	12	30	2656	449
273	4	8	35	2664	863
274	3	1	30	2672	4234
275	4	8	35	2680	44
276	3	1	35	2688	1805
277	0	12	50	2696	1375
278	3	1	50	2704	997
279	3	1	50	2712	5402
280	4	8	50	2720	1748
281	0	12	45	2728	81
282	0	12	50	2736	84
283	0	12	30	2744	3930
284	3	1	50	2752	893
285	4	14	30	2760	3673
286	4	14	50	2768	615
287	0	12	45	2776	431
288	0	12	30	2784	682
289	3	1	35	2800	1109
290	4	14	45	2812	6501
291	3	1	45	2824	2372
292	0	12	35	2836	1104
293	3	1	30	2848	1867
294	3	1	30	2860	3585
295	4	8	45	2872	306
296	4	14	35	2884	41
297	3	1	45	2896	1251
298	4	14	30	2908	217
299	4	14	35	2920	2648
300	4	14	35	2932	1800
301	0	12	35	2944	1241
302	4	8	45	2956	464
303	0	12	45	2968	3570
304	3	1	35	2980	301
305	4	14	35	2992	2156
306	4	14	35	3004	1054
307	3	1	45	3016	1780
308	0	12	30	3028	984
309	0	12	30	3040	38
310	0	12	35	3052	200
311	3	1	50	3064	1601
312	0	12	45	3076	3691
313	3	1	50	3088	4687
314	4	8	50	3100	4628
315	3	1	30	3112	5698
316	3	1	30	3124	747
317	3	1	45	3136	1133
318	0	12	30	3148	1419
319	4	14	45	3160	2075
320	0	12	50	3172	1345
321	3	1	45	3200	566
322	0	12	45	3208	1500
323	4	8	50	3216	579
324	3	1	30	3224	822
325	3	1	50	3232	2344
326	0	12	45	3240	1496
327	4	8	50	3248	1805
328	3	1	30	3256	1456
329	0	12	45	3264	2676
330	3	1	30	3272	3
331	4	14	50	3280	277
332	4	8	45	3288	1003
333	4	14	45	3296	2150
334	3	1	35	3304	829
335	4	8	45	3312	256
336	3	1	30	3320	3575
337	0	12	35	3328	469
338	3	1	45	3336	2544
339	4	14	35	3344	2410
340	4	14	50	3352	1126
341	4	8	35	3360	2251
342	4	14	35	3368	3273
343	4	14	50	3376	630
344	4	8	50	3384	802
345	4	8	50	3392	1055
346	4	8	50	3400	3827
347	3	1	35	3408	1469
348	4	8	35	3416	2446
349	4	14	30	3424	4439
350	4	14	35	3432	3547
351	0	12	50	3440	1772
352	3	1	45	3448	6278
353	4	14	35	3456	1221
354	3	1	35	3464	560
355	0	12	45	3472	851
356	4	14	45	3480	5455
357	0	12	50	3488	6238
358	4	8	35	3496	1366
359	4	14	35	3504	1194
360	3	1	50	3512	285
361	4	8	45	3520	3378
362	4	14	35	3528	149
363	4	14	45	3536	2105
364	3	1	30	3544	34
365	0	12	45	3552	6753
366	0	12	30	3560	340
367	4	8	30	3568	404
368	0	12	45	3576	1663
369	4	14	30	3600	3035
370	4	14	30	3609	231
371	4	8	50	3618	216
372	4	14	50	3627	2495
373	0	12	50	3636	3299
374	0	12	50	3645	484
375	4	14	45	3654	3365
376	3	1	35	3663	1164
377	0	12	50	3672	595
378	4	14	50	3681	5075
379	4	8	35	3690	5235
380	4	8	30	3699	3638
381	3	1	35	3708	12
382	0	12	45	3717	4393
383	4	14	30	3726	1966
384	4	8	30	3735	4757
385	4	8	30	3744	1069
386	4	8	35	3753	379
387	3	1	30	3762	5542
388	0	12	35	3771	1070
389	4	8	50	3780	9813
390	4	8	50	3789	410
391	3	1	35	3798	4188
392	3	1	30	3807	2505
393	3	1	30	3816	629
394	0	12	45	3825	1675
395	4	8	30	3834	1911
396	3	1	50	3843	1849
397	0	12	50	3852	335
398	4	8	50	3861	583
399	0	12	35	3870	907
400	0	12	45	3879	584
401	4	14	50	3888	2212
402	4	8	50	3897	6239
403	4	8	30	3906	5179
404	0	12	50	3915	3045
405	4	8	45	3924	2602
406	0	12	50	3933	4156
407	4	8	45	3942	322
408	3	1	45	3951	554
409	4	14	50	3960	1124
410	3	1	35	4000	4717
411	3	1	50	4011	2260
412	4	8	50	4022	70
413	0	12	50	4033	1678
414	3	1	35	4044	1893
415	4	14	45	4055	270
416	4	8	30	4066	5220
417	4	14	30	4077	1181
418	3	1	35	4088	2722
419	0	12	50	4099	1847
420	4	14	35	4110	3149
421	3	1	50	4121	494
422	4	8	45	4132	2928
423	3	1	50	4143	1697
424	3	1	35	4154	1807
425	4	8	50	4165	529
426	4	14	45	4176	982
427	0	12	45	4187	1170
428	0	12	35	4198	550
429	4	14	45	4209	1830
430	0	12	45	4220	473
431	3	1	35	4231	676
432	4	14	50	4242	8
433	3	1	45	4253	1625
434	0	12	45	4264	2238
435	4	8	30	4275	369
436	0	12	35	4286	103
437	3	1	35	4297	6642
438	4	14	30	4308	3716
439	4	14	35	4319	395
440	0	12	30	4330	1549
441	0	12	45	4341	48
442	4	14	45	4352	2377
443	4	8	35	4363	8322
444	4	14	35	4400	182
445	4	14	50	4408	1421
446	4	8	35	4416	3690
447	4	8	30	4424	316
448	0	12	45	4432	2145
449	0	12	50	4440	1161
450	4	14	30	4448	2335
451	3	1	45	4456	341
452	3	1	45	4464	1057
453	0	12	30	4472	2101
454	4	8	50	4480	1695
455	4	8	50	4488	70
456	3	1	30	4496	4613
457	4	14	30	4504	968
458	4	14	50	4512	800
459	3	1	30	4520	1593
460	3	1	50	4528	830
461	0	12	35	4536	1130
462	4	8	35	4544	4776
463	4	14	50	4552	2056
464	3	1	30	4560	495
465	4	14	30	4568	1927
466	3	1	50	4576	2233
467	3	1	35	4584	1302
468	4	14	30	4592	4498
469	4	8	30	4600	1171
470	4	14	30	4608	158
471	4	14	45	4616	6572
472	0	12	50	4624	1843
473	3	1	50	4632	1661
474	4	14	45	4640	131
475	3	1	50	4648	2929
476	4	14	30	4656	1483
477	4	14	30	4664	3068
478	4	14	35	4672	1326
479	3	1	35	4680	180
480	0	12	35	4688	990
481	4	8	35	4696	553
482	0	12	50	4704	3073
483	4	14	35	4712	3218
484	4	14	35	4720	4829
485	3	1	50	4728	110
486	0	12	45	4736	4176
487	3	1	50	4744	874
488	0	12	45	4752	8363
489	4	14	50	4800	2037
490	3	1	30	4808	624
491	4	8	35	4816	2197
492	4	14	45	4824	2010
493	0	12	30	4832	698
494	4	8	45	4840	3662
495	0	12	50	4848	227
496	4	14	30	4856	246
497	0	12	50	4864	108
498	3	1	35	4872	2896
499	4	14	35	4880	1264
500	0	12	30	4888	3616
501	3	1	30	4896	903
502	3	1	30	4904	579
503	4	14	45	4912	483
504	4	8	50	4920	906
505	0	12	45	4928	2591
506	4	8	50	4936	1619
507	4	14	45	4944	3749
508	0	12	45	4952	1766
509	3	1	30	4960	3246
510	3	1	45	4968	1429
511	4	14	50	4976	246
512	0	12	45	4984	4583
513	0	12	35	4992	558
514	3	1	50	5000	345
515	0	12	35	5008	205
516	4	14	35	5016	2082
517	4	8	30	5024	229
518	4	14	35	5032	2632
519	0	12	30	5040	362
520	4	14	35	5048	2713
521	0	12	30	5056	766
522	4	8	45	5064	1361
523	0	12	35	5072	590
524	4	14	30	5080	384
525	4	8	50	5088	1053
526	0	12	30	5096	796
527	0	12	50	5104	734
528	4	8	35	5112	2577
529	4	14	45	5120	6258
530	4	14	45	5128	2116
531	3	1	35	5136	1272
532	4	8	50	5144	38
533	4	14	30	5152	33
534	3	1	35	5160	575
535	4	8	35	5168	54
536	4	14	35	5176	9253
537	4	8	35	5200	1689
538	3	1	35	5207	1143
539	4	14	50	5214	407
540	0	12	30	5221	1380
541	0	12	30	5228	59
542	3	1	35	5235	2917
543	3	1	45	5242	401
544	4	8	35	5249	274
545	4	14	35	5256	330
546	4	8	45	5263	2920
547	3	1	35	5270	989
548	3	1	35	5277	292
549	0	12	30	5284	2710
550	0	12	45	5291	1233
551	4	8	30	5298	15
552	0	12	35	5305	774
553	3	1	30	5312	1828
554	4	14	50	5319	2589
555	0	12	50	5326	1458
556	0	12	45	5333	4076
557	4	8	50	5340	11135
558	4	14	35	5347	80
559	4	14	30	5354	6200
560	0	12	45	5361	1014
561	4	8	50	5368	569
562	3	1	35	5375	260
563	4	8	50	5382	1990
564	3	1	35	5389	324
565	4	14	30	5396	81
566	4	8	50	5403	203
567	0	12	45	5410	4282
568	3	1	50	5417	10031
569	0	12	35	5424	282
570	4	8	30	5431	227
571	3	1	50	5438	159
572	4	14	45	5445	2234
573	4	14	35	5452	1586
574	4	14	30	5459	2200
575	3	1	35	5466	2497
576	4	8	50	5473	1601
577	4	14	50	5480	747
578	3	1	50	5487	272
579	0	12	50	5494	46
580	0	12	30	5501	2052
581	4	8	45	5508	5569
582	4	8	45	5515	375
583	0	12	35	5522	8070
584	3	1	30	5529	1369
585	3	1	45	5536	2073
586	3	1	50	5543	324
587	3	1	45	5550	1089
588	0	12	30	5600	686
589	4	8	45	5613	2637
590	0	12	50	5626	342
591	4	8	45	5639	10243
592	4	8	30	5652	1513
593	3	1	35	5665	1309
594	4	14	35	5678	3088
595	3	1	35	5691	577
596	3	1	50	5704	4755
597	0	12	35	5717	294
598	4	14	30	5730	65
599	3	1	30	5743	185
600	4	8	35	5756	113
601	0	12	30	5769	4330
602	0	12	35	5782	1011
603	4	8	50	5795	9
604	4	14	50	5808	2013
605	3	1	45	5821	968
606	3	1	35	5834	815
607	4	8	50	5847	2969
608	3	1	30	5860	5378
609	0	12	45	5873	25
610	3	1	30	5886	6806
611	4	8	45	5899	1632
612	3	1	50	5912	4065
613	4	14	45	5925	33
614	3	1	50	5938	751
615	3	1	50	5951	1230
616	0	12	35	5964	159
617	4	8	50	6000	301
618	4	14	50	6008	289
619	0	12	50	6016	1403
620	4	8	30	6024	4415
621	3	1	35	6032	2258
622	0	12	35	6040	1793
623	0	12	35	6048	604
624	0	12	45	6056	7311
625	4	14	45	6064	240
626	4	8	50	6072	1579
627	0	12	30	6080	427
628	0	12	30	6088	2863
629	4	8	45	6096	1076
630	0	12	35	6104	3278
631	4	8	35	6112	1068
632	4	14	45	6120	655
633	0	12	45	6128	78
634	3	1	45	6136	6858
635	0	12	30	6144	2824
636	4	8	35	6152	1558
637	0	12	45	6160	364
638	4	8	35	6168	854
639	4	14	35	6176	237
640	0	12	35	6184	743
641	0	12	30	6192	944
642	0	12	45	6200	1338
643	4	14	45	6208	650
644	4	14	35	6216	2903
645	4	14	30	6224	1829
646	3	1	45	6232	267
647	4	8	35	6240	1443
648	0	12	45	6248	365
649	0	12	45	6256	792
650	3	1	30	6264	383
651	4	8	50	6272	2916
652	4	8	45	6280	5
653	4	14	35	6288	1500
654	0	12	30	6296	442
655	3	1	30	6304	951
656	0	12	45	6312	693
657	0	12	30	6320	292
658	4	8	30	6328	61
659	4	14	35	6336	1472
660	4	8	50	6344	3638
661	4	8	30	6352	307
662	0	12	50	6360	24
663	0	12	35	6368	1450
664	0	12	30	6376	463
665	4	8	50	6384	1610
666	4	8	30	6400	652
667	3	1	30	6410	3548
668	4	8	30	6420	100
669	3	1	50	6430	1628
670	4	8	35	6440	5007
671	4	14	45	6450	4813
672	4	14	45	6460	3141
673	4	14	35	6470	45
674	4	14	35	6480	430
675	0	12	30	6490	1442
676	3	1	45	6500	418
677	0	12	50	6510	755
678	0	12	50	6520	1366
679	0	12	45	6530	939
680	4	8	50	6540	8920
681	0	12	35	6550	64
682	0	12	45	6560	50
683	4	14	35	6570	1138
684	3	1	45	6580	553
685	3	1	45	6590	78
686	4	14	45	6600	1059
687	0	12	30	6610	2786
688	4	14	45	6620	3666
689	0	12	45	6630	1778
690	4	14	35	6640	1244
691	0	12	35	6650	1038
692	4	14	45	6660	292
693	3	1	30	6670	3504
694	3	1	45	6680	641
695	3	1	30	6690	367
696	0	12	30	6700	904
697	4	14	30	6710	7161
698	3	1	35	6720	146
699	3	1	45	6730	478
700	4	8	30	6740	773
701	0	12	35	6750	698
702	0	12	35	6760	1251
703	4	8	50	6770	1884
704	4	14	30	6800	1051
705	3	1	35	6810	614
706	4	8	35	6820	7390
707	3	1	30	6830	7819
708	4	14	50	6840	812
709	0	12	30	6850	2308
710	4	14	35	6860	420
711	4	14	50	6870	7687
712	4	14	30	6880	2050
713	0	12	45	6890	2132
714	4	8	35	6900	1521
715	0	12	35	6910	3279
716	4	8	35	6920	249
717	4	8	35	6930	1726
718	4	8	45	6940	640
719	4	8	45	6950	369
720	4	8	30	6960	305
721	0	12	50	6970	1496
722	3	1	45	6980	9264
723	0	12	45	6990	1232
724	3	1	35	7000	196
725	0	12	30	7010	1439
726	0	12	50	7020	2972
727	4	8	45	7030	6734
728	0	12	50	7040	2759
729	4	8	35	7050	52
730	0	12	50	7060	324
731	4	14	45	7070	488
732	4	8	45	7080	559
733	3	1	35	7090	662
734	4	14	45	7100	110
735	0	12	45	7110	2367
736	4	14	30	7120	1673
737	3	1	50	7130	1071
738	4	14	35	7140	51
739	0	12	30	7150	7558
740	4	8	35	7160	130
741	4	8	45	7200	1128
742	4	8	30	7212	1081
743	4	14	45	7224	337
744	0	12	30	7236	1018
745	0	12	45	7248	1325
746	4	8	30	7260	2886
747	3	1	30	7272	1309
748	0	12	45	7284	696
749	4	8	30	7296	1263
750	4	8	50	7308	103
751	4	14	50	7320	3080
752	4	8	35	7332	2395
753	4	8	45	7344	4645
754	0	12	35	7356	147
755	0	12	30	7368	3161
756	3	1	50	7380	725
757	4	14	50	7392	9
758	4	14	35	7404	1453
759	4	14	50	7416	4519
760	3	1	45	7428	1349
761	4	14	50	7440	19
762	3	1	30	7452	526
763	4	8	45	7464	736
764	0	12	30	7476	1530
765	0	12	50	7488	7235
766	4	8	30	7500	2652
767	0	12	45	7512	890
768	4	8	50	7524	1841
769	0	12	50	7536	3650
770	4	8	35	7548	546
771	3	1	45	7560	2425
772	4	8	30	7572	1610
773	4	8	45	7600	704
774	0	12	30	7608	222
775	0	12	45	7616	2477
776	4	14	45	7624	230
777	3	1	30	7632	3601
778	0	12	35	7640	125
779	3	1	50	7648	1878
780	3	1	30	7656	2767
781	4	8	50	7664	694
782	4	8	50	7672	2226
783	3	1	50	7680	657
784	0	12	45	7688	7400
785	4	8	50	7696	905
786	4	8	30	7704	1461
787	0	12	50	7712	837
788	3	1	50	7720	473
789	3	1	35	7728	601
790	3	1	45	7736	986
791	0	12	30	7744	1650
792	4	14	45	7752	4570
793	0	12	35	7760	277
794	4	8	45	7768	1332
795	4	8	45	7776	110
796	4	14	35	7784	445
797	4	14	45	7792	232
798	4	14	35	7800	1938
799	4	14	35	7808	1110
800	3	1	35	7816	2773
801	0	12	35	7824	1037
802	4	8	30	7832	4217
803	4	14	50	7840	1214
804	0	12	50	7848	520
805	3	1	35	7856	855
806	4	8	50	7864	529
807	4	14	50	7872	1025
808	4	8	35	7880	3187
809	4	14	50	7888	895
810	4	8	45	7896	2311
811	4	14	45	7904	1268
812	3	1	35	7912	5765
813	0	12	45	7920	4758
814	0	12	50	7928	316
815	0	12	45	7936	439
816	3	1	50	7944	825
817	4	14	35	7952	6054
818	4	8	30	7960	809
819	4	14	30	7968	373
820	4	14	50	7976	1212
821	4	8	35	7984	996
822	3	1	50	7992	321
823	3	1	45	8000	837
824	3	1	30	8012	1193
825	0	12	30	8024	2261
826	3	1	50	8036	3263
827	0	12	45	8048	1100
828	0	12	50	8060	3327
829	3	1	45	8072	105
830	4	8	30	8084	1428
831	0	12	30	8096	14880
832	4	14	45	8108	481
833	0	12	30	8120	2015
834	4	14	35	8132	3918
835	3	1	45	8144	845
836	0	12	45	8156	1071
837	4	8	30	8168	487
838	4	8	50	8180	104
839	4	8	35	8192	1974
840	4	14	30	8204	282
841	4	8	30	8216	249
842	4	14	35	8228	1575
843	3	1	30	8240	3790
844	4	8	45	8252	1709
845	3	1	50	8264	5048
846	4	8	50	8276	1924
847	3	1	30	8288	9390
848	0	12	35	8300	8205
849	0	12	50	8312	681
850	4	14	45	8324	2514
851	4	14	50	8336	570
852	4	8	35	8348	2998
853	0	12	30	8360	1196
854	0	12	45	8400	7107
855	4	8	30	8408	885
856	3	1	45	8416	591
857	3	1	45	8424	1538
858	4	8	45	8432	11
859	0	12	45	8440	1605
860	0	12	35	8448	1568
861	4	8	30	8456	3315
862	4	14	50	8464	1786
863	3	1	50	8472	2736
864	3	1	45	8480	3801
865	0	12	35	8488	2315
866	0	12	30	8496	589
867	3	1	35	8504	739
868	4	8	30	8512	99
869	3	1	35	8520	3233
870	0	12	30	8528	3052
871	0	12	50	8536	259
872	3	1	35	8544	4618
873	0	12	50	8552	2444
874	4	14	30	8560	79
875	4	8	45	8568	823
876	4	8	50	8576	3756
877	4	14	50	8584	709
878	4	8	50	8592	2917
879	4	14	30	8600	1508
880	4	14	35	8608	122
881	4	14	50	8616	3359
882	0	12	30	8624	1158
883	4	14	50	8632	1474
884	4	14	50	8640	818
885	3	1	30	8648	608
886	3	1	50	8656	503
887	4	14	45	8664	2887
888	0	12	45	8672	2178
889	4	8	30	8680	1391
890	0	12	30	8688	185
891	4	8	30	8696	4210
892	0	12	45	8704	473
893	4	8	30	8712	1381
894	0	12	50	8720	175
895	4	8	50	8728	777
896	3	1	30	8736	1495
897	0	12	45	8744	3216
898	0	12	35	8752	14181
899	0	12	35	8800	4393
900	3	1	50	8810	2183
901	4	14	45	8820	738
902	4	8	50	8830	5712
903	4	8	30	8840	401
904	0	12	50	8850	1411
905	3	1	50	8860	1801
906	0	12	45	8870	853
907	4	8	35	8880	147
908	0	12	30	8890	1059
909	3	1	50	8900	2010
910	0	12	30	8910	1429
911	3	1	50	8920	6308
912	0	12	45	8930	2931
913	4	8	35	8940	1293
914	4	8	35	8950	1357
915	4	8	35	8960	2618
916	0	12	30	8970	922
917	0	12	50	8980	143
918	4	14	50	8990	1054
919	0	12	45	9000	1774
920	4	8	45	9010	1243
921	0	12	35	9020	1352
922	3	1	45	9030	2074
923	0	12	30	9040	1583
924	3	1	30	9050	2494
925	4	14	50	9060	4696
926	0	12	30	9070	4841
927	4	8	30	9080	1027
928	4	14	30	9090	1943
929	4	8	35	9100	2523
930	4	14	35	9110	3330
931	0	12	35	9120	97
932	4	14	35	9130	712
933	4	8	45	9140	4218
934	0	12	30	9150	4006
935	4	14	45	9160	2776
936	3	1	30	9170	4096
937	3	1	30	9180	596
938	4	14	30	9190	30
939	4	8	30	9200	2709
940	4	8	45	9207	4926
941	4	8	35	9214	328
942	4	14	45	9221	869
943	4	8	45	9228	59
944	4	8	50	9235	9350
945	4	8	35	9242	281
946	0	12	45	9249	231
947	3	1	30	9256	2651
948	0	12	50	9263	12
949	4	14	35	9270	873
950	4	8	50	9277	6093
951	3	1	35	9284	1222
952	4	8	45	9291	988
953	0	12	50	9298	1058
954	3	1	45	9305	1109
955	4	8	45	9312	379
956	4	8	50	9319	2176
957	0	12	50	9326	1006
958	4	14	50	9333	1267
959	4	8	30	9340	1841
960	4	8	45	9347	2295
961	4	14	35	9354	5826
962	4	8	35	9361	1194
963	3	1	45	9368	2371
964	4	14	45	9375	3465
965	4	14	50	9382	1244
966	4	14	35	9389	2144
967	4	14	30	9396	4422
968	4	8	30	9403	1888
969	4	8	45	9410	2711
970	4	14	35	9417	3916
971	4	8	50	9424	237
972	4	8	50	9431	110
973	4	8	50	9438	2203
974	3	1	50	9445	2237
975	0	12	30	9452	747
976	4	8	50	9459	298
977	0	12	30	9466	1914
978	4	14	30	9473	1625
979	0	12	50	9480	1741
980	3	1	35	9487	3173
981	3	1	30	9494	388
982	4	8	35	9501	1007
983	0	12	45	9508	622
984	0	12	35	9515	2890
985	4	8	30	9522	872
986	3	1	45	9529	2141
987	4	14	45	9536	4389
988	3	1	30	9543	1206
989	3	1	45	9550	2356
990	3	1	50	9557	182
991	4	8	30	9564	1290
992	3	1	30	9571	3106
993	4	8	30	9578	1067
994	4	14	35	9600	122
995	4	8	35	9609	6956
996	0	12	30	9618	2418
997	0	12	50	9627	2147
998	3	1	50	9636	462
999	4	8	30	9645	1499
1000	3	1	50	9654	1283
1001	4	8	45	9663	493
1002	0	12	30	9672	263
1003	3	1	30	9681	612
1004	0	12	30	9690	1366
1005	4	14	50	9699	3672
1006	0	12	35	9708	1033
1007	4	14	50	9717	2562
1008	4	8	50	9726	2676
1009	3	1	35	9735	242
1010	0	12	45	9744	69
1011	0	12	50	9753	96
1012	4	8	50	9762	3653
1013	4	14	30	9771	4377
1014	3	1	45	9780	3284
1015	4	14	45	9789	1410
1016	3	1	50	9798	1596
1017	0	12	50	9807	402
1018	4	8	35	9816	5322
1019	4	8	45	9825	1268
1020	0	12	30	9834	3278
1021	4	14	45	9843	2931
1022	0	12	50	9852	1150
1023	3	1	35	9861	5024
1024	3	1	50	9870	2128
1025	4	8	30	9879	966
1026	4	14	50	9888	781
1027	4	14	50	9897	2044
1028	4	8	45	9906	1874
1029	4	8	35	9915	2436
1030	4	14	30	9924	1883
1031	0	12	50	9933	1310
1032	4	8	30	9942	1054
1033	3	1	50	9951	58
1034	3	1	50	9960	228
1035	4	8	50	10000	1719
1036	4	8	50	10010	109
1037	3	1	35	10020	282
1038	0	12	45	10030	2961
1039	4	8	45	10040	5147
1040	0	12	45	10050	5982
1041	3	1	50	10060	5465
1042	3	1	45	10070	327
1043	0	12	45	10080	827
1044	3	1	50	10090	2146
1045	4	8	30	10100	81
1046	0	12	35	10110	2023
1047	4	14	50	10120	4614
1048	4	14	35	10130	1868
1049	0	12	45	10140	1612
1050	3	1	45	10150	1086
1051	4	14	35	10160	1465
1052	4	14	45	10170	2604
1053	0	12	35	10180	2668
1054	0	12	30	10190	2556
1055	3	1	35	10200	2438
1056	0	12	45	10210	3038
1057	3	1	45	10220	457
1058	4	14	30	10230	1877
1059	3	1	50	10240	236
1060	0	12	50	10250	1455
1061	4	8	35	10260	2883
1062	3	1	35	10270	242
1063	4	14	45	10280	68
1064	3	1	30	10290	1402
1065	4	14	45	10300	1612
1066	4	14	45	10310	2029
1067	4	14	50	10320	3323
1068	4	8	30	10330	3029
1069	4	8	50	10340	521
1070	4	8	45	10350	1204
1071	0	12	35	10360	1083
1072	0	12	30	10400	1054
1073	0	12	45	10408	12
1074	4	8	50	10416	1467
1075	3	1	30	10424	4095
1076	4	8	50	10432	1925
1077	4	14	35	10440	207
1078	4	14	35	10448	604
1079	4	8	50	10456	1908
1080	4	8	45	10464	2747
1081	4	14	30	10472	1099
1082	0	12	45	10480	67
1083	4	8	50	10488	112
1084	4	14	50	10496	671
1085	4	14	50	10504	190
1086	4	8	35	10512	2793
1087	4	8	50	10520	2235
1088	4	8	50	10528	734
1089	4	14	45	10536	1032
1090	0	12	30	10544	3175
1091	3	1	35	10552	3780
1092	3	1	30	10560	1480
1093	3	1	50	10568	2162
1094	0	12	45	10576	1044
1095	3	1	35	10584	412
1096	0	12	45	10592	3439
1097	3	1	30	10600	250
1098	3	1	35	10608	3602
1099	4	14	35	10616	220
1100	3	1	35	10624	1030
1101	0	12	45	10632	3500
1102	3	1	50	10640	256
1103	4	8	35	10648	947
1104	3	1	50	10656	212
1105	3	1	30	10664	2
1106	4	14	30	10672	232
1107	3	1	50	10680	2558
1108	4	14	35	10688	488
1109	3	1	50	10696	3801
1110	0	12	35	10704	180
1111	4	8	30	10712	2294
1112	3	1	30	10720	5749
1113	3	1	35	10728	10224
1114	0	12	30	10736	907
1115	0	12	50	10744	197
1116	4	8	50	10752	2621
1117	0	12	35	10760	121
1118	0	12	50	10800	2759
1119	3	1	30	10811	1066
1120	4	8	30	10822	3227
1121	4	8	50	10833	6671
1122	4	8	30	10844	1397
1123	4	8	45	10855	946
1124	4	8	50	10866	1138
1125	4	14	35	10877	1850
1126	4	8	30	10888	4510
1127	3	1	35	10899	2763
1128	4	14	30	10910	1831
1129	3	1	45	10921	811
1130	4	8	45	10932	102
1131	3	1	50	10943	1388
1132	4	8	50	10954	612
1133	0	12	30	10965	339
1134	3	1	45	10976	477
1135	0	12	30	10987	5065
1136	0	12	30	10998	721
1137	3	1	35	11009	2131
1138	3	1	50	11020	6157
1139	0	12	50	11031	668
1140	0	12	50	11042	7910
1141	3	1	45	11053	62
1142	4	8	35	11064	1219
1143	4	14	50	11075	1220
1144	3	1	30	11086	761
1145	4	14	30	11097	240
1146	4	14	30	11108	4715
1147	0	12	50	11119	1505
1148	4	8	45	11130	701
1149	0	12	50	11141	749
1150	4	8	45	11152	1217
1151	4	14	30	11163	2868
1152	3	1	35	11200	921
1153	4	14	30	11211	1095
1154	4	8	30	11222	723
1155	0	12	35	11233	1153
1156	4	14	45	11244	781
1157	0	12	35	11255	2720
1158	4	14	45	11266	5743
1159	4	14	45	11277	1375
1160	0	12	50	11288	223
1161	4	8	45	11299	895
1162	4	14	50	11310	260
1163	4	8	50	11321	4292
1164	4	8	30	11332	3223
1165	4	8	45	11343	1763
1166	4	14	35	11354	1085
1167	3	1	30	11365	3095
1168	4	14	45	11376	3043
1169	0	12	50	11387	1174
1170	4	14	45	11398	3134
1171	3	1	35	11409	155
1172	3	1	45	11420	222
1173	4	14	30	11431	1248
1174	3	1	35	11442	1132
1175	4	14	45	11453	2939
1176	0	12	45	11464	1418
1177	3	1	30	11475	93
1178	3	1	35	11486	124
1179	3	1	45	11497	774
1180	4	14	30	11508	2396
1181	4	8	35	11519	911
1182	0	12	50	11530	1206
1183	4	14	30	11541	676
1184	0	12	50	11552	4202
1185	4	8	35	11563	680
1186	0	12	45	11574	281
1187	3	1	45	11600	3691
1188	3	1	30	11608	3828
1189	4	8	30	11616	2974
1190	4	8	45	11624	1817
1191	0	12	50	11632	1639
1192	3	1	50	11640	2490
1193	3	1	30	11648	1220
1194	0	12	50	11656	392
1195	3	1	35	11664	1934
1196	4	14	50	11672	4790
1197	0	12	35	11680	1703
1198	4	8	45	11688	2136
1199	0	12	35	11696	2625
1200	4	14	45	11704	2370
1201	4	8	50	11712	251
1202	0	12	30	11720	2750
1203	4	8	45	11728	3816
1204	0	12	30	11736	1473
1205	4	14	30	11744	959
1206	4	8	45	11752	2137
1207	3	1	35	11760	4704
1208	0	12	50	11768	9046
1209	3	1	35	11776	1525
1210	0	12	45	11784	5323
1211	0	12	35	11792	650
1212	3	1	50	11800	2299
1213	4	8	50	11808	1948
1214	0	12	35	11816	3209
1215	4	14	45	11824	2691
1216	4	8	50	11832	4770
1217	4	14	45	11840	3602
1218	0	12	50	11848	10
1219	4	14	50	11856	1435
1220	4	8	30	11864	1212
1221	4	8	45	11872	1719
1222	0	12	30	11880	5460
1223	3	1	45	11888	15
1224	3	1	35	11896	3758
1225	4	14	50	11904	527
1226	4	14	45	11912	901
1227	0	12	35	11920	2091
1228	4	14	30	11928	674
1229	0	12	30	11936	3348
1230	0	12	50	11944	3949
1231	4	14	30	11952	5457
1232	0	12	35	11960	986
1233	4	8	50	12000	798
1234	3	1	30	12011	1970
1235	4	8	30	12022	1735
1236	4	8	30	12033	1929
1237	4	14	30	12044	1839
1238	4	14	30	12055	2903
1239	4	8	50	12066	1372
1240	0	12	50	12077	1998
1241	3	1	30	12088	513
1242	4	8	45	12099	3833
1243	4	14	45	12110	768
1244	4	8	45	12121	3713
1245	4	8	30	12132	769
1246	3	1	30	12143	4176
1247	4	8	50	12154	187
1248	4	8	50	12165	2143
1249	0	12	35	12176	1154
1250	4	8	35	12187	2489
1251	4	14	30	12198	153
1252	4	14	45	12209	1678
1253	3	1	50	12220	311
1254	4	14	35	12231	647
1255	3	1	30	12242	250
1256	0	12	50	12253	404
1257	3	1	45	12264	2691
1258	3	1	35	12275	8
1259	0	12	35	12286	682
1260	4	14	45	12297	37
1261	4	8	35	12308	16
1262	4	14	35	12319	1928
1263	0	12	50	12330	388
1264	3	1	45	12341	2232
1265	0	12	35	12352	10801
1266	4	14	50	12363	4381
1267	0	12	50	12374	874
1268	3	1	50	12385	11000
1269	3	1	30	12400	494
1270	3	1	35	12410	257
1271	4	8	45	12420	732
1272	0	12	45	12430	143
1273	3	1	30	12440	1421
1274	4	14	50	12450	4246
1275	3	1	50	12460	517
1276	0	12	50	12470	2572
1277	0	12	35	12480	1913
1278	0	12	50	12490	357
1279	0	12	30	12500	1501
1280	4	8	50	12510	879
1281	3	1	45	12520	637
1282	3	1	45	12530	9408
1283	3	1	45	12540	3762
1284	4	14	45	12550	211
1285	4	8	45	12560	3095
1286	4	14	45	12570	913
1287	3	1	35	12580	562
1288	3	1	45	12590	108
1289	0	12	50	12600	1422
1290	4	8	35	12610	1011
1291	3	1	35	12620	4228
1292	0	12	50	12630	1817
1293	3	1	45	12640	1294
1294	3	1	35	12650	1301
1295	4	14	45	12660	1955
1296	4	14	50	12670	1871
1297	0	12	50	12680	2255
1298	4	8	50	12690	2079
1299	0	12	30	12700	3772
1300	4	8	30	12710	1128
1301	4	8	30	12720	1476
1302	3	1	30	12730	196
1303	4	14	45	12740	1154
1304	3	1	30	12750	764
1305	4	14	45	12760	1039
1306	3	1	45	12770	9
1307	0	12	45	12780	122
1308	3	1	50	12790	612
1309	0	12	35	12800	99
1310	3	1	30	12811	1001
1311	0	12	45	12822	1675
1312	4	8	45	12833	1714
1313	3	1	30	12844	1294
1314	3	1	45	12855	5416
1315	4	8	50	12866	2735
1316	3	1	45	12877	34
1317	0	12	45	12888	2949
1318	4	8	30	12899	158
1319	0	12	30	12910	4328
1320	0	12	50	12921	1981
1321	4	8	45	12932	2059
1322	4	8	35	12943	717
1323	3	1	50	12954	1335
1324	4	8	50	12965	3453
1325	4	14	50	12976	552
1326	0	12	50	12987	2473
1327	4	8	50	12998	1795
1328	0	12	45	13009	61
1329	0	12	35	13020	592
1330	4	14	50	13031	1936
1331	4	14	50	13042	97
1332	3	1	35	13053	6977
1333	0	12	50	13064	758
1334	4	14	50	13075	203
1335	4	14	50	13086	3589
1336	4	14	45	13097	395
1337	3	1	50	13108	1607
1338	4	14	45	13119	1509
1339	4	14	50	13130	2375
1340	3	1	30	13141	3049
1341	4	14	30	13152	734
1342	0	12	35	13163	7959
1343	4	8	30	13174	8
1344	3	1	50	13200	244
1345	0	12	45	13210	3537
1346	4	8	45	13220	723
1347	3	1	45	13230	256
1348	0	12	30	13240	1567
1349	0	12	45	13250	2640
1350	0	12	50	13260	1866
1351	3	1	35	13270	3622
1352	4	14	50	13280	1833
1353	0	12	50	13290	2864
1354	4	14	35	13300	495
1355	0	12	45	13310	3104
1356	0	12	45	13320	498
1357	4	14	35	13330	1866
1358	4	8	45	13340	1916
1359	4	14	30	13350	158
1360	3	1	50	13360	2379
1361	0	12	45	13370	1063
1362	0	12	50	13380	58
1363	4	8	45	13390	14
1364	0	12	35	13400	1117
1365	3	1	30	13410	850
1366	4	8	30	13420	1822
1367	4	8	50	13430	602
1368	3	1	30	13440	955
1369	3	1	50	13450	209
1370	4	8	35	13460	1669
1371	0	12	50	13470	1250
1372	4	8	30	13480	552
1373	4	8	30	13490	959
1374	3	1	50	13500	216
1375	4	8	45	13510	775
1376	0	12	30	13520	2167
1377	0	12	30	13530	704
1378	0	12	50	13540	930
1379	0	12	30	13550	9818
1380	4	8	35	13560	5561
1381	3	1	30	13570	1779
1382	4	8	45	13580	100
1383	4	14	30	13590	706
1384	0	12	45	13600	2098
1385	4	8	45	13609	3062
1386	4	14	30	13618	1185
1387	4	8	35	13627	466
1388	0	12	45	13636	201
1389	3	1	35	13645	737
1390	4	14	30	13654	1899
1391	4	14	30	13663	1699
1392	0	12	35	13672	5492
1393	0	12	35	13681	1208
1394	0	12	30	13690	15278
1395	3	1	35	13699	923
1396	3	1	30	13708	653
1397	3	1	50	13717	7293
1398	0	12	50	13726	1716
1399	4	14	45	13735	2926
1400	4	14	45	13744	526
1401	0	12	50	13753	88
1402	4	14	45	13762	2699
1403	4	8	35	13771	1173
1404	4	14	30	13780	365
1405	4	14	30	13789	306
1406	4	8	30	13798	1808
1407	3	1	45	13807	495
1408	3	1	30	13816	2148
1409	3	1	45	13825	4572
1410	4	14	45	13834	270
1411	4	14	35	13843	5145
1412	4	14	35	13852	535
1413	4	8	35	13861	1955
1414	4	8	50	13870	297
1415	0	12	50	13879	224
1416	4	14	30	13888	903
1417	0	12	50	13897	2628
1418	4	8	50	13906	884
1419	4	14	45	13915	2067
1420	3	1	50	13924	4589
1421	4	14	45	13933	987
1422	4	8	35	13942	359
1423	4	14	50	13951	147
1424	4	14	45	13960	1332
1425	4	8	30	13969	10083
1426	4	14	35	13978	1505
1427	0	12	45	14000	3099
1428	0	12	30	14008	960
1429	4	14	45	14016	2640
1430	3	1	45	14024	87
1431	4	8	30	14032	2327
1432	4	14	35	14040	2551
1433	4	8	30	14048	1849
1434	0	12	45	14056	2862
1435	4	8	35	14064	4503
1436	3	1	45	14072	3775
1437	0	12	30	14080	1859
1438	0	12	50	14088	279
1439	0	12	45	14096	1418
1440	0	12	45	14104	417
1441	4	8	45	14112	517
1442	3	1	35	14120	1595
1443	4	8	50	14128	440
1444	4	14	45	14136	401
1445	0	12	45	14144	2339
1446	0	12	45	14152	824
1447	4	14	50	14160	747
1448	3	1	45	14168	757
1449	0	12	35	14176	4473
1450	3	1	30	14184	13
1451	3	1	35	14192	1585
1452	4	8	50	14200	1916
1453	4	8	30	14208	5371
1454	4	8	50	14216	4069
1455	4	14	50	14224	3688
1456	3	1	45	14232	4221
1457	0	12	50	14240	2214
1458	3	1	50	14248	6315
1459	4	8	30	14256	380
1460	0	12	45	14264	1898
1461	0	12	45	14272	3295
1462	4	8	35	14280	3638
1463	3	1	35	14288	5195
1464	4	14	30	14296	3872
1465	4	8	35	14304	1155
1466	4	14	30	14312	453
1467	4	8	30	14320	1995
1468	0	12	50	14328	3973
1469	4	14	35	14336	557
1470	3	1	35	14344	596
1471	4	14	50	14352	2837
1472	4	14	50	14400	1836
1473	0	12	35	14410	3789
1474	4	14	30	14420	1216
1475	0	12	30	14430	2225
1476	0	12	35	14440	3664
1477	4	14	35	14450	6815
1478	0	12	30	14460	4399
1479	3	1	30	14470	3187
1480	0	12	35	14480	2132
1481	0	12	35	14490	489
1482	3	1	50	14500	1278
1483	0	12	50	14510	1339
1484	4	8	45	14520	2591
1485	0	12	30	14530	1367
1486	0	12	30	14540	147
1487	3	1	30	14550	3111
1488	0	12	35	14560	2649
1489	4	8	45	14570	5031
1490	4	14	50	14580	32
1491	3	1	45	14590	394
1492	4	8	35	14600	2087
1493	4	14	50	14610	6305
1494	0	12	50	14620	4504
1495	4	14	30	14630	959
1496	0	12	35	14640	988
1497	4	14	30	14650	1957
1498	3	1	50	14660	836
1499	4	8	30	14670	2718
1500	0	12	35	14680	1333
1501	4	14	45	14690	2451
1502	3	1	30	14700	1192
1503	3	1	35	14710	149
1504	3	1	30	14720	2017
1505	4	14	30	14730	571
1506	4	14	45	14740	5861
1507	4	8	45	14750	2911
1508	3	1	30	14760	1292
1509	0	12	45	14770	441
1510	3	1	45	14780	3
1511	4	14	35	14790	4859
1512	4	14	45	14800	3031
1513	4	14	50	14808	350
1514	0	12	45	14816	1457
1515	4	14	30	14824	1008
1516	4	8	45	14832	816
1517	4	8	35	14840	860
1518	4	8	50	14848	444
1519	4	14	50	14856	894
1520	4	8	30	14864	916
1521	4	8	50	14872	1068
1522	4	8	50	14880	4548
1523	4	14	35	14888	5752
1524	0	12	35	14896	516
1525	0	12	45	14904	164
1526	4	8	45	14912	233
1527	4	14	50	14920	2062
1528	4	14	35	14928	6194
1529	4	14	30	14936	155
1530	0	12	50	14944	660
1531	0	12	30	14952	486
1532	4	8	35	14960	1962
1533	4	14	30	14968	315
1534	3	1	45	14976	742
1535	4	8	50	14984	5961
1536	4	8	35	14992	2920
1537	0	12	45	15000	1022
1538	4	8	50	15008	3832
1539	4	8	35	15016	1299
1540	0	12	35	15024	1590
1541	3	1	45	15032	726
1542	4	14	30	15040	750
1543	4	14	50	15048	1536
1544	3	1	50	15056	4984
1545	0	12	45	15064	219
1546	3	1	30	15072	1017
1547	3	1	45	15080	1335
1548	4	14	35	15088	1158
1549	0	12	50	15096	1381
1550	3	1	45	15104	93
1551	3	1	50	15112	82
1552	3	1	35	15120	1106
1553	4	14	50	15128	7952
1554	4	14	50	15136	941
1555	3	1	45	15144	151
1556	4	8	50	15152	3314
1557	4	14	50	15200	1408
1558	4	8	50	15208	3721
1559	3	1	35	15216	1626
1560	3	1	45	15224	297
1561	4	14	45	15232	722
1562	4	8	30	15240	3341
1563	4	14	50	15248	1026
1564	4	14	50	15256	4975
1565	4	8	45	15264	3084
1566	3	1	50	15272	676
1567	0	12	45	15280	2011
1568	4	8	30	15288	3800
1569	3	1	45	15296	1680
1570	3	1	50	15304	1979
1571	4	8	50	15312	5464
1572	0	12	35	15320	1373
1573	0	12	35	15328	2556
1574	3	1	35	15336	3341
1575	4	14	45	15344	130
1576	4	8	45	15352	212
1577	4	8	30	15360	895
1578	0	12	35	15368	53
1579	0	12	50	15376	263
1580	4	8	35	15384	2279
1581	4	14	50	15392	1950
1582	0	12	45	15400	455
1583	3	1	45	15408	1218
1584	4	8	45	15416	58
1585	3	1	50	15424	550
1586	3	1	50	15432	3129
1587	4	8	35	15440	2064
1588	4	14	30	15448	2943
1589	4	14	30	15456	541
1590	0	12	30	15464	301
1591	3	1	45	15472	608
1592	3	1	50	15480	1623
1593	4	14	35	15488	702
1594	4	14	45	15496	828
1595	4	8	50	15504	563
1596	0	12	35	15512	1357
1597	0	12	30	15520	4853
1598	0	12	30	15528	1930
1599	4	8	35	15536	281
1600	3	1	45	15544	3397
1601	4	8	45	15552	2890
1602	0	12	35	15560	2025
1603	0	12	45	15568	4100
1604	3	1	50	15600	4087
1605	0	12	45	15612	235
1606	3	1	35	15624	1569
1607	4	8	50	15636	2431
1608	0	12	35	15648	371
1609	0	12	35	15660	749
1610	4	8	50	15672	7149
1611	4	14	45	15684	1189
1612	3	1	35	15696	1304
1613	4	8	50	15708	2552
1614	0	12	30	15720	4183
1615	3	1	45	15732	1449
1616	3	1	50	15744	209
1617	4	14	45	15756	879
1618	4	8	35	15768	931
1619	4	8	50	15780	2255
1620	3	1	50	15792	10735
1621	0	12	45	15804	2059
1622	4	8	35	15816	3987
1623	4	8	30	15828	1899
1624	3	1	45	15840	1119
1625	4	14	30	15852	911
1626	4	14	30	15864	953
1627	0	12	30	15876	447
1628	4	8	45	15888	963
1629	0	12	45	15900	1671
1630	3	1	30	15912	1689
1631	0	12	45	15924	419
1632	4	8	30	15936	2708
1633	4	14	50	15948	4512
1634	3	1	30	15960	731
1635	0	12	45	15972	4948
1636	3	1	45	16000	8566
1637	0	12	30	16010	808
1638	0	12	45	16020	1762
1639	0	12	50	16030	4999
1640	4	14	35	16040	2387
1641	0	12	50	16050	182
1642	0	12	50	16060	1286
1643	3	1	45	16070	1224
1644	3	1	35	16080	616
1645	4	8	35	16090	2352
1646	4	14	30	16100	3058
1647	4	8	50	16110	3602
1648	3	1	35	16120	1088
1649	0	12	30	16130	3472
1650	3	1	50	16140	315
1651	4	8	50	16150	294
1652	4	14	50	16160	1549
1653	3	1	30	16170	5726
1654	3	1	45	16180	291
1655	4	8	30	16190	382
1656	0	12	30	16200	4615
1657	4	14	35	16210	47
1658	3	1	50	16220	1169
1659	4	14	50	16230	1404
1660	4	8	45	16240	2632
1661	4	8	35	16250	840
1662	0	12	30	16260	775
1663	0	12	50	16270	1846
1664	3	1	30	16280	2712
1665	0	12	30	16290	3053
1666	4	8	45	16300	2451
1667	4	14	35	16310	1753
1668	3	1	50	16320	1070
1669	0	12	35	16330	6474
1670	0	12	30	16340	1506
1671	3	1	50	16350	2913
1672	3	1	50	16360	2940
1673	0	12	45	16370	1212
1674	4	8	35	16380	7766
1675	3	1	50	16390	4771
1676	4	14	45	16400	368
1677	3	1	50	16409	1041
1678	4	14	50	16418	854
1679	0	12	30	16427	2671
1680	0	12	50	16436	1747
1681	3	1	30	16445	1571
1682	3	1	50	16454	3035
1683	0	12	45	16463	1634
1684	3	1	45	16472	1091
1685	0	12	30	16481	1135
1686	4	8	50	16490	2099
1687	4	14	50	16499	3208
1688	4	8	35	16508	2849
1689	0	12	50	16517	283
1690	0	12	45	16526	30
1691	4	14	30	16535	6569
1692	4	8	30	16544	4408
1693	4	8	50	16553	169
1694	4	14	35	16562	411
1695	4	8	30	16571	872
1696	0	12	45	16580	2905
1697	0	12	30	16589	4107
1698	0	12	45	16598	2513
1699	3	1	30	16607	1317
1700	4	14	45	16616	8399
1701	4	14	50	16625	444
1702	3	1	30	16634	1090
1703	3	1	50	16643	1228
1704	0	12	30	16652	697
1705	0	12	30	16661	952
1706	3	1	30	16670	913
1707	3	1	30	16679	176
1708	0	12	45	16688	6621
1709	0	12	45	16697	517
1710	3	1	45	16706	11
1711	4	8	35	16715	1364
1712	0	12	45	16724	2253
1713	4	8	50	16733	2446
1714	4	14	50	16742	5098
1715	3	1	35	16751	415
1716	4	14	45	16760	1653
1717	0	12	45	16769	2879
1718	4	8	30	16800	402
1719	4	8	50	16810	739
1720	3	1	35	16820	285
1721	4	8	50	16830	4763
1722	3	1	30	16840	3478
1723	4	8	50	16850	663
1724	4	14	50	16860	5817
1725	0	12	50	16870	1672
1726	0	12	45	16880	4196
1727	4	8	30	16890	2335
1728	4	8	35	16900	625
1729	0	12	35	16910	1966
1730	4	8	30	16920	306
1731	3	1	45	16930	703
1732	4	8	35	16940	2345
1733	4	8	50	16950	4006
1734	0	12	35	16960	2788
1735	0	12	30	16970	966
1736	0	12	30	16980	264
1737	4	14	50	16990	776
1738	4	14	45	17000	612
1739	3	1	45	17010	84
1740	4	8	30	17020	137
1741	4	14	45	17030	1666
1742	3	1	30	17040	3608
1743	0	12	45	17050	1517
1744	3	1	35	17060	270
1745	3	1	30	17070	1470
1746	3	1	45	17080	675
1747	0	12	35	17090	406
1748	3	1	50	17100	346
1749	4	8	50	17110	12851
1750	3	1	35	17120	3131
1751	4	14	30	17130	6
1752	3	1	50	17140	2339
1753	4	14	45	17150	1042
1754	4	14	45	17160	860
1755	3	1	50	17170	161
1756	4	8	50	17200	940
1757	0	12	30	17208	297
1758	3	1	50	17216	1441
1759	4	14	30	17224	2602
1760	4	14	45	17232	1392
1761	4	8	50	17240	2265
1762	4	8	50	17248	3386
1763	0	12	35	17256	823
1764	3	1	45	17264	179
1765	0	12	30	17272	2469
1766	4	14	30	17280	3259
1767	4	14	50	17288	3330
1768	0	12	35	17296	6148
1769	3	1	50	17304	1547
1770	3	1	35	17312	131
1771	0	12	45	17320	550
1772	0	12	50	17328	1383
1773	4	14	45	17336	303
1774	4	14	45	17344	555
1775	4	14	50	17352	1676
1776	3	1	45	17360	149
1777	4	8	35	17368	692
1778	4	14	45	17376	338
1779	4	8	50	17384	1105
1780	4	8	35	17392	657
1781	0	12	30	17400	2364
1782	4	14	30	17408	1509
1783	4	14	45	17416	629
1784	4	8	50	17424	3600
1785	3	1	50	17432	298
1786	4	14	45	17440	1868
1787	3	1	45	17448	668
1788	4	8	30	17456	1448
1789	3	1	45	17464	2245
1790	3	1	35	17472	16
1791	4	14	50	17480	8471
1792	0	12	30	17488	3303
1793	0	12	35	17496	1535
1794	3	1	30	17504	1552
1795	0	12	30	17512	984
1796	3	1	45	17520	2766
1797	3	1	50	17528	1377
1798	3	1	30	17536	1180
1799	4	8	35	17544	1081
1800	4	14	30	17552	2522
1801	4	14	50	17560	1291
1802	4	14	30	17600	523
1803	4	14	30	17608	1938
1804	3	1	35	17616	5452
1805	4	8	50	17624	1598
1806	4	14	35	17632	1401
1807	3	1	35	17640	1592
1808	4	14	50	17648	357
1809	0	12	45	17656	3048
1810	4	14	35	17664	10
1811	4	14	35	17672	171
1812	0	12	45	17680	8111
1813	4	8	30	17688	185
1814	4	8	50	17696	1187
1815	3	1	35	17704	3303
1816	4	8	50	17712	320
1817	4	8	35	17720	1578
1818	3	1	35	17728	1398
1819	0	12	45	17736	5875
1820	0	12	35	17744	214
1821	0	12	35	17752	1467
1822	4	8	45	17760	700
1823	3	1	50	17768	654
1824	0	12	35	17776	1511
1825	4	14	35	17784	163
1826	4	14	35	17792	1132
1827	0	12	35	17800	6611
1828	0	12	35	17808	1835
1829	4	14	45	17816	3846
1830	0	12	30	17824	3410
1831	0	12	50	17832	1708
1832	4	14	30	17840	3753
1833	3	1	35	17848	2679
1834	4	8	45	17856	2462
1835	3	1	35	17864	3262
1836	4	8	50	17872	1244
1837	0	12	30	17880	4796
1838	4	8	30	17888	817
1839	0	12	30	17896	668
1840	4	14	45	17904	2015
1841	0	12	35	17912	119
1842	4	14	50	17920	256
1843	4	8	35	17928	2642
1844	4	14	30	17936	2213
1845	4	14	50	17944	5204
1846	4	14	35	17952	5
1847	4	14	30	17960	2542
1848	3	1	45	17968	184
1849	0	12	45	18000	2631
1850	3	1	35	18010	550
1851	4	8	35	18020	454
1852	0	12	35	18030	10514
1853	3	1	45	18040	1381
1854	4	8	50	18050	758
1855	3	1	45	18060	438
1856	3	1	35	18070	397
1857	0	12	35	18080	6030
1858	4	14	45	18090	189
1859	4	14	30	18100	3878
1860	3	1	35	18110	251
1861	3	1	50	18120	1555
1862	3	1	50	18130	5924
1863	0	12	35	18140	741
1864	4	14	45	18150	6645
1865	3	1	45	18160	1126
1866	4	14	30	18170	536
1867	3	1	35	18180	561
1868	4	14	35	18190	958
1869	4	14	35	18200	2062
1870	0	12	35	18210	846
1871	4	8	45	18220	545
1872	0	12	35	18230	472
1873	3	1	30	18240	493
1874	4	8	50	18250	747
1875	4	14	30	18260	89
1876	4	8	45	18270	1019
1877	0	12	30	18280	1651
1878	3	1	45	18290	1882
1879	0	12	35	18300	1855
1880	0	12	30	18310	156
1881	0	12	35	18320	2496
1882	3	1	50	18330	4161
1883	0	12	45	18340	4064
1884	0	12	30	18350	1899
1885	4	14	50	18360	1908
1886	0	12	35	18400	1733
1887	4	8	45	18407	855
1888	0	12	35	18414	1097
1889	4	14	30	18421	1431
1890	4	14	30	18428	1956
1891	4	8	45	18435	1436
1892	4	8	45	18442	3417
1893	4	8	30	18449	1305
1894	4	8	50	18456	363
1895	0	12	45	18463	198
1896	3	1	35	18470	232
1897	4	14	45	18477	3328
1898	4	8	50	18484	2933
1899	0	12	45	18491	545
1900	4	14	50	18498	2345
1901	0	12	30	18505	2839
1902	4	14	50	18512	827
1903	3	1	30	18519	1176
1904	0	12	35	18526	978
1905	4	8	45	18533	3
1906	4	8	30	18540	9972
1907	4	8	35	18547	2993
1908	4	8	45	18554	413
1909	4	8	50	18561	634
1910	4	8	30	18568	3194
1911	3	1	30	18575	1925
1912	4	8	50	18582	834
1913	3	1	30	18589	1329
1914	4	14	50	18596	3034
1915	4	8	50	18603	1038
1916	0	12	30	18610	2189
1917	3	1	30	18617	165
1918	4	14	30	18624	2385
1919	0	12	50	18631	858
1920	3	1	30	18638	3809
1921	3	1	35	18645	4365
1922	4	8	50	18652	3454
1923	0	12	35	18659	4072
1924	0	12	35	18666	39
1925	4	14	50	18673	3574
1926	4	14	30	18680	1089
1927	3	1	30	18687	2624
1928	0	12	30	18694	107
1929	0	12	30	18701	490
1930	4	8	50	18708	5432
1931	4	8	30	18715	1776
1932	3	1	30	18722	3148
1933	3	1	50	18729	927
1934	0	12	45	18736	4906
1935	4	14	50	18743	763
1936	0	12	45	18750	937
1937	0	12	45	18800	1125
1938	0	12	35	18812	1316
1939	3	1	35	18824	1890
1940	3	1	45	18836	1944
1941	3	1	30	18848	3254
1942	4	14	30	18860	351
1943	4	14	45	18872	326
1944	4	8	50	18884	2501
1945	4	8	50	18896	11
1946	4	14	50	18908	375
1947	4	14	35	18920	810
1948	3	1	30	18932	2399
1949	4	14	30	18944	2864
1950	0	12	45	18956	1120
1951	0	12	30	18968	62
1952	4	14	35	18980	242
1953	4	8	30	18992	1090
1954	4	8	35	19004	980
1955	0	12	35	19016	3251
1956	3	1	30	19028	5496
1957	4	14	35	19040	1267
1958	3	1	50	19052	1108
1959	0	12	45	19064	1615
1960	3	1	45	19076	1743
1961	3	1	50	19088	608
1962	0	12	30	19100	2572
1963	0	12	35	19112	6961
1964	0	12	30	19124	825
1965	4	14	30	19136	468
1966	4	14	50	19148	3489
1967	4	14	50	19160	7014
1968	4	8	35	19200	1695
1969	0	12	30	19212	1245
1970	4	8	30	19224	62
1971	0	12	35	19236	535
1972	4	8	50	19248	1818
1973	4	8	50	19260	178
1974	3	1	30	19272	2599
1975	0	12	30	19284	97
1976	4	14	35	19296	2588
1977	3	1	35	19308	2227
1978	3	1	35	19320	338
1979	3	1	35	19332	27
1980	0	12	30	19344	2165
1981	0	12	45	19356	181
1982	0	12	30	19368	65
1983	4	8	30	19380	688
1984	0	12	45	19392	3107
1985	0	12	45	19404	4672
1986	3	1	45	19416	1287
1987	4	8	30	19428	932
1988	0	12	35	19440	8225
1989	0	12	35	19452	234
1990	0	12	45	19464	960
1991	4	8	30	19476	4704
1992	3	1	50	19488	9
1993	4	14	50	19500	5262
1994	0	12	50	19512	60
1995	4	14	50	19524	890
1996	4	8	50	19536	166
1997	4	14	50	19548	426
1998	4	14	35	19560	3347
1999	3	1	50	19572	1405
