0	4	14	15	0	807
1	3	1	15	8	4507
2	4	14	5	16	7435
3	4	14	5	24	7952
4	3	1	10	32	3200
5	0	12	20	40	2271
6	0	12	20	48	3190
7	4	14	10	56	13119
8	4	14	5	64	896
9	4	14	5	72	1294
10	4	14	15	80	20
11	4	14	10	88	6218
12	3	1	10	96	882
13	4	14	15	104	1438
14	4	14	10	112	5315
15	3	1	10	120	6951
16	4	14	10	128	330
17	3	1	15	136	5134
18	4	14	10	144	1318
19	3	1	5	152	196
20	3	1	10	160	25
21	4	14	15	168	11867
22	0	12	10	176	11027
23	3	1	10	184	8934
24	3	1	10	192	80
25	3	1	10	200	62
26	4	14	5	208	6973
27	4	14	20	216	4577
28	4	14	10	224	351
29	4	14	20	232	4048
30	3	1	20	240	260
31	4	8	10	248	3797
32	4	14	10	256	96
33	3	1	15	264	4652
34	3	1	10	272	3444
35	4	14	20	280	482
36	4	14	5	288	1957
37	0	12	15	296	419
38	3	1	5	304	1300
39	4	14	20	312	4485
40	3	1	15	320	2682
41	4	14	20	328	6174
42	4	14	15	336	858
43	4	14	10	344	1376
44	4	8	5	352	859
45	4	14	10	360	343
46	4	14	5	368	7310
47	4	14	10	376	6556
48	4	8	5	384	14305
49	4	8	15	392	5083
50	4	14	10	400	8805
51	4	14	20	410	1222
52	0	12	5	420	5227
53	4	14	15	430	2475
54	3	1	20	440	22418
55	0	12	5	450	1068
56	3	1	10	460	5379
57	3	1	20	470	12087
58	3	1	20	480	7407
59	4	14	5	490	3063
60	4	14	20	500	3748
61	4	14	5	510	8102
62	0	12	5	520	8425
63	4	14	10	530	3323
64	3	1	5	540	959
65	4	14	5	550	1991
66	4	14	5	560	5790
67	0	12	15	570	2857
68	3	1	10	580	5159
69	4	14	15	590	3888
70	4	14	5	600	2298
71	4	14	20	610	15616
72	4	14	10	620	2358
73	4	14	10	630	3732
74	4	14	15	640	3276
75	3	1	15	650	993
76	0	12	20	660	5633
77	3	1	20	670	4147
78	3	1	10	680	4810
79	4	14	5	690	11105
80	4	14	5	700	776
81	4	14	20	710	77
82	4	14	15	720	4944
83	4	14	15	730	1814
84	4	8	10	740	5500
85	4	14	5	750	6433
86	4	8	5	760	8606
87	3	1	15	800	3306
88	3	1	20	811	4699
89	3	1	5	822	1680
90	4	14	10	833	1874
91	3	1	10	844	2288
92	4	14	15	855	1185
93	3	1	20	866	5424
94	4	14	5	877	272
95	4	14	15	888	3876
96	4	14	15	899	9546
97	4	14	5	910	3963
98	4	14	10	921	323
99	3	1	20	932	6460
100	4	14	5	943	1527
101	4	14	10	954	1593
102	4	14	20	965	338
103	3	1	15	976	1725
104	4	14	10	987	1326
105	4	14	15	998	9610
106	4	14	10	1009	6812
107	4	14	20	1020	523
108	4	14	5	1031	9301
109	4	14	5	1042	5989
110	0	12	5	1053	2607
111	0	12	10	1064	394
112	3	1	15	1075	1159
113	4	14	20	1086	9429
114	3	1	5	1097	1777
115	4	14	20	1108	3556
116	0	12	10	1119	690
117	3	1	10	1130	2883
118	4	14	5	1141	6796
119	4	14	20	1152	2134
120	4	14	5	1163	2840
121	4	14	15	1174	904
122	4	14	20	1200	6845
123	3	1	5	1211	1923
124	3	1	5	1222	1137
125	3	1	15	1233	5
126	4	14	5	1244	5141
127	4	14	15	1255	4857
128	3	1	5	1266	3112
129	3	1	20	1277	11163
130	3	1	20	1288	1495
131	0	12	20	1299	542
132	4	14	15	1310	3354
133	4	14	15	1321	9149
134	4	14	20	1332	3873
135	4	14	15	1343	7528
136	3	1	20	1354	11126
137	3	1	5	1365	1780
138	3	1	5	1376	344
139	3	1	15	1387	7272
140	3	1	20	1398	16047
141	4	14	5	1409	5726
142	4	14	10	1420	4317
143	3	1	20	1431	9854
144	3	1	20	1442	7984
145	4	14	20	1453	1314
146	0	12	20	1464	813
147	4	14	20	1475	1729
148	4	8	15	1486	1935
149	4	14	10	1497	2591
150	4	14	5	1508	2479
151	4	14	10	1519	2006
152	3	1	20	1530	6676
153	4	14	10	1541	4365
154	3	1	20	1552	1385
155	3	1	15	1563	488
156	4	14	15	1574	2847
157	3	1	15	1600	4808
158	3	1	10	1611	433
159	3	1	20	1622	1318
160	0	12	10	1633	823
161	4	14	15	1644	487
162	3	1	20	1655	3488
163	4	14	5	1666	13253
164	4	14	5	1677	2497
165	0	12	10	1688	1736
166	4	14	20	1699	2988
167	3	1	20	1710	1742
168	3	1	20	1721	1341
169	3	1	15	1732	2861
170	4	14	20	1743	4210
171	4	14	5	1754	6424
172	4	8	5	1765	2256
173	4	14	15	1776	15543
174	3	1	5	1787	2259
175	3	1	20	1798	5503
176	4	14	5	1809	3125
177	4	14	5	1820	9394
178	4	14	10	1831	2915
179	4	14	10	1842	13698
180	3	1	20	1853	6803
181	0	12	10	1864	1863
182	4	14	20	1875	1539
183	4	14	15	1886	264
184	3	1	20	1897	2589
185	4	14	15	1908	9981
186	4	14	20	1919	1514
187	4	14	5	1930	9348
188	4	14	15	1941	3723
189	3	1	5	1952	2815
190	0	12	20	1963	1652
191	4	14	5	2000	1090
192	3	1	20	2010	1185
193	4	14	10	2020	6471
194	3	1	5	2030	4217
195	3	1	5	2040	8074
196	3	1	10	2050	789
197	3	1	5	2060	4770
198	4	14	15	2070	2395
199	3	1	15	2080	2869
200	3	1	5	2090	5606
201	4	14	20	2100	7106
202	4	14	20	2110	273
203	4	14	5	2120	8241
204	3	1	15	2130	6992
205	4	14	20	2140	4346
206	4	14	5	2150	13212
207	4	14	10	2160	7138
208	4	14	10	2170	1059
209	4	8	5	2180	3152
210	3	1	15	2190	3401
211	3	1	15	2200	3713
212	3	1	10	2210	803
213	4	14	5	2220	581
214	3	1	5	2230	2489
215	0	12	5	2240	6722
216	3	1	20	2250	6343
217	4	14	5	2260	2919
218	3	1	10	2270	2669
219	4	14	15	2280	3165
220	3	1	15	2290	150
221	4	14	15	2300	3901
222	4	14	10	2310	5504
223	4	14	20	2320	6049
224	3	1	15	2330	757
225	4	14	15	2340	2126
226	4	14	10	2350	3131
227	3	1	20	2360	3971
228	4	14	10	2400	1589
229	3	1	20	2411	3324
230	4	8	10	2422	3359
231	4	14	20	2433	7474
232	4	14	10	2444	2420
233	4	14	15	2455	22
234	3	1	5	2466	961
235	4	14	20	2477	17280
236	3	1	10	2488	1462
237	4	14	15	2499	2369
238	3	1	5	2510	1087
239	3	1	20	2521	6727
240	4	14	10	2532	12341
241	0	12	10	2543	2638
242	4	8	20	2554	4443
243	4	14	15	2565	249
244	0	12	15	2576	10792
245	4	14	5	2587	5291
246	4	14	20	2598	233
247	4	14	20	2609	516
248	4	14	10	2620	1652
249	3	1	5	2631	7276
250	4	14	10	2642	298
251	3	1	5	2653	4328
252	4	14	20	2664	940
253	0	12	5	2675	9361
254	4	14	5	2686	2577
255	3	1	10	2697	561
256	4	14	15	2708	348
257	4	14	5	2719	1350
258	3	1	15	2730	4815
259	4	14	20	2741	2134
260	3	1	15	2752	510
261	3	1	10	2763	1624
262	3	1	5	2774	2806
263	4	14	10	2785	4412
264	0	12	15	2800	15102
265	4	14	15	2813	5193
266	4	14	10	2826	653
267	4	14	15	2839	776
268	4	14	20	2852	10186
269	4	14	5	2865	2589
270	4	14	20	2878	2833
271	3	1	5	2891	1712
272	4	14	5	2904	1314
273	4	14	15	2917	4470
274	4	14	5	2930	3591
275	3	1	5	2943	3230
276	4	14	20	2956	12161
277	3	1	15	2969	4645
278	4	14	5	2982	7507
279	4	14	10	2995	2311
280	4	8	20	3008	1758
281	3	1	10	3021	2190
282	4	14	15	3034	1376
283	3	1	5	3047	2693
284	3	1	15	3060	2713
285	4	14	10	3073	9506
286	4	14	5	3086	4042
287	4	14	5	3099	3196
288	0	12	15	3112	3024
289	4	14	20	3125	345
290	4	14	10	3138	9346
291	4	14	10	3151	79
292	4	14	5	3164	5496
293	4	14	10	3177	6959
294	4	8	5	3200	4739
295	4	14	20	3208	3876
296	4	14	10	3216	15402
297	4	14	10	3224	10
298	4	14	5	3232	348
299	4	14	5	3240	920
300	3	1	20	3248	3496
301	4	14	5	3256	8491
302	0	12	5	3264	890
303	4	14	5	3272	7917
304	4	14	10	3280	1603
305	4	14	5	3288	5143
306	4	14	5	3296	1918
307	3	1	5	3304	3076
308	3	1	20	3312	1491
309	4	14	5	3320	10151
310	4	14	15	3328	787
311	4	14	20	3336	2019
312	4	14	20	3344	2316
313	4	14	5	3352	1209
314	4	14	5	3360	238
315	0	12	10	3368	4790
316	4	14	20	3376	174
317	4	14	20	3384	57
318	3	1	20	3392	772
319	3	1	10	3400	289
320	4	14	10	3408	381
321	4	14	5	3416	3671
322	4	14	5	3424	4152
323	4	14	5	3432	7303
324	3	1	20	3440	3406
325	4	8	10	3448	2675
326	4	14	5	3456	3678
327	0	12	15	3464	2432
328	4	14	10	3472	15408
329	3	1	5	3480	14295
330	4	14	15	3488	3425
331	3	1	15	3496	11950
332	4	14	15	3504	3701
333	3	1	5	3512	4101
334	4	14	15	3520	7755
335	4	8	20	3528	2580
336	3	1	10	3536	1004
337	4	8	10	3544	2243
338	4	14	20	3552	696
339	4	14	15	3560	5861
340	3	1	5	3568	2987
341	4	14	5	3600	418
342	4	14	5	3613	1092
343	4	14	15	3626	3762
344	3	1	10	3639	9375
345	4	14	10	3652	2828
346	4	14	10	3665	3471
347	4	14	20	3678	2661
348	4	8	5	3691	5820
349	4	8	20	3704	22208
350	3	1	20	3717	3450
351	4	14	15	3730	13356
352	3	1	15	3743	7018
353	3	1	15	3756	54
354	3	1	20	3769	486
355	3	1	15	3782	16122
356	4	14	20	3795	1068
357	4	14	5	3808	1789
358	4	14	5	3821	1362
359	3	1	20	3834	7395
360	4	14	20	3847	521
361	4	14	10	3860	10384
362	4	14	15	3873	3264
363	4	14	15	3886	1657
364	3	1	10	3899	1696
365	3	1	20	3912	1040
366	4	14	10	3925	6296
367	4	14	20	3938	6403
368	3	1	15	3951	2075
369	4	14	10	3964	3493
370	4	14	5	3977	2584
371	4	14	10	4000	3800
372	4	14	20	4008	7710
373	4	14	10	4016	2087
374	4	14	10	4024	3139
375	4	14	10	4032	19118
376	3	1	20	4040	1794
377	4	8	10	4048	147
378	3	1	15	4056	10924
379	4	14	15	4064	274
380	3	1	5	4072	9524
381	0	12	5	4080	490
382	4	14	10	4088	4671
383	4	14	15	4096	16215
384	0	12	5	4104	2003
385	4	14	5	4112	3774
386	4	14	5	4120	523
387	4	14	5	4128	3567
388	3	1	10	4136	2992
389	0	12	20	4144	8282
390	4	14	20	4152	1102
391	4	14	5	4160	7908
392	4	14	10	4168	606
393	4	14	5	4176	1525
394	4	14	15	4184	4162
395	4	14	15	4192	3671
396	3	1	10	4200	3119
397	4	14	15	4208	9202
398	3	1	5	4216	1225
399	0	12	10	4224	4495
400	4	14	5	4232	5008
401	3	1	10	4240	6091
402	4	14	10	4248	338
403	4	14	20	4256	814
404	3	1	20	4264	2937
405	4	14	15	4272	13366
406	4	14	15	4280	466
407	4	14	5	4288	2181
408	4	14	10	4296	2536
409	3	1	10	4304	525
410	3	1	20	4312	3877
411	4	14	10	4320	883
412	3	1	10	4328	2218
413	4	14	10	4336	1005
414	4	14	20	4344	10935
415	4	14	15	4352	27
416	4	14	20	4360	1079
417	4	14	5	4368	3424
418	4	14	10	4400	11619
419	4	14	10	4408	5310
420	4	14	20	4416	450
421	4	14	10	4424	906
422	3	1	15	4432	1267
423	3	1	20	4440	3028
424	4	14	15	4448	1671
425	0	12	20	4456	3812
426	4	14	5	4464	2559
427	3	1	20	4472	3083
428	4	14	15	4480	5705
429	3	1	15	4488	11470
430	4	14	20	4496	2391
431	4	14	10	4504	2477
432	4	14	10	4512	5919
433	4	8	10	4520	1203
434	4	14	15	4528	1736
435	3	1	15	4536	537
436	4	14	20	4544	139
437	3	1	15	4552	2811
438	3	1	20	4560	2483
439	3	1	15	4568	2244
440	4	14	15	4576	2778
441	3	1	20	4584	4844
442	4	8	15	4592	513
443	4	14	20	4600	2067
444	4	14	5	4608	1167
445	3	1	10	4616	174
446	3	1	20	4624	2289
447	4	14	20	4632	10021
448	4	14	10	4640	1925
449	3	1	20	4648	4086
450	4	8	15	4656	1811
451	3	1	10	4664	13562
452	4	14	5	4672	12365
453	4	14	20	4680	3011
454	4	14	10	4688	3361
455	3	1	15	4696	2864
456	4	14	20	4704	2856
457	3	1	15	4712	3194
458	4	14	10	4720	7397
459	3	1	5	4728	9447
460	4	14	10	4736	2708
461	4	14	15	4744	3400
462	4	14	10	4752	4322
463	3	1	20	4760	2990
464	4	14	10	4768	4470
465	4	14	10	4800	692
466	4	14	5	4811	2219
467	3	1	5	4822	725
468	4	14	20	4833	8163
469	4	14	5	4844	6630
470	3	1	15	4855	14365
471	3	1	10	4866	5262
472	4	14	5	4877	478
473	4	14	15	4888	2901
474	3	1	20	4899	1067
475	3	1	5	4910	2072
476	3	1	15	4921	343
477	4	14	20	4932	8096
478	4	14	15	4943	1301
479	4	14	5	4954	1419
480	4	14	20	4965	787
481	4	14	5	4976	3232
482	4	14	15	4987	675
483	4	14	20	4998	510
484	4	8	20	5009	3460
485	4	14	15	5020	2644
486	4	14	10	5031	2830
487	3	1	10	5042	1115
488	4	14	20	5053	4703
489	4	14	20	5064	7350
490	3	1	20	5075	3820
491	3	1	10	5086	2648
492	4	14	5	5097	4340
493	0	12	20	5108	3254
494	3	1	5	5119	11085
495	4	14	20	5130	10527
496	4	14	10	5141	169
497	4	14	20	5152	3606
498	3	1	10	5163	5248
499	3	1	15	5174	395
500	4	14	5	5185	3837
501	4	8	20	5200	1258
502	4	14	5	5208	197
503	4	14	5	5216	3400
504	4	14	5	5224	4404
505	4	14	10	5232	4004
506	4	14	5	5240	7684
507	3	1	10	5248	2309
508	3	1	5	5256	1397
509	4	14	5	5264	716
510	4	14	5	5272	2242
511	3	1	20	5280	4114
512	4	14	20	5288	1271
513	0	12	5	5296	3139
514	4	14	5	5304	5194
515	0	12	10	5312	11097
516	4	14	20	5320	2160
517	4	14	15	5328	3112
518	3	1	20	5336	11785
519	3	1	15	5344	838
520	4	14	5	5352	4220
521	3	1	20	5360	806
522	4	14	5	5368	2572
523	4	14	20	5376	118
524	4	14	5	5384	863
525	4	14	10	5392	2679
526	4	14	5	5400	288
527	4	14	10	5408	3248
528	3	1	15	5416	3455
529	4	14	20	5424	1461
530	4	14	20	5432	1802
531	4	14	20	5440	2678
532	3	1	10	5448	590
533	3	1	5	5456	811
534	3	1	5	5464	4582
535	4	14	5	5472	9576
536	4	14	20	5480	2821
537	4	14	15	5488	3494
538	4	14	15	5496	2408
539	3	1	10	5504	11708
540	4	14	15	5512	3979
541	4	14	20	5520	283
542	4	14	10	5528	11856
543	3	1	15	5536	2998
544	4	14	20	5544	2121
545	0	12	20	5552	14417
546	4	14	15	5560	952
547	4	14	5	5600	503
548	3	1	20	5611	7078
549	3	1	20	5622	34422
550	4	14	20	5633	2859
551	4	14	15	5644	2779
552	4	14	20	5655	4160
553	0	12	15	5666	3119
554	3	1	10	5677	2336
555	3	1	10	5688	2278
556	3	1	20	5699	6349
557	4	14	5	5710	76
558	3	1	5	5721	1902
559	3	1	20	5732	790
560	3	1	10	5743	3311
561	4	14	20	5754	1412
562	4	14	20	5765	7870
563	4	14	5	5776	17959
564	4	14	10	5787	6463
565	4	14	5	5798	11326
566	0	12	15	5809	2815
567	4	14	15	5820	371
568	4	14	20	5831	7918
569	3	1	20	5842	6822
570	4	8	10	5853	2259
571	4	14	10	5864	7201
572	4	14	20	5875	370
573	4	14	15	5886	4
574	3	1	5	5897	3274
575	3	1	5	5908	3502
576	4	14	10	5919	1067
577	4	14	10	5930	11746
578	4	14	5	5941	3846
579	4	14	5	5952	1000
580	3	1	15	5963	1293
581	4	8	5	5974	12082
582	3	1	15	5985	5184
583	4	14	15	6000	3457
584	4	14	5	6009	6346
585	4	14	5	6018	7921
586	4	14	5	6027	7369
587	3	1	20	6036	3621
588	4	14	15	6045	5406
589	4	14	20	6054	1138
590	3	1	10	6063	480
591	4	14	15	6072	2670
592	4	14	15	6081	912
593	4	14	20	6090	1274
594	3	1	5	6099	1934
595	4	14	20	6108	1617
596	4	14	5	6117	934
597	0	12	5	6126	12837
598	3	1	10	6135	5180
599	4	8	15	6144	2543
600	4	14	10	6153	2520
601	4	14	20	6162	525
602	4	14	5	6171	1185
603	3	1	20	6180	45
604	3	1	10	6189	3359
605	0	12	10	6198	4507
606	4	14	15	6207	2126
607	4	14	10	6216	4148
608	4	14	15	6225	16187
609	3	1	5	6234	7837
610	4	14	20	6243	892
611	4	14	15	6252	7550
612	4	14	5	6261	2051
613	4	14	20	6270	684
614	4	14	5	6279	9337
615	4	8	10	6288	3784
616	4	14	10	6297	3385
617	3	1	5	6306	1322
618	4	14	5	6315	859
619	3	1	10	6324	11207
620	4	14	5	6333	419
621	4	14	20	6342	9618
622	4	14	20	6351	1708
623	0	12	5	6360	3808
624	4	14	15	6369	4884
625	4	14	20	6400	11559
626	3	1	20	6410	3984
627	3	1	5	6420	6760
628	4	14	10	6430	3844
629	3	1	10	6440	1026
630	4	14	5	6450	1880
631	4	14	10	6460	1284
632	4	14	20	6470	998
633	4	14	15	6480	636
634	4	14	15	6490	5607
635	4	14	15	6500	664
636	4	14	20	6510	4747
637	4	8	15	6520	5023
638	4	14	10	6530	41
639	4	14	15	6540	508
640	4	14	10	6550	2388
641	4	14	15	6560	872
642	4	14	5	6570	3798
643	4	14	15	6580	8552
644	3	1	5	6590	195
645	4	14	20	6600	1229
646	4	14	15	6610	359
647	4	14	15	6620	191
648	4	14	15	6630	1846
649	0	12	20	6640	5908
650	3	1	10	6650	5735
651	4	14	5	6660	10451
652	4	14	5	6670	5813
653	4	14	5	6680	6182
654	3	1	10	6690	1854
655	3	1	15	6700	3263
656	3	1	5	6710	5977
657	4	14	5	6720	4112
658	3	1	5	6730	1461
659	4	14	15	6740	3911
660	4	14	15	6750	185
661	4	14	10	6760	3633
662	3	1	20	6770	113
663	4	14	10	6780	5645
664	4	14	5	6790	2646
665	3	1	10	6800	10381
666	3	1	15	6808	3952
667	4	14	15	6816	1172
668	4	14	5	6824	2065
669	3	1	10	6832	5546
670	4	14	10	6840	9953
671	4	14	15	6848	7748
672	4	14	20	6856	1265
673	0	12	15	6864	307
674	4	14	20	6872	2690
675	4	14	15	6880	9355
676	3	1	15	6888	1407
677	4	14	10	6896	2505
678	4	14	20	6904	3341
679	3	1	20	6912	2322
680	4	14	10	6920	7823
681	4	14	5	6928	3506
682	3	1	10	6936	2360
683	4	14	15	6944	7480
684	4	14	20	6952	2499
685	0	12	5	6960	2379
686	4	14	10	6968	2839
687	4	14	20	6976	2276
688	3	1	5	6984	5988
689	3	1	5	6992	873
690	3	1	15	7000	1895
691	4	14	20	7008	215
692	4	14	15	7016	2104
693	4	14	20	7024	1954
694	4	14	20	7032	308
695	4	14	20	7040	7663
696	4	14	20	7048	735
697	4	14	20	7056	7776
698	3	1	10	7064	2031
699	4	14	15	7072	522
700	4	14	10	7080	4052
701	4	14	20	7088	7129
702	3	1	15	7096	4125
703	4	14	10	7104	3867
704	4	14	15	7112	7716
705	4	14	20	7120	9446
706	4	14	5	7128	4262
707	4	14	10	7136	4715
708	3	1	5	7144	1410
709	4	14	20	7152	2519
710	4	14	5	7160	1210
711	3	1	15	7168	1484
712	4	14	5	7200	316
713	4	14	5	7209	8029
714	4	14	10	7218	5797
715	0	12	10	7227	2474
716	4	14	5	7236	655
717	4	14	10	7245	804
718	4	14	10	7254	1378
719	4	14	5	7263	144
720	4	14	5	7272	2158
721	4	14	15	7281	861
722	4	14	10	7290	2599
723	3	1	5	7299	929
724	3	1	15	7308	1864
725	4	14	15	7317	7995
726	4	14	20	7326	2368
727	4	14	20	7335	8642
728	3	1	15	7344	31619
729	4	14	20	7353	4052
730	0	12	15	7362	5320
731	3	1	15	7371	2317
732	4	14	20	7380	278
733	3	1	10	7389	2346
734	4	14	15	7398	6509
735	4	8	10	7407	108
736	3	1	15	7416	11276
737	4	14	5	7425	6994
738	3	1	5	7434	18914
739	3	1	20	7443	3274
740	3	1	20	7452	6299
741	3	1	20	7461	6771
742	4	14	15	7470	588
743	4	14	10	7479	1477
744	3	1	20	7488	10928
745	4	14	5	7497	278
746	3	1	15	7506	14986
747	4	14	10	7515	3135
748	3	1	15	7524	3882
749	4	14	15	7533	3796
750	4	14	20	7542	4837
751	3	1	15	7551	17043
752	3	1	15	7560	3333
753	4	14	10	7600	1801
754	3	1	10	7609	4888
755	4	14	15	7618	2341
756	3	1	15	7627	1747
757	3	1	15	7636	2292
758	4	14	15	7645	1135
759	4	14	20	7654	18510
760	4	14	20	7663	2456
761	0	12	5	7672	5891
762	3	1	20	7681	4720
763	4	14	10	7690	4318
764	4	14	5	7699	5264
765	4	14	15	7708	6892
766	4	14	15	7717	1112
767	4	14	20	7726	4000
768	3	1	10	7735	256
769	4	14	5	7744	5365
770	4	14	15	7753	2944
771	4	14	20	7762	1573
772	3	1	10	7771	847
773	4	14	15	7780	5274
774	3	1	5	7789	1111
775	3	1	10	7798	3675
776	0	12	20	7807	234
777	4	14	20	7816	740
778	4	14	5	7825	1271
779	3	1	15	7834	1456
780	4	14	20	7843	8760
781	4	14	10	7852	9349
782	4	14	10	7861	1223
783	4	14	20	7870	1955
784	3	1	20	7879	10949
785	4	14	5	7888	5539
786	4	8	5	7897	8294
787	3	1	15	7906	4877
788	4	14	20	7915	5364
789	4	14	20	7924	1787
790	4	14	15	7933	4469
791	3	1	5	7942	2805
792	3	1	10	7951	3459
793	4	14	5	7960	3
794	3	1	20	7969	421
795	3	1	15	7978	90
796	0	12	20	8000	526
797	4	8	10	8010	2589
798	3	1	5	8020	3441
799	4	14	10	8030	481
800	3	1	15	8040	6960
801	4	14	20	8050	1687
802	4	14	5	8060	2626
803	4	14	15	8070	8571
804	0	12	20	8080	385
805	4	14	5	8090	1889
806	3	1	5	8100	6337
807	4	14	20	8110	7156
808	3	1	5	8120	511
809	0	12	5	8130	440
810	4	14	20	8140	1952
811	4	14	15	8150	817
812	4	14	10	8160	716
813	4	8	5	8170	11378
814	3	1	5	8180	430
815	0	12	15	8190	3243
816	4	14	15	8200	2830
817	4	14	20	8210	1461
818	3	1	15	8220	5164
819	4	14	5	8230	16104
820	4	14	10	8240	11765
821	3	1	5	8250	3090
822	4	14	20	8260	8968
823	3	1	10	8270	4837
824	4	14	10	8280	271
825	4	14	15	8290	68
826	4	14	10	8300	5486
827	4	14	10	8310	842
828	3	1	15	8320	4003
829	3	1	15	8330	995
830	3	1	10	8340	2598
831	4	14	15	8350	3473
832	4	14	15	8360	3585
833	4	14	20	8370	692
834	4	8	5	8380	2621
835	4	14	20	8390	3140
836	3	1	10	8400	2193
837	4	8	20	8411	1917
838	4	14	20	8422	1397
839	4	14	20	8433	3273
840	4	14	20	8444	12380
841	3	1	5	8455	169
842	4	14	10	8466	3513
843	4	14	15	8477	4021
844	4	14	5	8488	14635
845	4	8	20	8499	2677
846	4	14	20	8510	1663
847	3	1	10	8521	4053
848	3	1	20	8532	9163
849	3	1	10	8543	3146
850	4	14	20	8554	2895
851	3	1	5	8565	6799
852	4	14	15	8576	5569
853	3	1	5	8587	3613
854	3	1	20	8598	727
855	4	14	10	8609	1349
856	4	14	20	8620	2394
857	3	1	15	8631	6051
858	4	14	5	8642	6794
859	4	14	10	8653	311
860	0	12	15	8664	3978
861	4	14	20	8675	3714
862	4	14	10	8686	894
863	4	8	15	8697	9202
864	4	14	20	8708	3940
865	0	12	10	8719	6555
866	3	1	5	8730	3595
867	4	14	15	8741	20
868	4	14	5	8752	2472
869	3	1	10	8763	3267
870	4	14	5	8800	572
871	3	1	20	8810	540
872	3	1	20	8820	44
873	4	14	20	8830	727
874	4	14	5	8840	111
875	3	1	10	8850	9450
876	3	1	15	8860	12291
877	4	14	10	8870	1202
878	4	14	10	8880	5198
879	4	14	10	8890	3448
880	4	14	20	8900	4517
881	4	14	5	8910	463
882	3	1	10	8920	1376
883	4	8	5	8930	367
884	3	1	15	8940	4886
885	4	14	10	8950	4320
886	0	12	20	8960	7061
887	3	1	10	8970	23441
888	4	14	20	8980	19677
889	3	1	15	8990	865
890	4	8	20	9000	392
891	4	14	20	9010	4113
892	3	1	20	9020	3318
893	4	8	15	9030	993
894	4	14	5	9040	10562
895	4	14	5	9050	1721
896	4	14	20	9060	7354
897	4	14	15	9070	4617
898	4	8	20	9080	29
899	4	14	20	9090	737
900	4	14	20	9100	9015
901	3	1	10	9110	1632
902	3	1	5	9120	774
903	4	14	10	9130	1665
904	4	14	10	9140	2118
905	4	14	5	9150	1969
906	3	1	5	9160	6562
907	4	14	20	9170	3521
908	4	14	5	9180	3351
909	4	14	15	9190	1206
910	4	14	20	9200	1617
911	4	14	15	9211	846
912	4	14	5	9222	214
913	4	14	15	9233	1094
914	4	14	15	9244	2031
915	4	14	15	9255	2942
916	3	1	10	9266	1506
917	4	14	5	9277	477
918	4	14	20	9288	865
919	4	14	10	9299	13542
920	0	12	10	9310	15080
921	0	12	15	9321	3623
922	4	14	15	9332	49
923	4	14	15	9343	1240
924	3	1	10	9354	2500
925	4	14	5	9365	2701
926	4	14	20	9376	3306
927	4	8	10	9387	6265
928	4	14	20	9398	1084
929	4	14	20	9409	4528
930	4	14	10	9420	268
931	4	14	20	9431	1253
932	4	14	10	9442	1162
933	4	14	15	9453	3274
934	4	14	15	9464	4591
935	4	14	15	9475	1671
936	3	1	20	9486	10834
937	4	14	20	9497	12030
938	4	14	20	9508	4517
939	4	14	15	9519	1521
940	4	14	5	9530	7705
941	4	14	5	9541	1116
942	3	1	5	9552	2246
943	4	14	5	9563	5271
944	4	14	20	9574	7919
945	4	8	5	9600	9319
946	3	1	15	9611	3566
947	4	14	5	9622	1569
948	3	1	20	9633	6897
949	3	1	10	9644	2096
950	4	14	20	9655	146
951	3	1	15	9666	5214
952	3	1	20	9677	2694
953	3	1	10	9688	168
954	4	14	10	9699	850
955	4	14	10	9710	1422
956	4	14	15	9721	1559
957	3	1	15	9732	9603
958	4	14	20	9743	8344
959	4	14	5	9754	10109
960	4	14	5	9765	7002
961	4	8	15	9776	60
962	4	14	5	9787	1709
963	3	1	10	9798	8820
964	3	1	5	9809	870
965	3	1	20	9820	262
966	3	1	10	9831	11156
967	3	1	15	9842	2719
968	4	14	5	9853	3253
969	3	1	5	9864	233
970	3	1	15	9875	3541
971	4	14	10	9886	1804
972	4	14	10	9897	2289
973	4	14	10	9908	8419
974	3	1	10	9919	474
975	4	14	10	9930	5288
976	4	14	10	9941	726
977	4	14	10	9952	1314
978	3	1	20	9963	2074
979	3	1	10	9974	3302
980	4	14	10	9985	9249
981	4	14	20	10000	1087
982	4	14	15	10008	13959
983	4	14	10	10016	7080
984	4	14	5	10024	4104
985	4	14	20	10032	1640
986	3	1	5	10040	6035
987	4	14	20	10048	947
988	4	14	5	10056	1832
989	3	1	5	10064	1934
990	4	14	20	10072	75
991	4	8	10	10080	97
992	4	14	20	10088	310
993	4	14	15	10096	5652
994	4	14	10	10104	2694
995	4	14	10	10112	7314
996	4	14	20	10120	9043
997	3	1	20	10128	3105
998	4	14	20	10136	3077
999	3	1	20	10144	6404
1000	4	14	20	10152	13316
1001	4	14	5	10160	406
1002	4	14	5	10168	5841
1003	0	12	15	10176	5793
1004	0	12	15	10184	6868
1005	4	14	10	10192	4469
1006	3	1	10	10200	1384
1007	4	14	10	10208	3786
1008	4	14	5	10216	10607
1009	3	1	5	10224	2450
1010	4	8	20	10232	571
1011	4	14	5	10240	175
1012	0	12	20	10248	2810
1013	4	14	15	10256	1506
1014	4	8	15	10264	77
1015	0	12	10	10272	3550
1016	3	1	5	10280	186
1017	4	14	20	10288	2920
1018	3	1	10	10296	1140
1019	4	14	10	10304	7839
1020	4	14	15	10312	1340
1021	4	14	15	10320	5202
1022	3	1	15	10328	538
1023	4	14	20	10336	760
1024	4	14	10	10344	154
1025	0	12	10	10352	3315
1026	0	12	10	10360	1360
1027	3	1	15	10368	4547
1028	3	1	5	10400	1964
1029	4	14	5	10407	1272
1030	4	14	10	10414	7272
1031	4	14	10	10421	3934
1032	4	14	10	10428	5438
1033	4	14	20	10435	3728
1034	3	1	15	10442	3644
1035	4	14	10	10449	6524
1036	4	14	20	10456	2540
1037	4	14	20	10463	914
1038	4	14	15	10470	37
1039	0	12	15	10477	13864
1040	3	1	15	10484	179
1041	4	14	20	10491	730
1042	4	14	20	10498	1322
1043	4	14	5	10505	9605
1044	4	8	5	10512	1152
1045	0	12	20	10519	14883
1046	4	8	10	10526	2930
1047	3	1	10	10533	5725
1048	4	14	5	10540	5349
1049	4	14	20	10547	9280
1050	3	1	5	10554	6317
1051	4	14	5	10561	1896
1052	4	14	10	10568	1380
1053	4	14	15	10575	4528
1054	3	1	5	10582	2883
1055	4	14	5	10589	1079
1056	4	14	15	10596	14137
1057	4	14	5	10603	3612
1058	4	14	10	10610	5193
1059	0	12	10	10617	1188
1060	4	14	5	10624	1941
1061	4	8	15	10631	3801
1062	3	1	5	10638	1014
1063	3	1	5	10645	4280
1064	4	14	15	10652	3874
1065	4	14	15	10659	2829
1066	3	1	15	10666	1424
1067	4	8	20	10673	9145
1068	3	1	5	10680	5033
1069	3	1	10	10687	967
1070	3	1	15	10694	503
1071	4	14	5	10701	7355
1072	3	1	5	10708	2844
1073	3	1	20	10715	1310
1074	4	14	20	10722	6757
1075	3	1	20	10729	501
1076	4	14	15	10736	2363
1077	4	14	10	10743	975
1078	4	14	15	10750	10248
1079	4	14	10	10757	256
1080	4	14	20	10764	180
1081	4	14	20	10800	2997
1082	3	1	10	10809	11370
1083	4	14	5	10818	2664
1084	3	1	20	10827	2604
1085	4	14	10	10836	2465
1086	4	14	20	10845	1627
1087	4	14	20	10854	271
1088	4	14	15	10863	389
1089	4	14	10	10872	1793
1090	4	14	20	10881	7170
1091	4	14	15	10890	8331
1092	3	1	15	10899	2595
1093	4	14	10	10908	5580
1094	3	1	10	10917	3511
1095	3	1	20	10926	2250
1096	4	14	15	10935	11455
1097	3	1	15	10944	3917
1098	0	12	10	10953	1364
1099	4	14	15	10962	5438
1100	4	14	5	10971	4510
1101	4	14	15	10980	3880
1102	0	12	10	10989	184
1103	4	14	20	10998	2957
1104	3	1	5	11007	6121
1105	4	14	5	11016	12219
1106	4	14	20	11025	8122
1107	4	14	15	11034	50
1108	3	1	20	11043	7929
1109	3	1	10	11052	2015
1110	4	14	15	11061	6249
1111	3	1	5	11070	5615
1112	4	14	10	11079	4456
1113	4	14	20	11088	4372
1114	0	12	10	11097	957
1115	3	1	5	11106	7781
1116	4	14	10	11115	4455
1117	3	1	20	11124	5351
1118	4	8	10	11133	786
1119	0	12	5	11142	699
1120	4	14	15	11151	758
1121	4	14	20	11160	1066
1122	4	14	5	11200	6552
1123	4	14	15	11210	1751
1124	4	14	15	11220	1921
1125	4	14	5	11230	1112
1126	3	1	15	11240	1807
1127	4	14	20	11250	5653
1128	3	1	10	11260	4750
1129	3	1	20	11270	1944
1130	4	14	5	11280	768
1131	4	14	5	11290	6897
1132	4	14	20	11300	10494
1133	4	14	20	11310	791
1134	4	14	10	11320	1951
1135	4	14	10	11330	2200
1136	4	14	15	11340	2633
1137	4	14	15	11350	2173
1138	4	14	5	11360	4853
1139	4	14	15	11370	2983
1140	4	14	10	11380	3579
1141	3	1	10	11390	1553
1142	4	14	20	11400	909
1143	4	14	5	11410	4774
1144	3	1	20	11420	3384
1145	4	14	15	11430	329
1146	3	1	5	11440	910
1147	3	1	15	11450	6697
1148	4	14	5	11460	3100
1149	4	14	5	11470	5196
1150	4	14	15	11480	5685
1151	3	1	15	11490	919
1152	3	1	10	11500	2362
1153	4	14	10	11510	550
1154	4	14	5	11520	3379
1155	3	1	10	11530	2334
1156	4	14	10	11540	6755
1157	4	14	15	11550	4692
1158	4	14	5	11560	608
1159	4	14	5	11570	3112
1160	3	1	15	11600	3559
1161	4	14	20	11611	475
1162	3	1	5	11622	1527
1163	4	14	20	11633	2594
1164	4	14	10	11644	998
1165	3	1	10	11655	13850
1166	4	14	5	11666	7015
1167	4	14	15	11677	2710
1168	3	1	15	11688	1307
1169	4	8	20	11699	6236
1170	4	14	15	11710	1878
1171	4	14	15	11721	1164
1172	4	14	20	11732	141
1173	4	14	15	11743	4229
1174	4	8	20	11754	3367
1175	3	1	5	11765	7614
1176	4	14	20	11776	124
1177	4	8	20	11787	460
1178	3	1	20	11798	6122
1179	4	8	20	11809	1439
1180	3	1	20	11820	159
1181	0	12	20	11831	3203
1182	4	8	20	11842	980
1183	3	1	5	11853	13752
1184	4	14	10	11864	3938
1185	3	1	10	11875	13968
1186	3	1	15	11886	1884
1187	4	14	15	11897	6413
1188	0	12	20	11908	3758
1189	4	14	20	11919	11520
1190	4	14	20	11930	3745
1191	4	8	20	11941	6274
1192	4	8	10	11952	1302
1193	4	14	20	11963	707
1194	3	1	5	11974	11025
1195	4	14	15	12000	2609
1196	0	12	5	12008	18
1197	4	14	20	12016	5181
1198	4	14	20	12024	2585
1199	4	14	10	12032	3688
1200	4	14	10	12040	1162
1201	4	14	15	12048	4970
1202	4	8	5	12056	3052
1203	4	14	5	12064	5539
1204	4	14	15	12072	1737
1205	4	14	20	12080	2821
1206	4	14	20	12088	747
1207	4	14	20	12096	6307
1208	4	14	10	12104	3280
1209	4	14	20	12112	5084
1210	4	14	10	12120	2121
1211	3	1	10	12128	4903
1212	3	1	20	12136	9499
1213	4	14	10	12144	7302
1214	4	14	10	12152	2785
1215	3	1	20	12160	155
1216	4	14	20	12168	9005
1217	3	1	20	12176	1719
1218	3	1	15	12184	7609
1219	3	1	20	12192	1157
1220	4	14	20	12200	3595
1221	4	14	10	12208	114
1222	4	14	15	12216	8582
1223	4	14	15	12224	1631
1224	4	14	20	12232	802
1225	3	1	15	12240	3500
1226	4	14	5	12248	14691
1227	4	14	5	12256	8248
1228	3	1	10	12264	5037
1229	4	8	5	12272	376
1230	3	1	5	12280	7495
1231	3	1	20	12288	1452
1232	3	1	5	12296	4006
1233	4	14	10	12304	800
1234	4	14	10	12312	205
1235	3	1	5	12320	1588
1236	4	14	15	12328	69
1237	4	14	20	12336	2522
1238	4	14	10	12344	3823
1239	3	1	10	12352	513
1240	4	14	15	12360	6419
1241	4	14	20	12400	3492
1242	4	14	5	12411	1093
1243	3	1	20	12422	8819
1244	4	14	10	12433	3039
1245	3	1	15	12444	9268
1246	4	14	5	12455	8640
1247	3	1	5	12466	2312
1248	3	1	15	12477	4320
1249	4	14	10	12488	9141
1250	4	8	15	12499	3512
1251	4	14	5	12510	4257
1252	4	14	10	12521	8330
1253	4	14	5	12532	1017
1254	4	14	15	12543	37
1255	4	8	20	12554	1014
1256	4	14	20	12565	7050
1257	3	1	10	12576	886
1258	4	14	5	12587	3356
1259	3	1	5	12598	5865
1260	4	14	20	12609	3032
1261	0	12	15	12620	1413
1262	4	14	10	12631	321
1263	4	14	10	12642	2538
1264	3	1	20	12653	8254
1265	3	1	15	12664	453
1266	3	1	10	12675	306
1267	4	14	10	12686	5173
1268	3	1	20	12697	6219
1269	3	1	5	12708	763
1270	3	1	5	12719	84
1271	3	1	5	12730	2227
1272	4	14	15	12741	5296
1273	0	12	5	12752	5243
1274	4	14	5	12763	2407
1275	4	14	5	12774	42
1276	4	14	10	12785	6222
1277	4	8	20	12800	19995
1278	4	14	5	12809	6491
1279	4	14	10	12818	1315
1280	4	14	15	12827	4795
1281	4	14	5	12836	3067
1282	3	1	15	12845	954
1283	3	1	5	12854	6813
1284	4	14	15	12863	2815
1285	4	14	20	12872	849
1286	4	14	15	12881	2241
1287	4	14	5	12890	2097
1288	4	14	20	12899	754
1289	4	14	15	12908	6994
1290	4	14	10	12917	2767
1291	4	14	10	12926	6825
1292	4	14	15	12935	9203
1293	4	14	10	12944	7489
1294	3	1	15	12953	3556
1295	4	14	20	12962	2783
1296	4	14	15	12971	2814
1297	4	14	20	12980	5867
1298	0	12	5	12989	67
1299	4	14	20	12998	2214
1300	4	14	5	13007	7033
1301	4	14	15	13016	692
1302	3	1	10	13025	4203
1303	4	14	10	13034	2667
1304	4	14	10	13043	8393
1305	4	14	10	13052	685
1306	3	1	15	13061	10156
1307	4	14	10	13070	626
1308	4	14	20	13079	5921
1309	4	14	10	13088	26674
1310	3	1	15	13097	2284
1311	3	1	5	13106	7210
1312	4	14	5	13115	2017
1313	4	14	20	13124	1356
1314	4	14	15	13133	293
1315	3	1	20	13142	22041
1316	4	14	5	13151	356
1317	3	1	5	13160	1200
1318	4	14	15	13169	13349
1319	4	14	20	13178	4577
1320	4	14	20	13200	4534
1321	3	1	10	13207	4382
1322	4	14	15	13214	3227
1323	4	14	10	13221	13162
1324	4	14	20	13228	4488
1325	4	14	20	13235	904
1326	4	14	10	13242	2996
1327	0	12	5	13249	8747
1328	4	14	10	13256	609
1329	4	14	10	13263	12049
1330	4	14	15	13270	2816
1331	3	1	10	13277	78
1332	0	12	20	13284	15006
1333	3	1	10	13291	1896
1334	4	14	5	13298	2410
1335	4	14	20	13305	3101
1336	3	1	20	13312	8656
1337	4	14	5	13319	5172
1338	4	14	20	13326	11291
1339	3	1	5	13333	1710
1340	4	8	10	13340	1260
1341	4	8	10	13347	1336
1342	3	1	5	13354	4038
1343	4	14	10	13361	760
1344	3	1	20	13368	1982
1345	4	14	10	13375	4365
1346	0	12	5	13382	2194
1347	4	8	20	13389	3790
1348	4	14	15	13396	5974
1349	4	8	20	13403	3595
1350	4	14	20	13410	2151
1351	4	14	10	13417	1128
1352	4	14	10	13424	6536
1353	3	1	5	13431	1632
1354	4	14	5	13438	5496
1355	4	14	20	13445	706
1356	4	14	5	13452	3718
1357	4	14	5	13459	4653
1358	3	1	15	13466	6691
1359	4	14	15	13473	4494
1360	4	8	5	13480	3979
1361	3	1	10	13487	135
1362	4	14	20	13494	14
1363	4	14	15	13501	6894
1364	4	14	20	13508	2719
1365	4	14	10	13515	2148
1366	3	1	5	13522	7825
1367	3	1	20	13529	75
1368	4	8	15	13536	7204
1369	4	14	15	13543	3031
1370	4	14	5	13550	469
1371	3	1	5	13600	1783
1372	4	14	10	13609	1534
1373	4	14	10	13618	3834
1374	4	14	10	13627	2118
1375	4	14	15	13636	2004
1376	0	12	5	13645	122
1377	4	14	5	13654	1915
1378	3	1	10	13663	3394
1379	3	1	15	13672	41
1380	4	14	20	13681	6059
1381	4	14	10	13690	9856
1382	3	1	15	13699	476
1383	4	14	15	13708	3180
1384	4	14	15	13717	3060
1385	4	14	5	13726	1202
1386	4	14	5	13735	966
1387	4	14	15	13744	4102
1388	3	1	10	13753	3983
1389	4	14	10	13762	1373
1390	3	1	20	13771	10877
1391	4	14	15	13780	880
1392	4	8	15	13789	9782
1393	4	14	10	13798	1235
1394	3	1	5	13807	5058
1395	4	14	20	13816	1082
1396	3	1	10	13825	1316
1397	3	1	15	13834	6729
1398	4	14	10	13843	4557
1399	4	14	15	13852	14786
1400	4	8	5	13861	6550
1401	4	14	5	13870	2067
1402	4	14	10	13879	6009
1403	0	12	20	13888	1119
1404	3	1	20	13897	2632
1405	4	14	15	13906	231
1406	4	14	20	13915	10480
1407	4	8	20	13924	834
1408	4	14	15	13933	10302
1409	4	8	10	13942	1740
1410	4	14	20	13951	566
1411	4	14	20	13960	1018
1412	4	8	15	13969	491
1413	3	1	20	14000	6479
1414	0	12	20	14010	9004
1415	4	14	15	14020	5025
1416	3	1	20	14030	10154
1417	3	1	5	14040	2428
1418	3	1	20	14050	1352
1419	0	12	20	14060	1064
1420	3	1	5	14070	897
1421	4	14	10	14080	979
1422	4	14	15	14090	1964
1423	3	1	10	14100	3143
1424	4	14	20	14110	3638
1425	4	14	10	14120	9777
1426	3	1	10	14130	2365
1427	4	14	5	14140	217
1428	4	14	5	14150	9168
1429	0	12	15	14160	765
1430	4	14	5	14170	483
1431	4	14	10	14180	973
1432	4	14	15	14190	4822
1433	4	14	15	14200	3632
1434	3	1	10	14210	915
1435	4	8	15	14220	1889
1436	4	14	5	14230	591
1437	4	8	15	14240	8107
1438	3	1	15	14250	274
1439	3	1	20	14260	2603
1440	4	14	10	14270	1616
1441	4	14	5	14280	106
1442	4	14	5	14290	5056
1443	3	1	20	14300	1301
1444	3	1	10	14310	691
1445	3	1	20	14320	4940
1446	4	14	5	14330	342
1447	4	14	15	14340	471
1448	4	14	15	14350	1854
1449	4	14	15	14360	9
1450	4	14	5	14370	1519
1451	4	14	10	14400	6978
1452	3	1	15	14414	2996
1453	4	14	15	14428	2364
1454	3	1	10	14442	5952
1455	4	14	20	14456	3550
1456	4	14	10	14470	62
1457	4	14	20	14484	1062
1458	3	1	5	14498	4162
1459	3	1	15	14512	3366
1460	3	1	10	14526	3765
1461	3	1	15	14540	8291
1462	4	14	15	14554	1366
1463	3	1	5	14568	5540
1464	4	14	5	14582	1092
1465	4	14	10	14596	9905
1466	3	1	10	14610	2972
1467	3	1	5	14624	2926
1468	0	12	10	14638	3639
1469	4	14	5	14652	2920
1470	4	14	10	14666	3449
1471	3	1	10	14680	216
1472	4	14	10	14694	1969
1473	4	14	5	14708	6608
1474	3	1	10	14722	9264
1475	4	14	5	14736	767
1476	4	8	10	14750	2770
1477	4	14	20	14764	467
1478	3	1	20	14778	1947
1479	3	1	20	14800	8759
1480	4	8	5	14811	7116
1481	3	1	15	14822	1633
1482	4	14	15	14833	4583
1483	4	14	15	14844	9077
1484	4	14	15	14855	7813
1485	4	14	20	14866	1361
1486	4	14	15	14877	4668
1487	4	14	20	14888	1173
1488	4	14	5	14899	6916
1489	4	14	15	14910	3831
1490	3	1	5	14921	1791
1491	4	14	5	14932	9387
1492	4	14	10	14943	1001
1493	3	1	5	14954	2750
1494	0	12	10	14965	8117
1495	4	14	15	14976	2451
1496	4	14	10	14987	5342
1497	4	8	20	14998	13740
1498	4	14	15	15009	157
1499	3	1	5	15020	1112
1500	0	12	15	15031	817
1501	4	14	5	15042	3312
1502	4	14	10	15053	2884
1503	4	14	10	15064	7662
1504	4	14	5	15075	2210
1505	3	1	15	15086	1221
1506	4	14	20	15097	2293
1507	3	1	10	15108	5075
1508	4	14	10	15119	3149
1509	4	14	10	15130	3660
1510	4	14	15	15141	370
1511	4	8	15	15152	9424
1512	4	14	5	15163	7526
1513	3	1	5	15174	5686
1514	4	8	10	15185	5353
1515	4	14	15	15200	1284
1516	4	14	5	15213	853
1517	4	14	5	15226	1995
1518	4	14	15	15239	8883
1519	4	14	10	15252	12028
1520	3	1	15	15265	1030
1521	4	14	10	15278	1259
1522	4	14	20	15291	4766
1523	4	14	20	15304	15890
1524	4	14	20	15317	684
1525	4	14	5	15330	4477
1526	4	14	20	15343	7118
1527	4	14	10	15356	8887
1528	4	14	20	15369	11238
1529	4	14	20	15382	2341
1530	4	14	20	15395	2302
1531	4	14	10	15408	3037
1532	4	14	5	15421	297
1533	4	14	20	15434	616
1534	3	1	10	15447	4858
1535	4	14	5	15460	1248
1536	4	14	10	15473	6891
1537	4	14	5	15486	7072
1538	4	14	15	15499	2555
1539	3	1	20	15512	3615
1540	4	14	5	15525	7644
1541	3	1	5	15538	14013
1542	4	14	15	15551	4941
1543	4	14	20	15564	1009
1544	0	12	5	15577	3000
1545	3	1	15	15600	2433
1546	3	1	5	15610	233
1547	4	14	10	15620	2485
1548	3	1	20	15630	5700
1549	0	12	20	15640	3604
1550	3	1	10	15650	1237
1551	3	1	10	15660	1687
1552	3	1	10	15670	317
1553	4	14	10	15680	369
1554	4	14	10	15690	62
1555	4	14	5	15700	9848
1556	4	14	5	15710	8064
1557	3	1	15	15720	3042
1558	3	1	15	15730	4756
1559	3	1	20	15740	5561
1560	4	14	20	15750	2261
1561	3	1	10	15760	3147
1562	4	14	15	15770	6039
1563	3	1	10	15780	429
1564	4	14	10	15790	706
1565	4	14	5	15800	3252
1566	3	1	10	15810	7172
1567	4	14	10	15820	4881
1568	4	14	20	15830	228
1569	4	14	5	15840	2536
1570	4	14	5	15850	2415
1571	4	14	20	15860	1802
1572	4	14	15	15870	10133
1573	4	14	20	15880	1406
1574	0	12	5	15890	414
1575	0	12	10	15900	1189
1576	4	14	20	15910	3291
1577	0	12	20	15920	2564
1578	4	14	15	15930	2416
1579	3	1	10	15940	4835
1580	4	14	20	15950	3837
1581	4	14	15	15960	1838
1582	4	14	15	15970	566
1583	4	14	20	15980	1697
1584	3	1	10	15990	779
1585	4	14	15	16000	392
1586	4	14	20	16011	2433
1587	0	12	20	16022	16417
1588	4	14	10	16033	544
1589	4	14	5	16044	6213
1590	4	14	5	16055	2051
1591	0	12	20	16066	1363
1592	4	14	15	16077	574
1593	4	14	15	16088	5108
1594	3	1	20	16099	712
1595	4	14	15	16110	1468
1596	4	14	15	16121	846
1597	4	14	5	16132	3741
1598	3	1	10	16143	251
1599	4	14	20	16154	14180
1600	3	1	5	16165	3893
1601	4	14	20	16176	1733
1602	4	14	10	16187	2092
1603	4	14	15	16198	1369
1604	4	14	15	16209	606
1605	4	14	15	16220	9346
1606	3	1	15	16231	2204
1607	4	14	15	16242	6052
1608	4	14	5	16253	18292
1609	4	14	5	16264	5679
1610	4	14	10	16275	1747
1611	4	14	10	16286	2000
1612	4	14	20	16297	329
1613	4	14	5	16308	20527
1614	4	14	20	16319	576
1615	4	8	10	16330	261
1616	4	14	20	16341	2128
1617	4	14	15	16352	2271
1618	0	12	5	16363	10346
1619	4	14	20	16374	283
1620	4	14	5	16400	425
1621	4	8	15	16409	7590
1622	4	14	5	16418	3448
1623	3	1	20	16427	1242
1624	4	14	5	16436	283
1625	4	14	10	16445	718
1626	4	14	5	16454	1039
1627	4	14	5	16463	889
1628	4	14	20	16472	572
1629	3	1	15	16481	6264
1630	3	1	20	16490	275
1631	3	1	15	16499	12256
1632	4	14	10	16508	2126
1633	4	14	15	16517	2633
1634	3	1	5	16526	330
1635	4	14	5	16535	1231
1636	3	1	5	16544	12998
1637	0	12	20	16553	7385
1638	3	1	10	16562	918
1639	4	14	20	16571	1279
1640	4	14	20	16580	4431
1641	3	1	10	16589	4507
1642	3	1	15	16598	20349
1643	4	14	5	16607	1841
1644	3	1	15	16616	2280
1645	4	14	20	16625	31
1646	4	8	20	16634	941
1647	4	14	10	16643	601
1648	4	14	15	16652	3536
1649	3	1	15	16661	420
1650	3	1	15	16670	9000
1651	0	12	20	16679	5668
1652	4	14	5	16688	4592
1653	3	1	10	16697	19574
1654	4	14	15	16706	8168
1655	0	12	10	16715	5915
1656	4	14	20	16724	5950
1657	4	14	15	16733	604
1658	4	14	15	16742	1001
1659	4	14	10	16751	14962
1660	4	14	10	16760	4488
1661	4	14	15	16769	1015
1662	4	14	20	16800	4158
1663	4	14	15	16808	885
1664	4	14	10	16816	4708
1665	3	1	20	16824	2047
1666	4	14	20	16832	15896
1667	0	12	5	16840	3633
1668	4	14	5	16848	9853
1669	4	14	20	16856	8132
1670	4	14	10	16864	431
1671	4	14	5	16872	3380
1672	4	14	10	16880	1035
1673	3	1	5	16888	4210
1674	4	14	5	16896	2035
1675	3	1	20	16904	2213
1676	4	14	5	16912	7758
1677	3	1	20	16920	936
1678	4	14	5	16928	7147
1679	0	12	10	16936	250
1680	4	14	10	16944	12379
1681	3	1	15	16952	373
1682	4	14	10	16960	3792
1683	4	14	5	16968	137
1684	4	8	20	16976	9074
1685	3	1	20	16984	1477
1686	4	14	10	16992	1261
1687	4	14	20	17000	2177
1688	3	1	20	17008	3787
1689	3	1	20	17016	1467
1690	3	1	5	17024	2701
1691	4	14	10	17032	6880
1692	3	1	10	17040	3877
1693	3	1	5	17048	1039
1694	3	1	10	17056	3658
1695	4	14	10	17064	2359
1696	4	14	15	17072	119
1697	4	14	20	17080	6344
1698	3	1	20	17088	4521
1699	4	14	20	17096	137
1700	4	14	20	17104	107
1701	0	12	15	17112	3795
1702	3	1	10	17120	1018
1703	4	14	15	17128	5061
1704	3	1	10	17136	24064
1705	4	14	15	17144	1566
1706	4	14	15	17152	3016
1707	3	1	20	17160	129
1708	4	14	10	17168	3602
1709	3	1	20	17176	2357
1710	3	1	10	17200	9901
1711	4	14	5	17209	3332
1712	4	14	15	17218	1471
1713	4	14	5	17227	701
1714	4	14	20	17236	87
1715	3	1	15	17245	3519
1716	4	8	5	17254	3783
1717	4	14	15	17263	3794
1718	4	14	20	17272	1438
1719	4	14	10	17281	1931
1720	4	14	10	17290	557
1721	3	1	20	17299	3296
1722	4	14	5	17308	16734
1723	4	14	10	17317	3743
1724	4	14	20	17326	1899
1725	4	8	20	17335	1320
1726	3	1	15	17344	11972
1727	3	1	5	17353	28108
1728	4	14	20	17362	212
1729	4	14	20	17371	12247
1730	4	14	5	17380	2012
1731	3	1	5	17389	251
1732	4	14	20	17398	3034
1733	3	1	5	17407	6410
1734	0	12	10	17416	138
1735	4	14	15	17425	1673
1736	3	1	10	17434	7991
1737	4	14	20	17443	8999
1738	4	8	20	17452	147
1739	4	14	5	17461	3399
1740	4	14	10	17470	6043
1741	4	14	15	17479	1091
1742	4	14	15	17488	6996
1743	4	14	5	17497	729
1744	4	8	10	17506	1985
1745	4	14	5	17515	10398
1746	3	1	20	17524	2879
1747	4	14	5	17533	2463
1748	4	14	5	17542	929
1749	4	14	20	17551	56
1750	4	14	5	17560	7180
1751	4	14	5	17569	2157
1752	0	12	5	17578	2719
1753	4	14	15	17600	1393
1754	3	1	15	17609	9364
1755	4	14	5	17618	2502
1756	3	1	15	17627	3956
1757	4	14	5	17636	3840
1758	3	1	20	17645	1660
1759	3	1	10	17654	5039
1760	4	14	5	17663	1874
1761	3	1	10	17672	3023
1762	3	1	5	17681	15660
1763	3	1	15	17690	4092
1764	4	14	15	17699	204
1765	4	14	5	17708	7721
1766	4	14	5	17717	136
1767	4	14	10	17726	2846
1768	4	14	20	17735	542
1769	4	8	10	17744	4553
1770	3	1	10	17753	5103
1771	3	1	10	17762	5050
1772	4	14	15	17771	3437
1773	4	8	15	17780	5229
1774	4	14	5	17789	3701
1775	3	1	20	17798	8879
1776	3	1	10	17807	5317
1777	3	1	5	17816	6814
1778	3	1	20	17825	975
1779	4	14	20	17834	2408
1780	4	14	5	17843	5844
1781	3	1	10	17852	2693
1782	3	1	5	17861	6275
1783	4	14	5	17870	153
1784	4	14	15	17879	508
1785	4	8	5	17888	15374
1786	3	1	20	17897	3353
1787	3	1	10	17906	1084
1788	4	14	15	17915	9009
1789	3	1	5	17924	3366
1790	3	1	5	17933	5003
1791	4	14	5	17942	1136
1792	4	14	20	17951	3236
1793	4	14	10	17960	1541
1794	4	14	20	18000	883
1795	3	1	20	18009	1144
1796	3	1	10	18018	1197
1797	4	14	20	18027	820
1798	3	1	10	18036	497
1799	3	1	10	18045	3074
1800	4	14	20	18054	8904
1801	4	14	10	18063	16
1802	3	1	10	18072	1619
1803	4	14	15	18081	3000
1804	4	14	10	18090	1388
1805	4	14	20	18099	496
1806	4	14	10	18108	7337
1807	4	14	10	18117	5772
1808	4	8	15	18126	4691
1809	4	14	20	18135	49
1810	4	14	20	18144	5234
1811	4	14	10	18153	6645
1812	3	1	5	18162	2047
1813	3	1	20	18171	8737
1814	3	1	10	18180	11849
1815	3	1	15	18189	8621
1816	0	12	5	18198	5368
1817	3	1	5	18207	11423
1818	3	1	5	18216	2945
1819	3	1	15	18225	295
1820	4	14	10	18234	1354
1821	3	1	20	18243	6362
1822	4	14	20	18252	3810
1823	3	1	15	18261	3264
1824	4	14	10	18270	13519
1825	4	14	5	18279	2566
1826	4	14	10	18288	708
1827	4	14	10	18297	1187
1828	3	1	15	18306	3030
1829	3	1	5	18315	1752
1830	4	8	10	18324	4006
1831	4	14	10	18333	3192
1832	4	14	20	18342	4830
1833	4	8	15	18351	4559
1834	3	1	20	18360	3286
1835	3	1	15	18400	5775
1836	3	1	5	18409	683
1837	4	14	10	18418	1226
1838	3	1	15	18427	5453
1839	3	1	20	18436	10
1840	4	14	20	18445	595
1841	4	14	10	18454	6514
1842	3	1	20	18463	3166
1843	4	8	20	18472	8563
1844	4	14	10	18481	7309
1845	3	1	20	18490	9357
1846	3	1	20	18499	7498
1847	3	1	20	18508	4402
1848	4	14	20	18517	1857
1849	4	14	10	18526	1508
1850	3	1	15	18535	2854
1851	4	14	5	18544	1520
1852	3	1	20	18553	4366
1853	4	14	15	18562	186
1854	4	14	20	18571	1145
1855	3	1	5	18580	403
1856	3	1	15	18589	1975
1857	4	14	15	18598	5968
1858	4	14	10	18607	3299
1859	3	1	5	18616	6854
1860	4	14	10	18625	12358
1861	4	14	20	18634	3503
1862	4	14	20	18643	1059
1863	4	14	10	18652	1636
1864	4	14	10	18661	1910
1865	0	12	10	18670	793
1866	3	1	15	18679	461
1867	3	1	15	18688	5098
1868	0	12	5	18697	1584
1869	4	14	20	18706	814
1870	0	12	10	18715	5193
1871	4	14	20	18724	2575
1872	3	1	15	18733	883
1873	0	12	5	18742	2924
1874	4	14	20	18751	10810
1875	0	12	20	18760	2642
1876	0	12	20	18769	1146
1877	4	14	20	18800	5265
1878	4	14	10	18808	5073
1879	4	14	15	18816	257
1880	4	14	5	18824	3944
1881	3	1	10	18832	2732
1882	4	14	10	18840	8662
1883	3	1	10	18848	978
1884	0	12	10	18856	7447
1885	3	1	10	18864	1522
1886	3	1	15	18872	8668
1887	4	14	5	18880	4261
1888	3	1	15	18888	2256
1889	3	1	20	18896	2498
1890	3	1	20	18904	1875
1891	3	1	15	18912	1924
1892	4	14	20	18920	4846
1893	0	12	10	18928	10331
1894	4	14	15	18936	196
1895	4	14	20	18944	3237
1896	4	14	15	18952	3387
1897	4	14	10	18960	948
1898	3	1	10	18968	2794
1899	4	14	20	18976	4305
1900	3	1	5	18984	6330
1901	4	14	10	18992	539
1902	3	1	20	19000	1663
1903	4	14	5	19008	828
1904	4	14	20	19016	3538
1905	4	14	20	19024	144
1906	4	14	15	19032	501
1907	3	1	15	19040	629
1908	3	1	20	19048	478
1909	4	14	5	19056	5802
1910	3	1	5	19064	7499
1911	4	14	15	19072	4290
1912	3	1	5	19080	232
1913	4	14	20	19088	2767
1914	4	14	20	19096	856
1915	4	14	20	19104	2460
1916	0	12	15	19112	4791
1917	3	1	10	19120	62
1918	4	14	5	19128	2702
1919	4	14	5	19136	261
1920	4	14	20	19144	1395
1921	3	1	10	19152	2417
1922	4	8	5	19160	1366
1923	4	14	5	19200	7940
1924	4	14	20	19210	6644
1925	4	14	20	19220	1693
1926	4	14	20	19230	5921
1927	3	1	5	19240	1279
1928	4	14	15	19250	2544
1929	3	1	20	19260	1900
1930	3	1	5	19270	9733
1931	4	14	10	19280	155
1932	3	1	10	19290	1041
1933	4	14	10	19300	245
1934	3	1	10	19310	1246
1935	4	14	20	19320	2779
1936	4	8	10	19330	672
1937	3	1	5	19340	4791
1938	4	14	10	19350	3976
1939	3	1	10	19360	6625
1940	4	14	15	19370	885
1941	4	14	20	19380	5386
1942	4	14	5	19390	3130
1943	3	1	15	19400	4381
1944	4	14	15	19410	3847
1945	4	14	10	19420	5040
1946	3	1	10	19430	1575
1947	3	1	20	19440	906
1948	4	14	10	19450	5261
1949	4	8	15	19460	3552
1950	4	14	10	19470	7770
1951	3	1	5	19480	3244
1952	4	14	10	19490	5092
1953	4	14	10	19500	2315
1954	4	14	5	19510	1814
1955	4	14	20	19520	1667
1956	4	14	10	19530	7250
1957	3	1	15	19540	2596
1958	3	1	10	19550	1893
1959	4	8	5	19560	1108
1960	3	1	5	19570	1220
1961	4	14	15	19580	7433
1962	4	14	5	19600	4495
1963	3	1	20	19610	5305
1964	4	14	20	19620	7677
1965	4	14	20	19630	6613
1966	4	14	5	19640	2239
1967	3	1	20	19650	23059
1968	3	1	15	19660	1053
1969	4	14	5	19670	4710
1970	3	1	15	19680	1453
1971	4	14	10	19690	45787
1972	4	14	20	19700	1948
1973	4	14	15	19710	4582
1974	0	12	10	19720	7999
1975	3	1	20	19730	3235
1976	4	14	10	19740	9668
1977	4	14	15	19750	3910
1978	0	12	15	19760	1123
1979	4	8	10	19770	393
1980	4	14	10	19780	78
1981	4	14	20	19790	3371
1982	4	14	15	19800	3125
1983	4	14	5	19810	8550
1984	4	14	15	19820	2947
1985	0	12	20	19830	1763
1986	4	14	5	19840	1530
1987	4	14	5	19850	6236
1988	3	1	10	19860	4747
1989	3	1	15	19870	10460
1990	4	14	15	19880	4363
1991	4	14	20	19890	4523
1992	0	12	15	19900	1549
1993	4	14	10	19910	1963
1994	4	14	10	19920	3160
1995	4	8	5	19930	1750
1996	4	14	20	19940	268
1997	4	14	10	19950	6606
1998	4	14	15	19960	6690
1999	3	1	20	19970	6627
