0	0	12	35	0	4387
1	4	8	50	10	13689
2	4	14	50	20	3732
3	4	14	35	30	5659
4	4	8	50	40	3891
5	4	14	30	50	226
6	0	12	35	60	851
7	4	14	35	70	6469
8	0	12	50	80	6671
9	0	12	30	90	1062
10	0	12	50	100	8016
11	4	14	50	110	23290
12	0	12	45	120	871
13	4	8	35	130	2342
14	4	14	35	140	50
15	0	12	45	150	2977
16	4	8	35	160	2259
17	4	8	30	170	2986
18	4	14	35	180	2259
19	4	8	30	190	5039
20	3	1	30	200	6300
21	4	14	35	210	1252
22	0	12	50	220	6593
23	0	12	45	230	4877
24	4	14	50	240	9618
25	4	8	45	250	551
26	4	14	35	260	9890
27	0	12	50	270	5384
28	0	12	30	280	562
29	0	12	30	290	2097
30	3	1	50	300	7109
31	3	1	30	310	4653
32	4	14	30	320	2801
33	4	14	45	330	2170
34	3	1	50	340	12801
35	4	14	50	350	15371
36	0	12	50	360	7146
37	0	12	30	370	1326
38	0	12	30	380	13224
39	4	14	45	400	3392
40	4	14	30	410	5766
41	0	12	45	420	6436
42	4	14	35	430	7325
43	4	8	45	440	935
44	4	14	50	450	338
45	4	8	50	460	10478
46	0	12	30	470	872
47	0	12	35	480	11709
48	4	14	50	490	1316
49	0	12	35	500	6319
50	0	12	35	510	1268
51	0	12	50	520	1329
52	0	12	30	530	266
53	4	8	50	540	749
54	4	14	30	550	13985
55	0	12	50	560	2025
56	0	12	30	570	696
57	4	14	35	580	9291
58	0	12	45	590	7517
59	0	12	30	600	2719
60	4	14	45	610	600
61	0	12	45	620	2405
62	4	14	30	630	4439
63	4	14	50	640	2065
64	3	1	30	650	2059
65	4	8	50	660	782
66	0	12	50	670	2720
67	4	8	50	680	6002
68	4	14	35	690	2646
69	4	14	45	700	138
70	0	12	45	710	4717
71	4	8	30	720	646
72	4	8	30	730	3308
73	0	12	45	740	7859
74	4	8	50	750	12218
75	3	1	35	760	19887
76	0	12	30	770	2241
77	3	1	35	780	3656
78	0	12	50	790	3906
79	4	8	30	800	16187
80	4	8	45	809	10794
81	3	1	30	818	13917
82	4	8	50	827	2459
83	0	12	45	836	1645
84	0	12	45	845	586
85	4	8	30	854	3177
86	3	1	30	863	3903
87	4	8	30	872	1618
88	4	14	45	881	2384
89	4	8	30	890	3301
90	3	1	50	899	6833
91	0	12	45	908	10662
92	0	12	45	917	2283
93	0	12	50	926	2539
94	4	14	50	935	2265
95	4	14	45	944	1492
96	4	8	45	953	555
97	0	12	45	962	2294
98	4	14	35	971	6561
99	3	1	30	980	9355
100	4	8	30	989	2274
101	4	14	30	998	2172
102	4	8	50	1007	2483
103	4	14	35	1016	1132
104	4	14	50	1025	427
105	3	1	30	1034	522
106	4	14	45	1043	5093
107	4	14	35	1052	915
108	4	14	30	1061	983
109	4	8	50	1070	15023
110	0	12	50	1079	13803
111	3	1	45	1088	3289
112	4	14	35	1097	1306
113	3	1	35	1106	8003
114	3	1	45	1115	3289
115	0	12	35	1124	746
116	4	14	45	1133	19666
117	3	1	35	1142	1620
118	3	1	30	1151	1242
119	0	12	30	1160	7705
120	4	14	45	1169	3234
121	3	1	45	1200	700
122	4	8	35	1211	1589
123	4	8	35	1222	10204
124	4	8	45	1233	968
125	0	12	50	1244	5743
126	4	8	45	1255	5012
127	0	12	30	1266	388
128	4	8	50	1277	2230
129	3	1	30	1288	4102
130	4	8	50	1299	7965
131	0	12	45	1310	19537
132	4	14	50	1321	6299
133	4	8	45	1332	5089
134	0	12	50	1343	3183
135	4	8	45	1354	2883
136	4	8	35	1365	2826
137	3	1	35	1376	957
138	4	8	50	1387	1075
139	3	1	45	1398	55
140	3	1	35	1409	7039
141	3	1	50	1420	2168
142	4	8	30	1431	487
143	3	1	45	1442	2557
144	4	8	35	1453	3602
145	0	12	30	1464	1194
146	0	12	35	1475	4220
147	3	1	30	1486	3377
148	4	8	35	1497	9607
149	3	1	35	1508	1215
150	0	12	30	1519	1535
151	3	1	30	1530	6366
152	4	8	35	1541	743
153	3	1	30	1552	12128
154	4	14	35	1563	1717
155	3	1	35	1574	1274
156	4	8	45	1585	381
157	4	14	45	1600	3110
158	3	1	50	1609	127
159	3	1	50	1618	1658
160	0	12	35	1627	2097
161	4	14	35	1636	3950
162	3	1	35	1645	6004
163	4	8	30	1654	3437
164	0	12	50	1663	480
165	0	12	30	1672	14893
166	3	1	50	1681	5838
167	4	8	45	1690	3272
168	4	8	45	1699	1518
169	4	8	30	1708	192
170	4	14	30	1717	4357
171	4	8	30	1726	6054
172	0	12	45	1735	410
173	0	12	35	1744	1167
174	3	1	45	1753	106
175	0	12	50	1762	584
176	4	8	45	1771	188
177	4	14	45	1780	7739
178	4	14	30	1789	1591
179	0	12	45	1798	12583
180	4	14	45	1807	467
181	4	14	45	1816	622
182	3	1	50	1825	809
183	3	1	35	1834	723
184	3	1	30	1843	1558
185	3	1	50	1852	277
186	4	14	30	1861	6923
187	0	12	45	1870	7360
188	3	1	35	1879	1853
189	4	8	45	1888	1291
190	0	12	50	1897	2196
191	4	8	45	1906	13554
192	4	14	45	1915	800
193	3	1	30	1924	9068
194	4	8	35	1933	3721
195	4	14	30	1942	894
196	0	12	35	1951	4102
197	0	12	50	1960	3090
198	4	8	50	1969	1780
199	4	8	30	2000	3847
200	3	1	35	2012	2697
201	3	1	45	2024	390
202	0	12	45	2036	1173
203	0	12	30	2048	7937
204	3	1	35	2060	3650
205	4	14	50	2072	3096
206	4	8	45	2084	4802
207	0	12	50	2096	9925
208	0	12	45	2108	10382
209	3	1	45	2120	958
210	4	8	50	2132	1029
211	4	8	50	2144	1074
212	0	12	45	2156	953
213	4	8	30	2168	309
214	3	1	30	2180	1040
215	4	8	45	2192	1225
216	0	12	35	2204	2350
217	4	14	30	2216	3784
218	3	1	50	2228	1171
219	4	8	30	2240	188
220	4	8	30	2252	664
221	4	8	30	2264	10442
222	3	1	35	2276	832
223	0	12	50	2288	163
224	0	12	30	2300	3915
225	4	8	45	2312	4780
226	4	8	45	2324	3649
227	3	1	45	2336	897
228	4	14	30	2348	4171
229	3	1	45	2360	6993
230	4	14	35	2372	2729
231	0	12	45	2400	2834
232	4	8	50	2410	2742
233	3	1	50	2420	4957
234	3	1	35	2430	2513
235	4	8	30	2440	69
236	4	14	30	2450	8829
237	3	1	45	2460	1546
238	4	14	50	2470	3347
239	4	14	35	2480	6124
240	0	12	30	2490	1836
241	3	1	35	2500	9478
242	0	12	30	2510	9897
243	0	12	45	2520	686
244	4	14	45	2530	200
245	3	1	50	2540	828
246	4	8	50	2550	5611
247	3	1	35	2560	452
248	4	14	50	2570	4402
249	0	12	45	2580	1672
250	3	1	45	2590	5643
251	4	8	30	2600	120
252	4	8	30	2610	1337
253	4	14	45	2620	1503
254	0	12	50	2630	2500
255	0	12	35	2640	3320
256	4	14	30	2650	9421
257	0	12	45	2660	964
258	0	12	30	2670	1088
259	4	8	50	2680	9258
260	4	8	30	2690	11286
261	4	14	30	2700	2756
262	4	8	45	2710	1252
263	4	8	50	2720	419
264	4	14	35	2730	5070
265	0	12	30	2740	5081
266	4	14	30	2750	5376
267	4	8	45	2760	2786
268	4	14	50	2800	3744
269	4	8	30	2808	952
270	4	8	45	2816	1873
271	3	1	45	2824	528
272	4	14	30	2832	183
273	4	14	45	2840	2541
274	4	8	50	2848	4532
275	3	1	45	2856	1132
276	4	8	50	2864	43
277	3	1	50	2872	123
278	0	12	35	2880	18885
279	4	8	35	2888	2299
280	0	12	45	2896	11474
281	4	14	30	2904	2704
282	3	1	45	2912	3052
283	4	14	45	2920	1460
284	4	14	30	2928	289
285	3	1	30	2936	2501
286	4	14	45	2944	1011
287	3	1	30	2952	808
288	4	8	30	2960	1127
289	3	1	50	2968	9313
290	4	8	30	2976	475
291	4	14	45	2984	4505
292	4	8	45	2992	344
293	3	1	30	3000	4382
294	4	8	30	3008	7411
295	4	8	30	3016	8165
296	4	8	45	3024	4060
297	3	1	35	3032	6778
298	0	12	35	3040	2313
299	3	1	35	3048	1600
300	3	1	50	3056	2375
301	4	14	35	3064	1163
302	3	1	45	3072	2765
303	3	1	50	3080	2430
304	3	1	30	3088	13737
305	0	12	50	3096	4002
306	4	8	30	3104	16753
307	4	8	35	3112	6729
308	3	1	50	3120	4034
309	3	1	35	3128	985
310	3	1	35	3136	3222
311	4	8	30	3144	8313
312	4	14	35	3152	1009
313	3	1	50	3200	6458
314	0	12	30	3210	12678
315	3	1	30	3220	2384
316	0	12	35	3230	13318
317	3	1	30	3240	13176
318	4	8	45	3250	120
319	0	12	30	3260	1169
320	4	8	45	3270	2739
321	4	8	50	3280	3249
322	0	12	45	3290	1183
323	4	8	50	3300	4887
324	0	12	50	3310	421
325	3	1	50	3320	4790
326	0	12	30	3330	168
327	0	12	50	3340	1906
328	3	1	45	3350	3945
329	4	14	50	3360	6596
330	0	12	30	3370	3754
331	3	1	45	3380	864
332	3	1	45	3390	3577
333	4	8	50	3400	4331
334	4	14	35	3410	18154
335	0	12	30	3420	4695
336	0	12	45	3430	19444
337	0	12	50	3440	326
338	0	12	45	3450	1650
339	4	14	35	3460	2301
340	0	12	30	3470	2616
341	4	8	35	3480	2106
342	4	14	35	3490	3174
343	4	14	45	3500	110
344	4	14	45	3510	1718
345	4	14	30	3520	1082
346	4	14	35	3530	2411
347	4	14	50	3540	1321
348	4	8	30	3550	4919
349	3	1	30	3560	2004
350	0	12	45	3570	9456
351	4	14	45	3600	4493
352	4	8	45	3611	6181
353	4	14	30	3622	821
354	4	8	50	3633	7179
355	4	8	50	3644	8890
356	4	14	45	3655	22415
357	4	8	45	3666	6315
358	4	8	50	3677	1756
359	0	12	30	3688	1256
360	0	12	50	3699	3577
361	4	8	30	3710	3722
362	4	14	45	3721	828
363	3	1	30	3732	7029
364	4	8	35	3743	3761
365	4	14	50	3754	1777
366	4	14	45	3765	1334
367	4	8	35	3776	3299
368	3	1	35	3787	6679
369	0	12	30	3798	1243
370	3	1	35	3809	2441
371	0	12	45	3820	8679
372	4	8	45	3831	3920
373	3	1	35	3842	3587
374	0	12	30	3853	5939
375	4	14	35	3864	361
376	4	8	45	3875	33
377	0	12	50	3886	1039
378	4	8	35	3897	1760
379	0	12	50	3908	7944
380	3	1	45	3919	1125
381	0	12	30	3930	5706
382	3	1	50	3941	4452
383	4	14	45	3952	1060
384	4	14	30	3963	9283
385	4	8	35	4000	10874
386	4	8	50	4011	2094
387	3	1	35	4022	2080
388	0	12	30	4033	7030
389	4	8	45	4044	410
390	4	8	35	4055	4743
391	4	14	30	4066	884
392	3	1	50	4077	5134
393	0	12	35	4088	283
394	4	14	35	4099	7492
395	4	14	30	4110	8299
396	3	1	45	4121	1005
397	4	8	30	4132	5095
398	3	1	35	4143	2163
399	0	12	45	4154	18606
400	0	12	35	4165	12266
401	3	1	50	4176	8869
402	0	12	45	4187	2537
403	4	8	50	4198	2323
404	0	12	45	4209	11075
405	4	14	30	4220	81
406	4	8	50	4231	205
407	3	1	30	4242	865
408	4	14	30	4253	2124
409	4	8	45	4264	5503
410	4	14	30	4275	8589
411	3	1	50	4286	5835
412	4	14	30	4297	2303
413	0	12	50	4308	2714
414	4	8	45	4319	98
415	4	14	45	4330	7117
416	3	1	30	4341	10886
417	4	14	30	4352	12322
418	4	14	50	4363	10397
419	4	14	50	4374	4501
420	4	8	50	4400	12079
421	0	12	30	4408	8421
422	4	8	35	4416	5298
423	0	12	45	4424	5008
424	4	14	45	4432	3400
425	3	1	35	4440	1195
426	4	8	45	4448	711
427	4	8	30	4456	3250
428	4	14	30	4464	5478
429	4	8	50	4472	9172
430	4	8	45	4480	7983
431	0	12	35	4488	1359
432	3	1	35	4496	6665
433	4	8	45	4504	1820
434	4	14	35	4512	9602
435	0	12	45	4520	1749
436	4	14	45	4528	1371
437	0	12	50	4536	1050
438	4	14	50	4544	1402
439	4	14	50	4552	8536
440	4	14	35	4560	8616
441	4	14	50	4568	958
442	3	1	30	4576	20109
443	3	1	35	4584	334
444	3	1	45	4592	965
445	3	1	45	4600	10470
446	0	12	50	4608	5721
447	4	8	50	4616	1047
448	3	1	50	4624	180
449	4	14	45	4632	60
450	4	8	50	4640	11266
451	3	1	45	4648	1249
452	4	8	35	4656	6330
453	3	1	45	4664	5423
454	3	1	45	4672	160
455	0	12	35	4680	312
456	0	12	45	4688	683
457	0	12	50	4696	5635
458	3	1	35	4704	8096
459	3	1	35	4712	4543
460	3	1	45	4720	7788
461	0	12	50	4728	2722
462	4	14	30	4736	2383
463	3	1	30	4744	2878
464	4	14	50	4752	8592
465	3	1	45	4760	3615
466	0	12	35	4768	12530
467	3	1	35	4776	299
468	4	8	45	4784	3501
469	4	8	50	4792	4435
470	0	12	30	4800	3115
471	4	8	30	4810	4860
472	4	14	30	4820	4296
473	4	14	50	4830	180
474	0	12	35	4840	6270
475	3	1	30	4850	5360
476	4	8	50	4860	8642
477	3	1	50	4870	4244
478	3	1	30	4880	2769
479	0	12	50	4890	4149
480	3	1	35	4900	2753
481	4	14	45	4910	10785
482	3	1	35	4920	2870
483	4	14	35	4930	5247
484	4	14	30	4940	12763
485	3	1	30	4950	3623
486	3	1	30	4960	2721
487	0	12	50	4970	285
488	3	1	30	4980	1580
489	4	14	30	4990	7185
490	0	12	30	5000	878
491	4	14	45	5010	3059
492	3	1	45	5020	1803
493	4	8	45	5030	3836
494	4	8	35	5040	98
495	3	1	45	5050	1978
496	4	14	45	5060	5778
497	0	12	30	5070	2618
498	3	1	45	5080	876
499	0	12	50	5090	3864
500	3	1	30	5100	14109
501	3	1	35	5110	4667
502	0	12	35	5120	4165
503	4	8	30	5130	1874
504	4	14	45	5140	2570
505	4	14	45	5150	1081
506	4	14	35	5160	3765
507	3	1	35	5170	5553
508	3	1	35	5180	12048
509	4	14	35	5190	1432
510	3	1	35	5200	845
511	4	8	45	5209	2796
512	4	8	45	5218	1182
513	4	8	35	5227	1005
514	0	12	50	5236	800
515	3	1	30	5245	10348
516	3	1	45	5254	15992
517	0	12	45	5263	5066
518	3	1	30	5272	3231
519	4	8	50	5281	1355
520	4	14	45	5290	427
521	0	12	45	5299	8742
522	4	14	35	5308	5478
523	4	8	45	5317	5532
524	0	12	45	5326	2560
525	0	12	35	5335	25
526	4	14	45	5344	1664
527	3	1	45	5353	170
528	3	1	45	5362	79
529	4	8	45	5371	2051
530	4	14	35	5380	14599
531	4	8	50	5389	2072
532	4	14	35	5398	2443
533	4	8	35	5407	8489
534	3	1	50	5416	4496
535	4	14	30	5425	6621
536	3	1	30	5434	1344
537	0	12	30	5443	594
538	0	12	50	5452	1186
539	0	12	45	5461	5120
540	4	14	45	5470	17058
541	0	12	50	5479	5436
542	3	1	35	5488	502
543	4	14	45	5497	102
544	4	8	45	5506	4126
545	3	1	35	5515	4740
546	4	8	50	5524	1306
547	0	12	30	5533	606
548	4	8	45	5542	2287
549	3	1	35	5551	419
550	0	12	30	5560	2101
551	4	14	30	5569	188
552	3	1	30	5578	10426
553	4	8	45	5587	9604
554	0	12	35	5600	2919
555	3	1	35	5611	346
556	4	14	30	5622	11447
557	4	14	50	5633	9123
558	0	12	35	5644	9262
559	3	1	30	5655	2521
560	0	12	50	5666	9073
561	0	12	50	5677	3359
562	0	12	50	5688	5250
563	0	12	45	5699	3190
564	0	12	30	5710	1584
565	4	8	45	5721	6170
566	3	1	35	5732	187
567	4	14	35	5743	1884
568	4	14	45	5754	3169
569	0	12	50	5765	1862
570	4	14	50	5776	4078
571	4	8	35	5787	7422
572	4	14	50	5798	2476
573	4	8	35	5809	7139
574	4	8	35	5820	1435
575	3	1	50	5831	1774
576	4	8	30	5842	5871
577	0	12	45	5853	5099
578	4	14	50	5864	446
579	3	1	35	5875	6030
580	3	1	45	5886	5203
581	3	1	45	5897	890
582	0	12	30	5908	3726
583	4	14	30	5919	10108
584	0	12	45	5930	19637
585	4	14	35	5941	10525
586	3	1	50	5952	2601
587	3	1	45	5963	3173
588	4	8	30	5974	1799
589	0	12	35	5985	3585
590	0	12	30	6000	8044
591	4	14	30	6007	1962
592	0	12	50	6014	1080
593	4	8	45	6021	6222
594	4	14	45	6028	6982
595	3	1	50	6035	2162
596	0	12	50	6042	49
597	4	8	50	6049	3361
598	3	1	45	6056	4791
599	0	12	30	6063	7791
600	0	12	30	6070	4180
601	4	8	45	6077	9333
602	4	8	35	6084	3600
603	4	8	45	6091	261
604	4	14	35	6098	2467
605	4	14	50	6105	3329
606	4	14	30	6112	3512
607	0	12	45	6119	395
608	0	12	35	6126	3744
609	3	1	45	6133	696
610	0	12	35	6140	1504
611	3	1	35	6147	1005
612	4	14	50	6154	6284
613	4	8	30	6161	523
614	0	12	45	6168	5386
615	4	8	30	6175	4775
616	4	14	45	6182	13093
617	0	12	45	6189	6658
618	4	14	50	6196	3256
619	0	12	45	6203	2037
620	3	1	45	6210	1472
621	0	12	50	6217	2757
622	3	1	35	6224	54
623	3	1	35	6231	12424
624	4	14	50	6238	2822
625	0	12	45	6245	1158
626	4	8	35	6252	3734
627	3	1	35	6259	4466
628	3	1	45	6266	26
629	3	1	35	6273	8611
630	3	1	50	6280	1698
631	0	12	35	6287	898
632	4	8	30	6294	90
633	4	14	50	6301	1140
634	3	1	30	6308	557
635	0	12	50	6315	6965
636	4	8	30	6322	3726
637	4	14	35	6329	3131
638	0	12	50	6336	2462
639	4	8	50	6343	2232
640	0	12	35	6350	1684
641	3	1	35	6357	1938
642	4	8	30	6364	11244
643	3	1	35	6371	905
644	0	12	30	6378	1306
645	4	8	45	6400	4129
646	4	14	35	6409	3620
647	3	1	50	6418	484
648	4	8	30	6427	201
649	4	8	45	6436	550
650	4	14	30	6445	2432
651	4	14	35	6454	899
652	3	1	50	6463	46
653	4	8	30	6472	1421
654	3	1	35	6481	3188
655	0	12	35	6490	651
656	4	14	30	6499	8814
657	3	1	30	6508	4067
658	4	8	50	6517	3257
659	3	1	50	6526	937
660	3	1	35	6535	12687
661	0	12	50	6544	9710
662	3	1	50	6553	365
663	3	1	50	6562	5149
664	4	14	45	6571	6721
665	0	12	50	6580	476
666	4	8	30	6589	892
667	0	12	30	6598	3141
668	4	14	50	6607	19613
669	4	14	45	6616	9869
670	0	12	50	6625	381
671	0	12	35	6634	2173
672	0	12	50	6643	1729
673	4	8	30	6652	553
674	0	12	30	6661	228
675	0	12	35	6670	10307
676	3	1	45	6679	3268
677	4	14	50	6688	6662
678	3	1	30	6697	4516
679	4	8	30	6706	7931
680	0	12	35	6715	4268
681	3	1	45	6724	2716
682	4	8	30	6733	3908
683	0	12	30	6742	8420
684	4	14	35	6751	2236
685	3	1	35	6760	624
686	3	1	35	6800	841
687	0	12	30	6809	5138
688	0	12	45	6818	4799
689	3	1	50	6827	15642
690	4	8	50	6836	10940
691	3	1	30	6845	13734
692	3	1	45	6854	17044
693	4	8	30	6863	1155
694	4	14	45	6872	2536
695	4	14	45	6881	2261
696	4	14	35	6890	1407
697	4	14	30	6899	972
698	4	14	50	6908	1969
699	0	12	30	6917	727
700	0	12	45	6926	2347
701	3	1	30	6935	211
702	4	14	50	6944	517
703	3	1	35	6953	574
704	4	8	45	6962	153
705	4	14	45	6971	148
706	4	14	45	6980	7600
707	0	12	50	6989	8552
708	4	8	50	6998	1117
709	4	8	50	7007	3927
710	4	8	45	7016	3584
711	4	14	35	7025	327
712	0	12	50	7034	13042
713	4	14	45	7043	4746
714	3	1	35	7052	3219
715	4	14	45	7061	2503
716	4	14	45	7070	1359
717	4	8	45	7079	938
718	3	1	45	7088	1402
719	4	8	35	7097	4423
720	3	1	45	7106	10231
721	4	8	30	7115	2590
722	4	14	35	7124	7465
723	0	12	50	7133	50
724	4	8	50	7142	15665
725	3	1	50	7151	525
726	4	8	50	7160	2271
727	4	14	50	7169	421
728	3	1	45	7178	4312
729	0	12	45	7187	3907
730	0	12	50	7200	3948
731	3	1	45	7210	1676
732	0	12	30	7220	2193
733	4	8	30	7230	2856
734	4	8	45	7240	2168
735	4	8	30	7250	3710
736	4	14	50	7260	1857
737	4	14	50	7270	2691
738	4	14	45	7280	7344
739	0	12	45	7290	1989
740	4	14	45	7300	1393
741	4	8	45	7310	1470
742	3	1	35	7320	2612
743	3	1	45	7330	304
744	0	12	35	7340	1964
745	3	1	35	7350	7764
746	4	8	30	7360	24
747	3	1	50	7370	1376
748	4	14	45	7380	4789
749	4	14	50	7390	17
750	0	12	30	7400	620
751	4	8	50	7410	366
752	0	12	45	7420	10107
753	3	1	35	7430	5087
754	3	1	35	7440	1117
755	4	14	45	7450	13668
756	3	1	45	7460	923
757	3	1	50	7470	460
758	0	12	45	7480	667
759	3	1	45	7490	9833
760	4	8	50	7500	3696
761	0	12	50	7510	5550
762	4	8	30	7520	1006
763	0	12	30	7530	3871
764	4	8	30	7540	25009
765	3	1	50	7550	1147
766	3	1	30	7560	4274
767	4	14	50	7570	2400
768	3	1	30	7580	1293
769	0	12	30	7600	11854
770	4	14	50	7614	393
771	4	14	45	7628	6406
772	3	1	30	7642	1839
773	3	1	50	7656	9367
774	3	1	45	7670	1879
775	0	12	30	7684	3817
776	3	1	50	7698	23431
777	0	12	50	7712	5912
778	0	12	45	7726	3918
779	3	1	35	7740	527
780	4	8	50	7754	498
781	4	14	50	7768	613
782	0	12	30	7782	2057
783	3	1	45	7796	4260
784	4	14	45	7810	2614
785	3	1	30	7824	3104
786	4	8	30	7838	2195
787	3	1	45	7852	4847
788	4	14	45	7866	1240
789	4	8	30	7880	2400
790	3	1	45	7894	2032
791	4	8	50	7908	1218
792	3	1	30	7922	1637
793	0	12	50	7936	10421
794	4	14	50	7950	6220
795	4	14	50	7964	3139
796	4	14	35	7978	356
797	4	8	30	8000	7847
798	4	8	45	8008	313
799	4	8	35	8016	596
800	4	14	35	8024	892
801	3	1	35	8032	3237
802	0	12	50	8040	59
803	3	1	45	8048	5539
804	4	14	30	8056	9664
805	0	12	35	8064	1694
806	4	14	50	8072	5074
807	3	1	45	8080	65
808	0	12	50	8088	1691
809	3	1	35	8096	3964
810	4	8	45	8104	14032
811	3	1	50	8112	2278
812	4	8	35	8120	2648
813	4	8	35	8128	122
814	4	8	50	8136	6384
815	4	8	30	8144	2471
816	4	14	50	8152	1712
817	4	14	35	8160	3348
818	0	12	35	8168	604
819	3	1	50	8176	2451
820	4	8	50	8184	7019
821	0	12	35	8192	12330
822	0	12	30	8200	816
823	0	12	50	8208	6973
824	4	8	45	8216	3194
825	3	1	50	8224	7111
826	0	12	45	8232	2483
827	4	8	30	8240	2337
828	4	14	30	8248	488
829	3	1	45	8256	7115
830	0	12	45	8264	3017
831	0	12	45	8272	592
832	4	14	30	8280	4771
833	3	1	30	8288	2661
834	3	1	30	8296	10294
835	3	1	45	8304	3304
836	4	14	50	8312	544
837	4	8	45	8320	4227
838	3	1	45	8328	5459
839	3	1	35	8336	578
840	4	14	35	8344	6882
841	4	14	35	8352	2084
842	3	1	50	8360	1770
843	4	8	35	8368	4061
844	0	12	35	8376	2624
845	0	12	45	8384	13310
846	4	14	45	8392	6027
847	4	8	50	8400	1460
848	3	1	30	8415	551
849	4	8	45	8430	1589
850	4	14	30	8445	870
851	0	12	50	8460	2920
852	0	12	45	8475	5079
853	3	1	50	8490	3839
854	0	12	45	8505	1493
855	4	14	50	8520	1128
856	3	1	30	8535	1849
857	4	14	50	8550	841
858	4	8	50	8565	890
859	4	8	30	8580	332
860	0	12	50	8595	8575
861	4	8	45	8610	1293
862	3	1	45	8625	9259
863	4	8	30	8640	2882
864	4	8	45	8655	417
865	0	12	30	8670	7142
866	3	1	45	8685	5351
867	4	14	30	8700	25640
868	3	1	30	8715	449
869	3	1	35	8730	1071
870	3	1	35	8745	1623
871	3	1	30	8760	4760
872	0	12	45	8775	6914
873	3	1	30	8800	22
874	4	14	45	8808	4055
875	4	8	35	8816	2185
876	4	8	45	8824	3630
877	3	1	50	8832	3166
878	4	14	45	8840	1685
879	0	12	50	8848	3526
880	4	14	35	8856	216
881	4	14	45	8864	681
882	3	1	30	8872	1505
883	4	8	35	8880	6188
884	4	14	45	8888	4038
885	4	14	50	8896	46
886	4	14	50	8904	2169
887	0	12	35	8912	331
888	4	8	45	8920	766
889	3	1	30	8928	4532
890	0	12	35	8936	853
891	4	14	50	8944	11090
892	0	12	45	8952	2411
893	4	8	45	8960	4372
894	3	1	45	8968	1160
895	4	8	45	8976	3147
896	0	12	45	8984	2811
897	4	8	50	8992	7431
898	4	14	45	9000	3093
899	0	12	30	9008	4186
900	3	1	50	9016	1027
901	0	12	45	9024	6057
902	3	1	45	9032	889
903	0	12	50	9040	8966
904	4	14	35	9048	20602
905	4	8	50	9056	2770
906	0	12	30	9064	4758
907	3	1	45	9072	4998
908	4	14	30	9080	15623
909	4	14	30	9088	8848
910	3	1	30	9096	4189
911	4	14	35	9104	6932
912	4	14	35	9112	7480
913	0	12	50	9120	3805
914	3	1	45	9128	110
915	0	12	30	9136	5181
916	3	1	45	9144	13141
917	4	8	35	9152	484
918	4	8	35	9200	8414
919	3	1	50	9212	366
920	0	12	35	9224	2135
921	3	1	35	9236	4292
922	4	8	35	9248	6948
923	0	12	30	9260	2237
924	4	8	50	9272	175
925	3	1	35	9284	2017
926	4	8	45	9296	1113
927	3	1	30	9308	686
928	4	14	45	9320	5608
929	4	8	50	9332	388
930	0	12	45	9344	9913
931	0	12	50	9356	5586
932	4	14	30	9368	33
933	4	14	35	9380	4749
934	3	1	30	9392	1781
935	3	1	50	9404	1272
936	4	8	50	9416	12601
937	3	1	30	9428	2178
938	3	1	50	9440	6299
939	3	1	50	9452	584
940	3	1	45	9464	1518
941	0	12	35	9476	4886
942	0	12	30	9488	420
943	3	1	45	9500	1335
944	0	12	50	9512	117
945	4	8	50	9524	1840
946	0	12	45	9536	384
947	0	12	45	9548	7307
948	4	14	50	9560	4060
949	3	1	35	9600	2982
950	4	14	30	9607	3490
951	4	14	35	9614	1982
952	4	14	35	9621	13529
953	4	8	50	9628	2398
954	4	14	50	9635	1072
955	4	14	45	9642	3361
956	3	1	30	9649	12502
957	3	1	45	9656	5897
958	3	1	50	9663	7607
959	0	12	30	9670	3645
960	4	14	35	9677	1186
961	3	1	30	9684	3089
962	4	14	30	9691	12821
963	3	1	35	9698	8736
964	3	1	35	9705	14662
965	3	1	35	9712	9077
966	0	12	30	9719	6748
967	4	14	50	9726	654
968	4	8	50	9733	1174
969	4	14	50	9740	5620
970	3	1	35	9747	5861
971	0	12	35	9754	3128
972	3	1	35	9761	1549
973	4	14	45	9768	5420
974	4	14	35	9775	5909
975	4	14	30	9782	4930
976	4	8	30	9789	3268
977	3	1	50	9796	3107
978	4	14	30	9803	2040
979	0	12	30	9810	4485
980	3	1	50	9817	1452
981	4	8	50	9824	2069
982	4	14	30	9831	2935
983	0	12	30	9838	1036
984	3	1	50	9845	2855
985	4	8	35	9852	2980
986	0	12	35	9859	6176
987	4	8	35	9866	3260
988	0	12	45	9873	2463
989	3	1	35	9880	6259
990	4	14	45	9887	1521
991	4	14	30	9894	823
992	0	12	35	9901	3369
993	3	1	50	9908	867
994	3	1	45	9915	8453
995	0	12	35	9922	6016
996	4	8	30	9929	5478
997	3	1	50	9936	954
998	0	12	30	9943	1480
999	3	1	45	9950	567
1000	4	8	45	9957	3228
1001	0	12	45	9964	11303
1002	3	1	45	9971	3514
1003	4	14	30	10000	8582
1004	4	14	50	10010	5652
1005	3	1	45	10020	161
1006	4	8	50	10030	288
1007	0	12	50	10040	1014
1008	3	1	35	10050	4547
1009	4	14	50	10060	2992
1010	4	8	35	10070	40
1011	0	12	35	10080	2151
1012	3	1	45	10090	1857
1013	4	8	50	10100	776
1014	3	1	30	10110	1389
1015	3	1	35	10120	7664
1016	3	1	30	10130	73
1017	3	1	50	10140	5254
1018	4	14	45	10150	1893
1019	4	8	30	10160	2384
1020	4	8	50	10170	466
1021	3	1	50	10180	1191
1022	4	14	30	10190	4698
1023	3	1	45	10200	2490
1024	4	14	30	10210	2306
1025	4	14	30	10220	3497
1026	4	14	30	10230	14486
1027	0	12	45	10240	539
1028	0	12	30	10250	7948
1029	3	1	50	10260	20436
1030	3	1	50	10270	13152
1031	4	14	35	10280	1699
1032	3	1	45	10290	1049
1033	4	8	45	10300	1244
1034	4	14	35	10310	512
1035	4	8	30	10320	1808
1036	3	1	30	10330	6842
1037	4	14	50	10340	4052
1038	4	8	30	10350	2552
1039	4	14	30	10360	2544
1040	4	14	35	10370	2432
1041	0	12	45	10400	3307
1042	4	14	50	10410	8421
1043	4	8	50	10420	10818
1044	0	12	50	10430	6070
1045	4	14	35	10440	9228
1046	4	8	45	10450	6740
1047	3	1	45	10460	1995
1048	4	14	45	10470	9266
1049	0	12	30	10480	106
1050	4	8	35	10490	5703
1051	3	1	35	10500	58
1052	3	1	35	10510	7210
1053	3	1	30	10520	7874
1054	0	12	45	10530	89
1055	3	1	50	10540	1405
1056	4	8	35	10550	1149
1057	4	14	30	10560	516
1058	0	12	50	10570	2353
1059	0	12	50	10580	763
1060	4	14	45	10590	274
1061	4	8	35	10600	11490
1062	4	14	45	10610	1791
1063	0	12	45	10620	4623
1064	0	12	30	10630	3320
1065	3	1	30	10640	4363
1066	4	8	50	10650	819
1067	4	8	30	10660	439
1068	3	1	35	10670	231
1069	0	12	50	10680	10620
1070	4	14	30	10690	136
1071	4	14	30	10700	1919
1072	4	8	45	10710	1201
1073	0	12	35	10720	9477
1074	4	8	45	10730	20083
1075	4	8	30	10740	3172
1076	4	14	50	10750	1908
1077	4	8	35	10760	5674
1078	4	8	45	10770	4591
1079	4	14	50	10780	3086
1080	4	8	45	10800	5849
1081	4	8	35	10809	3474
1082	0	12	50	10818	1018
1083	4	14	50	10827	7245
1084	0	12	35	10836	1067
1085	0	12	35	10845	11829
1086	4	8	30	10854	2861
1087	4	14	35	10863	1850
1088	0	12	50	10872	1125
1089	0	12	35	10881	6950
1090	0	12	45	10890	484
1091	4	14	30	10899	4789
1092	3	1	30	10908	853
1093	0	12	35	10917	1415
1094	0	12	45	10926	2072
1095	3	1	30	10935	2871
1096	0	12	30	10944	900
1097	4	14	30	10953	857
1098	0	12	50	10962	1842
1099	3	1	45	10971	496
1100	4	8	45	10980	5024
1101	0	12	45	10989	4957
1102	4	14	30	10998	1641
1103	4	14	50	11007	14258
1104	4	8	50	11016	19714
1105	3	1	35	11025	1902
1106	0	12	50	11034	5629
1107	4	8	50	11043	10561
1108	0	12	45	11052	8068
1109	3	1	45	11061	2573
1110	4	14	50	11070	9950
1111	4	14	30	11079	2707
1112	4	8	35	11088	2308
1113	0	12	50	11097	9499
1114	3	1	35	11106	2079
1115	3	1	30	11115	2661
1116	0	12	45	11124	5072
1117	0	12	45	11133	2973
1118	4	14	35	11142	2398
1119	0	12	45	11151	3828
1120	4	8	30	11160	664
1121	4	8	35	11200	6746
1122	0	12	35	11209	7832
1123	3	1	50	11218	1056
1124	4	14	35	11227	6763
1125	0	12	30	11236	1635
1126	0	12	50	11245	837
1127	4	8	30	11254	13020
1128	0	12	50	11263	2789
1129	4	14	35	11272	2624
1130	4	8	30	11281	1698
1131	4	14	45	11290	825
1132	0	12	45	11299	1969
1133	4	14	50	11308	3338
1134	3	1	35	11317	6916
1135	4	8	50	11326	238
1136	4	8	30	11335	1118
1137	0	12	30	11344	1167
1138	3	1	30	11353	7426
1139	3	1	30	11362	7743
1140	4	14	45	11371	857
1141	4	14	30	11380	3491
1142	4	14	45	11389	2799
1143	4	8	30	11398	5891
1144	0	12	45	11407	9507
1145	4	8	45	11416	3894
1146	4	8	45	11425	1201
1147	3	1	35	11434	1343
1148	4	8	30	11443	8926
1149	4	8	35	11452	10026
1150	4	8	45	11461	6311
1151	0	12	35	11470	4520
1152	4	14	50	11479	5419
1153	0	12	30	11488	5594
1154	0	12	45	11497	13255
1155	4	14	30	11506	9224
1156	4	14	35	11515	7630
1157	4	8	30	11524	441
1158	0	12	45	11533	678
1159	4	8	45	11542	4282
1160	4	8	35	11551	840
1161	4	14	45	11560	6315
1162	4	8	30	11569	2224
1163	4	8	30	11578	1949
1164	4	8	35	11600	550
1165	4	14	35	11610	5244
1166	3	1	35	11620	434
1167	3	1	45	11630	8238
1168	3	1	35	11640	352
1169	0	12	35	11650	1707
1170	4	8	30	11660	1108
1171	0	12	35	11670	2505
1172	4	8	45	11680	4566
1173	4	8	35	11690	3618
1174	0	12	30	11700	2200
1175	3	1	50	11710	3383
1176	3	1	45	11720	1492
1177	3	1	30	11730	369
1178	3	1	35	11740	1571
1179	3	1	45	11750	859
1180	3	1	45	11760	316
1181	3	1	45	11770	9365
1182	4	14	50	11780	285
1183	3	1	45	11790	3505
1184	4	8	50	11800	4653
1185	4	8	50	11810	4422
1186	0	12	45	11820	2351
1187	4	14	45	11830	4040
1188	3	1	35	11840	3689
1189	3	1	35	11850	10215
1190	3	1	45	11860	924
1191	4	14	30	11870	600
1192	0	12	45	11880	408
1193	4	8	35	11890	826
1194	0	12	45	11900	4388
1195	0	12	50	11910	2037
1196	4	8	30	11920	677
1197	4	8	35	11930	500
1198	0	12	50	11940	4111
1199	0	12	35	11950	777
1200	3	1	35	11960	2930
1201	3	1	30	11970	1957
1202	4	14	50	11980	896
1203	0	12	50	11990	3151
1204	0	12	35	12000	4513
1205	4	8	30	12011	1590
1206	3	1	45	12022	22470
1207	4	8	45	12033	634
1208	0	12	30	12044	1601
1209	3	1	45	12055	1995
1210	0	12	35	12066	3555
1211	4	8	35	12077	5765
1212	4	14	45	12088	6047
1213	4	8	50	12099	13157
1214	3	1	30	12110	3481
1215	3	1	50	12121	1345
1216	4	14	50	12132	5163
1217	4	14	35	12143	7402
1218	0	12	35	12154	4792
1219	0	12	45	12165	2460
1220	4	14	45	12176	1347
1221	3	1	50	12187	2517
1222	4	14	30	12198	1259
1223	4	14	30	12209	707
1224	3	1	45	12220	608
1225	4	8	50	12231	432
1226	4	14	50	12242	1838
1227	0	12	30	12253	2725
1228	4	8	45	12264	10584
1229	4	14	35	12275	97
1230	0	12	50	12286	2144
1231	4	8	35	12297	861
1232	3	1	35	12308	2361
1233	4	8	30	12319	641
1234	4	14	30	12330	4483
1235	4	14	35	12341	4671
1236	3	1	50	12352	4856
1237	3	1	30	12363	2966
1238	4	8	35	12374	9509
1239	4	14	45	12385	1781
1240	3	1	30	12400	4466
1241	3	1	30	12411	1413
1242	4	14	45	12422	1460
1243	0	12	45	12433	940
1244	4	8	50	12444	1621
1245	4	8	35	12455	2340
1246	0	12	35	12466	1784
1247	3	1	45	12477	577
1248	3	1	30	12488	3719
1249	4	8	50	12499	1915
1250	4	8	50	12510	4484
1251	3	1	45	12521	1501
1252	0	12	30	12532	2174
1253	4	14	30	12543	807
1254	0	12	45	12554	8853
1255	4	14	45	12565	214
1256	4	14	50	12576	497
1257	4	14	45	12587	157
1258	3	1	30	12598	2070
1259	4	14	35	12609	3412
1260	4	8	30	12620	12840
1261	3	1	45	12631	2791
1262	0	12	50	12642	981
1263	4	8	45	12653	1460
1264	4	8	45	12664	15226
1265	4	14	30	12675	2010
1266	3	1	50	12686	1528
1267	4	8	35	12697	3990
1268	4	8	45	12708	1362
1269	3	1	45	12719	8909
1270	4	14	50	12730	3495
1271	0	12	45	12741	899
1272	4	8	30	12752	10973
1273	4	8	45	12763	1654
1274	3	1	45	12774	6182
1275	0	12	35	12800	17795
1276	4	14	30	12809	703
1277	4	14	35	12818	249
1278	3	1	30	12827	7061
1279	4	8	35	12836	4792
1280	4	8	45	12845	5429
1281	4	8	35	12854	1066
1282	4	8	50	12863	8779
1283	4	14	50	12872	3181
1284	3	1	35	12881	1722
1285	3	1	30	12890	431
1286	0	12	30	12899	5956
1287	3	1	30	12908	1221
1288	4	8	35	12917	1191
1289	0	12	45	12926	3888
1290	0	12	35	12935	3394
1291	3	1	30	12944	4367
1292	0	12	30	12953	509
1293	3	1	30	12962	1621
1294	4	8	45	12971	2042
1295	0	12	45	12980	746
1296	3	1	30	12989	333
1297	4	8	50	12998	0
1298	3	1	50	13007	1054
1299	4	8	50	13016	11142
1300	3	1	35	13025	535
1301	3	1	50	13034	5217
1302	0	12	50	13043	7472
1303	0	12	35	13052	4996
1304	3	1	50	13061	6392
1305	0	12	35	13070	2560
1306	0	12	45	13079	1894
1307	4	14	35	13088	336
1308	4	8	35	13097	2016
1309	0	12	35	13106	9306
1310	4	14	35	13115	8866
1311	4	14	35	13124	232
1312	4	8	35	13133	941
1313	0	12	50	13142	4893
1314	3	1	45	13151	7115
1315	0	12	50	13160	5171
1316	0	12	45	13169	3804
1317	4	8	30	13178	4422
1318	4	14	35	13187	12486
1319	3	1	45	13200	8337
1320	3	1	50	13211	3876
1321	0	12	50	13222	223
1322	0	12	30	13233	1871
1323	4	8	30	13244	4398
1324	4	8	30	13255	1543
1325	4	8	45	13266	10018
1326	0	12	45	13277	341
1327	4	14	30	13288	3688
1328	4	14	30	13299	11182
1329	4	8	30	13310	3833
1330	3	1	35	13321	9554
1331	3	1	35	13332	703
1332	4	8	35	13343	7059
1333	0	12	35	13354	8849
1334	4	14	50	13365	3402
1335	3	1	50	13376	56
1336	0	12	35	13387	1967
1337	0	12	45	13398	771
1338	4	8	30	13409	5559
1339	4	8	30	13420	8388
1340	3	1	45	13431	5162
1341	4	8	45	13442	4733
1342	0	12	45	13453	8073
1343	0	12	30	13464	1755
1344	0	12	35	13475	5247
1345	0	12	30	13486	2899
1346	4	8	50	13497	2425
1347	4	14	35	13508	2136
1348	4	14	35	13519	2789
1349	4	8	45	13530	4486
1350	4	14	30	13541	3253
1351	0	12	50	13552	2117
1352	3	1	45	13563	180
1353	4	14	35	13574	1761
1354	4	14	50	13600	1529
1355	4	8	45	13613	294
1356	3	1	50	13626	1754
1357	4	14	50	13639	786
1358	3	1	30	13652	1997
1359	4	8	30	13665	8462
1360	4	14	50	13678	1983
1361	0	12	45	13691	5965
1362	0	12	35	13704	611
1363	4	14	35	13717	6047
1364	4	8	50	13730	20553
1365	4	8	30	13743	5234
1366	3	1	50	13756	1033
1367	0	12	50	13769	1537
1368	4	8	50	13782	570
1369	4	14	50	13795	6796
1370	0	12	45	13808	1644
1371	4	14	30	13821	2307
1372	0	12	50	13834	10010
1373	4	8	35	13847	327
1374	0	12	50	13860	653
1375	4	8	30	13873	10460
1376	4	14	30	13886	829
1377	4	14	50	13899	74
1378	0	12	50	13912	11018
1379	0	12	30	13925	6528
1380	4	14	50	13938	2491
1381	4	8	35	13951	4409
1382	4	14	45	13964	422
1383	4	8	45	13977	1229
1384	3	1	30	14000	246
1385	4	8	35	14010	2750
1386	4	14	45	14020	498
1387	4	8	30	14030	2559
1388	4	8	35	14040	3402
1389	4	8	35	14050	2788
1390	4	14	50	14060	4303
1391	0	12	35	14070	942
1392	3	1	35	14080	6097
1393	0	12	30	14090	8205
1394	3	1	35	14100	2663
1395	4	8	30	14110	11982
1396	0	12	35	14120	3211
1397	0	12	35	14130	366
1398	4	14	35	14140	1791
1399	4	14	30	14150	3
1400	3	1	30	14160	1358
1401	0	12	50	14170	582
1402	3	1	35	14180	1318
1403	0	12	45	14190	4620
1404	4	8	50	14200	1645
1405	4	14	30	14210	503
1406	0	12	30	14220	2716
1407	0	12	35	14230	13454
1408	4	14	35	14240	919
1409	4	8	50	14250	1982
1410	4	8	35	14260	8602
1411	4	14	30	14270	1641
1412	4	14	30	14280	1109
1413	4	8	30	14290	3553
1414	4	8	30	14300	2150
1415	3	1	35	14310	5135
1416	0	12	50	14320	4492
1417	3	1	50	14330	8385
1418	4	8	35	14340	5086
1419	4	14	45	14350	2748
1420	4	8	35	14360	3794
1421	4	8	50	14370	5626
1422	4	14	45	14380	5487
1423	4	14	35	14400	3988
1424	0	12	50	14412	688
1425	4	14	30	14424	543
1426	4	8	45	14436	4269
1427	0	12	50	14448	191
1428	4	14	30	14460	3591
1429	3	1	50	14472	896
1430	0	12	45	14484	1878
1431	3	1	45	14496	420
1432	4	14	35	14508	4284
1433	0	12	45	14520	10965
1434	3	1	30	14532	2906
1435	3	1	50	14544	1590
1436	3	1	50	14556	1958
1437	4	14	50	14568	2145
1438	0	12	45	14580	10490
1439	4	14	30	14592	11353
1440	4	8	35	14604	17
1441	4	14	35	14616	658
1442	4	8	45	14628	1243
1443	4	14	45	14640	803
1444	4	14	50	14652	3852
1445	0	12	50	14664	1557
1446	4	8	35	14676	13743
1447	0	12	35	14688	860
1448	3	1	50	14700	2432
1449	4	14	50	14712	5760
1450	0	12	30	14724	1287
1451	3	1	45	14736	4494
1452	4	14	30	14748	1835
1453	4	14	50	14760	7984
1454	3	1	50	14772	1964
1455	0	12	30	14784	3045
1456	0	12	35	14800	1971
1457	3	1	30	14810	4197
1458	4	14	50	14820	2993
1459	4	8	50	14830	943
1460	4	8	35	14840	2481
1461	0	12	30	14850	2363
1462	4	8	35	14860	1866
1463	4	8	35	14870	19
1464	4	8	30	14880	64
1465	4	14	50	14890	6127
1466	4	14	45	14900	4547
1467	3	1	45	14910	1464
1468	4	14	50	14920	299
1469	3	1	35	14930	367
1470	4	14	45	14940	1637
1471	4	8	30	14950	1202
1472	3	1	30	14960	11959
1473	4	8	30	14970	6023
1474	3	1	30	14980	2714
1475	3	1	50	14990	2472
1476	4	14	35	15000	2676
1477	0	12	30	15010	3323
1478	4	14	45	15020	51
1479	4	14	50	15030	7222
1480	3	1	50	15040	693
1481	4	8	35	15050	2483
1482	4	8	30	15060	3577
1483	4	14	30	15070	7073
1484	4	8	50	15080	10387
1485	3	1	30	15090	4814
1486	3	1	45	15100	5262
1487	0	12	45	15110	6304
1488	3	1	45	15120	3171
1489	4	8	30	15130	16396
1490	4	8	45	15140	11187
1491	0	12	50	15150	5346
1492	4	14	50	15160	8765
1493	3	1	50	15170	5051
1494	4	8	50	15200	2609
1495	0	12	30	15211	3266
1496	4	8	30	15222	6035
1497	0	12	30	15233	1217
1498	4	8	35	15244	725
1499	0	12	30	15255	7194
1500	4	8	35	15266	4123
1501	3	1	50	15277	4328
1502	4	8	35	15288	517
1503	4	14	35	15299	1835
1504	0	12	35	15310	2228
1505	4	14	30	15321	62
1506	0	12	45	15332	5166
1507	3	1	50	15343	3564
1508	4	8	45	15354	1857
1509	4	14	30	15365	10473
1510	0	12	50	15376	184
1511	0	12	35	15387	6966
1512	4	14	45	15398	4055
1513	0	12	30	15409	4701
1514	4	14	30	15420	209
1515	0	12	50	15431	32762
1516	4	14	30	15442	7727
1517	4	8	30	15453	3136
1518	4	14	45	15464	330
1519	3	1	50	15475	1519
1520	0	12	30	15486	214
1521	4	14	50	15497	8685
1522	4	14	50	15508	5695
1523	4	8	50	15519	372
1524	0	12	45	15530	643
1525	4	14	45	15541	3652
1526	4	8	30	15552	1856
1527	4	14	35	15563	1058
1528	4	14	35	15574	1420
1529	3	1	50	15600	10907
1530	0	12	50	15610	4585
1531	4	14	30	15620	1021
1532	3	1	45	15630	2032
1533	3	1	35	15640	785
1534	4	8	35	15650	854
1535	4	14	50	15660	2757
1536	0	12	30	15670	1669
1537	4	8	45	15680	1010
1538	4	14	50	15690	2058
1539	3	1	50	15700	9626
1540	3	1	45	15710	14710
1541	0	12	45	15720	612
1542	3	1	30	15730	2190
1543	3	1	35	15740	3873
1544	0	12	30	15750	11137
1545	4	8	35	15760	485
1546	0	12	35	15770	421
1547	4	14	50	15780	877
1548	3	1	45	15790	4388
1549	4	8	50	15800	2611
1550	4	8	30	15810	4855
1551	0	12	50	15820	1073
1552	0	12	45	15830	809
1553	3	1	35	15840	7583
1554	0	12	50	15850	6098
1555	3	1	45	15860	5664
1556	3	1	50	15870	9287
1557	4	14	45	15880	132
1558	4	14	50	15890	990
1559	4	8	45	15900	7050
1560	4	8	50	15910	4133
1561	0	12	30	15920	2714
1562	3	1	35	15930	1375
1563	4	14	45	15940	2297
1564	4	14	30	15950	1123
1565	4	8	50	15960	6853
1566	4	8	50	15970	2223
1567	0	12	30	15980	2456
1568	3	1	45	16000	2764
1569	0	12	30	16011	3219
1570	0	12	50	16022	4298
1571	4	8	35	16033	3998
1572	3	1	35	16044	608
1573	4	8	50	16055	742
1574	0	12	35	16066	1670
1575	4	14	35	16077	9645
1576	0	12	50	16088	2496
1577	4	8	35	16099	598
1578	0	12	45	16110	652
1579	4	14	35	16121	140
1580	3	1	35	16132	2761
1581	3	1	35	16143	766
1582	4	8	45	16154	3341
1583	3	1	45	16165	6846
1584	0	12	45	16176	1053
1585	4	14	50	16187	2368
1586	3	1	45	16198	172
1587	4	14	30	16209	3181
1588	3	1	35	16220	2016
1589	4	14	50	16231	2283
1590	0	12	50	16242	3627
1591	0	12	35	16253	1476
1592	3	1	50	16264	15
1593	4	8	30	16275	3412
1594	0	12	50	16286	1235
1595	4	8	35	16297	2631
1596	3	1	35	16308	7614
1597	4	14	35	16319	16750
1598	3	1	35	16330	1882
1599	4	14	35	16341	504
1600	4	14	45	16352	4657
1601	0	12	30	16363	4099
1602	0	12	30	16400	4788
1603	4	8	45	16411	481
1604	0	12	30	16422	6880
1605	0	12	50	16433	294
1606	4	8	45	16444	395
1607	4	14	45	16455	55
1608	3	1	30	16466	2840
1609	0	12	45	16477	8221
1610	3	1	45	16488	1387
1611	4	8	35	16499	5758
1612	3	1	30	16510	8546
1613	0	12	35	16521	817
1614	3	1	35	16532	1600
1615	4	14	35	16543	2537
1616	4	14	35	16554	10433
1617	4	14	50	16565	2550
1618	3	1	50	16576	919
1619	4	14	35	16587	6399
1620	3	1	30	16598	6009
1621	3	1	45	16609	8407
1622	3	1	45	16620	260
1623	4	14	50	16631	264
1624	0	12	30	16642	12558
1625	4	14	45	16653	1722
1626	4	14	45	16664	3956
1627	0	12	30	16675	3351
1628	4	8	50	16686	9361
1629	3	1	50	16697	7846
1630	4	8	30	16708	244
1631	0	12	35	16719	2611
1632	3	1	30	16730	5767
1633	4	8	30	16741	130
1634	4	14	50	16752	1702
1635	3	1	30	16763	7793
1636	3	1	30	16800	2588
1637	4	14	30	16812	2413
1638	3	1	35	16824	25865
1639	0	12	50	16836	700
1640	3	1	35	16848	1739
1641	4	14	50	16860	115
1642	4	8	50	16872	164
1643	4	8	50	16884	2969
1644	4	8	30	16896	612
1645	3	1	45	16908	7163
1646	3	1	30	16920	2225
1647	3	1	45	16932	6838
1648	4	14	50	16944	1119
1649	0	12	35	16956	6356
1650	3	1	30	16968	3245
1651	3	1	35	16980	1908
1652	4	8	35	16992	6047
1653	4	14	50	17004	3444
1654	0	12	30	17016	1668
1655	4	8	50	17028	6644
1656	3	1	45	17040	3452
1657	0	12	35	17052	4020
1658	4	8	35	17064	681
1659	4	8	45	17076	2547
1660	0	12	35	17088	2340
1661	0	12	35	17100	2992
1662	3	1	50	17112	466
1663	4	14	30	17124	4188
1664	4	14	35	17136	6698
1665	4	8	35	17148	6720
1666	4	14	30	17160	30393
1667	4	8	30	17200	7585
1668	0	12	35	17209	7285
1669	0	12	35	17218	2556
1670	4	8	35	17227	20030
1671	4	14	35	17236	2564
1672	4	8	35	17245	2562
1673	4	8	30	17254	182
1674	4	8	50	17263	2358
1675	4	14	35	17272	5527
1676	0	12	50	17281	7270
1677	0	12	50	17290	3097
1678	3	1	45	17299	10207
1679	4	8	45	17308	527
1680	4	8	35	17317	10266
1681	0	12	50	17326	6622
1682	4	8	35	17335	1561
1683	0	12	35	17344	456
1684	0	12	50	17353	1447
1685	3	1	45	17362	4555
1686	4	14	50	17371	4814
1687	4	14	30	17380	823
1688	0	12	50	17389	4697
1689	3	1	30	17398	3075
1690	4	14	45	17407	1309
1691	4	8	50	17416	7393
1692	3	1	50	17425	1406
1693	4	8	50	17434	2997
1694	4	14	45	17443	5059
1695	4	8	50	17452	6991
1696	4	8	30	17461	10027
1697	4	8	50	17470	1984
1698	3	1	35	17479	4970
1699	4	14	50	17488	1591
1700	4	14	35	17497	7175
1701	4	8	30	17506	3439
1702	4	8	30	17515	15829
1703	3	1	35	17524	5911
1704	4	14	30	17533	6489
1705	3	1	45	17542	343
1706	4	8	50	17551	9477
1707	4	14	35	17560	5309
1708	4	8	30	17569	565
1709	4	8	50	17600	3587
1710	0	12	30	17612	14374
1711	3	1	45	17624	160
1712	3	1	50	17636	4977
1713	4	14	45	17648	134
1714	4	14	30	17660	3175
1715	0	12	35	17672	4019
1716	3	1	30	17684	910
1717	4	8	35	17696	8
1718	4	14	30	17708	1694
1719	0	12	50	17720	569
1720	3	1	35	17732	483
1721	4	14	30	17744	6714
1722	0	12	30	17756	692
1723	3	1	35	17768	1436
1724	0	12	50	17780	857
1725	4	14	35	17792	653
1726	4	8	35	17804	778
1727	4	14	45	17816	11650
1728	3	1	35	17828	1583
1729	4	14	50	17840	3865
1730	3	1	35	17852	7097
1731	4	14	50	17864	2365
1732	4	8	45	17876	7031
1733	3	1	45	17888	3603
1734	3	1	35	17900	1368
1735	4	14	35	17912	1701
1736	3	1	50	17924	7043
1737	4	14	50	17936	3205
1738	4	8	30	17948	1457
1739	4	8	30	17960	1000
1740	0	12	45	17972	5937
1741	4	14	45	17984	13418
1742	4	8	30	18000	223
1743	4	14	50	18008	416
1744	4	8	30	18016	3320
1745	4	8	50	18024	1097
1746	4	14	30	18032	559
1747	3	1	30	18040	1222
1748	4	8	45	18048	15543
1749	4	14	35	18056	350
1750	3	1	50	18064	3894
1751	4	14	45	18072	9921
1752	3	1	45	18080	187
1753	4	8	45	18088	3456
1754	4	8	45	18096	965
1755	4	14	35	18104	82
1756	0	12	50	18112	2164
1757	4	14	50	18120	4547
1758	4	8	45	18128	3459
1759	4	14	50	18136	4219
1760	0	12	35	18144	9434
1761	3	1	35	18152	12955
1762	4	8	50	18160	2096
1763	3	1	30	18168	2872
1764	3	1	45	18176	5738
1765	4	8	30	18184	2986
1766	0	12	30	18192	951
1767	4	14	30	18200	502
1768	4	8	35	18208	5439
1769	0	12	50	18216	899
1770	4	8	35	18224	6555
1771	4	14	30	18232	4224
1772	0	12	35	18240	4774
1773	4	8	30	18248	530
1774	0	12	30	18256	1781
1775	3	1	45	18264	643
1776	3	1	50	18272	5693
1777	4	8	35	18280	248
1778	0	12	35	18288	5352
1779	4	14	50	18296	12226
1780	0	12	30	18304	81
1781	4	14	35	18312	9796
1782	3	1	30	18320	13549
1783	3	1	30	18328	1114
1784	0	12	30	18336	23638
1785	3	1	45	18344	9819
1786	0	12	35	18352	2048
1787	4	14	50	18400	1145
1788	4	8	30	18410	1907
1789	3	1	30	18420	1255
1790	4	14	35	18430	10554
1791	3	1	30	18440	644
1792	4	8	35	18450	14367
1793	4	8	35	18460	4240
1794	0	12	50	18470	1518
1795	3	1	35	18480	6697
1796	3	1	45	18490	3258
1797	4	14	50	18500	3122
1798	0	12	35	18510	1643
1799	0	12	50	18520	154
1800	4	8	50	18530	115
1801	0	12	30	18540	50
1802	0	12	50	18550	2935
1803	4	8	45	18560	6020
1804	4	8	50	18570	1303
1805	4	14	45	18580	14031
1806	4	14	35	18590	990
1807	4	8	35	18600	10183
1808	4	8	35	18610	989
1809	4	14	50	18620	272
1810	4	8	35	18630	1211
1811	4	14	45	18640	1770
1812	4	14	45	18650	11358
1813	3	1	45	18660	3933
1814	4	14	45	18670	3993
1815	4	8	30	18680	19229
1816	0	12	35	18690	20877
1817	3	1	50	18700	719
1818	4	8	30	18710	2894
1819	4	14	50	18720	7526
1820	0	12	45	18730	535
1821	0	12	30	18740	13149
1822	4	8	50	18750	5369
1823	4	14	35	18760	2568
1824	0	12	45	18770	1274
1825	3	1	35	18780	4278
1826	3	1	50	18790	4555
1827	3	1	50	18800	177
1828	0	12	30	18810	6607
1829	4	8	50	18820	3165
1830	4	14	30	18830	3580
1831	3	1	50	18840	979
1832	4	8	50	18850	5136
1833	4	14	35	18860	4811
1834	3	1	30	18870	10339
1835	4	14	30	18880	31
1836	4	14	35	18890	2001
1837	0	12	35	18900	834
1838	0	12	35	18910	13422
1839	4	8	35	18920	110
1840	4	14	35	18930	4746
1841	3	1	30	18940	2609
1842	3	1	45	18950	121
1843	3	1	30	18960	1504
1844	0	12	45	18970	33
1845	4	14	50	18980	3383
1846	4	14	35	18990	929
1847	4	14	45	19000	1701
1848	4	8	45	19010	89
1849	4	14	50	19020	1566
1850	3	1	50	19030	6814
1851	4	14	50	19040	1993
1852	4	8	50	19050	108
1853	0	12	45	19060	2688
1854	4	14	35	19070	9754
1855	0	12	45	19080	271
1856	3	1	30	19090	1279
1857	0	12	45	19100	188
1858	0	12	30	19110	2813
1859	4	14	35	19120	3882
1860	4	8	45	19130	1371
1861	4	8	35	19140	774
1862	0	12	30	19150	480
1863	0	12	35	19160	4463
1864	4	14	50	19170	2572
1865	3	1	35	19180	179
1866	3	1	50	19200	4026
1867	0	12	35	19210	1107
1868	0	12	35	19220	4833
1869	0	12	35	19230	3909
1870	4	8	45	19240	3647
1871	4	14	50	19250	6567
1872	3	1	45	19260	890
1873	0	12	45	19270	2676
1874	0	12	35	19280	663
1875	3	1	45	19290	4155
1876	3	1	45	19300	10802
1877	4	14	45	19310	2215
1878	3	1	45	19320	2506
1879	4	8	45	19330	4844
1880	4	14	30	19340	2387
1881	3	1	30	19350	1621
1882	0	12	35	19360	86
1883	4	8	35	19370	2649
1884	4	14	50	19380	5220
1885	4	14	35	19390	887
1886	4	8	30	19400	844
1887	0	12	30	19410	1065
1888	4	14	50	19420	6185
1889	4	8	45	19430	7832
1890	0	12	30	19440	5297
1891	3	1	50	19450	1707
1892	0	12	35	19460	4597
1893	4	8	50	19470	1686
1894	0	12	45	19480	5342
1895	3	1	30	19490	2925
1896	3	1	50	19500	1822
1897	4	8	30	19510	1769
1898	3	1	35	19520	7309
1899	3	1	35	19530	13322
1900	4	8	30	19540	11010
1901	3	1	30	19550	13463
1902	4	14	35	19560	4144
1903	4	8	30	19570	2032
1904	4	8	30	19580	5175
1905	4	14	30	19590	46
1906	4	8	35	19600	857
1907	4	8	30	19608	3097
1908	4	14	30	19616	1640
1909	4	8	50	19624	1240
1910	3	1	30	19632	570
1911	4	14	35	19640	7548
1912	3	1	50	19648	3474
1913	4	14	35	19656	6496
1914	4	14	35	19664	753
1915	3	1	45	19672	12583
1916	0	12	30	19680	672
1917	4	14	50	19688	3965
1918	0	12	35	19696	11495
1919	4	14	45	19704	1288
1920	4	8	30	19712	7684
1921	4	8	45	19720	2048
1922	0	12	35	19728	2427
1923	3	1	50	19736	7392
1924	4	14	35	19744	8817
1925	4	14	45	19752	1154
1926	4	14	45	19760	526
1927	0	12	45	19768	7742
1928	4	14	30	19776	5558
1929	3	1	35	19784	4021
1930	4	14	50	19792	1315
1931	0	12	35	19800	3426
1932	4	8	35	19808	3528
1933	0	12	35	19816	2783
1934	4	14	45	19824	5807
1935	0	12	50	19832	2646
1936	3	1	50	19840	4660
1937	3	1	30	19848	3901
1938	4	14	35	19856	5683
1939	0	12	50	19864	5052
1940	3	1	50	19872	24
1941	4	14	30	19880	4215
1942	4	8	50	19888	9103
1943	4	8	30	19896	2938
1944	3	1	35	19904	5178
1945	4	8	45	19912	8669
1946	0	12	30	19920	5827
1947	0	12	50	19928	8488
1948	4	8	45	19936	756
1949	4	8	30	19944	6057
1950	4	8	50	19952	1810
1951	4	14	30	19960	5340
1952	4	8	50	20000	2137
1953	3	1	50	20010	3318
1954	0	12	30	20020	469
1955	0	12	45	20030	3066
1956	3	1	45	20040	2857
1957	0	12	35	20050	6491
1958	3	1	50	20060	2842
1959	3	1	35	20070	2578
1960	0	12	35	20080	8771
1961	4	8	50	20090	1645
1962	4	8	50	20100	6208
1963	4	8	50	20110	4847
1964	3	1	50	20120	17171
1965	3	1	50	20130	3261
1966	3	1	30	20140	1217
1967	3	1	45	20150	329
1968	4	14	50	20160	151
1969	4	14	35	20170	4654
1970	4	14	45	20180	1252
1971	4	8	30	20190	3035
1972	4	14	35	20200	8175
1973	0	12	45	20210	1026
1974	4	8	45	20220	1255
1975	4	8	50	20230	903
1976	0	12	45	20240	2800
1977	3	1	35	20250	10906
1978	0	12	35	20260	495
1979	4	8	45	20270	16
1980	3	1	45	20280	2644
1981	3	1	45	20290	1113
1982	4	14	50	20300	4600
1983	3	1	50	20310	14130
1984	0	12	35	20320	1259
1985	0	12	50	20330	3135
1986	4	14	45	20340	704
1987	3	1	45	20350	90
1988	4	14	30	20360	1981
1989	4	14	30	20400	1047
1990	3	1	30	20436	14524
1991	3	1	35	20472	8665
1992	0	12	30	20508	485
1993	4	8	50	20544	1332
1994	0	12	35	20580	7060
1995	4	8	30	20616	4420
1996	3	1	30	20652	7957
1997	4	14	30	20688	867
1998	4	14	30	20724	3054
1999	0	12	45	20760	737
