0	4	14	20	0	2147483647
1	4	14	20	5	2147483647
2	4	14	5	10	2147483647
3	4	14	15	15	2147483647
4	4	14	10	20	2147483647
5	4	8	5	25	2147483647
6	4	14	20	30	2147483647
7	4	14	20	35	2147483647
8	4	14	10	40	2147483647
9	3	1	20	45	2147483647
10	4	14	5	50	2147483647
11	4	14	15	55	2147483647
12	4	14	20	60	2147483647
13	4	14	20	65	2147483647
14	4	14	15	70	2147483647
15	4	14	20	75	2147483647
16	4	14	10	80	2147483647
17	4	14	10	85	2147483647
18	3	1	10	90	2147483647
19	3	1	20	95	2147483647
20	4	14	5	100	2147483647
21	3	1	15	105	2147483647
22	4	14	10	110	2147483647
23	4	14	15	115	2147483647
24	4	14	15	120	2147483647
25	3	1	20	125	2147483647
26	4	14	20	130	2147483647
27	4	14	5	135	2147483647
28	4	14	15	140	2147483647
29	4	14	5	145	2147483647
30	4	14	20	150	2147483647
31	4	14	5	155	2147483647
32	4	14	5	160	2147483647
33	4	8	10	165	2147483647
34	4	14	15	170	2147483647
35	3	1	15	175	2147483647
36	4	14	10	180	2147483647
37	3	1	20	185	2147483647
38	3	1	20	190	2147483647
39	4	14	20	195	2147483647
40	4	8	20	200	2147483647
41	4	14	5	205	2147483647
42	3	1	10	210	2147483647
43	4	14	20	215	2147483647
44	4	14	20	220	2147483647
45	4	14	20	225	2147483647
46	4	14	20	230	2147483647
47	4	14	15	235	2147483647
48	0	12	15	240	2147483647
49	4	14	10	245	2147483647
50	4	8	20	250	2147483647
51	3	1	5	255	2147483647
52	4	14	5	260	2147483647
53	3	1	5	265	2147483647
54	3	1	15	270	2147483647
55	4	14	5	275	2147483647
56	4	14	15	280	2147483647
57	4	14	15	285	2147483647
58	0	12	20	290	2147483647
59	4	14	15	295	2147483647
60	4	8	10	300	2147483647
61	4	14	15	305	2147483647
62	3	1	10	310	2147483647
63	3	1	10	315	2147483647
64	4	14	5	320	2147483647
65	4	14	20	325	2147483647
66	3	1	15	330	2147483647
67	4	14	15	335	2147483647
68	3	1	5	340	2147483647
69	4	14	5	345	2147483647
70	4	14	10	350	2147483647
71	3	1	15	355	2147483647
72	4	14	15	360	2147483647
73	4	14	10	365	2147483647
74	3	1	20	370	2147483647
75	3	1	20	375	2147483647
76	4	14	10	380	2147483647
77	3	1	10	385	2147483647
78	3	1	15	390	2147483647
79	0	12	15	395	2147483647
80	3	1	20	400	2147483647
81	3	1	10	405	2147483647
82	4	14	15	410	2147483647
83	4	14	5	415	2147483647
84	4	14	5	420	2147483647
85	3	1	20	425	2147483647
86	0	12	5	430	2147483647
87	3	1	5	435	2147483647
88	4	14	15	440	2147483647
89	4	14	15	445	2147483647
90	4	14	20	450	2147483647
91	3	1	20	455	2147483647
92	3	1	20	460	2147483647
93	4	14	5	465	2147483647
94	4	14	15	470	2147483647
95	3	1	5	475	2147483647
96	4	14	20	480	2147483647
97	4	14	20	485	2147483647
98	4	14	20	490	2147483647
99	4	14	5	495	2147483647
100	3	1	10	500	2147483647
101	3	1	5	505	2147483647
102	4	14	10	510	2147483647
103	3	1	10	515	2147483647
104	3	1	20	520	2147483647
105	4	14	10	525	2147483647
106	4	14	10	530	2147483647
107	4	8	15	535	2147483647
108	0	12	5	540	2147483647
109	0	12	15	545	2147483647
110	4	14	20	550	2147483647
111	4	14	5	555	2147483647
112	3	1	20	560	2147483647
113	4	14	10	565	2147483647
114	4	14	15	570	2147483647
115	4	14	20	575	2147483647
116	0	12	5	580	2147483647
117	3	1	10	585	2147483647
118	4	14	10	590	2147483647
119	3	1	10	595	2147483647
120	4	14	15	600	2147483647
121	4	14	10	605	2147483647
122	4	8	5	610	2147483647
123	3	1	15	615	2147483647
124	3	1	5	620	2147483647
125	4	14	15	625	2147483647
126	4	8	15	630	2147483647
127	3	1	10	635	2147483647
128	4	14	20	640	2147483647
129	4	14	20	645	2147483647
130	4	14	5	650	2147483647
131	4	14	15	655	2147483647
132	3	1	15	660	2147483647
133	4	14	15	665	2147483647
134	4	14	5	670	2147483647
135	4	8	20	675	2147483647
136	4	14	20	680	2147483647
137	3	1	5	685	2147483647
138	4	14	5	690	2147483647
139	4	14	15	695	2147483647
140	4	14	10	700	2147483647
141	4	14	15	705	2147483647
142	3	1	5	710	2147483647
143	4	14	20	715	2147483647
144	0	12	20	720	2147483647
145	4	14	20	725	2147483647
146	4	14	20	730	2147483647
147	3	1	10	735	2147483647
148	3	1	15	740	2147483647
149	4	14	15	745	2147483647
150	3	1	20	750	2147483647
151	3	1	10	755	2147483647
152	3	1	10	760	2147483647
153	4	14	15	765	2147483647
154	4	14	10	770	2147483647
155	3	1	5	775	2147483647
156	4	8	20	780	2147483647
157	4	8	20	785	2147483647
158	3	1	5	790	2147483647
159	4	14	10	795	2147483647
160	4	14	20	800	2147483647
161	3	1	5	805	2147483647
162	3	1	20	810	2147483647
163	3	1	5	815	2147483647
164	3	1	15	820	2147483647
165	0	12	5	825	2147483647
166	3	1	10	830	2147483647
167	4	14	5	835	2147483647
168	3	1	10	840	2147483647
169	3	1	20	845	2147483647
170	4	14	20	850	2147483647
171	4	14	5	855	2147483647
172	4	14	10	860	2147483647
173	4	8	20	865	2147483647
174	3	1	20	870	2147483647
175	4	14	20	875	2147483647
176	4	14	5	880	2147483647
177	3	1	10	885	2147483647
178	3	1	20	890	2147483647
179	3	1	10	895	2147483647
180	4	14	20	900	2147483647
181	4	14	5	905	2147483647
182	4	8	20	910	2147483647
183	3	1	5	915	2147483647
184	4	14	20	920	2147483647
185	4	14	20	925	2147483647
186	4	14	5	930	2147483647
187	4	14	5	935	2147483647
188	4	14	5	940	2147483647
189	4	14	20	945	2147483647
190	4	14	20	950	2147483647
191	4	14	5	955	2147483647
192	3	1	20	960	2147483647
193	3	1	20	965	2147483647
194	4	14	20	970	2147483647
195	4	14	10	975	2147483647
196	4	14	20	980	2147483647
197	0	12	5	985	2147483647
198	4	14	10	990	2147483647
199	4	14	15	995	2147483647
200	4	14	10	1000	2147483647
201	3	1	15	1005	2147483647
202	4	8	5	1010	2147483647
203	4	14	20	1015	2147483647
204	4	14	15	1020	2147483647
205	4	14	20	1025	2147483647
206	4	14	5	1030	2147483647
207	3	1	15	1035	2147483647
208	3	1	15	1040	2147483647
209	4	14	15	1045	2147483647
210	4	14	20	1050	2147483647
211	4	14	15	1055	2147483647
212	4	14	5	1060	2147483647
213	4	14	20	1065	2147483647
214	4	14	10	1070	2147483647
215	4	14	15	1075	2147483647
216	3	1	5	1080	2147483647
217	0	12	15	1085	2147483647
218	4	14	5	1090	2147483647
219	3	1	20	1095	2147483647
220	3	1	20	1100	2147483647
221	4	14	10	1105	2147483647
222	3	1	5	1110	2147483647
223	4	14	10	1115	2147483647
224	3	1	20	1120	2147483647
225	3	1	20	1125	2147483647
226	4	14	5	1130	2147483647
227	3	1	10	1135	2147483647
228	4	8	20	1140	2147483647
229	4	14	15	1145	2147483647
230	0	12	5	1150	2147483647
231	4	14	5	1155	2147483647
232	4	14	5	1160	2147483647
233	3	1	5	1165	2147483647
234	4	14	20	1170	2147483647
235	4	14	5	1175	2147483647
236	4	14	5	1180	2147483647
237	3	1	5	1185	2147483647
238	3	1	10	1190	2147483647
239	4	14	5	1195	2147483647
240	3	1	15	1200	2147483647
241	4	14	15	1205	2147483647
242	3	1	10	1210	2147483647
243	4	14	15	1215	2147483647
244	4	8	5	1220	2147483647
245	3	1	10	1225	2147483647
246	0	12	5	1230	2147483647
247	3	1	20	1235	2147483647
248	3	1	10	1240	2147483647
249	4	8	10	1245	2147483647
250	3	1	5	1250	2147483647
251	4	14	10	1255	2147483647
252	3	1	20	1260	2147483647
253	3	1	15	1265	2147483647
254	4	14	15	1270	2147483647
255	3	1	5	1275	2147483647
256	4	14	15	1280	2147483647
257	4	14	15	1285	2147483647
258	4	14	20	1290	2147483647
259	4	14	20	1295	2147483647
260	4	14	20	1300	2147483647
261	3	1	15	1305	2147483647
262	4	8	15	1310	2147483647
263	4	14	5	1315	2147483647
264	4	14	15	1320	2147483647
265	4	14	15	1325	2147483647
266	4	14	15	1330	2147483647
267	3	1	20	1335	2147483647
268	3	1	5	1340	2147483647
269	3	1	5	1345	2147483647
270	4	8	10	1350	2147483647
271	4	14	5	1355	2147483647
272	4	14	5	1360	2147483647
273	4	14	5	1365	2147483647
274	3	1	5	1370	2147483647
275	4	14	10	1375	2147483647
276	4	8	5	1380	2147483647
277	4	14	10	1385	2147483647
278	4	14	10	1390	2147483647
279	3	1	15	1395	2147483647
280	3	1	20	1400	2147483647
281	3	1	5	1405	2147483647
282	4	14	5	1410	2147483647
283	0	12	15	1415	2147483647
284	3	1	10	1420	2147483647
285	3	1	15	1425	2147483647
286	4	14	10	1430	2147483647
287	4	14	15	1435	2147483647
288	4	14	15	1440	2147483647
289	3	1	15	1445	2147483647
290	4	14	15	1450	2147483647
291	3	1	10	1455	2147483647
292	4	14	5	1460	2147483647
293	4	14	15	1465	2147483647
294	4	14	5	1470	2147483647
295	4	14	20	1475	2147483647
296	4	14	20	1480	2147483647
297	4	14	10	1485	2147483647
298	4	14	5	1490	2147483647
299	3	1	10	1495	2147483647
300	3	1	15	1500	2147483647
301	4	14	5	1505	2147483647
302	4	14	15	1510	2147483647
303	4	8	5	1515	2147483647
304	0	12	20	1520	2147483647
305	4	14	5	1525	2147483647
306	4	8	5	1530	2147483647
307	3	1	20	1535	2147483647
308	4	14	10	1540	2147483647
309	4	14	5	1545	2147483647
310	3	1	5	1550	2147483647
311	3	1	5	1555	2147483647
312	3	1	10	1560	2147483647
313	3	1	10	1565	2147483647
314	4	14	20	1570	2147483647
315	4	14	15	1575	2147483647
316	4	14	15	1580	2147483647
317	4	8	5	1585	2147483647
318	3	1	15	1590	2147483647
319	4	14	20	1595	2147483647
320	4	14	10	1600	2147483647
321	4	14	5	1605	2147483647
322	4	14	10	1610	2147483647
323	4	14	10	1615	2147483647
324	4	14	15	1620	2147483647
325	4	14	5	1625	2147483647
326	4	14	20	1630	2147483647
327	3	1	10	1635	2147483647
328	0	12	20	1640	2147483647
329	4	14	5	1645	2147483647
330	4	14	15	1650	2147483647
331	3	1	20	1655	2147483647
332	4	8	5	1660	2147483647
333	3	1	20	1665	2147483647
334	4	14	20	1670	2147483647
335	4	14	15	1675	2147483647
336	4	14	10	1680	2147483647
337	4	14	5	1685	2147483647
338	4	14	20	1690	2147483647
339	4	14	10	1695	2147483647
340	3	1	15	1700	2147483647
341	3	1	15	1705	2147483647
342	4	14	5	1710	2147483647
343	4	8	10	1715	2147483647
344	3	1	15	1720	2147483647
345	4	14	10	1725	2147483647
346	4	8	5	1730	2147483647
347	4	14	20	1735	2147483647
348	4	8	20	1740	2147483647
349	3	1	15	1745	2147483647
350	3	1	10	1750	2147483647
351	3	1	20	1755	2147483647
352	4	14	15	1760	2147483647
353	4	14	10	1765	2147483647
354	4	14	5	1770	2147483647
355	4	14	15	1775	2147483647
356	3	1	20	1780	2147483647
357	4	14	10	1785	2147483647
358	3	1	15	1790	2147483647
359	3	1	15	1795	2147483647
360	4	14	5	1800	2147483647
361	4	14	20	1805	2147483647
362	3	1	20	1810	2147483647
363	4	14	10	1815	2147483647
364	3	1	15	1820	2147483647
365	4	14	10	1825	2147483647
366	0	12	20	1830	2147483647
367	4	14	10	1835	2147483647
368	4	14	10	1840	2147483647
369	0	12	5	1845	2147483647
370	4	8	5	1850	2147483647
371	4	14	10	1855	2147483647
372	4	8	5	1860	2147483647
373	3	1	10	1865	2147483647
374	4	14	10	1870	2147483647
375	3	1	15	1875	2147483647
376	4	14	20	1880	2147483647
377	4	14	20	1885	2147483647
378	4	14	20	1890	2147483647
379	4	8	5	1895	2147483647
380	4	14	5	1900	2147483647
381	3	1	5	1905	2147483647
382	3	1	15	1910	2147483647
383	4	14	10	1915	2147483647
384	3	1	15	1920	2147483647
385	3	1	15	1925	2147483647
386	4	14	5	1930	2147483647
387	3	1	20	1935	2147483647
388	4	14	20	1940	2147483647
389	4	14	10	1945	2147483647
390	3	1	20	1950	2147483647
391	4	14	5	1955	2147483647
392	4	14	10	1960	2147483647
393	4	14	5	1965	2147483647
394	4	14	5	1970	2147483647
395	3	1	15	1975	2147483647
396	4	14	15	1980	2147483647
397	3	1	20	1985	2147483647
398	4	14	15	1990	2147483647
399	3	1	10	1995	2147483647
400	4	14	10	2000	2147483647
401	3	1	15	2005	2147483647
402	3	1	10	2010	2147483647
403	4	8	15	2015	2147483647
404	3	1	10	2020	2147483647
405	4	14	5	2025	2147483647
406	3	1	15	2030	2147483647
407	3	1	5	2035	2147483647
408	3	1	5	2040	2147483647
409	4	14	10	2045	2147483647
410	3	1	15	2050	2147483647
411	4	14	5	2055	2147483647
412	3	1	15	2060	2147483647
413	3	1	10	2065	2147483647
414	4	14	15	2070	2147483647
415	4	8	20	2075	2147483647
416	4	14	10	2080	2147483647
417	4	14	15	2085	2147483647
418	3	1	15	2090	2147483647
419	4	8	20	2095	2147483647
420	3	1	5	2100	2147483647
421	4	14	5	2105	2147483647
422	4	14	10	2110	2147483647
423	4	14	5	2115	2147483647
424	4	14	10	2120	2147483647
425	4	14	5	2125	2147483647
426	3	1	20	2130	2147483647
427	3	1	5	2135	2147483647
428	4	14	5	2140	2147483647
429	3	1	15	2145	2147483647
430	4	14	5	2150	2147483647
431	4	14	5	2155	2147483647
432	4	14	5	2160	2147483647
433	3	1	10	2165	2147483647
434	4	14	15	2170	2147483647
435	4	14	10	2175	2147483647
436	3	1	20	2180	2147483647
437	4	8	20	2185	2147483647
438	4	14	20	2190	2147483647
439	4	14	15	2195	2147483647
440	4	14	20	2200	2147483647
441	3	1	5	2205	2147483647
442	4	14	15	2210	2147483647
443	0	12	15	2215	2147483647
444	4	14	15	2220	2147483647
445	4	14	15	2225	2147483647
446	3	1	15	2230	2147483647
447	4	8	5	2235	2147483647
448	3	1	15	2240	2147483647
449	3	1	10	2245	2147483647
450	4	14	10	2250	2147483647
451	3	1	5	2255	2147483647
452	0	12	5	2260	2147483647
453	4	14	15	2265	2147483647
454	3	1	10	2270	2147483647
455	4	14	10	2275	2147483647
456	4	14	5	2280	2147483647
457	4	14	5	2285	2147483647
458	3	1	5	2290	2147483647
459	4	14	10	2295	2147483647
460	3	1	5	2300	2147483647
461	4	14	15	2305	2147483647
462	4	14	20	2310	2147483647
463	4	14	15	2315	2147483647
464	4	14	5	2320	2147483647
465	4	14	10	2325	2147483647
466	0	12	20	2330	2147483647
467	4	14	5	2335	2147483647
468	4	14	20	2340	2147483647
469	4	14	5	2345	2147483647
470	4	14	5	2350	2147483647
471	4	14	10	2355	2147483647
472	4	8	15	2360	2147483647
473	4	14	20	2365	2147483647
474	3	1	5	2370	2147483647
475	4	14	5	2375	2147483647
476	4	8	15	2380	2147483647
477	4	14	15	2385	2147483647
478	4	14	10	2390	2147483647
479	3	1	15	2395	2147483647
480	3	1	10	2400	2147483647
481	3	1	20	2405	2147483647
482	4	14	10	2410	2147483647
483	4	14	20	2415	2147483647
484	4	14	5	2420	2147483647
485	3	1	20	2425	2147483647
486	4	14	20	2430	2147483647
487	4	14	10	2435	2147483647
488	4	8	20	2440	2147483647
489	4	14	10	2445	2147483647
490	4	14	5	2450	2147483647
491	4	14	15	2455	2147483647
492	4	14	20	2460	2147483647
493	4	14	15	2465	2147483647
494	3	1	15	2470	2147483647
495	4	14	5	2475	2147483647
496	4	14	5	2480	2147483647
497	4	14	5	2485	2147483647
498	4	8	10	2490	2147483647
499	3	1	10	2495	2147483647
500	4	14	20	2500	2147483647
501	4	14	10	2505	2147483647
502	3	1	5	2510	2147483647
503	4	14	15	2515	2147483647
504	4	14	5	2520	2147483647
505	4	14	5	2525	2147483647
506	3	1	15	2530	2147483647
507	4	14	5	2535	2147483647
508	4	14	15	2540	2147483647
509	4	14	10	2545	2147483647
510	4	14	20	2550	2147483647
511	3	1	15	2555	2147483647
512	4	14	20	2560	2147483647
513	3	1	10	2565	2147483647
514	3	1	20	2570	2147483647
515	3	1	5	2575	2147483647
516	0	12	10	2580	2147483647
517	0	12	5	2585	2147483647
518	3	1	10	2590	2147483647
519	4	14	10	2595	2147483647
520	4	14	10	2600	2147483647
521	3	1	15	2605	2147483647
522	4	14	5	2610	2147483647
523	4	14	15	2615	2147483647
524	4	14	20	2620	2147483647
525	0	12	10	2625	2147483647
526	4	14	10	2630	2147483647
527	3	1	20	2635	2147483647
528	3	1	10	2640	2147483647
529	3	1	20	2645	2147483647
530	4	14	20	2650	2147483647
531	3	1	10	2655	2147483647
532	3	1	10	2660	2147483647
533	4	14	5	2665	2147483647
534	4	14	20	2670	2147483647
535	4	14	5	2675	2147483647
536	4	14	15	2680	2147483647
537	3	1	20	2685	2147483647
538	4	14	15	2690	2147483647
539	4	14	5	2695	2147483647
540	0	12	10	2700	2147483647
541	3	1	20	2705	2147483647
542	3	1	15	2710	2147483647
543	4	14	15	2715	2147483647
544	3	1	15	2720	2147483647
545	4	14	15	2725	2147483647
546	4	8	20	2730	2147483647
547	4	14	10	2735	2147483647
548	4	14	20	2740	2147483647
549	3	1	15	2745	2147483647
550	4	14	20	2750	2147483647
551	4	14	5	2755	2147483647
552	4	14	15	2760	2147483647
553	3	1	5	2765	2147483647
554	3	1	20	2770	2147483647
555	4	14	5	2775	2147483647
556	4	14	5	2780	2147483647
557	4	14	15	2785	2147483647
558	4	14	15	2790	2147483647
559	4	14	20	2795	2147483647
560	0	12	15	2800	2147483647
561	0	12	15	2805	2147483647
562	3	1	20	2810	2147483647
563	4	14	20	2815	2147483647
564	4	14	10	2820	2147483647
565	4	14	10	2825	2147483647
566	4	14	5	2830	2147483647
567	3	1	15	2835	2147483647
568	4	14	10	2840	2147483647
569	4	14	15	2845	2147483647
570	3	1	10	2850	2147483647
571	4	14	10	2855	2147483647
572	3	1	10	2860	2147483647
573	3	1	10	2865	2147483647
574	4	14	20	2870	2147483647
575	4	14	15	2875	2147483647
576	4	14	20	2880	2147483647
577	3	1	15	2885	2147483647
578	4	14	20	2890	2147483647
579	3	1	5	2895	2147483647
580	4	14	15	2900	2147483647
581	3	1	5	2905	2147483647
582	4	14	20	2910	2147483647
583	4	14	20	2915	2147483647
584	3	1	20	2920	2147483647
585	4	14	20	2925	2147483647
586	4	14	20	2930	2147483647
587	4	8	5	2935	2147483647
588	3	1	10	2940	2147483647
589	4	14	20	2945	2147483647
590	3	1	20	2950	2147483647
591	3	1	5	2955	2147483647
592	4	14	10	2960	2147483647
593	3	1	20	2965	2147483647
594	4	14	10	2970	2147483647
595	0	12	20	2975	2147483647
596	4	14	20	2980	2147483647
597	4	14	15	2985	2147483647
598	4	14	5	2990	2147483647
599	4	14	5	2995	2147483647
600	4	14	15	3000	2147483647
601	4	14	5	3005	2147483647
602	4	14	20	3010	2147483647
603	4	14	10	3015	2147483647
604	4	14	5	3020	2147483647
605	3	1	15	3025	2147483647
606	4	14	15	3030	2147483647
607	4	14	10	3035	2147483647
608	4	14	5	3040	2147483647
609	4	14	5	3045	2147483647
610	4	14	10	3050	2147483647
611	4	14	15	3055	2147483647
612	4	8	15	3060	2147483647
613	3	1	10	3065	2147483647
614	4	14	5	3070	2147483647
615	4	14	15	3075	2147483647
616	3	1	15	3080	2147483647
617	3	1	20	3085	2147483647
618	3	1	5	3090	2147483647
619	4	14	15	3095	2147483647
620	4	14	15	3100	2147483647
621	4	14	20	3105	2147483647
622	0	12	10	3110	2147483647
623	4	14	15	3115	2147483647
624	3	1	15	3120	2147483647
625	0	12	10	3125	2147483647
626	4	14	5	3130	2147483647
627	4	14	10	3135	2147483647
628	3	1	5	3140	2147483647
629	4	14	5	3145	2147483647
630	4	14	15	3150	2147483647
631	4	8	5	3155	2147483647
632	3	1	10	3160	2147483647
633	4	14	20	3165	2147483647
634	3	1	15	3170	2147483647
635	3	1	15	3175	2147483647
636	4	14	5	3180	2147483647
637	4	14	15	3185	2147483647
638	3	1	20	3190	2147483647
639	4	8	10	3195	2147483647
640	4	8	5	3200	2147483647
641	4	14	15	3205	2147483647
642	4	14	5	3210	2147483647
643	4	14	5	3215	2147483647
644	3	1	15	3220	2147483647
645	4	14	10	3225	2147483647
646	3	1	10	3230	2147483647
647	4	14	20	3235	2147483647
648	4	14	20	3240	2147483647
649	3	1	15	3245	2147483647
650	4	14	5	3250	2147483647
651	4	14	5	3255	2147483647
652	4	14	15	3260	2147483647
653	0	12	15	3265	2147483647
654	4	14	15	3270	2147483647
655	4	8	15	3275	2147483647
656	4	14	20	3280	2147483647
657	4	8	10	3285	2147483647
658	4	14	15	3290	2147483647
659	4	14	15	3295	2147483647
660	3	1	10	3300	2147483647
661	4	8	10	3305	2147483647
662	3	1	5	3310	2147483647
663	4	14	5	3315	2147483647
664	4	14	10	3320	2147483647
665	4	14	5	3325	2147483647
666	4	8	5	3330	2147483647
667	4	14	20	3335	2147483647
668	0	12	20	3340	2147483647
669	3	1	15	3345	2147483647
670	3	1	15	3350	2147483647
671	4	14	20	3355	2147483647
672	3	1	5	3360	2147483647
673	0	12	20	3365	2147483647
674	4	14	15	3370	2147483647
675	3	1	5	3375	2147483647
676	3	1	20	3380	2147483647
677	4	14	5	3385	2147483647
678	4	14	5	3390	2147483647
679	4	14	10	3395	2147483647
680	4	14	5	3400	2147483647
681	4	14	10	3405	2147483647
682	4	14	15	3410	2147483647
683	4	8	15	3415	2147483647
684	0	12	20	3420	2147483647
685	4	14	15	3425	2147483647
686	3	1	15	3430	2147483647
687	3	1	20	3435	2147483647
688	4	14	5	3440	2147483647
689	3	1	5	3445	2147483647
690	3	1	20	3450	2147483647
691	3	1	20	3455	2147483647
692	3	1	5	3460	2147483647
693	3	1	5	3465	2147483647
694	4	14	20	3470	2147483647
695	0	12	20	3475	2147483647
696	4	14	10	3480	2147483647
697	4	14	20	3485	2147483647
698	4	14	20	3490	2147483647
699	4	14	10	3495	2147483647
700	4	14	5	3500	2147483647
701	4	14	10	3505	2147483647
702	3	1	20	3510	2147483647
703	4	14	10	3515	2147483647
704	4	14	20	3520	2147483647
705	3	1	5	3525	2147483647
706	3	1	20	3530	2147483647
707	4	14	20	3535	2147483647
708	3	1	20	3540	2147483647
709	4	14	10	3545	2147483647
710	4	14	15	3550	2147483647
711	3	1	15	3555	2147483647
712	4	14	5	3560	2147483647
713	4	14	10	3565	2147483647
714	4	8	15	3570	2147483647
715	4	14	5	3575	2147483647
716	3	1	15	3580	2147483647
717	3	1	15	3585	2147483647
718	4	14	5	3590	2147483647
719	3	1	15	3595	2147483647
720	3	1	15	3600	2147483647
721	4	14	10	3605	2147483647
722	4	14	15	3610	2147483647
723	4	14	20	3615	2147483647
724	4	8	20	3620	2147483647
725	4	14	20	3625	2147483647
726	3	1	20	3630	2147483647
727	4	14	5	3635	2147483647
728	3	1	20	3640	2147483647
729	4	14	20	3645	2147483647
730	4	14	15	3650	2147483647
731	4	14	5	3655	2147483647
732	4	14	5	3660	2147483647
733	4	14	20	3665	2147483647
734	4	14	5	3670	2147483647
735	4	8	20	3675	2147483647
736	4	8	10	3680	2147483647
737	3	1	10	3685	2147483647
738	3	1	15	3690	2147483647
739	4	14	15	3695	2147483647
740	3	1	15	3700	2147483647
741	4	14	15	3705	2147483647
742	4	8	5	3710	2147483647
743	4	14	15	3715	2147483647
744	4	14	15	3720	2147483647
745	4	14	5	3725	2147483647
746	4	14	15	3730	2147483647
747	3	1	15	3735	2147483647
748	3	1	10	3740	2147483647
749	4	14	20	3745	2147483647
750	4	14	5	3750	2147483647
751	4	14	20	3755	2147483647
752	4	14	20	3760	2147483647
753	4	14	5	3765	2147483647
754	4	14	20	3770	2147483647
755	4	14	20	3775	2147483647
756	4	14	15	3780	2147483647
757	4	14	5	3785	2147483647
758	4	14	15	3790	2147483647
759	3	1	5	3795	2147483647
760	4	14	10	3800	2147483647
761	3	1	20	3805	2147483647
762	3	1	5	3810	2147483647
763	4	14	5	3815	2147483647
764	3	1	20	3820	2147483647
765	3	1	15	3825	2147483647
766	4	14	15	3830	2147483647
767	4	8	10	3835	2147483647
768	4	14	10	3840	2147483647
769	4	14	20	3845	2147483647
770	4	14	15	3850	2147483647
771	4	14	10	3855	2147483647
772	0	12	5	3860	2147483647
773	4	14	10	3865	2147483647
774	0	12	20	3870	2147483647
775	4	14	20	3875	2147483647
776	4	14	10	3880	2147483647
777	3	1	5	3885	2147483647
778	3	1	5	3890	2147483647
779	4	8	15	3895	2147483647
780	3	1	10	3900	2147483647
781	0	12	5	3905	2147483647
782	4	14	15	3910	2147483647
783	4	14	20	3915	2147483647
784	4	14	15	3920	2147483647
785	4	14	20	3925	2147483647
786	4	14	10	3930	2147483647
787	4	14	20	3935	2147483647
788	4	14	20	3940	2147483647
789	0	12	5	3945	2147483647
790	4	14	10	3950	2147483647
791	3	1	10	3955	2147483647
792	4	14	15	3960	2147483647
793	4	14	15	3965	2147483647
794	4	14	10	3970	2147483647
795	4	14	20	3975	2147483647
796	3	1	15	3980	2147483647
797	4	14	20	3985	2147483647
798	3	1	20	3990	2147483647
799	3	1	5	3995	2147483647
800	3	1	15	4000	2147483647
801	4	14	10	4005	2147483647
802	3	1	10	4010	2147483647
803	3	1	15	4015	2147483647
804	4	14	10	4020	2147483647
805	4	14	20	4025	2147483647
806	4	14	20	4030	2147483647
807	4	8	10	4035	2147483647
808	4	14	10	4040	2147483647
809	3	1	20	4045	2147483647
810	3	1	15	4050	2147483647
811	4	14	15	4055	2147483647
812	4	14	20	4060	2147483647
813	3	1	20	4065	2147483647
814	0	12	20	4070	2147483647
815	4	14	5	4075	2147483647
816	4	14	5	4080	2147483647
817	4	14	5	4085	2147483647
818	4	14	10	4090	2147483647
819	4	14	20	4095	2147483647
820	4	14	5	4100	2147483647
821	4	14	15	4105	2147483647
822	3	1	10	4110	2147483647
823	4	14	5	4115	2147483647
824	4	14	15	4120	2147483647
825	4	14	5	4125	2147483647
826	4	14	15	4130	2147483647
827	4	8	10	4135	2147483647
828	4	14	20	4140	2147483647
829	3	1	5	4145	2147483647
830	0	12	5	4150	2147483647
831	3	1	10	4155	2147483647
832	4	14	5	4160	2147483647
833	4	14	5	4165	2147483647
834	4	14	5	4170	2147483647
835	4	14	5	4175	2147483647
836	4	14	20	4180	2147483647
837	4	14	5	4185	2147483647
838	4	14	15	4190	2147483647
839	3	1	20	4195	2147483647
840	4	14	5	4200	2147483647
841	4	14	20	4205	2147483647
842	3	1	15	4210	2147483647
843	4	14	20	4215	2147483647
844	4	14	10	4220	2147483647
845	0	12	15	4225	2147483647
846	4	14	10	4230	2147483647
847	4	14	20	4235	2147483647
848	4	14	15	4240	2147483647
849	4	14	10	4245	2147483647
850	3	1	15	4250	2147483647
851	4	14	15	4255	2147483647
852	4	14	15	4260	2147483647
853	4	14	5	4265	2147483647
854	4	14	20	4270	2147483647
855	3	1	5	4275	2147483647
856	4	14	20	4280	2147483647
857	3	1	5	4285	2147483647
858	4	14	5	4290	2147483647
859	3	1	5	4295	2147483647
860	4	14	5	4300	2147483647
861	4	14	10	4305	2147483647
862	3	1	10	4310	2147483647
863	4	14	5	4315	2147483647
864	3	1	15	4320	2147483647
865	3	1	10	4325	2147483647
866	4	14	10	4330	2147483647
867	4	14	20	4335	2147483647
868	4	14	15	4340	2147483647
869	4	14	20	4345	2147483647
870	3	1	5	4350	2147483647
871	4	8	5	4355	2147483647
872	4	14	10	4360	2147483647
873	3	1	15	4365	2147483647
874	0	12	15	4370	2147483647
875	3	1	10	4375	2147483647
876	4	14	20	4380	2147483647
877	3	1	10	4385	2147483647
878	3	1	20	4390	2147483647
879	4	14	20	4395	2147483647
880	4	14	20	4400	2147483647
881	3	1	20	4405	2147483647
882	3	1	20	4410	2147483647
883	4	14	10	4415	2147483647
884	4	8	10	4420	2147483647
885	3	1	15	4425	2147483647
886	3	1	20	4430	2147483647
887	3	1	5	4435	2147483647
888	3	1	10	4440	2147483647
889	4	14	5	4445	2147483647
890	4	14	5	4450	2147483647
891	3	1	15	4455	2147483647
892	4	14	20	4460	2147483647
893	3	1	10	4465	2147483647
894	3	1	20	4470	2147483647
895	0	12	20	4475	2147483647
896	3	1	15	4480	2147483647
897	4	14	10	4485	2147483647
898	4	14	10	4490	2147483647
899	4	14	5	4495	2147483647
900	4	14	10	4500	2147483647
901	4	8	15	4505	2147483647
902	3	1	5	4510	2147483647
903	3	1	20	4515	2147483647
904	4	14	10	4520	2147483647
905	4	8	10	4525	2147483647
906	4	14	5	4530	2147483647
907	4	14	20	4535	2147483647
908	4	14	10	4540	2147483647
909	3	1	15	4545	2147483647
910	4	14	5	4550	2147483647
911	3	1	10	4555	2147483647
912	4	8	10	4560	2147483647
913	3	1	10	4565	2147483647
914	4	14	10	4570	2147483647
915	4	14	10	4575	2147483647
916	3	1	10	4580	2147483647
917	3	1	20	4585	2147483647
918	4	14	20	4590	2147483647
919	4	14	5	4595	2147483647
920	4	14	15	4600	2147483647
921	3	1	10	4605	2147483647
922	4	14	10	4610	2147483647
923	4	14	10	4615	2147483647
924	4	14	15	4620	2147483647
925	4	14	10	4625	2147483647
926	3	1	10	4630	2147483647
927	4	14	5	4635	2147483647
928	0	12	20	4640	2147483647
929	0	12	15	4645	2147483647
930	4	14	20	4650	2147483647
931	0	12	10	4655	2147483647
932	4	14	5	4660	2147483647
933	4	14	20	4665	2147483647
934	4	14	10	4670	2147483647
935	4	14	5	4675	2147483647
936	3	1	15	4680	2147483647
937	4	14	20	4685	2147483647
938	3	1	5	4690	2147483647
939	4	14	20	4695	2147483647
940	4	14	10	4700	2147483647
941	4	14	20	4705	2147483647
942	3	1	15	4710	2147483647
943	0	12	20	4715	2147483647
944	4	14	5	4720	2147483647
945	4	14	20	4725	2147483647
946	3	1	10	4730	2147483647
947	4	14	15	4735	2147483647
948	4	14	20	4740	2147483647
949	4	14	10	4745	2147483647
950	4	14	10	4750	2147483647
951	3	1	15	4755	2147483647
952	3	1	15	4760	2147483647
953	4	14	5	4765	2147483647
954	4	14	15	4770	2147483647
955	3	1	20	4775	2147483647
956	4	14	10	4780	2147483647
957	3	1	15	4785	2147483647
958	4	14	10	4790	2147483647
959	4	14	20	4795	2147483647
960	4	14	5	4800	2147483647
961	3	1	20	4805	2147483647
962	4	14	5	4810	2147483647
963	4	14	15	4815	2147483647
964	3	1	20	4820	2147483647
965	4	14	20	4825	2147483647
966	3	1	5	4830	2147483647
967	4	14	15	4835	2147483647
968	3	1	20	4840	2147483647
969	4	14	10	4845	2147483647
970	3	1	20	4850	2147483647
971	4	14	15	4855	2147483647
972	4	14	20	4860	2147483647
973	4	14	20	4865	2147483647
974	3	1	15	4870	2147483647
975	3	1	15	4875	2147483647
976	4	14	20	4880	2147483647
977	3	1	15	4885	2147483647
978	4	14	10	4890	2147483647
979	4	14	20	4895	2147483647
980	4	14	5	4900	2147483647
981	4	14	15	4905	2147483647
982	4	14	5	4910	2147483647
983	3	1	10	4915	2147483647
984	3	1	10	4920	2147483647
985	4	14	5	4925	2147483647
986	4	14	20	4930	2147483647
987	4	14	5	4935	2147483647
988	4	14	10	4940	2147483647
989	4	14	15	4945	2147483647
990	4	14	20	4950	2147483647
991	4	14	20	4955	2147483647
992	3	1	10	4960	2147483647
993	3	1	5	4965	2147483647
994	3	1	15	4970	2147483647
995	4	14	15	4975	2147483647
996	3	1	15	4980	2147483647
997	4	14	20	4985	2147483647
998	4	14	5	4990	2147483647
999	4	14	5	4995	2147483647
1000	3	1	15	5000	2147483647
1001	4	14	15	5005	2147483647
1002	4	14	20	5010	2147483647
1003	4	14	15	5015	2147483647
1004	4	14	15	5020	2147483647
1005	3	1	15	5025	2147483647
1006	3	1	15	5030	2147483647
1007	4	14	15	5035	2147483647
1008	4	14	15	5040	2147483647
1009	4	14	20	5045	2147483647
1010	3	1	5	5050	2147483647
1011	3	1	15	5055	2147483647
1012	3	1	10	5060	2147483647
1013	4	14	15	5065	2147483647
1014	3	1	15	5070	2147483647
1015	3	1	15	5075	2147483647
1016	3	1	15	5080	2147483647
1017	3	1	20	5085	2147483647
1018	4	14	10	5090	2147483647
1019	4	14	15	5095	2147483647
1020	4	14	5	5100	2147483647
1021	4	14	5	5105	2147483647
1022	4	14	10	5110	2147483647
1023	4	14	10	5115	2147483647
1024	0	12	10	5120	2147483647
1025	3	1	20	5125	2147483647
1026	4	14	10	5130	2147483647
1027	4	14	15	5135	2147483647
1028	3	1	10	5140	2147483647
1029	4	14	5	5145	2147483647
1030	3	1	5	5150	2147483647
1031	4	14	20	5155	2147483647
1032	4	14	10	5160	2147483647
1033	4	14	10	5165	2147483647
1034	4	14	5	5170	2147483647
1035	4	14	10	5175	2147483647
1036	4	14	20	5180	2147483647
1037	3	1	15	5185	2147483647
1038	3	1	15	5190	2147483647
1039	3	1	15	5195	2147483647
1040	4	14	15	5200	2147483647
1041	4	14	5	5205	2147483647
1042	3	1	10	5210	2147483647
1043	4	14	10	5215	2147483647
1044	3	1	10	5220	2147483647
1045	4	14	5	5225	2147483647
1046	4	14	15	5230	2147483647
1047	3	1	20	5235	2147483647
1048	0	12	10	5240	2147483647
1049	4	14	5	5245	2147483647
1050	3	1	20	5250	2147483647
1051	4	14	15	5255	2147483647
1052	4	14	15	5260	2147483647
1053	3	1	15	5265	2147483647
1054	4	14	5	5270	2147483647
1055	4	14	10	5275	2147483647
1056	3	1	10	5280	2147483647
1057	3	1	15	5285	2147483647
1058	4	14	5	5290	2147483647
1059	4	14	15	5295	2147483647
1060	4	14	10	5300	2147483647
1061	4	14	5	5305	2147483647
1062	4	14	10	5310	2147483647
1063	0	12	10	5315	2147483647
1064	3	1	20	5320	2147483647
1065	4	14	10	5325	2147483647
1066	4	14	10	5330	2147483647
1067	4	14	20	5335	2147483647
1068	3	1	10	5340	2147483647
1069	4	14	10	5345	2147483647
1070	3	1	15	5350	2147483647
1071	3	1	5	5355	2147483647
1072	0	12	5	5360	2147483647
1073	3	1	20	5365	2147483647
1074	0	12	20	5370	2147483647
1075	4	14	20	5375	2147483647
1076	4	8	15	5380	2147483647
1077	4	14	20	5385	2147483647
1078	3	1	20	5390	2147483647
1079	3	1	10	5395	2147483647
1080	4	14	10	5400	2147483647
1081	0	12	10	5405	2147483647
1082	4	14	5	5410	2147483647
1083	4	14	5	5415	2147483647
1084	3	1	10	5420	2147483647
1085	3	1	10	5425	2147483647
1086	4	14	10	5430	2147483647
1087	3	1	20	5435	2147483647
1088	4	14	5	5440	2147483647
1089	4	14	15	5445	2147483647
1090	4	14	20	5450	2147483647
1091	4	14	10	5455	2147483647
1092	3	1	10	5460	2147483647
1093	4	14	5	5465	2147483647
1094	3	1	5	5470	2147483647
1095	4	14	15	5475	2147483647
1096	3	1	20	5480	2147483647
1097	3	1	5	5485	2147483647
1098	3	1	15	5490	2147483647
1099	3	1	5	5495	2147483647
1100	4	14	20	5500	2147483647
1101	4	14	15	5505	2147483647
1102	3	1	10	5510	2147483647
1103	4	14	5	5515	2147483647
1104	4	14	10	5520	2147483647
1105	3	1	15	5525	2147483647
1106	4	14	15	5530	2147483647
1107	4	14	20	5535	2147483647
1108	3	1	15	5540	2147483647
1109	4	14	10	5545	2147483647
1110	4	14	15	5550	2147483647
1111	3	1	15	5555	2147483647
1112	4	14	15	5560	2147483647
1113	3	1	20	5565	2147483647
1114	4	14	5	5570	2147483647
1115	4	14	5	5575	2147483647
1116	4	8	20	5580	2147483647
1117	0	12	5	5585	2147483647
1118	4	14	5	5590	2147483647
1119	4	14	10	5595	2147483647
1120	4	14	5	5600	2147483647
1121	3	1	10	5605	2147483647
1122	4	14	20	5610	2147483647
1123	4	14	15	5615	2147483647
1124	4	14	10	5620	2147483647
1125	4	14	10	5625	2147483647
1126	4	14	15	5630	2147483647
1127	3	1	5	5635	2147483647
1128	0	12	15	5640	2147483647
1129	3	1	10	5645	2147483647
1130	4	14	20	5650	2147483647
1131	4	14	15	5655	2147483647
1132	4	14	5	5660	2147483647
1133	4	14	15	5665	2147483647
1134	4	14	15	5670	2147483647
1135	4	14	20	5675	2147483647
1136	4	14	5	5680	2147483647
1137	3	1	5	5685	2147483647
1138	4	8	20	5690	2147483647
1139	3	1	15	5695	2147483647
1140	4	14	15	5700	2147483647
1141	4	14	15	5705	2147483647
1142	3	1	10	5710	2147483647
1143	3	1	20	5715	2147483647
1144	4	14	20	5720	2147483647
1145	3	1	10	5725	2147483647
1146	4	14	15	5730	2147483647
1147	4	8	15	5735	2147483647
1148	4	14	20	5740	2147483647
1149	4	14	5	5745	2147483647
1150	4	14	15	5750	2147483647
1151	3	1	20	5755	2147483647
1152	4	14	20	5760	2147483647
1153	3	1	10	5765	2147483647
1154	4	14	5	5770	2147483647
1155	4	14	10	5775	2147483647
1156	4	14	20	5780	2147483647
1157	4	14	15	5785	2147483647
1158	4	14	20	5790	2147483647
1159	4	14	5	5795	2147483647
1160	3	1	20	5800	2147483647
1161	4	14	15	5805	2147483647
1162	4	14	5	5810	2147483647
1163	4	14	5	5815	2147483647
1164	3	1	10	5820	2147483647
1165	3	1	5	5825	2147483647
1166	4	14	10	5830	2147483647
1167	3	1	5	5835	2147483647
1168	4	14	10	5840	2147483647
1169	3	1	10	5845	2147483647
1170	0	12	20	5850	2147483647
1171	4	14	20	5855	2147483647
1172	4	14	10	5860	2147483647
1173	4	14	10	5865	2147483647
1174	3	1	15	5870	2147483647
1175	4	14	15	5875	2147483647
1176	3	1	5	5880	2147483647
1177	4	14	5	5885	2147483647
1178	4	14	20	5890	2147483647
1179	4	14	20	5895	2147483647
1180	4	14	20	5900	2147483647
1181	4	14	5	5905	2147483647
1182	3	1	5	5910	2147483647
1183	4	14	15	5915	2147483647
1184	4	14	15	5920	2147483647
1185	3	1	20	5925	2147483647
1186	3	1	15	5930	2147483647
1187	3	1	20	5935	2147483647
1188	4	14	15	5940	2147483647
1189	4	14	5	5945	2147483647
1190	4	14	5	5950	2147483647
1191	4	14	10	5955	2147483647
1192	4	14	5	5960	2147483647
1193	3	1	15	5965	2147483647
1194	4	14	20	5970	2147483647
1195	0	12	5	5975	2147483647
1196	3	1	10	5980	2147483647
1197	3	1	5	5985	2147483647
1198	4	14	10	5990	2147483647
1199	4	14	20	5995	2147483647
1200	3	1	20	6000	2147483647
1201	4	14	15	6005	2147483647
1202	3	1	10	6010	2147483647
1203	4	14	10	6015	2147483647
1204	4	14	5	6020	2147483647
1205	4	14	20	6025	2147483647
1206	3	1	15	6030	2147483647
1207	3	1	15	6035	2147483647
1208	4	8	15	6040	2147483647
1209	3	1	15	6045	2147483647
1210	4	14	5	6050	2147483647
1211	0	12	20	6055	2147483647
1212	3	1	20	6060	2147483647
1213	4	14	20	6065	2147483647
1214	3	1	5	6070	2147483647
1215	4	14	20	6075	2147483647
1216	4	14	10	6080	2147483647
1217	3	1	15	6085	2147483647
1218	4	14	10	6090	2147483647
1219	4	14	10	6095	2147483647
1220	0	12	10	6100	2147483647
1221	4	14	15	6105	2147483647
1222	3	1	10	6110	2147483647
1223	4	14	5	6115	2147483647
1224	3	1	10	6120	2147483647
1225	3	1	15	6125	2147483647
1226	3	1	15	6130	2147483647
1227	4	14	15	6135	2147483647
1228	4	14	15	6140	2147483647
1229	3	1	10	6145	2147483647
1230	4	14	5	6150	2147483647
1231	4	14	5	6155	2147483647
1232	4	14	15	6160	2147483647
1233	4	14	20	6165	2147483647
1234	4	14	5	6170	2147483647
1235	4	8	10	6175	2147483647
1236	4	14	15	6180	2147483647
1237	3	1	20	6185	2147483647
1238	4	14	10	6190	2147483647
1239	4	14	20	6195	2147483647
1240	4	14	10	6200	2147483647
1241	4	14	5	6205	2147483647
1242	3	1	10	6210	2147483647
1243	4	14	20	6215	2147483647
1244	4	14	5	6220	2147483647
1245	4	14	5	6225	2147483647
1246	4	14	15	6230	2147483647
1247	4	14	10	6235	2147483647
1248	3	1	15	6240	2147483647
1249	3	1	20	6245	2147483647
1250	4	14	20	6250	2147483647
1251	0	12	20	6255	2147483647
1252	4	14	20	6260	2147483647
1253	4	8	20	6265	2147483647
1254	4	14	15	6270	2147483647
1255	4	14	10	6275	2147483647
1256	3	1	5	6280	2147483647
1257	3	1	10	6285	2147483647
1258	4	14	20	6290	2147483647
1259	4	14	15	6295	2147483647
1260	4	14	5	6300	2147483647
1261	4	14	5	6305	2147483647
1262	4	14	5	6310	2147483647
1263	4	14	5	6315	2147483647
1264	4	14	15	6320	2147483647
1265	4	14	5	6325	2147483647
1266	3	1	5	6330	2147483647
1267	3	1	5	6335	2147483647
1268	4	8	15	6340	2147483647
1269	0	12	20	6345	2147483647
1270	3	1	5	6350	2147483647
1271	3	1	15	6355	2147483647
1272	3	1	5	6360	2147483647
1273	4	14	10	6365	2147483647
1274	4	14	5	6370	2147483647
1275	4	8	5	6375	2147483647
1276	3	1	10	6380	2147483647
1277	4	14	15	6385	2147483647
1278	4	14	20	6390	2147483647
1279	3	1	5	6395	2147483647
1280	4	14	20	6400	2147483647
1281	4	14	10	6405	2147483647
1282	4	14	20	6410	2147483647
1283	3	1	15	6415	2147483647
1284	4	14	15	6420	2147483647
1285	4	14	5	6425	2147483647
1286	3	1	5	6430	2147483647
1287	4	14	20	6435	2147483647
1288	3	1	5	6440	2147483647
1289	4	14	15	6445	2147483647
1290	4	14	5	6450	2147483647
1291	3	1	10	6455	2147483647
1292	4	14	20	6460	2147483647
1293	3	1	20	6465	2147483647
1294	3	1	15	6470	2147483647
1295	3	1	10	6475	2147483647
1296	3	1	5	6480	2147483647
1297	3	1	5	6485	2147483647
1298	4	14	10	6490	2147483647
1299	0	12	5	6495	2147483647
1300	4	14	5	6500	2147483647
1301	3	1	10	6505	2147483647
1302	4	14	15	6510	2147483647
1303	4	8	15	6515	2147483647
1304	3	1	15	6520	2147483647
1305	4	14	10	6525	2147483647
1306	4	14	20	6530	2147483647
1307	4	14	10	6535	2147483647
1308	3	1	20	6540	2147483647
1309	4	14	15	6545	2147483647
1310	4	14	5	6550	2147483647
1311	4	14	15	6555	2147483647
1312	4	14	10	6560	2147483647
1313	4	14	15	6565	2147483647
1314	4	14	15	6570	2147483647
1315	0	12	20	6575	2147483647
1316	0	12	5	6580	2147483647
1317	3	1	10	6585	2147483647
1318	3	1	15	6590	2147483647
1319	4	14	10	6595	2147483647
1320	3	1	20	6600	2147483647
1321	4	14	10	6605	2147483647
1322	0	12	20	6610	2147483647
1323	4	14	20	6615	2147483647
1324	3	1	15	6620	2147483647
1325	4	14	15	6625	2147483647
1326	4	14	15	6630	2147483647
1327	0	12	5	6635	2147483647
1328	4	14	20	6640	2147483647
1329	4	14	20	6645	2147483647
1330	4	14	5	6650	2147483647
1331	4	14	5	6655	2147483647
1332	3	1	5	6660	2147483647
1333	4	14	20	6665	2147483647
1334	3	1	5	6670	2147483647
1335	3	1	15	6675	2147483647
1336	4	14	15	6680	2147483647
1337	4	14	10	6685	2147483647
1338	3	1	5	6690	2147483647
1339	3	1	10	6695	2147483647
1340	4	14	10	6700	2147483647
1341	4	14	20	6705	2147483647
1342	4	14	5	6710	2147483647
1343	4	14	15	6715	2147483647
1344	4	14	15	6720	2147483647
1345	3	1	15	6725	2147483647
1346	4	14	5	6730	2147483647
1347	4	8	5	6735	2147483647
1348	4	14	5	6740	2147483647
1349	3	1	15	6745	2147483647
1350	3	1	5	6750	2147483647
1351	4	14	20	6755	2147483647
1352	3	1	15	6760	2147483647
1353	3	1	5	6765	2147483647
1354	4	14	10	6770	2147483647
1355	3	1	15	6775	2147483647
1356	3	1	10	6780	2147483647
1357	4	14	15	6785	2147483647
1358	4	14	5	6790	2147483647
1359	3	1	20	6795	2147483647
1360	4	14	15	6800	2147483647
1361	4	14	15	6805	2147483647
1362	3	1	10	6810	2147483647
1363	4	14	20	6815	2147483647
1364	4	14	15	6820	2147483647
1365	4	14	20	6825	2147483647
1366	4	14	10	6830	2147483647
1367	3	1	15	6835	2147483647
1368	3	1	15	6840	2147483647
1369	4	14	5	6845	2147483647
1370	4	14	10	6850	2147483647
1371	4	14	20	6855	2147483647
1372	3	1	5	6860	2147483647
1373	4	14	5	6865	2147483647
1374	4	14	20	6870	2147483647
1375	4	14	20	6875	2147483647
1376	4	14	10	6880	2147483647
1377	3	1	10	6885	2147483647
1378	4	14	10	6890	2147483647
1379	3	1	20	6895	2147483647
1380	4	14	15	6900	2147483647
1381	4	14	15	6905	2147483647
1382	4	14	20	6910	2147483647
1383	4	14	5	6915	2147483647
1384	4	14	15	6920	2147483647
1385	4	14	5	6925	2147483647
1386	4	14	15	6930	2147483647
1387	4	14	20	6935	2147483647
1388	4	14	10	6940	2147483647
1389	0	12	10	6945	2147483647
1390	4	14	5	6950	2147483647
1391	3	1	20	6955	2147483647
1392	4	14	5	6960	2147483647
1393	4	14	5	6965	2147483647
1394	3	1	15	6970	2147483647
1395	3	1	15	6975	2147483647
1396	3	1	15	6980	2147483647
1397	3	1	5	6985	2147483647
1398	4	14	5	6990	2147483647
1399	3	1	20	6995	2147483647
1400	4	14	5	7000	2147483647
1401	4	8	15	7005	2147483647
1402	4	14	15	7010	2147483647
1403	4	14	5	7015	2147483647
1404	4	14	10	7020	2147483647
1405	4	14	10	7025	2147483647
1406	4	14	15	7030	2147483647
1407	3	1	10	7035	2147483647
1408	4	14	5	7040	2147483647
1409	4	8	10	7045	2147483647
1410	4	14	10	7050	2147483647
1411	4	14	5	7055	2147483647
1412	4	14	10	7060	2147483647
1413	4	14	5	7065	2147483647
1414	4	14	10	7070	2147483647
1415	3	1	20	7075	2147483647
1416	4	14	15	7080	2147483647
1417	4	14	5	7085	2147483647
1418	4	14	10	7090	2147483647
1419	4	14	10	7095	2147483647
1420	4	8	10	7100	2147483647
1421	4	14	15	7105	2147483647
1422	4	14	5	7110	2147483647
1423	3	1	5	7115	2147483647
1424	0	12	5	7120	2147483647
1425	3	1	10	7125	2147483647
1426	4	14	15	7130	2147483647
1427	3	1	5	7135	2147483647
1428	4	14	15	7140	2147483647
1429	4	14	5	7145	2147483647
1430	4	14	10	7150	2147483647
1431	4	14	10	7155	2147483647
1432	4	14	10	7160	2147483647
1433	3	1	10	7165	2147483647
1434	3	1	20	7170	2147483647
1435	3	1	5	7175	2147483647
1436	4	14	5	7180	2147483647
1437	0	12	20	7185	2147483647
1438	4	14	20	7190	2147483647
1439	4	14	5	7195	2147483647
1440	0	12	15	7200	2147483647
1441	4	14	5	7205	2147483647
1442	4	14	20	7210	2147483647
1443	4	14	20	7215	2147483647
1444	3	1	5	7220	2147483647
1445	4	14	5	7225	2147483647
1446	3	1	15	7230	2147483647
1447	4	8	5	7235	2147483647
1448	0	12	15	7240	2147483647
1449	4	8	20	7245	2147483647
1450	3	1	5	7250	2147483647
1451	4	14	10	7255	2147483647
1452	3	1	15	7260	2147483647
1453	4	14	15	7265	2147483647
1454	4	8	15	7270	2147483647
1455	3	1	15	7275	2147483647
1456	3	1	10	7280	2147483647
1457	4	14	10	7285	2147483647
1458	4	14	5	7290	2147483647
1459	3	1	20	7295	2147483647
1460	4	14	20	7300	2147483647
1461	4	14	15	7305	2147483647
1462	4	14	20	7310	2147483647
1463	0	12	20	7315	2147483647
1464	4	14	5	7320	2147483647
1465	4	8	20	7325	2147483647
1466	4	14	15	7330	2147483647
1467	4	14	20	7335	2147483647
1468	3	1	10	7340	2147483647
1469	4	14	10	7345	2147483647
1470	4	14	20	7350	2147483647
1471	4	14	20	7355	2147483647
1472	0	12	5	7360	2147483647
1473	3	1	5	7365	2147483647
1474	4	14	20	7370	2147483647
1475	4	14	5	7375	2147483647
1476	4	14	15	7380	2147483647
1477	3	1	5	7385	2147483647
1478	4	14	20	7390	2147483647
1479	3	1	5	7395	2147483647
1480	3	1	20	7400	2147483647
1481	4	14	15	7405	2147483647
1482	3	1	10	7410	2147483647
1483	4	14	15	7415	2147483647
1484	3	1	5	7420	2147483647
1485	4	14	20	7425	2147483647
1486	3	1	15	7430	2147483647
1487	4	14	15	7435	2147483647
1488	3	1	20	7440	2147483647
1489	4	14	5	7445	2147483647
1490	4	14	15	7450	2147483647
1491	4	14	15	7455	2147483647
1492	4	14	15	7460	2147483647
1493	3	1	5	7465	2147483647
1494	4	14	10	7470	2147483647
1495	4	14	5	7475	2147483647
1496	0	12	10	7480	2147483647
1497	4	14	20	7485	2147483647
1498	4	14	20	7490	2147483647
1499	3	1	5	7495	2147483647
1500	3	1	10	7500	2147483647
1501	4	14	15	7505	2147483647
1502	4	14	15	7510	2147483647
1503	4	14	10	7515	2147483647
1504	4	14	20	7520	2147483647
1505	3	1	5	7525	2147483647
1506	4	14	5	7530	2147483647
1507	4	14	10	7535	2147483647
1508	0	12	20	7540	2147483647
1509	4	14	10	7545	2147483647
1510	3	1	20	7550	2147483647
1511	3	1	10	7555	2147483647
1512	4	8	15	7560	2147483647
1513	3	1	5	7565	2147483647
1514	3	1	5	7570	2147483647
1515	3	1	5	7575	2147483647
1516	3	1	5	7580	2147483647
1517	4	8	5	7585	2147483647
1518	4	14	20	7590	2147483647
1519	4	14	5	7595	2147483647
1520	4	14	10	7600	2147483647
1521	4	14	20	7605	2147483647
1522	3	1	5	7610	2147483647
1523	3	1	10	7615	2147483647
1524	4	14	20	7620	2147483647
1525	4	14	5	7625	2147483647
1526	4	14	10	7630	2147483647
1527	4	14	5	7635	2147483647
1528	4	14	20	7640	2147483647
1529	4	14	15	7645	2147483647
1530	4	14	15	7650	2147483647
1531	4	14	20	7655	2147483647
1532	3	1	10	7660	2147483647
1533	4	14	15	7665	2147483647
1534	4	14	15	7670	2147483647
1535	4	14	5	7675	2147483647
1536	0	12	20	7680	2147483647
1537	4	14	20	7685	2147483647
1538	4	8	15	7690	2147483647
1539	4	14	5	7695	2147483647
1540	3	1	20	7700	2147483647
1541	3	1	5	7705	2147483647
1542	4	14	15	7710	2147483647
1543	4	14	10	7715	2147483647
1544	4	14	5	7720	2147483647
1545	4	14	10	7725	2147483647
1546	4	14	5	7730	2147483647
1547	3	1	15	7735	2147483647
1548	3	1	20	7740	2147483647
1549	4	14	5	7745	2147483647
1550	3	1	20	7750	2147483647
1551	4	14	5	7755	2147483647
1552	4	14	5	7760	2147483647
1553	0	12	15	7765	2147483647
1554	4	14	20	7770	2147483647
1555	4	14	10	7775	2147483647
1556	4	14	15	7780	2147483647
1557	4	14	10	7785	2147483647
1558	4	8	15	7790	2147483647
1559	4	14	20	7795	2147483647
1560	4	14	20	7800	2147483647
1561	4	14	20	7805	2147483647
1562	4	14	15	7810	2147483647
1563	4	14	10	7815	2147483647
1564	4	8	20	7820	2147483647
1565	4	14	5	7825	2147483647
1566	0	12	5	7830	2147483647
1567	4	14	20	7835	2147483647
1568	4	14	15	7840	2147483647
1569	4	14	5	7845	2147483647
1570	3	1	10	7850	2147483647
1571	4	14	5	7855	2147483647
1572	4	14	10	7860	2147483647
1573	4	14	15	7865	2147483647
1574	4	14	10	7870	2147483647
1575	4	14	5	7875	2147483647
1576	3	1	10	7880	2147483647
1577	4	14	15	7885	2147483647
1578	4	14	5	7890	2147483647
1579	4	14	15	7895	2147483647
1580	3	1	5	7900	2147483647
1581	3	1	20	7905	2147483647
1582	4	14	10	7910	2147483647
1583	4	14	15	7915	2147483647
1584	3	1	15	7920	2147483647
1585	4	14	15	7925	2147483647
1586	4	14	20	7930	2147483647
1587	3	1	15	7935	2147483647
1588	4	14	20	7940	2147483647
1589	3	1	5	7945	2147483647
1590	4	14	15	7950	2147483647
1591	4	14	10	7955	2147483647
1592	4	14	10	7960	2147483647
1593	4	14	20	7965	2147483647
1594	4	14	10	7970	2147483647
1595	3	1	20	7975	2147483647
1596	4	14	10	7980	2147483647
1597	4	14	10	7985	2147483647
1598	4	14	15	7990	2147483647
1599	4	14	5	7995	2147483647
1600	4	14	5	8000	2147483647
1601	0	12	10	8005	2147483647
1602	4	14	5	8010	2147483647
1603	4	14	20	8015	2147483647
1604	4	14	20	8020	2147483647
1605	4	14	20	8025	2147483647
1606	4	14	20	8030	2147483647
1607	4	14	10	8035	2147483647
1608	4	14	10	8040	2147483647
1609	4	8	15	8045	2147483647
1610	3	1	5	8050	2147483647
1611	4	14	20	8055	2147483647
1612	4	14	10	8060	2147483647
1613	3	1	5	8065	2147483647
1614	3	1	20	8070	2147483647
1615	4	14	5	8075	2147483647
1616	4	14	15	8080	2147483647
1617	4	14	5	8085	2147483647
1618	3	1	15	8090	2147483647
1619	4	14	5	8095	2147483647
1620	4	14	5	8100	2147483647
1621	4	14	10	8105	2147483647
1622	4	14	5	8110	2147483647
1623	3	1	10	8115	2147483647
1624	4	14	10	8120	2147483647
1625	4	14	20	8125	2147483647
1626	4	8	20	8130	2147483647
1627	4	14	10	8135	2147483647
1628	0	12	10	8140	2147483647
1629	3	1	10	8145	2147483647
1630	4	14	15	8150	2147483647
1631	4	14	20	8155	2147483647
1632	4	14	5	8160	2147483647
1633	4	14	5	8165	2147483647
1634	3	1	10	8170	2147483647
1635	3	1	20	8175	2147483647
1636	4	14	15	8180	2147483647
1637	0	12	10	8185	2147483647
1638	3	1	15	8190	2147483647
1639	4	14	20	8195	2147483647
1640	4	14	15	8200	2147483647
1641	3	1	15	8205	2147483647
1642	4	14	5	8210	2147483647
1643	4	14	5	8215	2147483647
1644	3	1	5	8220	2147483647
1645	4	14	15	8225	2147483647
1646	4	14	5	8230	2147483647
1647	3	1	10	8235	2147483647
1648	3	1	5	8240	2147483647
1649	3	1	5	8245	2147483647
1650	4	14	10	8250	2147483647
1651	4	14	10	8255	2147483647
1652	4	14	20	8260	2147483647
1653	4	8	10	8265	2147483647
1654	4	8	20	8270	2147483647
1655	4	14	20	8275	2147483647
1656	3	1	5	8280	2147483647
1657	4	14	15	8285	2147483647
1658	4	14	10	8290	2147483647
1659	4	14	5	8295	2147483647
1660	3	1	5	8300	2147483647
1661	4	14	10	8305	2147483647
1662	4	14	20	8310	2147483647
1663	3	1	5	8315	2147483647
1664	3	1	5	8320	2147483647
1665	4	14	10	8325	2147483647
1666	4	8	20	8330	2147483647
1667	4	14	5	8335	2147483647
1668	3	1	20	8340	2147483647
1669	4	8	5	8345	2147483647
1670	4	8	10	8350	2147483647
1671	4	14	5	8355	2147483647
1672	4	14	15	8360	2147483647
1673	4	14	15	8365	2147483647
1674	4	14	10	8370	2147483647
1675	4	14	15	8375	2147483647
1676	3	1	5	8380	2147483647
1677	4	14	5	8385	2147483647
1678	4	14	5	8390	2147483647
1679	4	14	20	8395	2147483647
1680	4	14	15	8400	2147483647
1681	4	14	15	8405	2147483647
1682	3	1	10	8410	2147483647
1683	4	14	10	8415	2147483647
1684	3	1	20	8420	2147483647
1685	4	14	10	8425	2147483647
1686	4	14	20	8430	2147483647
1687	4	14	15	8435	2147483647
1688	4	14	5	8440	2147483647
1689	3	1	10	8445	2147483647
1690	4	14	15	8450	2147483647
1691	4	14	20	8455	2147483647
1692	3	1	20	8460	2147483647
1693	3	1	15	8465	2147483647
1694	4	14	20	8470	2147483647
1695	0	12	10	8475	2147483647
1696	4	14	15	8480	2147483647
1697	4	14	5	8485	2147483647
1698	4	14	5	8490	2147483647
1699	4	14	20	8495	2147483647
1700	4	14	20	8500	2147483647
1701	4	14	5	8505	2147483647
1702	3	1	10	8510	2147483647
1703	3	1	5	8515	2147483647
1704	3	1	20	8520	2147483647
1705	3	1	5	8525	2147483647
1706	3	1	15	8530	2147483647
1707	3	1	10	8535	2147483647
1708	4	8	20	8540	2147483647
1709	4	14	10	8545	2147483647
1710	4	14	15	8550	2147483647
1711	3	1	5	8555	2147483647
1712	4	14	15	8560	2147483647
1713	4	14	15	8565	2147483647
1714	3	1	15	8570	2147483647
1715	4	14	15	8575	2147483647
1716	4	14	20	8580	2147483647
1717	4	14	15	8585	2147483647
1718	4	14	5	8590	2147483647
1719	4	14	15	8595	2147483647
1720	4	14	10	8600	2147483647
1721	3	1	5	8605	2147483647
1722	3	1	5	8610	2147483647
1723	4	14	10	8615	2147483647
1724	3	1	10	8620	2147483647
1725	4	8	10	8625	2147483647
1726	3	1	5	8630	2147483647
1727	4	14	5	8635	2147483647
1728	4	14	15	8640	2147483647
1729	4	14	5	8645	2147483647
1730	4	14	20	8650	2147483647
1731	4	14	5	8655	2147483647
1732	4	14	5	8660	2147483647
1733	3	1	10	8665	2147483647
1734	4	14	20	8670	2147483647
1735	4	14	15	8675	2147483647
1736	4	14	5	8680	2147483647
1737	4	14	5	8685	2147483647
1738	4	14	10	8690	2147483647
1739	4	14	20	8695	2147483647
1740	4	14	15	8700	2147483647
1741	4	14	15	8705	2147483647
1742	4	14	15	8710	2147483647
1743	3	1	20	8715	2147483647
1744	4	14	20	8720	2147483647
1745	4	14	10	8725	2147483647
1746	3	1	10	8730	2147483647
1747	3	1	10	8735	2147483647
1748	0	12	20	8740	2147483647
1749	4	14	10	8745	2147483647
1750	4	14	10	8750	2147483647
1751	4	14	5	8755	2147483647
1752	4	14	20	8760	2147483647
1753	4	14	10	8765	2147483647
1754	4	14	10	8770	2147483647
1755	4	14	15	8775	2147483647
1756	4	14	5	8780	2147483647
1757	4	14	5	8785	2147483647
1758	0	12	15	8790	2147483647
1759	3	1	10	8795	2147483647
1760	3	1	20	8800	2147483647
1761	4	14	15	8805	2147483647
1762	3	1	15	8810	2147483647
1763	3	1	20	8815	2147483647
1764	0	12	10	8820	2147483647
1765	4	14	15	8825	2147483647
1766	4	14	5	8830	2147483647
1767	3	1	5	8835	2147483647
1768	0	12	15	8840	2147483647
1769	3	1	5	8845	2147483647
1770	4	8	10	8850	2147483647
1771	4	14	15	8855	2147483647
1772	4	14	5	8860	2147483647
1773	4	14	10	8865	2147483647
1774	3	1	20	8870	2147483647
1775	4	14	20	8875	2147483647
1776	4	14	15	8880	2147483647
1777	0	12	5	8885	2147483647
1778	0	12	15	8890	2147483647
1779	4	14	20	8895	2147483647
1780	4	14	20	8900	2147483647
1781	4	14	20	8905	2147483647
1782	4	14	5	8910	2147483647
1783	4	8	10	8915	2147483647
1784	3	1	15	8920	2147483647
1785	4	14	20	8925	2147483647
1786	4	14	5	8930	2147483647
1787	4	14	15	8935	2147483647
1788	4	14	5	8940	2147483647
1789	3	1	10	8945	2147483647
1790	3	1	10	8950	2147483647
1791	4	8	5	8955	2147483647
1792	4	14	15	8960	2147483647
1793	3	1	20	8965	2147483647
1794	4	14	20	8970	2147483647
1795	4	14	5	8975	2147483647
1796	4	14	20	8980	2147483647
1797	4	14	15	8985	2147483647
1798	4	8	10	8990	2147483647
1799	4	14	5	8995	2147483647
1800	4	14	10	9000	2147483647
1801	4	8	5	9005	2147483647
1802	3	1	15	9010	2147483647
1803	4	14	20	9015	2147483647
1804	4	14	20	9020	2147483647
1805	4	8	20	9025	2147483647
1806	4	14	20	9030	2147483647
1807	4	14	15	9035	2147483647
1808	4	14	15	9040	2147483647
1809	4	14	10	9045	2147483647
1810	4	8	5	9050	2147483647
1811	4	14	20	9055	2147483647
1812	4	14	15	9060	2147483647
1813	4	14	15	9065	2147483647
1814	3	1	15	9070	2147483647
1815	4	14	20	9075	2147483647
1816	4	14	15	9080	2147483647
1817	4	8	5	9085	2147483647
1818	4	14	10	9090	2147483647
1819	3	1	15	9095	2147483647
1820	4	8	15	9100	2147483647
1821	4	8	10	9105	2147483647
1822	4	14	5	9110	2147483647
1823	4	14	10	9115	2147483647
1824	3	1	15	9120	2147483647
1825	4	14	10	9125	2147483647
1826	4	14	5	9130	2147483647
1827	4	8	10	9135	2147483647
1828	0	12	10	9140	2147483647
1829	4	14	20	9145	2147483647
1830	3	1	5	9150	2147483647
1831	4	14	20	9155	2147483647
1832	4	14	15	9160	2147483647
1833	3	1	10	9165	2147483647
1834	4	14	15	9170	2147483647
1835	4	14	20	9175	2147483647
1836	4	14	5	9180	2147483647
1837	4	14	5	9185	2147483647
1838	3	1	15	9190	2147483647
1839	3	1	15	9195	2147483647
1840	3	1	5	9200	2147483647
1841	4	14	15	9205	2147483647
1842	4	8	5	9210	2147483647
1843	4	14	15	9215	2147483647
1844	3	1	10	9220	2147483647
1845	4	14	15	9225	2147483647
1846	4	14	15	9230	2147483647
1847	4	14	20	9235	2147483647
1848	4	14	10	9240	2147483647
1849	3	1	20	9245	2147483647
1850	3	1	10	9250	2147483647
1851	4	14	15	9255	2147483647
1852	4	14	10	9260	2147483647
1853	4	14	20	9265	2147483647
1854	4	14	15	9270	2147483647
1855	4	14	20	9275	2147483647
1856	3	1	5	9280	2147483647
1857	4	14	10	9285	2147483647
1858	4	14	10	9290	2147483647
1859	4	14	10	9295	2147483647
1860	4	14	15	9300	2147483647
1861	3	1	15	9305	2147483647
1862	4	14	5	9310	2147483647
1863	3	1	20	9315	2147483647
1864	4	14	10	9320	2147483647
1865	3	1	10	9325	2147483647
1866	4	14	5	9330	2147483647
1867	4	8	5	9335	2147483647
1868	4	14	5	9340	2147483647
1869	4	14	20	9345	2147483647
1870	4	8	20	9350	2147483647
1871	4	14	10	9355	2147483647
1872	4	14	15	9360	2147483647
1873	4	14	15	9365	2147483647
1874	4	8	10	9370	2147483647
1875	3	1	5	9375	2147483647
1876	0	12	10	9380	2147483647
1877	3	1	10	9385	2147483647
1878	4	14	20	9390	2147483647
1879	4	14	20	9395	2147483647
1880	3	1	20	9400	2147483647
1881	4	8	10	9405	2147483647
1882	3	1	20	9410	2147483647
1883	4	14	10	9415	2147483647
1884	3	1	10	9420	2147483647
1885	4	14	10	9425	2147483647
1886	4	8	10	9430	2147483647
1887	3	1	15	9435	2147483647
1888	4	14	20	9440	2147483647
1889	4	14	15	9445	2147483647
1890	4	14	15	9450	2147483647
1891	4	14	15	9455	2147483647
1892	3	1	15	9460	2147483647
1893	4	14	5	9465	2147483647
1894	4	14	5	9470	2147483647
1895	4	14	10	9475	2147483647
1896	4	8	10	9480	2147483647
1897	4	14	5	9485	2147483647
1898	3	1	10	9490	2147483647
1899	4	8	5	9495	2147483647
1900	4	14	10	9500	2147483647
1901	4	14	10	9505	2147483647
1902	4	14	15	9510	2147483647
1903	3	1	15	9515	2147483647
1904	3	1	5	9520	2147483647
1905	4	14	5	9525	2147483647
1906	4	14	5	9530	2147483647
1907	4	14	15	9535	2147483647
1908	4	14	10	9540	2147483647
1909	4	14	15	9545	2147483647
1910	4	14	10	9550	2147483647
1911	3	1	15	9555	2147483647
1912	4	14	15	9560	2147483647
1913	4	14	15	9565	2147483647
1914	4	14	10	9570	2147483647
1915	4	14	10	9575	2147483647
1916	3	1	15	9580	2147483647
1917	3	1	15	9585	2147483647
1918	4	14	15	9590	2147483647
1919	4	14	20	9595	2147483647
1920	0	12	20	9600	2147483647
1921	4	14	15	9605	2147483647
1922	4	14	10	9610	2147483647
1923	4	14	15	9615	2147483647
1924	3	1	5	9620	2147483647
1925	3	1	5	9625	2147483647
1926	4	14	20	9630	2147483647
1927	3	1	10	9635	2147483647
1928	4	14	15	9640	2147483647
1929	3	1	5	9645	2147483647
1930	0	12	15	9650	2147483647
1931	3	1	10	9655	2147483647
1932	4	14	5	9660	2147483647
1933	4	14	20	9665	2147483647
1934	4	14	10	9670	2147483647
1935	4	14	15	9675	2147483647
1936	4	14	15	9680	2147483647
1937	4	14	10	9685	2147483647
1938	4	14	10	9690	2147483647
1939	4	14	5	9695	2147483647
1940	3	1	5	9700	2147483647
1941	4	14	20	9705	2147483647
1942	4	14	5	9710	2147483647
1943	3	1	5	9715	2147483647
1944	3	1	5	9720	2147483647
1945	3	1	5	9725	2147483647
1946	4	14	5	9730	2147483647
1947	4	14	5	9735	2147483647
1948	4	14	20	9740	2147483647
1949	3	1	20	9745	2147483647
1950	4	14	20	9750	2147483647
1951	4	14	15	9755	2147483647
1952	4	14	15	9760	2147483647
1953	4	14	10	9765	2147483647
1954	4	8	5	9770	2147483647
1955	3	1	20	9775	2147483647
1956	3	1	5	9780	2147483647
1957	4	14	5	9785	2147483647
1958	4	14	10	9790	2147483647
1959	4	14	20	9795	2147483647
1960	3	1	10	9800	2147483647
1961	3	1	15	9805	2147483647
1962	4	14	5	9810	2147483647
1963	4	14	10	9815	2147483647
1964	4	14	20	9820	2147483647
1965	4	14	5	9825	2147483647
1966	3	1	10	9830	2147483647
1967	4	14	15	9835	2147483647
1968	4	14	5	9840	2147483647
1969	4	14	20	9845	2147483647
1970	4	8	15	9850	2147483647
1971	4	14	5	9855	2147483647
1972	4	14	10	9860	2147483647
1973	3	1	10	9865	2147483647
1974	4	14	15	9870	2147483647
1975	3	1	20	9875	2147483647
1976	4	14	10	9880	2147483647
1977	3	1	5	9885	2147483647
1978	4	14	10	9890	2147483647
1979	4	8	20	9895	2147483647
1980	3	1	20	9900	2147483647
1981	0	12	15	9905	2147483647
1982	4	14	15	9910	2147483647
1983	4	14	20	9915	2147483647
1984	4	14	5	9920	2147483647
1985	0	12	20	9925	2147483647
1986	3	1	15	9930	2147483647
1987	3	1	15	9935	2147483647
1988	4	14	15	9940	2147483647
1989	4	14	15	9945	2147483647
1990	4	14	10	9950	2147483647
1991	4	14	10	9955	2147483647
1992	4	14	20	9960	2147483647
1993	4	14	10	9965	2147483647
1994	4	14	20	9970	2147483647
1995	4	14	15	9975	2147483647
1996	4	14	15	9980	2147483647
1997	4	8	15	9985	2147483647
1998	4	14	5	9990	2147483647
1999	4	14	20	9995	2147483647
