0	2	30	80	0	6175
1	3	22	20	4	11794
2	20	16	60	8	39650
3	20	16	60	12	1181
4	3	22	60	16	2043
5	1	13	60	20	15230
6	20	16	40	24	4591
7	20	16	80	28	1412
8	1	13	20	32	18555
9	20	16	40	36	8561
10	6	30	20	40	24618
11	8	23	60	44	9302
12	20	16	80	48	3651
13	4	10	20	52	1290
14	3	22	60	56	4727
15	20	16	20	60	9401
16	0	28	60	64	15704
17	6	30	40	68	6654
18	6	30	20	72	24127
19	6	30	60	76	6925
20	2	30	40	80	994
21	21	5	40	84	6833
22	6	30	80	88	3085
23	21	5	20	92	7283
24	6	30	80	96	6524
25	3	22	80	100	1368
26	8	23	40	104	1452
27	1	13	80	108	6721
28	1	13	40	112	25085
29	0	28	40	116	24263
30	2	30	40	120	1571
31	17	5	80	124	15792
32	2	30	60	128	25080
33	0	28	60	132	20428
34	17	5	80	136	22758
35	21	5	60	140	14149
36	3	22	20	144	4798
37	6	30	40	148	26062
38	1	13	80	152	11776
39	6	30	40	156	353
40	1	13	60	160	639
41	4	10	20	164	22027
42	1	13	60	168	2406
43	2	30	80	172	2366
44	17	5	80	176	7916
45	3	22	80	180	3776
46	8	23	40	184	17145
47	1	13	20	188	2479
48	20	16	40	192	18765
49	20	16	20	196	1283
50	17	5	20	200	11312
51	6	30	40	204	5566
52	3	22	80	208	12416
53	6	30	20	212	14097
54	4	10	40	216	12782
55	6	30	40	220	41339
56	21	5	20	224	6110
57	1	13	60	228	8517
58	4	10	80	232	13462
59	0	28	80	236	600
60	4	10	40	240	11144
61	21	5	40	244	26387
62	21	5	60	248	3209
63	0	28	60	252	30213
64	8	23	20	256	5878
65	8	23	20	260	1805
66	3	22	80	264	13055
67	20	16	20	268	7056
68	8	23	20	272	3485
69	8	23	20	276	12033
70	8	23	20	280	2883
71	4	10	40	284	22279
72	4	10	40	288	19340
73	0	28	60	292	21774
74	4	10	80	296	5864
75	21	5	40	300	3278
76	8	23	60	304	3491
77	3	22	20	308	587
78	17	5	20	312	42903
79	1	13	20	316	1941
80	8	23	40	320	5120
81	6	30	20	324	31459
82	2	30	60	328	12200
83	1	13	20	332	17896
84	2	30	20	336	3567
85	21	5	20	340	16714
86	6	30	20	344	1093
87	21	5	60	348	2458
88	6	30	20	352	2126
89	3	22	40	356	25626
90	20	16	40	360	4168
91	1	13	40	364	20667
92	1	13	60	400	2854
93	0	28	20	404	10307
94	0	28	20	408	6621
95	3	22	40	412	2132
96	8	23	40	416	11172
97	0	28	80	420	3651
98	6	30	60	424	18824
99	2	30	80	428	5047
100	20	16	80	432	11205
101	21	5	20	436	4553
102	4	10	80	440	32733
103	3	22	20	444	2056
104	3	22	20	448	26254
105	4	10	80	452	17460
106	0	28	80	456	10146
107	3	22	20	460	19777
108	1	13	20	464	4357
109	8	23	80	468	6459
110	17	5	80	472	15089
111	4	10	20	476	5192
112	2	30	60	480	9221
113	2	30	60	484	8931
114	4	10	40	488	14505
115	20	16	20	492	13583
116	6	30	60	496	3466
117	8	23	40	500	7387
118	17	5	60	504	13022
119	17	5	20	508	12116
120	1	13	20	512	647
121	8	23	40	516	7798
122	4	10	20	520	3978
123	3	22	80	524	5549
124	8	23	60	528	4981
125	4	10	60	532	5975
126	3	22	60	536	11999
127	4	10	40	540	3044
128	20	16	60	544	6392
129	1	13	40	548	3039
130	1	13	80	552	12036
131	6	30	80	556	55421
132	21	5	40	560	3549
133	8	23	20	564	11887
134	1	13	20	568	9383
135	20	16	40	572	384
136	0	28	40	576	59003
137	20	16	60	580	7863
138	21	5	20	584	26173
139	21	5	20	588	8093
140	21	5	40	592	2395
141	2	30	80	596	3934
142	8	23	40	600	25513
143	17	5	40	604	16451
144	4	10	60	608	2181
145	4	10	20	612	34205
146	20	16	80	616	4026
147	17	5	80	620	13930
148	8	23	80	624	24947
149	0	28	20	628	16467
150	17	5	80	632	29159
151	0	28	20	636	1895
152	1	13	40	640	11000
153	21	5	60	644	2035
154	0	28	80	648	4123
155	3	22	40	652	1658
156	3	22	20	656	409
157	1	13	20	660	9972
158	8	23	40	664	20430
159	20	16	40	668	8212
160	0	28	20	672	1733
161	8	23	40	676	5106
162	3	22	60	680	6022
163	20	16	60	684	1010
164	6	30	80	688	18335
165	3	22	20	692	15513
166	8	23	80	696	1200
167	6	30	40	700	28583
168	1	13	60	704	48506
169	4	10	80	708	13299
170	20	16	60	712	13859
171	6	30	20	716	17644
172	20	16	20	720	10201
173	0	28	40	724	2259
174	1	13	80	728	7277
175	17	5	20	732	17794
176	0	28	20	736	10910
177	6	30	60	800	9216
178	17	5	40	803	2738
179	1	13	60	806	6080
180	4	10	60	809	1360
181	6	30	80	812	34872
182	21	5	40	815	5153
183	17	5	60	818	13178
184	3	22	60	821	4484
185	0	28	80	824	8012
186	4	10	40	827	5931
187	0	28	60	830	1264
188	8	23	40	833	4946
189	21	5	60	836	6401
190	6	30	40	839	74527
191	17	5	20	842	6709
192	3	22	20	845	13049
193	21	5	60	848	5960
194	21	5	20	851	5281
195	1	13	80	854	21574
196	20	16	20	857	25947
197	8	23	60	860	19311
198	2	30	40	863	39597
199	1	13	60	866	6972
200	21	5	40	869	22527
201	3	22	60	872	5686
202	8	23	40	875	14622
203	1	13	80	878	2754
204	1	13	40	881	762
205	2	30	80	884	1835
206	0	28	80	887	10226
207	0	28	80	890	6714
208	8	23	80	893	14500
209	2	30	60	896	8752
210	3	22	40	899	9108
211	21	5	40	902	8258
212	2	30	80	905	5361
213	4	10	80	908	6541
214	6	30	80	911	5900
215	4	10	40	914	2516
216	17	5	20	917	71827
217	4	10	20	920	15625
218	8	23	20	923	17580
219	4	10	20	926	4210
220	17	5	60	929	4905
221	8	23	20	932	63927
222	20	16	80	935	10122
223	3	22	80	938	10100
224	20	16	60	941	13372
225	0	28	60	944	3558
226	2	30	80	947	1361
227	2	30	60	950	2398
228	3	22	20	953	20284
229	20	16	20	956	11622
230	20	16	80	959	26278
231	3	22	40	962	19146
232	2	30	40	965	10210
233	21	5	60	968	17294
234	4	10	20	971	9596
235	1	13	20	974	15700
236	17	5	60	977	3308
237	8	23	60	980	1866
238	21	5	20	983	11146
239	0	28	60	986	2236
240	0	28	80	989	29383
241	3	22	40	992	39060
242	4	10	80	995	6104
243	3	22	60	998	20579
244	4	10	40	1001	25595
245	21	5	80	1004	8329
246	8	23	40	1007	844
247	17	5	20	1010	3335
248	2	30	80	1013	36
249	2	30	80	1016	2190
250	3	22	60	1019	21757
251	4	10	20	1022	2047
252	20	16	40	1025	378
253	21	5	40	1028	13201
254	2	30	80	1031	1333
255	1	13	40	1034	22914
256	3	22	60	1037	19780
257	3	22	60	1040	1744
258	2	30	20	1043	9141
259	1	13	80	1046	19610
260	20	16	80	1049	422
261	17	5	40	1052	5978
262	21	5	60	1055	11391
263	8	23	60	1058	1013
264	3	22	60	1061	11922
265	20	16	80	1064	15922
266	6	30	20	1067	31010
267	4	10	20	1070	10905
268	0	28	80	1073	24456
269	4	10	80	1076	12899
270	8	23	80	1079	35534
271	2	30	40	1082	23042
272	21	5	80	1085	1575
273	8	23	60	1088	10962
274	4	10	20	1091	5781
275	6	30	20	1094	5622
276	1	13	20	1097	10888
277	8	23	40	1100	16624
278	20	16	40	1103	13958
279	1	13	80	1200	2256
280	3	22	20	1204	2509
281	4	10	80	1208	23989
282	20	16	60	1212	2353
283	0	28	40	1216	12554
284	8	23	40	1220	18361
285	4	10	80	1224	15764
286	4	10	20	1228	17437
287	4	10	20	1232	28346
288	6	30	80	1236	12881
289	2	30	80	1240	14395
290	21	5	40	1244	30628
291	6	30	20	1248	1339
292	3	22	40	1252	11326
293	6	30	40	1256	19319
294	0	28	60	1260	1746
295	2	30	60	1264	8837
296	6	30	60	1268	5140
297	21	5	20	1272	4588
298	0	28	20	1276	2533
299	4	10	40	1280	1905
300	2	30	80	1284	10294
301	1	13	20	1288	7640
302	17	5	40	1292	5601
303	17	5	80	1296	5065
304	8	23	20	1300	2959
305	0	28	40	1304	49203
306	21	5	40	1308	413
307	3	22	80	1312	6790
308	3	22	20	1316	4022
309	8	23	80	1320	15759
310	20	16	20	1324	3539
311	21	5	40	1328	715
312	4	10	20	1332	7126
313	0	28	40	1336	5389
314	21	5	60	1340	11491
315	6	30	20	1344	2236
316	17	5	60	1348	2894
317	8	23	40	1352	39983
318	0	28	40	1356	4236
319	17	5	80	1360	27457
320	6	30	80	1364	41511
321	0	28	20	1368	227
322	20	16	40	1372	33523
323	21	5	20	1376	2250
324	8	23	60	1380	16008
325	1	13	80	1384	22186
326	17	5	20	1388	3333
327	1	13	40	1392	4679
328	6	30	80	1396	7471
329	2	30	60	1400	23690
330	20	16	40	1404	312
331	3	22	20	1408	3919
332	6	30	20	1412	9837
333	4	10	80	1416	9336
334	17	5	80	1420	10860
335	2	30	80	1424	15177
336	6	30	60	1428	8117
337	1	13	80	1432	21528
338	4	10	40	1436	6748
339	6	30	20	1440	19317
340	8	23	40	1444	14341
341	0	28	20	1448	4878
342	1	13	80	1452	11641
343	17	5	80	1456	31425
344	3	22	80	1460	7027
345	20	16	80	1464	23962
346	0	28	80	1468	12869
347	2	30	20	1472	3437
348	21	5	60	1476	2438
349	6	30	60	1480	40366
350	3	22	80	1484	4399
351	20	16	40	1488	5816
352	21	5	80	1492	246
353	1	13	20	1496	4139
354	17	5	60	1500	2356
355	2	30	80	1504	9774
356	2	30	80	1508	9115
357	0	28	40	1512	2706
358	1	13	40	1516	11231
359	6	30	40	1520	5659
360	2	30	20	1524	16205
361	6	30	20	1528	14891
362	17	5	80	1532	41548
363	1	13	60	1536	6613
364	8	23	60	1540	14665
365	6	30	20	1544	45148
366	2	30	20	1548	8279
367	0	28	20	1552	28516
368	2	30	40	1556	17445
369	6	30	60	1560	27451
370	0	28	60	1564	13615
371	8	23	80	1568	5747
372	2	30	80	1572	9166
373	4	10	20	1576	8255
374	2	30	60	1580	2695
375	4	10	60	1600	12078
376	20	16	20	1604	6086
377	1	13	40	1608	141
378	4	10	20	1612	15613
379	8	23	60	1616	24700
380	0	28	80	1620	2451
381	6	30	20	1624	60403
382	4	10	60	1628	1796
383	0	28	40	1632	8271
384	17	5	60	1636	9694
385	0	28	80	1640	12310
386	8	23	20	1644	3586
387	3	22	20	1648	3739
388	6	30	40	1652	5401
389	8	23	20	1656	468
390	0	28	80	1660	2462
391	6	30	20	1664	4103
392	0	28	40	1668	3073
393	20	16	20	1672	667
394	2	30	80	1676	732
395	1	13	40	1680	51604
396	2	30	40	1684	5456
397	0	28	20	1688	2636
398	1	13	40	1692	3007
399	21	5	80	1696	7539
400	21	5	60	1700	5465
401	0	28	80	1704	16670
402	0	28	60	1708	7910
403	1	13	20	1712	4032
404	6	30	80	1716	4058
405	21	5	20	1720	31299
406	8	23	40	1724	22764
407	2	30	80	1728	8880
408	20	16	60	1732	1138
409	3	22	80	1736	9416
410	2	30	60	1740	2083
411	0	28	60	1744	8819
412	8	23	20	1748	7713
413	4	10	80	1752	15956
414	4	10	40	1756	2547
415	8	23	20	1760	16510
416	1	13	40	1764	10179
417	21	5	60	1768	7631
418	2	30	80	1772	24435
419	8	23	60	1776	791
420	20	16	80	1780	15207
421	17	5	20	1784	3146
422	4	10	60	1788	9441
423	6	30	20	1792	15625
424	6	30	60	1796	14977
425	4	10	40	1800	5908
426	8	23	60	1804	2016
427	3	22	80	1808	7847
428	2	30	40	1812	6919
429	0	28	20	1816	2901
430	2	30	40	1820	3762
431	20	16	20	1824	2686
432	20	16	80	1828	18726
433	8	23	40	1832	3634
434	20	16	80	1836	8474
435	20	16	80	1840	6830
436	6	30	40	1844	8578
437	2	30	60	1848	23058
438	6	30	40	1852	2845
439	1	13	60	1856	11862
440	3	22	40	1860	18815
441	3	22	40	1864	15957
442	3	22	60	1868	2340
443	1	13	40	1872	20489
444	3	22	60	1876	25336
445	20	16	40	1880	13125
446	17	5	20	1884	20280
447	6	30	60	1888	8091
448	4	10	60	1892	23841
449	6	30	60	1896	4484
450	20	16	80	1900	6424
451	4	10	60	1904	27024
452	21	5	20	1908	4765
453	6	30	80	1912	2061
454	17	5	80	1916	16543
455	17	5	60	1920	1742
456	8	23	20	1924	2768
457	4	10	40	1928	16863
458	8	23	40	1932	10196
459	0	28	60	1936	27410
460	0	28	40	1940	17724
461	3	22	60	1944	5543
462	0	28	60	1948	1061
463	20	16	40	1952	25028
464	1	13	60	1956	3852
465	3	22	60	1960	38270
466	1	13	60	2000	15734
467	20	16	60	2005	2872
468	6	30	80	2010	3120
469	4	10	60	2015	16988
470	1	13	80	2020	3240
471	17	5	60	2025	15200
472	2	30	40	2030	3603
473	1	13	40	2035	3318
474	2	30	20	2040	3814
475	6	30	60	2045	48842
476	6	30	60	2050	659
477	2	30	20	2055	15535
478	2	30	60	2060	22694
479	8	23	40	2065	589
480	8	23	40	2070	10220
481	1	13	20	2075	13094
482	17	5	40	2080	11521
483	8	23	60	2085	1621
484	0	28	40	2090	19325
485	21	5	80	2095	5626
486	1	13	80	2100	24745
487	3	22	20	2105	12000
488	17	5	60	2110	8639
489	0	28	40	2115	5568
490	3	22	80	2120	3104
491	0	28	20	2125	16928
492	8	23	40	2130	3961
493	6	30	60	2135	4504
494	0	28	20	2140	23270
495	0	28	80	2145	6569
496	3	22	80	2150	12625
497	4	10	20	2155	4304
498	0	28	80	2160	9424
499	20	16	20	2165	30328
500	21	5	60	2170	32718
501	20	16	40	2175	11074
502	20	16	60	2180	3637
503	20	16	20	2185	1339
504	4	10	80	2190	937
505	1	13	40	2195	14301
506	1	13	20	2200	12107
507	6	30	80	2205	1080
508	3	22	80	2210	26007
509	2	30	20	2215	17385
510	3	22	20	2220	1022
511	3	22	80	2225	7848
512	2	30	80	2230	28322
513	20	16	80	2235	8921
514	3	22	40	2240	4713
515	20	16	40	2245	1364
516	4	10	20	2250	16770
517	4	10	80	2255	38123
518	17	5	20	2260	942
519	3	22	60	2265	27666
520	1	13	80	2270	1078
521	21	5	60	2275	1242
522	0	28	20	2280	14433
523	6	30	60	2285	23397
524	1	13	60	2290	9041
525	1	13	80	2295	7861
526	2	30	20	2300	6895
527	21	5	60	2305	35122
528	0	28	40	2310	5842
529	1	13	20	2315	22825
530	2	30	80	2320	4844
531	0	28	40	2325	16736
532	2	30	40	2330	2409
533	2	30	60	2335	31738
534	20	16	80	2340	1443
535	8	23	80	2345	42358
536	1	13	40	2350	6183
537	20	16	40	2355	8597
538	2	30	60	2360	631
539	20	16	80	2365	1316
540	8	23	60	2370	16115
541	6	30	80	2375	18539
542	0	28	20	2400	16474
543	8	23	40	2405	16543
544	8	23	20	2410	4102
545	20	16	20	2415	16536
546	17	5	20	2420	22799
547	8	23	40	2425	16957
548	1	13	40	2430	53242
549	1	13	60	2435	16572
550	6	30	80	2440	13259
551	20	16	80	2445	14151
552	8	23	20	2450	3071
553	8	23	40	2455	12386
554	17	5	40	2460	21559
555	20	16	80	2465	21708
556	17	5	40	2470	27995
557	4	10	80	2475	6206
558	17	5	40	2480	10306
559	2	30	20	2485	10832
560	17	5	20	2490	3601
561	3	22	60	2495	14013
562	6	30	40	2500	14475
563	1	13	60	2505	424
564	20	16	40	2510	6809
565	3	22	80	2515	4798
566	1	13	60	2520	4247
567	20	16	20	2525	45067
568	0	28	20	2530	6355
569	21	5	40	2535	5245
570	21	5	80	2540	14642
571	6	30	80	2545	3313
572	1	13	40	2550	28507
573	17	5	20	2555	42775
574	21	5	20	2560	2111
575	6	30	80	2565	4268
576	21	5	40	2570	5201
577	4	10	60	2575	36328
578	17	5	60	2580	10074
579	1	13	60	2585	18243
580	2	30	60	2590	11937
581	8	23	80	2595	13689
582	8	23	20	2600	38118
583	20	16	60	2605	12152
584	6	30	40	2610	2410
585	3	22	20	2615	12247
586	3	22	20	2620	8965
587	6	30	80	2625	9270
588	4	10	20	2630	1195
589	20	16	80	2635	3894
590	17	5	60	2640	841
591	21	5	40	2645	81508
592	1	13	80	2650	32835
593	20	16	40	2655	7321
594	1	13	80	2660	22343
595	2	30	20	2665	615
596	0	28	60	2670	1078
597	17	5	60	2675	14931
598	8	23	20	2680	4541
599	3	22	40	2685	38624
600	17	5	40	2690	7169
601	17	5	80	2695	24839
602	8	23	40	2700	5085
603	4	10	20	2705	12062
604	3	22	60	2710	538
605	0	28	80	2715	6693
606	21	5	40	2720	18471
607	17	5	80	2725	3518
608	20	16	20	2730	7902
609	2	30	60	2735	9184
610	1	13	40	2740	7950
611	4	10	60	2745	36298
612	8	23	40	2750	21672
613	8	23	80	2755	19016
614	0	28	60	2760	40000
615	2	30	40	2765	10375
616	21	5	40	2770	15742
617	6	30	80	2775	793
618	6	30	40	2780	22990
619	8	23	20	2785	18922
620	20	16	60	2790	19514
621	6	30	60	2800	17123
622	6	30	20	2805	25621
623	0	28	40	2810	1726
624	17	5	80	2815	4049
625	0	28	40	2820	14687
626	4	10	80	2825	4384
627	2	30	80	2830	7181
628	8	23	40	2835	1630
629	4	10	20	2840	1417
630	6	30	20	2845	2879
631	17	5	80	2850	12255
632	17	5	60	2855	12143
633	4	10	40	2860	11241
634	2	30	20	2865	4833
635	4	10	60	2870	16946
636	0	28	40	2875	4895
637	2	30	20	2880	4702
638	8	23	80	2885	10784
639	6	30	40	2890	16850
640	8	23	60	2895	23103
641	6	30	20	2900	3811
642	8	23	80	2905	688
643	2	30	60	2910	9851
644	21	5	40	2915	18883
645	4	10	80	2920	1483
646	1	13	20	2925	2137
647	4	10	20	2930	1812
648	20	16	80	2935	8136
649	20	16	40	2940	3708
650	6	30	60	2945	4615
651	6	30	60	2950	267
652	2	30	20	2955	23513
653	20	16	80	2960	8849
654	4	10	60	2965	2044
655	2	30	80	2970	14048
656	3	22	80	2975	57995
657	6	30	20	2980	2850
658	6	30	20	2985	5125
659	2	30	40	2990	4948
660	6	30	80	2995	1553
661	4	10	60	3000	4897
662	1	13	60	3005	1630
663	4	10	20	3010	5563
664	8	23	40	3015	4654
665	2	30	60	3020	22338
666	6	30	20	3025	4538
667	1	13	20	3030	3098
668	3	22	60	3035	7470
669	6	30	20	3040	2797
670	1	13	80	3045	3353
671	4	10	20	3050	6259
672	17	5	80	3055	7642
673	0	28	80	3060	1242
674	0	28	60	3065	33606
675	3	22	40	3070	9090
676	20	16	80	3075	14617
677	2	30	40	3080	4659
678	2	30	80	3085	5010
679	4	10	80	3090	2238
680	17	5	40	3095	9390
681	0	28	80	3100	2176
682	2	30	80	3105	38029
683	21	5	80	3110	23699
684	20	16	40	3115	18849
685	20	16	40	3120	2548
686	8	23	60	3125	18213
687	17	5	60	3130	1463
688	20	16	60	3135	7205
689	0	28	40	3140	12317
690	1	13	60	3145	17345
691	4	10	40	3150	1583
692	21	5	80	3155	45081
693	3	22	60	3160	3532
694	20	16	40	3165	12027
695	1	13	80	3170	8783
696	4	10	60	3175	1880
697	1	13	60	3200	13852
698	6	30	40	3206	3269
699	4	10	80	3212	35511
700	17	5	80	3218	19392
701	20	16	80	3224	32908
702	0	28	40	3230	13551
703	3	22	80	3236	4016
704	21	5	60	3242	267
705	0	28	60	3248	29278
706	8	23	80	3254	9607
707	2	30	20	3260	17161
708	20	16	40	3266	10480
709	1	13	20	3272	11785
710	2	30	20	3278	50908
711	0	28	60	3284	13313
712	2	30	20	3290	24491
713	0	28	40	3296	2343
714	4	10	80	3302	19024
715	6	30	20	3308	37371
716	1	13	60	3314	5681
717	4	10	60	3320	3708
718	4	10	60	3326	10378
719	21	5	80	3332	1673
720	8	23	80	3338	790
721	8	23	60	3344	2679
722	1	13	60	3350	17961
723	3	22	40	3356	20693
724	4	10	40	3362	7034
725	21	5	40	3368	1536
726	21	5	20	3374	6741
727	6	30	20	3380	2921
728	0	28	60	3386	7514
729	17	5	60	3392	6540
730	17	5	80	3398	5854
731	17	5	20	3404	236
732	21	5	80	3410	1043
733	21	5	80	3416	5994
734	8	23	20	3422	5522
735	17	5	40	3428	11213
736	20	16	60	3434	8059
737	20	16	20	3440	13432
738	20	16	40	3446	21932
739	17	5	80	3452	25372
740	2	30	60	3458	12272
741	3	22	40	3464	243
742	20	16	20	3470	9121
743	17	5	40	3476	20980
744	21	5	40	3482	12808
745	0	28	80	3488	1185
746	1	13	40	3494	3508
747	21	5	60	3500	19266
748	20	16	80	3506	7391
749	3	22	40	3512	13575
750	20	16	40	3518	1836
751	0	28	80	3524	25368
752	8	23	20	3530	1342
753	17	5	60	3536	1376
754	17	5	20	3542	25889
755	2	30	20	3548	11031
756	17	5	40	3600	2084
757	8	23	20	3606	23173
758	17	5	40	3612	22055
759	0	28	20	3618	27851
760	3	22	40	3624	7916
761	1	13	60	3630	4893
762	2	30	60	3636	4200
763	0	28	60	3642	2124
764	2	30	40	3648	3283
765	4	10	80	3654	40629
766	2	30	80	3660	10612
767	6	30	20	3666	7776
768	4	10	40	3672	19838
769	6	30	40	3678	2498
770	8	23	40	3684	7538
771	2	30	60	3690	14594
772	4	10	40	3696	6674
773	8	23	80	3702	14431
774	4	10	20	3708	8075
775	3	22	40	3714	535
776	21	5	60	3720	13222
777	3	22	20	3726	36000
778	8	23	80	3732	2173
779	3	22	60	3738	5160
780	6	30	20	3744	24181
781	20	16	40	3750	11950
782	6	30	40	3756	16937
783	8	23	20	3762	18613
784	20	16	40	3768	3913
785	17	5	80	3774	8483
786	1	13	80	3780	29389
787	20	16	40	3786	44216
788	20	16	80	3792	8530
789	4	10	80	3798	17513
790	0	28	20	3804	7125
791	3	22	40	3810	12065
792	0	28	60	3816	21452
793	20	16	40	3822	33249
794	4	10	40	3828	6055
795	0	28	80	3834	4374
796	1	13	80	3840	15481
797	17	5	40	3846	5546
798	6	30	20	3852	10598
799	2	30	40	3858	14051
800	21	5	20	3864	8488
801	8	23	20	3870	17984
802	2	30	40	3876	56073
803	4	10	40	3882	3807
804	21	5	80	3888	2842
805	8	23	60	3894	6920
806	8	23	60	3900	7231
807	0	28	40	3906	6255
808	3	22	40	3912	11565
809	4	10	60	3918	22045
810	4	10	60	3924	32521
811	6	30	20	3930	2816
812	0	28	20	3936	14029
813	6	30	80	3942	8112
814	4	10	80	3948	429
815	3	22	80	3954	22961
816	8	23	40	3960	10372
817	6	30	40	3966	8495
818	1	13	40	3972	25848
819	4	10	40	3978	15826
820	3	22	20	4000	647
821	3	22	60	4005	11364
822	6	30	40	4010	41356
823	0	28	40	4015	501
824	4	10	20	4020	16173
825	2	30	20	4025	21430
826	2	30	80	4030	24574
827	4	10	20	4035	8061
828	1	13	40	4040	4337
829	3	22	40	4045	2444
830	2	30	60	4050	4608
831	17	5	20	4055	4239
832	21	5	20	4060	5424
833	3	22	60	4065	7748
834	8	23	40	4070	22174
835	20	16	20	4075	1133
836	8	23	20	4080	12257
837	1	13	80	4085	7946
838	17	5	40	4090	10326
839	2	30	60	4095	21994
840	2	30	40	4100	668
841	0	28	60	4105	8496
842	6	30	80	4110	5286
843	4	10	40	4115	13233
844	20	16	20	4120	21561
845	6	30	80	4125	3270
846	2	30	20	4130	34748
847	6	30	80	4135	5009
848	6	30	40	4140	27906
849	0	28	60	4145	9419
850	4	10	40	4150	15569
851	6	30	40	4155	2941
852	21	5	20	4160	7988
853	1	13	60	4165	23087
854	20	16	40	4170	12174
855	4	10	60	4175	27038
856	1	13	80	4180	19830
857	2	30	80	4185	35883
858	20	16	20	4190	9104
859	4	10	80	4195	5708
860	4	10	80	4200	10051
861	1	13	60	4205	39694
862	20	16	20	4210	1303
863	0	28	20	4215	6834
864	2	30	80	4220	8853
865	8	23	60	4225	12121
866	21	5	20	4230	22413
867	8	23	60	4235	2884
868	17	5	40	4240	12561
869	4	10	60	4245	34803
870	8	23	80	4250	2866
871	4	10	60	4255	1189
872	8	23	20	4260	31957
873	17	5	60	4265	539
874	1	13	20	4270	13611
875	2	30	40	4275	9453
876	17	5	60	4280	3545
877	0	28	80	4285	4281
878	0	28	20	4290	2779
879	20	16	40	4295	8357
880	0	28	80	4300	26229
881	8	23	80	4305	9052
882	20	16	60	4310	10610
883	0	28	60	4315	17098
884	17	5	80	4320	7339
885	8	23	40	4325	1284
886	0	28	20	4330	20026
887	6	30	40	4335	8552
888	4	10	40	4340	21863
889	2	30	80	4345	35362
890	17	5	40	4350	3970
891	4	10	20	4355	14062
892	1	13	60	4360	36582
893	4	10	60	4365	2655
894	21	5	60	4370	3822
895	0	28	80	4375	1142
896	1	13	60	4380	6219
897	6	30	80	4400	30627
898	2	30	40	4404	1897
899	2	30	60	4408	2652
900	21	5	80	4412	5990
901	8	23	60	4416	15760
902	8	23	40	4420	14145
903	0	28	60	4424	37834
904	4	10	60	4428	4830
905	0	28	80	4432	12008
906	17	5	20	4436	4061
907	17	5	40	4440	7004
908	0	28	40	4444	2317
909	8	23	20	4448	1161
910	6	30	80	4452	12231
911	0	28	80	4456	8520
912	1	13	60	4460	16302
913	0	28	80	4464	366
914	4	10	80	4468	8102
915	21	5	80	4472	459
916	2	30	80	4476	5667
917	20	16	40	4480	5049
918	1	13	20	4484	45111
919	6	30	60	4488	6543
920	8	23	60	4492	20866
921	2	30	60	4496	4910
922	2	30	40	4500	5647
923	8	23	60	4504	14505
924	8	23	40	4508	13062
925	2	30	60	4512	8864
926	2	30	80	4516	1835
927	2	30	60	4520	15790
928	1	13	80	4524	17696
929	0	28	40	4528	10627
930	0	28	60	4532	1819
931	2	30	80	4536	4872
932	21	5	40	4540	2004
933	17	5	60	4544	101
934	1	13	40	4548	1379
935	4	10	40	4552	2042
936	0	28	60	4556	21794
937	17	5	80	4560	11920
938	8	23	80	4564	6705
939	17	5	20	4568	20926
940	17	5	20	4572	20205
941	1	13	60	4576	5532
942	6	30	20	4580	4878
943	21	5	40	4584	16445
944	8	23	20	4588	4424
945	21	5	40	4592	17811
946	2	30	40	4596	35304
947	1	13	60	4600	30688
948	20	16	60	4604	14753
949	20	16	80	4608	3218
950	17	5	80	4612	15036
951	2	30	40	4616	754
952	4	10	80	4620	34892
953	21	5	80	4624	15531
954	6	30	20	4628	5621
955	4	10	20	4632	706
956	3	22	20	4636	5275
957	20	16	80	4640	56400
958	3	22	40	4644	4177
959	1	13	20	4648	19870
960	21	5	80	4652	8093
961	6	30	60	4656	9726
962	21	5	40	4660	13340
963	20	16	20	4664	10643
964	8	23	40	4668	36335
965	3	22	80	4672	4373
966	2	30	60	4676	5253
967	3	22	20	4680	15915
968	17	5	60	4684	30528
969	0	28	40	4688	4885
970	21	5	40	4692	2680
971	3	22	80	4696	16480
972	2	30	40	4700	29631
973	3	22	80	4704	1972
974	8	23	40	4708	11177
975	6	30	80	4712	7281
976	21	5	60	4716	21
977	4	10	20	4720	11910
978	0	28	40	4724	5992
979	17	5	80	4728	26483
980	0	28	40	4732	10269
981	1	13	40	4736	2971
982	3	22	80	4740	293
983	1	13	20	4744	9212
984	1	13	40	4748	24778
985	17	5	40	4800	996
986	17	5	20	4805	5898
987	0	28	40	4810	6701
988	2	30	60	4815	12073
989	8	23	40	4820	633
990	0	28	20	4825	19362
991	0	28	80	4830	22485
992	4	10	60	4835	4908
993	6	30	80	4840	11580
994	0	28	20	4845	4888
995	2	30	60	4850	3595
996	3	22	40	4855	14382
997	8	23	80	4860	16442
998	1	13	80	4865	18983
999	2	30	20	4870	34
1000	6	30	80	4875	6511
1001	17	5	40	4880	2869
1002	2	30	20	4885	12
1003	17	5	40	4890	5604
1004	2	30	40	4895	428
1005	6	30	20	4900	41157
1006	20	16	80	4905	1888
1007	0	28	80	4910	18949
1008	0	28	60	4915	1532
1009	0	28	40	4920	30180
1010	21	5	60	4925	684
1011	17	5	20	4930	15550
1012	20	16	40	4935	10930
1013	6	30	40	4940	6210
1014	0	28	60	4945	3199
1015	8	23	60	4950	3796
1016	2	30	60	4955	9090
1017	8	23	40	4960	1741
1018	21	5	60	4965	15060
1019	21	5	20	4970	24656
1020	4	10	80	4975	29889
1021	2	30	20	4980	31344
1022	0	28	60	4985	1266
1023	2	30	20	4990	24483
1024	0	28	20	4995	9152
1025	8	23	60	5000	5238
1026	17	5	40	5005	6352
1027	21	5	40	5010	4216
1028	2	30	80	5015	20376
1029	4	10	80	5020	5115
1030	1	13	40	5025	16953
1031	1	13	60	5030	3545
1032	3	22	20	5035	21617
1033	21	5	40	5040	5935
1034	3	22	20	5045	7644
1035	1	13	20	5050	5399
1036	17	5	20	5055	2955
1037	4	10	60	5060	12634
1038	17	5	60	5065	8338
1039	8	23	40	5070	28316
1040	17	5	40	5075	32634
1041	21	5	40	5080	10829
1042	0	28	80	5085	4418
1043	2	30	40	5090	15072
1044	17	5	60	5095	66325
1045	1	13	80	5100	928
1046	1	13	40	5105	3430
1047	20	16	20	5110	32207
1048	4	10	20	5115	5834
1049	4	10	60	5120	785
1050	0	28	80	5125	15611
1051	8	23	20	5130	9941
1052	17	5	40	5135	378
1053	3	22	80	5140	30697
1054	21	5	40	5145	1075
1055	3	22	80	5150	8131
1056	17	5	80	5155	1432
1057	0	28	80	5160	1685
1058	17	5	20	5165	21957
1059	6	30	80	5170	13722
1060	21	5	60	5200	9758
1061	1	13	40	5205	22711
1062	17	5	80	5210	45213
1063	8	23	80	5215	17783
1064	17	5	80	5220	2129
1065	8	23	80	5225	19290
1066	6	30	20	5230	26642
1067	1	13	20	5235	2792
1068	1	13	40	5240	32408
1069	17	5	60	5245	24637
1070	21	5	60	5250	652
1071	17	5	20	5255	25456
1072	17	5	60	5260	12068
1073	1	13	40	5265	19890
1074	17	5	60	5270	33324
1075	21	5	40	5275	4675
1076	1	13	40	5280	11566
1077	17	5	20	5285	5833
1078	3	22	60	5290	24856
1079	20	16	20	5295	7374
1080	6	30	20	5300	1332
1081	17	5	20	5305	7831
1082	3	22	20	5310	29067
1083	21	5	40	5315	16808
1084	4	10	80	5320	11590
1085	6	30	40	5325	2576
1086	2	30	40	5330	3055
1087	20	16	20	5335	29217
1088	0	28	80	5340	4356
1089	0	28	20	5345	46348
1090	3	22	20	5350	3449
1091	17	5	20	5355	1095
1092	8	23	40	5360	20023
1093	2	30	60	5365	20547
1094	17	5	60	5370	5150
1095	21	5	80	5375	1062
1096	20	16	40	5380	11533
1097	4	10	80	5385	9194
1098	3	22	60	5390	9651
1099	2	30	60	5395	2623
1100	6	30	80	5400	2426
1101	20	16	40	5405	502
1102	17	5	80	5410	81353
1103	8	23	60	5415	8642
1104	21	5	20	5420	125
1105	2	30	80	5425	22575
1106	17	5	40	5430	31754
1107	21	5	80	5435	3006
1108	6	30	40	5440	50219
1109	0	28	80	5445	17277
1110	1	13	60	5450	24818
1111	0	28	60	5455	15602
1112	8	23	40	5460	3565
1113	20	16	80	5465	5744
1114	0	28	80	5470	10302
1115	17	5	60	5475	964
1116	17	5	20	5480	33375
1117	0	28	60	5485	3032
1118	1	13	20	5490	1999
1119	3	22	40	5495	41828
1120	3	22	60	5500	10262
1121	6	30	80	5505	46377
1122	1	13	20	5510	28017
1123	1	13	20	5515	36913
1124	6	30	40	5520	11668
1125	17	5	40	5525	40459
1126	1	13	60	5530	853
1127	6	30	80	5535	20227
1128	2	30	60	5540	7403
1129	1	13	60	5545	23008
1130	17	5	20	5550	14656
1131	21	5	40	5555	1044
1132	4	10	60	5560	21431
1133	0	28	80	5565	13582
1134	3	22	40	5570	3876
1135	6	30	60	5575	794
1136	0	28	40	5580	7858
1137	21	5	60	5600	6088
1138	0	28	40	5605	16310
1139	2	30	80	5610	17727
1140	21	5	80	5615	3680
1141	4	10	40	5620	38
1142	4	10	80	5625	31507
1143	20	16	20	5630	9355
1144	20	16	60	5635	1336
1145	3	22	60	5640	8865
1146	1	13	80	5645	21278
1147	8	23	40	5650	6767
1148	2	30	80	5655	3345
1149	20	16	20	5660	3805
1150	17	5	60	5665	1904
1151	17	5	60	5670	6015
1152	2	30	80	5675	5770
1153	0	28	20	5680	10503
1154	17	5	20	5685	11661
1155	0	28	80	5690	2738
1156	17	5	40	5695	1779
1157	8	23	60	5700	552
1158	0	28	20	5705	26655
1159	17	5	80	5710	549
1160	0	28	20	5715	18113
1161	2	30	60	5720	1458
1162	6	30	40	5725	17186
1163	3	22	60	5730	1695
1164	2	30	80	5735	715
1165	3	22	20	5740	18739
1166	6	30	80	5745	27065
1167	8	23	60	5750	10395
1168	6	30	60	5755	1322
1169	4	10	20	5760	8613
1170	17	5	20	5765	10898
1171	1	13	60	5770	9321
1172	20	16	40	5775	7851
1173	20	16	20	5780	5769
1174	8	23	40	5785	14657
1175	17	5	20	5790	10173
1176	0	28	20	5795	633
1177	1	13	80	5800	5387
1178	2	30	60	5805	22643
1179	2	30	80	5810	1257
1180	21	5	40	5815	1746
1181	6	30	20	5820	12179
1182	3	22	20	5825	10165
1183	2	30	40	5830	2508
1184	2	30	20	5835	14701
1185	20	16	40	5840	4469
1186	6	30	40	5845	14513
1187	4	10	60	5850	3438
1188	1	13	60	5855	691
1189	3	22	60	5860	897
1190	21	5	40	5865	31280
1191	3	22	80	5870	6861
1192	8	23	60	5875	8472
1193	2	30	40	5880	14382
1194	2	30	80	5885	59152
1195	4	10	40	5890	1946
1196	20	16	20	5895	3324
1197	0	28	40	5900	19065
1198	21	5	40	5905	7930
1199	6	30	40	5910	4543
1200	21	5	60	5915	11838
1201	6	30	40	5920	3463
1202	1	13	80	5925	4746
1203	17	5	60	5930	15764
1204	1	13	20	5935	13487
1205	8	23	20	5940	11195
1206	17	5	20	5945	29449
1207	2	30	80	5950	0
1208	3	22	80	5955	25248
1209	20	16	20	5960	614
1210	20	16	80	5965	1986
1211	8	23	40	6000	17959
1212	4	10	80	6004	2625
1213	17	5	20	6008	18844
1214	0	28	40	6012	28804
1215	6	30	80	6016	1829
1216	20	16	60	6020	9398
1217	2	30	20	6024	10199
1218	0	28	40	6028	6651
1219	2	30	40	6032	16488
1220	17	5	80	6036	1112
1221	1	13	40	6040	12463
1222	4	10	80	6044	8895
1223	2	30	80	6048	394
1224	8	23	80	6052	10580
1225	4	10	40	6056	2110
1226	6	30	80	6060	411
1227	21	5	80	6064	18268
1228	21	5	20	6068	5911
1229	1	13	20	6072	9728
1230	20	16	20	6076	4800
1231	20	16	60	6080	3542
1232	4	10	60	6084	25259
1233	8	23	20	6088	9144
1234	6	30	20	6092	7672
1235	1	13	80	6096	25925
1236	3	22	40	6100	4468
1237	4	10	40	6104	22003
1238	1	13	40	6108	8649
1239	6	30	80	6112	1259
1240	1	13	20	6116	6067
1241	2	30	40	6120	14513
1242	0	28	80	6124	5565
1243	2	30	60	6128	72
1244	3	22	80	6132	30225
1245	1	13	20	6136	1951
1246	20	16	80	6140	3276
1247	21	5	60	6144	15036
1248	1	13	20	6148	18673
1249	8	23	80	6152	22875
1250	6	30	60	6156	11197
1251	8	23	80	6160	13281
1252	0	28	80	6164	5550
1253	6	30	80	6168	16012
1254	21	5	60	6172	3083
1255	6	30	40	6176	47612
1256	1	13	40	6180	15590
1257	17	5	80	6184	4183
1258	1	13	80	6188	1883
1259	8	23	60	6192	8651
1260	1	13	40	6196	10208
1261	1	13	40	6200	1702
1262	6	30	60	6204	11331
1263	1	13	60	6208	4673
1264	0	28	80	6212	15286
1265	20	16	20	6216	27276
1266	1	13	60	6220	27389
1267	21	5	80	6224	13061
1268	3	22	80	6228	4622
1269	17	5	40	6232	298
1270	1	13	60	6236	21299
1271	4	10	40	6240	14564
1272	1	13	60	6244	729
1273	6	30	60	6248	4731
1274	1	13	20	6252	5170
1275	6	30	40	6256	5871
1276	0	28	60	6260	3858
1277	2	30	40	6264	8743
1278	20	16	20	6268	1437
1279	6	30	60	6272	6868
1280	6	30	60	6276	30665
1281	17	5	20	6280	4616
1282	6	30	80	6284	59113
1283	0	28	40	6288	9255
1284	8	23	40	6292	35665
1285	2	30	20	6296	12956
1286	20	16	80	6300	25981
1287	20	16	60	6304	1830
1288	20	16	60	6308	4394
1289	20	16	80	6312	8110
1290	0	28	40	6316	2056
1291	6	30	40	6320	200
1292	3	22	40	6324	14246
1293	4	10	80	6328	109335
1294	4	10	40	6332	8977
1295	20	16	80	6336	3688
1296	21	5	60	6400	1139
1297	17	5	20	6404	596
1298	1	13	60	6408	4038
1299	3	22	60	6412	272
1300	20	16	40	6416	3486
1301	1	13	80	6420	10287
1302	3	22	60	6424	6024
1303	3	22	60	6428	17350
1304	6	30	20	6432	252
1305	1	13	40	6436	28090
1306	4	10	40	6440	11311
1307	4	10	20	6444	545
1308	3	22	80	6448	5865
1309	1	13	20	6452	21968
1310	4	10	60	6456	14694
1311	17	5	20	6460	2825
1312	20	16	80	6464	2402
1313	8	23	20	6468	14829
1314	0	28	80	6472	10739
1315	3	22	20	6476	3509
1316	8	23	40	6480	1803
1317	4	10	40	6484	915
1318	6	30	40	6488	5616
1319	21	5	80	6492	741
1320	20	16	40	6496	141
1321	2	30	80	6500	16951
1322	17	5	40	6504	5292
1323	4	10	20	6508	21150
1324	21	5	80	6512	24219
1325	8	23	40	6516	20182
1326	1	13	80	6520	96
1327	8	23	80	6524	730
1328	0	28	20	6528	19259
1329	1	13	20	6532	1071
1330	17	5	60	6536	4217
1331	1	13	60	6540	3081
1332	0	28	60	6544	3162
1333	6	30	60	6548	1137
1334	6	30	20	6552	2435
1335	4	10	60	6556	5107
1336	4	10	60	6560	31027
1337	2	30	40	6564	3109
1338	4	10	40	6568	8726
1339	4	10	80	6572	553
1340	21	5	80	6576	614
1341	4	10	60	6580	22049
1342	6	30	80	6584	16870
1343	21	5	40	6588	7549
1344	4	10	20	6592	18454
1345	2	30	40	6596	35401
1346	6	30	60	6600	21628
1347	8	23	20	6604	50825
1348	4	10	80	6608	6301
1349	1	13	40	6612	3829
1350	2	30	60	6616	1603
1351	2	30	40	6620	207
1352	2	30	60	6624	13478
1353	4	10	80	6628	3071
1354	3	22	40	6632	129
1355	8	23	60	6636	8213
1356	3	22	60	6640	2967
1357	20	16	60	6644	10025
1358	6	30	60	6648	27317
1359	20	16	80	6652	2781
1360	0	28	60	6656	27135
1361	17	5	40	6660	9617
1362	4	10	20	6664	3378
1363	1	13	60	6668	4300
1364	3	22	40	6672	9406
1365	3	22	20	6676	7838
1366	17	5	40	6680	45889
1367	4	10	20	6684	1144
1368	0	28	20	6688	8951
1369	8	23	40	6692	3368
1370	17	5	60	6696	4786
1371	4	10	20	6700	29061
1372	20	16	20	6704	9762
1373	1	13	60	6708	4782
1374	20	16	80	6712	121
1375	6	30	60	6716	2249
1376	21	5	80	6720	19
1377	0	28	80	6724	26451
1378	20	16	80	6728	530
1379	6	30	60	6732	30226
1380	0	28	80	6736	46293
1381	4	10	60	6740	272
1382	2	30	20	6744	12617
1383	20	16	80	6748	8956
1384	17	5	60	6752	38723
1385	6	30	40	6800	3929
1386	17	5	80	6805	9627
1387	6	30	80	6810	69
1388	1	13	20	6815	997
1389	20	16	60	6820	13979
1390	0	28	80	6825	1637
1391	6	30	80	6830	5324
1392	8	23	60	6835	4822
1393	6	30	40	6840	4450
1394	4	10	40	6845	1939
1395	20	16	60	6850	8283
1396	0	28	40	6855	10858
1397	3	22	40	6860	7253
1398	3	22	20	6865	30859
1399	1	13	20	6870	4375
1400	3	22	80	6875	41881
1401	1	13	40	6880	16355
1402	6	30	20	6885	7390
1403	21	5	40	6890	2146
1404	3	22	60	6895	34652
1405	17	5	60	6900	2887
1406	2	30	40	6905	7403
1407	1	13	20	6910	5096
1408	6	30	80	6915	2916
1409	17	5	80	6920	21971
1410	20	16	60	6925	8174
1411	2	30	80	6930	4795
1412	20	16	80	6935	8885
1413	20	16	20	6940	45749
1414	20	16	80	6945	3105
1415	6	30	80	6950	24795
1416	6	30	20	6955	27723
1417	6	30	40	6960	15252
1418	3	22	80	6965	5002
1419	17	5	20	6970	3680
1420	4	10	20	6975	31563
1421	2	30	60	6980	43059
1422	2	30	20	6985	135
1423	1	13	40	6990	21815
1424	6	30	40	6995	1495
1425	2	30	60	7000	42306
1426	21	5	40	7005	10418
1427	4	10	60	7010	3402
1428	21	5	40	7015	2373
1429	20	16	40	7020	8596
1430	4	10	20	7025	10283
1431	3	22	60	7030	9528
1432	21	5	60	7035	40604
1433	17	5	60	7040	16058
1434	1	13	60	7045	35935
1435	17	5	40	7050	3211
1436	17	5	60	7055	9923
1437	6	30	60	7060	8005
1438	8	23	20	7065	10456
1439	0	28	20	7070	16466
1440	3	22	80	7075	20499
1441	21	5	80	7080	2763
1442	0	28	80	7085	18728
1443	2	30	40	7090	3293
1444	20	16	20	7095	2588
1445	17	5	20	7100	19204
1446	8	23	20	7105	21639
1447	21	5	60	7110	5225
1448	8	23	60	7115	1024
1449	17	5	40	7120	3874
1450	4	10	40	7125	10929
1451	6	30	20	7130	25043
1452	0	28	40	7135	1435
1453	6	30	20	7140	12926
1454	21	5	80	7145	5689
1455	1	13	20	7150	70315
1456	17	5	20	7155	15840
1457	4	10	80	7160	11680
1458	1	13	20	7165	572
1459	0	28	80	7170	43671
1460	1	13	20	7175	12046
1461	21	5	80	7180	2882
1462	4	10	80	7185	2186
1463	6	30	60	7190	14620
1464	4	10	60	7195	3681
1465	8	23	80	7200	35026
1466	6	30	20	7205	5417
1467	1	13	20	7210	18467
1468	21	5	40	7215	340
1469	0	28	40	7220	59914
1470	8	23	40	7225	4465
1471	0	28	40	7230	6412
1472	20	16	20	7235	1780
1473	3	22	80	7240	10829
1474	6	30	20	7245	7072
1475	8	23	40	7250	15373
1476	1	13	80	7255	2415
1477	0	28	80	7260	17698
1478	2	30	20	7265	12379
1479	21	5	40	7270	4609
1480	8	23	60	7275	1744
1481	20	16	80	7280	3094
1482	17	5	80	7285	2163
1483	17	5	80	7290	28064
1484	6	30	20	7295	29398
1485	17	5	80	7300	14432
1486	3	22	40	7305	6856
1487	1	13	60	7310	4394
1488	0	28	80	7315	5357
1489	0	28	60	7320	36639
1490	20	16	40	7325	8363
1491	4	10	60	7330	33847
1492	3	22	60	7335	6961
1493	6	30	20	7340	11234
1494	17	5	20	7345	1437
1495	6	30	80	7350	11155
1496	2	30	20	7355	478
1497	6	30	40	7360	1075
1498	17	5	60	7365	44673
1499	3	22	20	7370	3421
1500	2	30	80	7375	6848
1501	4	10	20	7380	613
1502	20	16	40	7385	4717
1503	6	30	20	7390	1113
1504	1	13	20	7395	40295
1505	4	10	80	7400	2437
1506	8	23	80	7405	16076
1507	21	5	60	7410	8765
1508	20	16	80	7415	2891
1509	0	28	60	7420	12781
1510	20	16	40	7425	20236
1511	17	5	40	7430	39144
1512	1	13	60	7435	46137
1513	3	22	60	7440	15608
1514	3	22	40	7445	21872
1515	1	13	20	7450	6255
1516	20	16	80	7455	596
1517	8	23	80	7460	3662
1518	0	28	60	7465	18762
1519	6	30	60	7470	9977
1520	3	22	60	7475	8578
1521	3	22	60	7480	700
1522	0	28	40	7485	6646
1523	8	23	80	7490	937
1524	0	28	20	7495	8111
1525	1	13	60	7500	5549
1526	8	23	80	7505	43686
1527	3	22	80	7510	9059
1528	4	10	80	7515	7882
1529	0	28	40	7520	21991
1530	3	22	40	7525	13792
1531	8	23	40	7530	1219
1532	1	13	20	7535	19038
1533	20	16	20	7540	6040
1534	6	30	40	7545	25859
1535	1	13	60	7550	1072
1536	20	16	60	7555	27901
1537	3	22	80	7560	953
1538	8	23	80	7565	33435
1539	0	28	20	7570	15705
1540	2	30	80	7600	39095
1541	6	30	80	7605	29857
1542	1	13	80	7610	1164
1543	20	16	20	7615	14641
1544	1	13	20	7620	1781
1545	1	13	80	7625	9323
1546	3	22	20	7630	39186
1547	0	28	80	7635	14959
1548	1	13	80	7640	17608
1549	21	5	80	7645	14716
1550	8	23	80	7650	9763
1551	8	23	20	7655	17956
1552	4	10	60	7660	4196
1553	2	30	20	7665	6357
1554	20	16	60	7670	16040
1555	17	5	40	7675	5700
1556	3	22	80	7680	11755
1557	3	22	60	7685	3450
1558	6	30	80	7690	10915
1559	0	28	40	7695	10843
1560	21	5	20	7700	2829
1561	3	22	20	7705	2799
1562	3	22	60	7710	449
1563	20	16	40	7715	5623
1564	8	23	40	7720	42965
1565	3	22	20	7725	15198
1566	21	5	40	7730	2182
1567	2	30	60	7735	10498
1568	17	5	40	7740	22261
1569	2	30	60	7745	16776
1570	1	13	60	7750	8414
1571	6	30	20	7755	42977
1572	20	16	80	7760	4710
1573	20	16	40	7765	752
1574	3	22	60	7770	11087
1575	21	5	80	7775	10811
1576	1	13	60	7780	39971
1577	0	28	20	7785	15296
1578	6	30	60	7790	33209
1579	20	16	40	7795	36217
1580	17	5	40	7800	6300
1581	8	23	80	7805	3633
1582	1	13	20	7810	17150
1583	8	23	20	7815	17894
1584	4	10	40	7820	3996
1585	21	5	20	7825	28516
1586	1	13	60	7830	19403
1587	17	5	80	7835	5816
1588	20	16	60	7840	12883
1589	8	23	20	7845	8461
1590	21	5	80	7850	7415
1591	8	23	20	7855	12678
1592	17	5	80	7860	7824
1593	8	23	40	7865	5049
1594	2	30	80	7870	8801
1595	20	16	80	7875	16801
1596	2	30	20	7880	25458
1597	2	30	40	7885	15203
1598	3	22	80	7890	15830
1599	21	5	20	7895	6532
1600	4	10	40	7900	5618
1601	0	28	60	7905	5712
1602	2	30	60	7910	24387
1603	20	16	20	7915	200
1604	6	30	20	7920	2716
1605	0	28	80	7925	10542
1606	8	23	20	7930	7204
1607	4	10	20	7935	3204
1608	20	16	40	7940	19815
1609	2	30	60	7945	1858
1610	8	23	60	7950	6411
1611	3	22	80	7955	28127
1612	21	5	80	7960	4500
1613	6	30	60	7965	12468
1614	1	13	80	7970	2475
1615	1	13	40	8000	35675
1616	1	13	80	8005	7121
1617	8	23	60	8010	3643
1618	6	30	20	8015	1143
1619	20	16	20	8020	806
1620	1	13	40	8025	29822
1621	17	5	40	8030	18290
1622	3	22	80	8035	31060
1623	1	13	20	8040	4943
1624	4	10	80	8045	4143
1625	4	10	60	8050	22902
1626	21	5	20	8055	8154
1627	3	22	40	8060	47706
1628	21	5	60	8065	9343
1629	4	10	60	8070	22734
1630	6	30	80	8075	15006
1631	20	16	20	8080	3387
1632	21	5	20	8085	52911
1633	21	5	60	8090	8742
1634	6	30	80	8095	10331
1635	17	5	80	8100	362
1636	3	22	20	8105	5976
1637	2	30	80	8110	16348
1638	1	13	80	8115	10191
1639	4	10	40	8120	14393
1640	0	28	80	8125	7299
1641	21	5	60	8130	10047
1642	20	16	40	8135	10293
1643	21	5	80	8140	8676
1644	20	16	40	8145	1158
1645	4	10	20	8150	9767
1646	20	16	20	8155	4979
1647	2	30	40	8160	21463
1648	4	10	60	8165	2049
1649	0	28	60	8170	10153
1650	21	5	20	8175	4380
1651	8	23	40	8180	11556
1652	8	23	40	8185	11847
1653	3	22	60	8190	13218
1654	8	23	80	8195	8392
1655	8	23	20	8200	10748
1656	21	5	60	8205	7258
1657	0	28	60	8210	9094
1658	6	30	20	8215	15472
1659	1	13	40	8220	5186
1660	2	30	80	8225	1151
1661	3	22	60	8230	7622
1662	21	5	60	8235	14186
1663	4	10	80	8240	38209
1664	8	23	80	8245	6741
1665	21	5	40	8250	2206
1666	6	30	60	8255	29753
1667	20	16	20	8260	19036
1668	0	28	80	8265	857
1669	3	22	20	8270	2045
1670	21	5	20	8275	9759
1671	17	5	20	8280	14594
1672	6	30	80	8285	14038
1673	1	13	80	8290	5976
1674	17	5	40	8295	11277
1675	4	10	60	8300	5161
1676	17	5	20	8305	2772
1677	6	30	80	8310	6333
1678	1	13	60	8315	3382
1679	20	16	80	8320	15940
1680	4	10	40	8325	8611
1681	6	30	80	8330	12957
1682	17	5	80	8335	20862
1683	8	23	80	8340	42098
1684	8	23	60	8345	9417
1685	20	16	40	8350	1203
1686	3	22	80	8355	11564
1687	4	10	40	8400	4631
1688	1	13	80	8405	172
1689	17	5	60	8410	50850
1690	1	13	20	8415	10292
1691	3	22	60	8420	23672
1692	21	5	60	8425	234
1693	20	16	40	8430	3002
1694	1	13	60	8435	11212
1695	21	5	20	8440	50866
1696	20	16	80	8445	24832
1697	4	10	60	8450	11526
1698	0	28	20	8455	1064
1699	2	30	80	8460	30929
1700	20	16	40	8465	12282
1701	0	28	20	8470	9430
1702	1	13	40	8475	17317
1703	1	13	40	8480	3
1704	2	30	60	8485	173
1705	20	16	20	8490	11061
1706	0	28	60	8495	31685
1707	4	10	60	8500	3216
1708	4	10	40	8505	721
1709	2	30	20	8510	2000
1710	21	5	20	8515	5840
1711	1	13	60	8520	536
1712	20	16	80	8525	4038
1713	8	23	40	8530	54632
1714	8	23	20	8535	21903
1715	8	23	80	8540	6769
1716	4	10	80	8545	12459
1717	1	13	80	8550	15419
1718	17	5	40	8555	6429
1719	21	5	40	8560	4885
1720	3	22	60	8565	9568
1721	0	28	20	8570	10876
1722	17	5	20	8575	18226
1723	1	13	20	8580	1045
1724	2	30	80	8585	10434
1725	4	10	40	8590	14275
1726	1	13	40	8595	13834
1727	6	30	40	8600	7578
1728	20	16	20	8605	18451
1729	1	13	20	8610	11728
1730	4	10	80	8615	7751
1731	3	22	40	8620	10669
1732	6	30	80	8625	4719
1733	17	5	60	8630	4655
1734	20	16	60	8635	1190
1735	4	10	40	8640	41222
1736	3	22	40	8645	27219
1737	8	23	40	8650	20841
1738	3	22	40	8655	37404
1739	21	5	60	8660	34084
1740	17	5	80	8665	2188
1741	20	16	40	8670	5801
1742	20	16	80	8675	3643
1743	17	5	80	8680	23658
1744	1	13	60	8685	11001
1745	20	16	40	8690	9113
1746	3	22	60	8695	10273
1747	1	13	40	8700	364
1748	3	22	40	8705	5786
1749	6	30	60	8710	2323
1750	2	30	40	8715	4979
1751	17	5	20	8720	1955
1752	8	23	40	8725	2715
1753	2	30	60	8730	16659
1754	20	16	40	8735	5631
1755	17	5	20	8740	548
1756	2	30	80	8745	17289
1757	20	16	40	8750	13687
1758	20	16	60	8755	6525
1759	21	5	20	8760	4604
1760	21	5	80	8765	30001
1761	6	30	40	8770	7404
1762	4	10	40	8775	7174
1763	3	22	40	8800	6843
1764	17	5	20	8805	13587
1765	3	22	60	8810	19098
1766	6	30	80	8815	15214
1767	0	28	20	8820	39948
1768	8	23	80	8825	27048
1769	1	13	80	8830	24579
1770	2	30	60	8835	9179
1771	17	5	40	8840	20713
1772	21	5	60	8845	17513
1773	1	13	80	8850	7691
1774	20	16	60	8855	2202
1775	4	10	20	8860	2179
1776	1	13	40	8865	4880
1777	20	16	40	8870	30350
1778	0	28	40	8875	7922
1779	2	30	40	8880	599
1780	1	13	60	8885	1540
1781	0	28	80	8890	12747
1782	1	13	80	8895	1074
1783	4	10	60	8900	11271
1784	20	16	60	8905	4010
1785	8	23	80	8910	4724
1786	21	5	20	8915	5862
1787	2	30	20	8920	10259
1788	20	16	40	8925	35251
1789	0	28	40	8930	612
1790	2	30	40	8935	2745
1791	4	10	20	8940	2922
1792	21	5	80	8945	6219
1793	6	30	20	8950	12161
1794	20	16	80	8955	287
1795	3	22	40	8960	14700
1796	4	10	20	8965	32495
1797	8	23	60	8970	21069
1798	0	28	60	8975	2426
1799	21	5	20	8980	19543
1800	3	22	60	8985	20153
1801	3	22	40	8990	11330
1802	4	10	60	8995	1738
1803	2	30	60	9000	8597
1804	2	30	20	9005	12305
1805	4	10	20	9010	8748
1806	0	28	60	9015	5789
1807	4	10	60	9020	15681
1808	3	22	20	9025	10489
1809	4	10	20	9030	2805
1810	21	5	80	9035	14875
1811	2	30	40	9040	22216
1812	17	5	80	9045	2634
1813	21	5	20	9050	5557
1814	8	23	40	9055	2650
1815	21	5	80	9060	3671
1816	3	22	40	9065	5636
1817	20	16	80	9070	22063
1818	4	10	60	9075	1957
1819	2	30	40	9080	5211
1820	8	23	40	9085	6330
1821	3	22	60	9090	1863
1822	0	28	80	9095	207
1823	6	30	40	9100	22391
1824	20	16	40	9105	13178
1825	17	5	40	9110	4601
1826	0	28	40	9115	6486
1827	2	30	40	9120	1679
1828	1	13	20	9125	7163
1829	6	30	20	9130	7426
1830	20	16	20	9135	3179
1831	6	30	60	9140	8485
1832	20	16	80	9145	16037
1833	3	22	40	9150	13652
1834	17	5	60	9155	3218
1835	21	5	40	9160	8547
1836	6	30	20	9165	8793
1837	20	16	40	9170	10243
1838	2	30	60	9175	41192
1839	6	30	60	9180	17452
1840	6	30	40	9185	34308
1841	2	30	60	9190	12845
1842	20	16	20	9200	57814
1843	6	30	20	9205	16098
1844	3	22	60	9210	4973
1845	20	16	80	9215	5384
1846	6	30	40	9220	230
1847	0	28	60	9225	412
1848	17	5	80	9230	6933
1849	1	13	80	9235	17129
1850	20	16	20	9240	4831
1851	4	10	20	9245	1162
1852	1	13	20	9250	13549
1853	21	5	20	9255	21318
1854	0	28	80	9260	6008
1855	0	28	80	9265	13291
1856	3	22	40	9270	10812
1857	17	5	40	9275	4103
1858	3	22	20	9280	22370
1859	3	22	60	9285	4678
1860	3	22	80	9290	1264
1861	17	5	20	9295	3486
1862	2	30	60	9300	3938
1863	21	5	80	9305	1552
1864	4	10	20	9310	44594
1865	1	13	20	9315	2731
1866	3	22	60	9320	1341
1867	6	30	60	9325	8749
1868	17	5	40	9330	1746
1869	20	16	20	9335	14004
1870	1	13	60	9340	16358
1871	4	10	20	9345	19353
1872	8	23	40	9350	24787
1873	20	16	20	9355	5815
1874	8	23	20	9360	6323
1875	3	22	60	9365	16770
1876	4	10	60	9370	1977
1877	4	10	80	9375	3918
1878	2	30	80	9380	8461
1879	20	16	40	9385	4365
1880	3	22	20	9390	4271
1881	0	28	60	9395	5810
1882	3	22	60	9400	14121
1883	20	16	20	9405	14033
1884	8	23	20	9410	1671
1885	4	10	80	9415	1815
1886	3	22	60	9420	21280
1887	1	13	60	9425	28431
1888	2	30	40	9430	4035
1889	21	5	80	9435	10005
1890	4	10	80	9440	29672
1891	8	23	80	9445	3133
1892	8	23	20	9450	15674
1893	20	16	80	9455	12421
1894	1	13	60	9460	13174
1895	21	5	20	9465	14073
1896	20	16	20	9470	5685
1897	1	13	20	9475	24536
1898	0	28	20	9480	17270
1899	1	13	40	9485	1750
1900	8	23	40	9490	3545
1901	20	16	60	9495	8349
1902	1	13	40	9500	27431
1903	20	16	60	9505	16642
1904	0	28	20	9510	192
1905	4	10	80	9515	9079
1906	17	5	80	9520	2967
1907	2	30	80	9525	4153
1908	1	13	20	9530	6561
1909	21	5	20	9535	12296
1910	8	23	40	9540	8750
1911	17	5	60	9545	4544
1912	8	23	40	9550	18371
1913	3	22	80	9555	9318
1914	20	16	40	9560	283
1915	2	30	20	9565	15115
1916	4	10	60	9600	9863
1917	2	30	40	9604	10708
1918	1	13	60	9608	56978
1919	20	16	20	9612	21640
1920	17	5	60	9616	5608
1921	1	13	20	9620	2667
1922	2	30	20	9624	3169
1923	1	13	60	9628	10123
1924	4	10	40	9632	17796
1925	4	10	60	9636	8667
1926	17	5	20	9640	890
1927	21	5	40	9644	3112
1928	21	5	40	9648	15175
1929	20	16	80	9652	15236
1930	3	22	60	9656	5648
1931	2	30	40	9660	3964
1932	4	10	80	9664	8701
1933	0	28	60	9668	5549
1934	3	22	20	9672	605
1935	3	22	60	9676	19203
1936	20	16	40	9680	7974
1937	4	10	80	9684	34081
1938	20	16	80	9688	13433
1939	1	13	20	9692	10972
1940	8	23	20	9696	30505
1941	0	28	60	9700	9256
1942	0	28	40	9704	7969
1943	6	30	40	9708	12410
1944	0	28	40	9712	588
1945	8	23	20	9716	11007
1946	0	28	60	9720	7089
1947	2	30	40	9724	2516
1948	20	16	60	9728	11656
1949	20	16	40	9732	35994
1950	3	22	40	9736	1672
1951	8	23	80	9740	18560
1952	0	28	60	9744	25368
1953	0	28	80	9748	31509
1954	3	22	60	9752	17244
1955	4	10	40	9756	697
1956	8	23	60	9760	3763
1957	0	28	60	9764	4778
1958	4	10	40	9768	45316
1959	6	30	60	9772	8354
1960	8	23	80	9776	7377
1961	0	28	60	9780	56093
1962	6	30	60	9784	10266
1963	1	13	20	9788	14531
1964	3	22	60	9792	3705
1965	4	10	20	9796	3235
1966	3	22	60	9800	19282
1967	6	30	80	9804	6401
1968	20	16	60	9808	8098
1969	6	30	60	9812	3062
1970	2	30	80	9816	3148
1971	20	16	80	9820	11574
1972	3	22	40	9824	29831
1973	20	16	40	9828	5972
1974	2	30	20	9832	29435
1975	21	5	80	9836	21672
1976	1	13	60	9840	15022
1977	21	5	80	9844	10630
1978	0	28	20	9848	8856
1979	17	5	20	9852	2274
1980	4	10	20	9856	848
1981	6	30	80	9860	25681
1982	21	5	60	9864	11207
1983	21	5	80	9868	17505
1984	8	23	60	9872	10670
1985	21	5	80	9876	10651
1986	2	30	80	9880	6172
1987	3	22	20	9884	10644
1988	21	5	80	9888	11235
1989	17	5	80	9892	59056
1990	21	5	20	9896	9033
1991	20	16	60	9900	2049
1992	20	16	60	9904	40055
1993	4	10	40	9908	2265
1994	6	30	40	9912	1809
1995	8	23	60	9916	32020
1996	4	10	20	9920	39464
1997	17	5	20	9924	18343
1998	2	30	80	10000	5713
1999	8	23	40	10200	20027
