0	21	5	40	0	10642
1	6	30	50	4	7116
2	6	30	30	8	12677
3	2	30	50	12	7656
4	4	10	30	16	571
5	17	5	40	20	5852
6	21	5	20	24	285
7	1	13	50	28	15434
8	17	5	30	32	2981
9	0	28	30	36	12055
10	8	23	50	40	13109
11	17	5	30	44	11494
12	1	13	20	48	972
13	21	5	50	52	31914
14	8	23	50	56	1171
15	21	5	20	60	19033
16	1	13	40	64	16098
17	0	28	40	68	10047
18	4	10	30	72	7093
19	20	16	50	76	2043
20	1	13	20	80	2590
21	17	5	30	84	12303
22	2	30	50	88	1659
23	6	30	50	92	28143
24	8	23	40	96	2960
25	0	28	40	100	22712
26	1	13	30	104	35250
27	3	22	40	108	560
28	8	23	50	112	5114
29	2	30	50	116	1947
30	0	28	50	120	26329
31	20	16	40	124	12784
32	6	30	50	128	14561
33	6	30	50	132	5034
34	1	13	40	136	21848
35	21	5	30	140	9468
36	2	30	30	144	3772
37	17	5	50	148	2320
38	21	5	20	152	12527
39	17	5	20	156	8377
40	1	13	30	160	11313
41	21	5	40	164	34034
42	6	30	20	168	2089
43	1	13	20	172	174
44	1	13	40	176	15472
45	3	22	30	180	1767
46	20	16	20	184	42817
47	8	23	40	188	6577
48	2	30	50	192	1240
49	6	30	40	196	361
50	21	5	50	200	7081
51	4	10	40	204	5897
52	1	13	40	208	4450
53	17	5	40	212	2037
54	3	22	30	216	2367
55	20	16	20	220	35192
56	2	30	20	224	4595
57	20	16	30	228	16546
58	6	30	20	232	3500
59	3	22	40	236	2635
60	21	5	30	240	6936
61	4	10	30	244	45718
62	6	30	50	248	5672
63	6	30	30	252	873
64	20	16	40	256	16410
65	21	5	30	260	111
66	2	30	30	264	29369
67	8	23	30	268	15944
68	6	30	20	272	1157
69	20	16	30	276	9510
70	6	30	50	280	8946
71	2	30	40	284	9925
72	3	22	30	288	30184
73	8	23	20	292	34549
74	21	5	40	296	9478
75	4	10	40	300	3497
76	3	22	20	304	7881
77	1	13	40	308	1461
78	4	10	20	312	2375
79	3	22	30	316	1022
80	0	28	40	320	25199
81	4	10	40	400	8933
82	0	28	40	405	35344
83	1	13	20	410	4581
84	4	10	20	415	14610
85	6	30	20	420	8324
86	21	5	20	425	5087
87	8	23	30	430	9494
88	1	13	30	435	2143
89	2	30	40	440	26634
90	4	10	30	445	3098
91	3	22	50	450	8848
92	2	30	40	455	30744
93	3	22	40	460	7190
94	0	28	50	465	787
95	21	5	50	470	12016
96	1	13	50	475	9980
97	20	16	50	480	1126
98	1	13	30	485	3763
99	3	22	30	490	15078
100	0	28	50	495	3034
101	2	30	50	500	3239
102	0	28	40	505	4806
103	3	22	40	510	9606
104	20	16	50	515	8417
105	6	30	20	520	25750
106	1	13	30	525	7598
107	4	10	30	530	5469
108	1	13	20	535	11300
109	20	16	50	540	31284
110	6	30	20	545	7511
111	1	13	30	550	2729
112	4	10	20	555	10086
113	2	30	50	560	2254
114	3	22	20	565	4621
115	2	30	40	570	29436
116	3	22	40	575	370
117	4	10	40	580	733
118	1	13	30	585	5471
119	3	22	40	590	3372
120	20	16	30	595	13076
121	8	23	20	600	5483
122	6	30	50	605	10172
123	3	22	40	610	2686
124	4	10	20	615	4624
125	2	30	20	620	46
126	0	28	50	625	12254
127	20	16	50	630	7582
128	6	30	30	635	25476
129	0	28	40	640	29365
130	2	30	50	645	13982
131	3	22	30	650	5968
132	20	16	30	655	22411
133	1	13	50	660	7489
134	2	30	40	665	23444
135	17	5	40	670	12291
136	4	10	20	675	2602
137	21	5	20	680	6059
138	1	13	30	685	20134
139	20	16	50	690	20645
140	4	10	40	695	379
141	3	22	50	700	46630
142	6	30	20	705	33109
143	1	13	40	710	3251
144	8	23	40	715	6663
145	2	30	50	720	292
146	17	5	40	725	36720
147	20	16	50	730	16710
148	0	28	40	735	1686
149	17	5	20	740	1943
150	4	10	20	745	11061
151	21	5	20	750	8447
152	17	5	30	800	15425
153	21	5	50	803	293
154	3	22	20	806	636
155	4	10	40	809	23310
156	21	5	50	812	13123
157	21	5	50	815	1663
158	17	5	30	818	3154
159	21	5	50	821	8323
160	4	10	30	824	3343
161	2	30	40	827	8
162	20	16	50	830	7980
163	1	13	30	833	14311
164	21	5	20	836	3263
165	2	30	40	839	914
166	2	30	20	842	5317
167	3	22	20	845	1321
168	20	16	20	848	4505
169	4	10	30	851	13624
170	21	5	30	854	15232
171	6	30	40	857	12059
172	2	30	20	860	3389
173	1	13	30	863	9452
174	20	16	50	866	2887
175	8	23	30	869	13832
176	0	28	50	872	6748
177	3	22	20	875	4881
178	8	23	50	878	17873
179	2	30	20	881	4206
180	3	22	30	884	625
181	0	28	20	887	26302
182	17	5	20	890	4937
183	8	23	20	893	15748
184	6	30	30	896	4474
185	4	10	40	899	2421
186	4	10	50	902	13245
187	1	13	40	905	20666
188	21	5	50	908	6384
189	17	5	50	911	19
190	0	28	50	914	44718
191	21	5	20	917	813
192	17	5	50	920	2168
193	3	22	40	923	4504
194	6	30	40	926	10348
195	2	30	20	929	371
196	3	22	50	932	8168
197	4	10	40	935	3294
198	4	10	40	938	86328
199	3	22	50	941	5219
200	0	28	50	944	13163
201	6	30	30	947	22674
202	20	16	40	950	6925
203	8	23	20	953	7226
204	0	28	50	956	6756
205	17	5	40	959	41401
206	4	10	50	962	3602
207	21	5	20	965	2357
208	17	5	50	968	19950
209	21	5	40	971	5496
210	3	22	40	974	6672
211	3	22	50	977	4819
212	0	28	20	980	5260
213	8	23	30	983	32882
214	3	22	30	986	7162
215	4	10	20	989	5260
216	4	10	30	992	13065
217	2	30	40	995	16873
218	6	30	20	998	5840
219	2	30	30	1001	683
220	17	5	40	1004	6230
221	0	28	30	1007	9230
222	6	30	30	1010	14118
223	1	13	30	1013	4478
224	3	22	40	1016	14559
225	0	28	20	1019	12717
226	21	5	50	1022	7586
227	20	16	40	1025	32452
228	8	23	40	1028	41042
229	8	23	40	1031	2430
230	2	30	40	1034	2535
231	8	23	20	1037	2529
232	17	5	40	1040	4895
233	3	22	20	1043	6574
234	1	13	30	1046	11917
235	17	5	50	1049	2706
236	0	28	30	1052	7169
237	2	30	50	1055	25944
238	8	23	30	1058	4284
239	8	23	50	1061	5040
240	0	28	40	1064	30838
241	21	5	50	1067	8080
242	2	30	40	1070	132
243	0	28	30	1073	553
244	4	10	20	1076	10269
245	21	5	50	1079	12432
246	21	5	20	1082	14878
247	1	13	30	1085	3134
248	0	28	20	1088	23899
249	0	28	30	1091	3026
250	17	5	50	1094	5489
251	1	13	20	1097	16110
252	17	5	40	1100	23150
253	2	30	20	1103	34569
254	6	30	30	1200	35407
255	20	16	30	1205	1664
256	20	16	20	1210	2052
257	17	5	30	1215	1630
258	2	30	40	1220	16616
259	20	16	50	1225	18010
260	1	13	50	1230	8309
261	6	30	30	1235	4738
262	1	13	40	1240	2844
263	1	13	30	1245	11833
264	4	10	50	1250	2337
265	21	5	40	1255	3237
266	4	10	20	1260	65602
267	8	23	50	1265	32459
268	4	10	50	1270	4380
269	6	30	30	1275	3412
270	3	22	50	1280	28260
271	2	30	30	1285	18085
272	6	30	30	1290	7275
273	17	5	20	1295	518
274	2	30	50	1300	1697
275	1	13	50	1305	29578
276	21	5	50	1310	8949
277	6	30	50	1315	12480
278	8	23	20	1320	15999
279	8	23	40	1325	712
280	3	22	50	1330	34352
281	6	30	30	1335	3272
282	17	5	30	1340	865
283	6	30	20	1345	16367
284	17	5	50	1350	20329
285	1	13	30	1355	7210
286	21	5	40	1360	4901
287	8	23	30	1365	5952
288	21	5	40	1370	7712
289	1	13	50	1375	8320
290	17	5	50	1380	549
291	1	13	20	1385	4676
292	20	16	30	1390	1744
293	8	23	40	1395	8888
294	6	30	50	1400	22244
295	4	10	20	1405	10912
296	6	30	20	1410	3924
297	1	13	30	1415	5814
298	6	30	30	1420	24309
299	8	23	40	1425	4960
300	2	30	50	1430	12576
301	0	28	30	1435	18031
302	8	23	40	1440	30932
303	4	10	40	1445	11484
304	8	23	40	1450	4589
305	8	23	40	1455	10659
306	6	30	50	1460	4012
307	0	28	30	1465	20081
308	0	28	30	1470	20057
309	4	10	30	1475	399
310	2	30	40	1480	11111
311	4	10	20	1485	8575
312	1	13	20	1490	5944
313	6	30	20	1495	14130
314	8	23	50	1500	21561
315	6	30	40	1505	3628
316	8	23	20	1510	3559
317	6	30	40	1515	7544
318	3	22	30	1520	19976
319	3	22	40	1525	15507
320	0	28	50	1530	27765
321	17	5	40	1535	11137
322	17	5	20	1540	7372
323	3	22	20	1545	19662
324	8	23	40	1550	2719
325	1	13	40	1555	10478
326	2	30	20	1560	12365
327	20	16	50	1565	32155
328	2	30	20	1570	2662
329	21	5	40	1575	9179
330	6	30	40	1580	12127
331	8	23	30	1600	1832
332	20	16	40	1605	18085
333	0	28	30	1610	6085
334	4	10	40	1615	6296
335	3	22	40	1620	2170
336	17	5	50	1625	4533
337	3	22	40	1630	7252
338	17	5	30	1635	6672
339	2	30	20	1640	3098
340	6	30	30	1645	2199
341	21	5	20	1650	8881
342	6	30	20	1655	10383
343	3	22	20	1660	6988
344	20	16	20	1665	27188
345	3	22	50	1670	9165
346	0	28	50	1675	32271
347	4	10	20	1680	7029
348	0	28	40	1685	14017
349	20	16	30	1690	10478
350	21	5	20	1695	4996
351	0	28	40	1700	20071
352	21	5	50	1705	10218
353	2	30	50	1710	1848
354	8	23	40	1715	6904
355	3	22	20	1720	548
356	1	13	20	1725	4600
357	3	22	30	1730	1511
358	17	5	20	1735	6396
359	6	30	50	1740	15956
360	3	22	40	1745	34913
361	8	23	20	1750	5220
362	21	5	30	1755	11405
363	3	22	50	1760	3898
364	17	5	40	1765	6064
365	6	30	30	1770	7443
366	4	10	30	1775	15809
367	1	13	40	1780	59317
368	0	28	30	1785	4004
369	2	30	20	1790	13258
370	21	5	50	1795	35094
371	2	30	30	1800	19499
372	8	23	20	1805	492
373	0	28	30	1810	10500
374	21	5	20	1815	9794
375	3	22	50	1820	5701
376	3	22	40	1825	311
377	6	30	20	1830	213
378	3	22	20	1835	28828
379	2	30	50	1840	13257
380	1	13	40	1845	12608
381	21	5	50	1850	2675
382	20	16	20	1855	3330
383	3	22	50	1860	11504
384	20	16	30	1865	2588
385	4	10	20	1870	20831
386	17	5	30	1875	10082
387	21	5	50	1880	12117
388	3	22	50	1885	38717
389	1	13	30	1890	5422
390	2	30	40	1895	22525
391	4	10	30	1900	2622
392	6	30	40	1905	494
393	3	22	30	1910	14095
394	17	5	40	1915	3977
395	20	16	30	1920	20228
396	0	28	50	1925	28829
397	2	30	20	1930	4308
398	4	10	30	1935	548
399	4	10	40	1940	6830
400	17	5	30	2000	19427
401	20	16	30	2004	33602
402	3	22	40	2008	2086
403	21	5	40	2012	246
404	2	30	40	2016	12129
405	6	30	40	2020	9253
406	3	22	30	2024	17744
407	8	23	40	2028	55384
408	4	10	40	2032	10549
409	3	22	40	2036	733
410	0	28	40	2040	230
411	8	23	20	2044	4294
412	0	28	30	2048	2810
413	6	30	30	2052	16372
414	3	22	30	2056	1067
415	8	23	40	2060	16429
416	8	23	20	2064	1404
417	3	22	30	2068	69032
418	3	22	30	2072	1043
419	4	10	40	2076	10209
420	8	23	50	2080	26914
421	21	5	40	2084	1217
422	17	5	50	2088	397
423	20	16	50	2092	30331
424	0	28	40	2096	20696
425	2	30	30	2100	16634
426	8	23	50	2104	17260
427	3	22	40	2108	5153
428	2	30	40	2112	4298
429	17	5	50	2116	16314
430	2	30	20	2120	7588
431	0	28	40	2124	15446
432	0	28	40	2128	43293
433	17	5	30	2132	7743
434	4	10	30	2136	24192
435	2	30	30	2140	14900
436	3	22	20	2144	492
437	2	30	40	2148	3013
438	1	13	20	2152	47263
439	4	10	40	2156	12824
440	1	13	40	2160	637
441	2	30	50	2164	10360
442	2	30	30	2168	626
443	20	16	20	2172	27752
444	0	28	50	2176	5068
445	6	30	40	2180	9478
446	3	22	20	2184	52597
447	0	28	20	2188	4210
448	20	16	20	2192	11174
449	2	30	20	2196	9225
450	2	30	30	2200	14619
451	8	23	30	2204	29258
452	20	16	40	2208	2956
453	0	28	50	2212	7658
454	21	5	50	2216	9322
455	1	13	40	2220	14666
456	1	13	30	2224	28455
457	4	10	40	2228	3284
458	8	23	50	2232	2655
459	20	16	30	2236	26068
460	17	5	50	2240	17890
461	0	28	50	2244	6597
462	4	10	20	2248	14017
463	6	30	40	2252	22114
464	0	28	40	2256	10717
465	20	16	50	2260	4196
466	8	23	30	2264	4769
467	1	13	50	2268	15861
468	0	28	50	2272	25210
469	1	13	50	2276	5621
470	2	30	30	2280	14667
471	4	10	40	2284	26310
472	2	30	30	2288	197
473	20	16	50	2292	6677
474	2	30	50	2296	8838
475	4	10	20	2300	4550
476	6	30	30	2304	560
477	17	5	50	2308	1692
478	17	5	50	2312	10285
479	4	10	50	2316	3869
480	17	5	30	2320	17249
481	6	30	40	2324	7545
482	3	22	40	2400	16313
483	0	28	40	2404	17358
484	8	23	40	2408	476
485	8	23	50	2412	9743
486	1	13	50	2416	8453
487	20	16	40	2420	8344
488	1	13	40	2424	32859
489	3	22	50	2428	2112
490	1	13	50	2432	19584
491	20	16	40	2436	19359
492	6	30	40	2440	285
493	1	13	50	2444	1190
494	6	30	50	2448	25617
495	0	28	50	2452	11891
496	21	5	40	2456	26403
497	21	5	40	2460	2816
498	20	16	30	2464	4459
499	1	13	20	2468	608
500	20	16	20	2472	2952
501	2	30	20	2476	3519
502	20	16	30	2480	6501
503	17	5	30	2484	3165
504	20	16	40	2488	21333
505	17	5	40	2492	20307
506	3	22	50	2496	27204
507	20	16	50	2500	18818
508	21	5	50	2504	36076
509	3	22	40	2508	3052
510	6	30	30	2512	12937
511	2	30	40	2516	17904
512	6	30	40	2520	13081
513	1	13	20	2524	30748
514	0	28	50	2528	1583
515	2	30	20	2532	4419
516	8	23	30	2536	13663
517	3	22	30	2540	30993
518	20	16	20	2544	19475
519	3	22	40	2548	422
520	17	5	20	2552	18697
521	8	23	50	2556	21043
522	0	28	30	2560	19194
523	21	5	20	2564	15115
524	0	28	50	2568	10115
525	2	30	50	2572	28206
526	17	5	20	2576	24016
527	1	13	30	2580	30592
528	3	22	50	2584	9450
529	2	30	20	2588	26759
530	8	23	30	2592	6668
531	17	5	50	2596	21726
532	20	16	30	2600	20656
533	21	5	50	2604	8963
534	4	10	50	2608	710
535	8	23	20	2612	8518
536	6	30	30	2616	596
537	6	30	20	2620	8592
538	0	28	50	2624	32549
539	17	5	50	2628	3028
540	3	22	50	2632	12932
541	1	13	20	2636	15022
542	1	13	40	2640	9597
543	17	5	50	2644	14884
544	21	5	30	2648	8357
545	17	5	30	2652	357
546	4	10	50	2656	1767
547	3	22	30	2660	1272
548	1	13	50	2664	42408
549	3	22	50	2668	10230
550	4	10	40	2672	35721
551	3	22	20	2676	40155
552	21	5	30	2680	6260
553	6	30	50	2684	3871
554	2	30	50	2688	3612
555	3	22	20	2692	5956
556	1	13	50	2696	7309
557	2	30	20	2700	14529
558	21	5	30	2704	13027
559	21	5	40	2708	31293
560	20	16	40	2712	36203
561	1	13	30	2716	44034
562	8	23	50	2720	3397
563	6	30	50	2800	717
564	8	23	20	2806	19208
565	21	5	40	2812	20801
566	3	22	30	2818	36923
567	21	5	40	2824	1776
568	21	5	30	2830	24061
569	3	22	50	2836	11464
570	8	23	40	2842	3606
571	1	13	20	2848	2212
572	3	22	40	2854	56281
573	1	13	20	2860	10400
574	20	16	40	2866	5639
575	8	23	20	2872	941
576	4	10	20	2878	3879
577	2	30	30	2884	1096
578	0	28	40	2890	2898
579	2	30	40	2896	9323
580	21	5	20	2902	17519
581	6	30	40	2908	17337
582	0	28	40	2914	36204
583	20	16	20	2920	42638
584	17	5	40	2926	34466
585	2	30	20	2932	7428
586	0	28	30	2938	6743
587	3	22	40	2944	9460
588	4	10	20	2950	3714
589	1	13	40	2956	13167
590	6	30	30	2962	642
591	3	22	30	2968	5103
592	21	5	50	2974	22686
593	2	30	30	2980	88
594	17	5	20	2986	3809
595	1	13	30	2992	13866
596	4	10	20	2998	7561
597	8	23	50	3004	8139
598	1	13	50	3010	29229
599	20	16	50	3016	13610
600	4	10	50	3022	941
601	8	23	20	3028	87051
602	8	23	20	3034	3218
603	21	5	50	3040	5270
604	8	23	20	3046	4523
605	2	30	30	3052	18204
606	0	28	40	3058	43782
607	8	23	30	3064	21044
608	6	30	20	3070	27723
609	8	23	50	3076	2447
610	17	5	20	3082	1466
611	17	5	30	3088	5522
612	1	13	30	3094	8020
613	6	30	40	3100	1563
614	20	16	40	3106	2071
615	4	10	20	3112	2481
616	1	13	50	3118	284
617	8	23	50	3124	3862
618	21	5	20	3130	1461
619	3	22	50	3136	4926
620	21	5	20	3142	5998
621	20	16	50	3148	6301
622	3	22	40	3154	24614
623	6	30	40	3160	2664
624	17	5	40	3166	9939
625	2	30	30	3172	29329
626	3	22	20	3178	4617
627	0	28	20	3200	49246
628	2	30	50	3206	4412
629	17	5	20	3212	14049
630	1	13	50	3218	11237
631	17	5	20	3224	18374
632	0	28	40	3230	2305
633	1	13	50	3236	9221
634	21	5	50	3242	7499
635	1	13	20	3248	17556
636	17	5	30	3254	9032
637	2	30	40	3260	10863
638	2	30	50	3266	12851
639	6	30	20	3272	2132
640	2	30	30	3278	8023
641	3	22	20	3284	11087
642	17	5	30	3290	12415
643	17	5	20	3296	1022
644	2	30	30	3302	9614
645	8	23	50	3308	13795
646	2	30	50	3314	23505
647	2	30	30	3320	15573
648	3	22	40	3326	22667
649	4	10	20	3332	1068
650	0	28	40	3338	13004
651	17	5	30	3344	2562
652	17	5	50	3350	5695
653	17	5	50	3356	10289
654	1	13	40	3362	4024
655	6	30	20	3368	13195
656	3	22	30	3374	1641
657	0	28	40	3380	442
658	20	16	30	3386	18858
659	4	10	50	3392	6147
660	20	16	30	3398	7421
661	0	28	30	3404	55851
662	4	10	30	3410	8787
663	21	5	50	3416	2842
664	4	10	50	3422	10311
665	20	16	50	3428	4829
666	21	5	50	3434	2588
667	20	16	40	3440	36231
668	21	5	50	3446	12855
669	17	5	40	3452	5933
670	6	30	50	3458	12872
671	20	16	30	3464	6700
672	4	10	50	3470	11544
673	2	30	50	3476	36400
674	0	28	30	3482	22694
675	3	22	20	3488	18746
676	0	28	30	3494	17319
677	6	30	30	3500	18711
678	3	22	20	3506	12526
679	1	13	40	3512	25439
680	0	28	30	3518	669
681	0	28	40	3524	10773
682	21	5	40	3530	1736
683	21	5	50	3536	3020
684	21	5	40	3542	343
685	3	22	40	3548	6447
686	0	28	30	3554	6247
687	2	30	50	3560	10966
688	0	28	20	3566	3474
689	2	30	40	3572	19176
690	17	5	40	3578	12279
691	21	5	50	3584	8145
692	3	22	20	3590	19513
693	17	5	20	3600	3555
694	6	30	50	3604	14510
695	2	30	20	3608	8248
696	20	16	40	3612	1051
697	1	13	40	3616	6824
698	3	22	20	3620	8441
699	3	22	40	3624	2979
700	20	16	20	3628	8061
701	3	22	20	3632	28605
702	6	30	40	3636	863
703	6	30	20	3640	7365
704	20	16	20	3644	6687
705	1	13	30	3648	3195
706	3	22	30	3652	10251
707	8	23	50	3656	6662
708	21	5	30	3660	15564
709	21	5	30	3664	8188
710	4	10	40	3668	28013
711	21	5	20	3672	4952
712	21	5	30	3676	5897
713	17	5	50	3680	29207
714	4	10	30	3684	5107
715	17	5	40	3688	24363
716	3	22	50	3692	23235
717	8	23	30	3696	4223
718	20	16	30	3700	2420
719	1	13	30	3704	2104
720	20	16	30	3708	31160
721	6	30	20	3712	10846
722	20	16	30	3716	14439
723	4	10	20	3720	23570
724	20	16	20	3724	16611
725	21	5	20	3728	2165
726	8	23	20	3732	11756
727	6	30	50	3736	5382
728	8	23	20	3740	3456
729	17	5	30	3744	5206
730	3	22	30	3748	14709
731	20	16	50	3752	4807
732	1	13	20	3756	4018
733	20	16	40	3760	6703
734	1	13	40	3764	5946
735	21	5	20	3768	1899
736	6	30	20	3772	8885
737	1	13	30	3776	13525
738	17	5	50	3780	19031
739	8	23	20	3784	18985
740	20	16	20	3788	22087
741	4	10	30	3792	46811
742	4	10	30	3796	24703
743	2	30	40	3800	16965
744	17	5	50	3804	26996
745	0	28	40	3808	4321
746	0	28	30	3812	1324
747	4	10	30	3816	26596
748	4	10	40	3820	28872
749	21	5	20	3824	21467
750	20	16	20	3828	12304
751	3	22	30	3832	18566
752	2	30	30	3836	3469
753	2	30	50	3840	5064
754	4	10	20	3844	4184
755	3	22	20	3848	26953
756	3	22	40	3852	2798
757	0	28	40	3856	2824
758	6	30	20	3860	14820
759	1	13	50	3864	3647
760	4	10	30	3868	11274
761	17	5	40	3872	2874
762	20	16	50	3876	2319
763	20	16	50	3880	5633
764	4	10	20	3884	18620
765	4	10	50	3888	10212
766	8	23	50	3892	660
767	21	5	40	3896	38698
768	8	23	20	3900	8846
769	8	23	20	3904	2680
770	2	30	40	3908	5088
771	1	13	30	3912	2377
772	17	5	30	3916	8352
773	2	30	20	3920	5896
774	1	13	20	3924	4620
775	4	10	50	3928	34959
776	0	28	40	4000	15389
777	21	5	50	4005	34379
778	8	23	20	4010	40281
779	20	16	40	4015	7110
780	21	5	40	4020	750
781	1	13	40	4025	15872
782	0	28	30	4030	7208
783	20	16	50	4035	6483
784	20	16	30	4040	14881
785	0	28	20	4045	30206
786	21	5	40	4050	987
787	20	16	30	4055	33819
788	6	30	30	4060	1720
789	17	5	30	4065	8235
790	3	22	40	4070	33449
791	6	30	40	4075	4511
792	8	23	30	4080	40878
793	21	5	50	4085	9140
794	1	13	50	4090	2458
795	1	13	40	4095	11875
796	4	10	40	4100	19556
797	6	30	30	4105	8262
798	21	5	40	4110	41556
799	3	22	50	4115	4655
800	4	10	40	4120	3433
801	2	30	50	4125	1869
802	17	5	20	4130	5533
803	21	5	30	4135	14839
804	4	10	40	4140	8015
805	21	5	40	4145	7430
806	4	10	50	4150	4037
807	20	16	20	4155	23844
808	0	28	40	4160	300
809	20	16	30	4165	5145
810	2	30	30	4170	2258
811	8	23	50	4175	3694
812	3	22	30	4180	3365
813	8	23	40	4185	3647
814	3	22	30	4190	2699
815	3	22	40	4195	25013
816	21	5	20	4200	17195
817	0	28	20	4205	17042
818	0	28	40	4210	13088
819	3	22	50	4215	24372
820	21	5	30	4220	8174
821	8	23	40	4225	1442
822	2	30	30	4230	21028
823	17	5	50	4235	303
824	3	22	40	4240	3642
825	21	5	50	4245	393
826	6	30	20	4250	2872
827	1	13	40	4255	41417
828	0	28	20	4260	2721
829	0	28	40	4265	14104
830	20	16	30	4270	1833
831	6	30	20	4275	3057
832	20	16	20	4280	43959
833	2	30	20	4285	12380
834	6	30	50	4290	2651
835	6	30	50	4295	29773
836	3	22	30	4300	5433
837	3	22	50	4305	16255
838	4	10	20	4310	31942
839	1	13	40	4315	3436
840	6	30	30	4320	12048
841	21	5	30	4325	2921
842	20	16	40	4330	29666
843	6	30	20	4335	18438
844	6	30	50	4340	4716
845	21	5	40	4345	13429
846	1	13	20	4350	855
847	0	28	50	4355	14638
848	3	22	40	4360	4835
849	17	5	20	4365	4446
850	3	22	30	4370	24199
851	4	10	40	4375	561
852	4	10	50	4380	21526
853	4	10	50	4400	1262
854	8	23	40	4405	21090
855	21	5	20	4410	1747
856	20	16	30	4415	4586
857	20	16	30	4420	5067
858	4	10	40	4425	7127
859	21	5	40	4430	7283
860	2	30	30	4435	3431
861	3	22	20	4440	4582
862	20	16	20	4445	12944
863	20	16	20	4450	4866
864	20	16	50	4455	2783
865	8	23	30	4460	35163
866	8	23	40	4465	4120
867	1	13	20	4470	11024
868	0	28	40	4475	791
869	17	5	30	4480	4027
870	0	28	30	4485	8596
871	4	10	30	4490	235
872	6	30	50	4495	21133
873	20	16	50	4500	6433
874	21	5	40	4505	3217
875	20	16	20	4510	3907
876	21	5	50	4515	2643
877	8	23	30	4520	511
878	2	30	50	4525	14445
879	6	30	20	4530	10650
880	6	30	50	4535	39700
881	6	30	30	4540	8514
882	21	5	20	4545	12147
883	2	30	50	4550	26854
884	21	5	30	4555	20874
885	6	30	50	4560	1211
886	1	13	20	4565	5956
887	4	10	30	4570	24903
888	6	30	40	4575	20318
889	21	5	40	4580	776
890	6	30	30	4585	10957
891	3	22	50	4590	238
892	17	5	20	4595	4179
893	21	5	30	4600	7736
894	17	5	20	4605	3
895	2	30	20	4610	4561
896	17	5	30	4615	9747
897	20	16	40	4620	10473
898	8	23	20	4625	10348
899	17	5	40	4630	5705
900	0	28	50	4635	5790
901	20	16	50	4640	7570
902	20	16	20	4645	12288
903	4	10	20	4650	572
904	17	5	50	4655	19201
905	17	5	20	4660	22562
906	17	5	40	4665	2943
907	6	30	20	4670	6509
908	21	5	20	4675	24001
909	21	5	30	4680	9572
910	20	16	30	4685	33339
911	3	22	20	4690	3873
912	21	5	40	4695	12411
913	17	5	40	4700	23552
914	1	13	50	4705	8117
915	21	5	20	4710	16191
916	8	23	20	4715	13702
917	8	23	20	4720	17462
918	2	30	50	4725	8535
919	4	10	20	4730	1412
920	6	30	20	4735	9726
921	2	30	30	4740	6457
922	6	30	40	4745	18438
923	2	30	20	4750	14
924	3	22	50	4755	13915
925	21	5	30	4760	8123
926	6	30	20	4765	15507
927	17	5	30	4770	5224
928	0	28	40	4775	6426
929	6	30	40	4780	30157
930	1	13	50	4785	15350
931	17	5	20	4790	11469
932	0	28	30	4800	7481
933	4	10	20	4805	4655
934	6	30	20	4810	2761
935	6	30	50	4815	8211
936	6	30	20	4820	24233
937	2	30	50	4825	10701
938	4	10	20	4830	1200
939	17	5	20	4835	45245
940	8	23	20	4840	25291
941	6	30	20	4845	43143
942	21	5	20	4850	118
943	17	5	20	4855	3718
944	17	5	30	4860	1600
945	2	30	30	4865	4678
946	8	23	30	4870	5642
947	0	28	30	4875	6841
948	8	23	40	4880	49320
949	0	28	20	4885	3608
950	6	30	50	4890	12108
951	1	13	20	4895	18700
952	8	23	50	4900	912
953	2	30	50	4905	7547
954	2	30	40	4910	20781
955	17	5	40	4915	40806
956	3	22	30	4920	13785
957	8	23	20	4925	12250
958	1	13	20	4930	5358
959	1	13	40	4935	4388
960	2	30	50	4940	1562
961	0	28	20	4945	23989
962	4	10	30	4950	48
963	1	13	40	4955	34956
964	6	30	40	4960	21116
965	1	13	20	4965	4669
966	3	22	40	4970	20054
967	2	30	40	4975	4680
968	2	30	40	4980	12735
969	6	30	20	4985	66312
970	2	30	50	4990	24791
971	3	22	20	4995	1140
972	2	30	20	5000	13357
973	4	10	40	5005	9112
974	21	5	50	5010	3176
975	0	28	20	5015	10490
976	4	10	20	5020	6257
977	21	5	40	5025	8768
978	4	10	40	5030	25081
979	1	13	40	5035	5422
980	0	28	50	5040	1489
981	6	30	40	5045	4123
982	2	30	50	5050	5532
983	0	28	40	5055	2020
984	20	16	40	5060	4001
985	20	16	40	5065	32295
986	1	13	30	5070	9377
987	21	5	30	5075	69957
988	1	13	40	5080	8282
989	8	23	40	5085	3275
990	2	30	30	5090	20093
991	20	16	20	5095	3098
992	0	28	50	5100	3135
993	3	22	30	5105	18664
994	6	30	30	5110	23162
995	8	23	20	5115	168
996	1	13	40	5120	41498
997	8	23	40	5125	795
998	2	30	40	5130	6926
999	8	23	20	5135	19462
1000	17	5	50	5140	8581
1001	3	22	40	5145	642
1002	21	5	50	5200	18200
1003	0	28	30	5204	52656
1004	17	5	20	5208	5861
1005	2	30	40	5212	9442
1006	20	16	20	5216	1507
1007	2	30	30	5220	9349
1008	6	30	50	5224	3203
1009	2	30	40	5228	3296
1010	4	10	40	5232	9859
1011	8	23	50	5236	2157
1012	1	13	30	5240	17295
1013	0	28	40	5244	68163
1014	0	28	40	5248	2522
1015	21	5	20	5252	21354
1016	17	5	20	5256	8202
1017	4	10	50	5260	22693
1018	2	30	50	5264	13021
1019	8	23	50	5268	27125
1020	20	16	50	5272	18174
1021	6	30	30	5276	20243
1022	1	13	50	5280	20879
1023	6	30	50	5284	6435
1024	3	22	40	5288	2431
1025	3	22	40	5292	12452
1026	2	30	30	5296	23659
1027	20	16	40	5300	25703
1028	17	5	20	5304	13567
1029	0	28	50	5308	2960
1030	20	16	30	5312	11432
1031	17	5	30	5316	5026
1032	4	10	50	5320	999
1033	17	5	30	5324	920
1034	2	30	50	5328	22983
1035	21	5	30	5332	801
1036	17	5	40	5336	8565
1037	1	13	30	5340	5771
1038	1	13	30	5344	17558
1039	21	5	20	5348	16110
1040	20	16	30	5352	20193
1041	20	16	50	5356	13
1042	2	30	30	5360	17264
1043	17	5	20	5364	3585
1044	2	30	20	5368	13620
1045	6	30	40	5372	12531
1046	21	5	50	5376	7487
1047	0	28	30	5380	3188
1048	3	22	40	5384	10975
1049	17	5	20	5388	286
1050	17	5	50	5392	8776
1051	8	23	40	5396	1526
1052	3	22	40	5400	6169
1053	6	30	40	5404	9392
1054	8	23	30	5408	271
1055	3	22	30	5412	14286
1056	1	13	40	5416	3100
1057	1	13	50	5420	5458
1058	21	5	50	5424	19564
1059	6	30	30	5428	16196
1060	20	16	30	5432	13822
1061	0	28	30	5436	3222
1062	4	10	20	5440	23942
1063	4	10	20	5444	189
1064	3	22	20	5448	11798
1065	6	30	20	5452	2951
1066	1	13	50	5456	1060
1067	3	22	50	5460	14035
1068	17	5	50	5464	1864
1069	2	30	30	5468	1601
1070	17	5	30	5472	4646
1071	8	23	50	5476	1443
1072	2	30	40	5480	1008
1073	4	10	50	5484	30816
1074	8	23	40	5488	1020
1075	0	28	50	5492	18114
1076	2	30	50	5496	642
1077	2	30	50	5500	10021
1078	3	22	50	5504	16004
1079	21	5	50	5508	9198
1080	6	30	40	5512	2404
1081	2	30	20	5516	11847
1082	8	23	20	5520	3996
1083	20	16	20	5524	12720
1084	2	30	20	5528	14441
1085	2	30	40	5532	8195
1086	4	10	40	5536	33810
1087	17	5	30	5540	9242
1088	1	13	20	5544	634
1089	17	5	30	5548	2045
1090	6	30	40	5552	21763
1091	8	23	50	5556	1876
1092	4	10	40	5560	10343
1093	6	30	50	5564	338
1094	21	5	40	5568	677
1095	20	16	50	5572	10372
1096	6	30	40	5576	1769
1097	17	5	30	5580	16496
1098	6	30	50	5600	12009
1099	21	5	50	5605	7405
1100	3	22	50	5610	9946
1101	3	22	20	5615	17881
1102	2	30	30	5620	1124
1103	0	28	20	5625	7717
1104	20	16	40	5630	14549
1105	1	13	20	5635	6238
1106	3	22	20	5640	475
1107	20	16	50	5645	7816
1108	20	16	50	5650	7422
1109	8	23	30	5655	3346
1110	1	13	40	5660	12387
1111	20	16	50	5665	12998
1112	17	5	50	5670	11898
1113	20	16	50	5675	3756
1114	20	16	40	5680	9828
1115	21	5	30	5685	698
1116	3	22	30	5690	36494
1117	4	10	20	5695	2835
1118	1	13	50	5700	4554
1119	1	13	40	5705	1685
1120	1	13	30	5710	3905
1121	3	22	30	5715	9515
1122	2	30	50	5720	12195
1123	20	16	40	5725	52247
1124	8	23	50	5730	4076
1125	2	30	40	5735	2327
1126	2	30	20	5740	9206
1127	8	23	40	5745	650
1128	21	5	30	5750	24340
1129	21	5	40	5755	8386
1130	4	10	20	5760	12323
1131	3	22	30	5765	4367
1132	21	5	50	5770	32574
1133	6	30	20	5775	3875
1134	4	10	20	5780	42876
1135	2	30	40	5785	6268
1136	20	16	40	5790	9265
1137	6	30	50	5795	19858
1138	0	28	30	5800	36197
1139	1	13	20	5805	4185
1140	17	5	30	5810	7307
1141	6	30	50	5815	7429
1142	20	16	40	5820	946
1143	4	10	40	5825	19809
1144	8	23	40	5830	8632
1145	8	23	50	5835	2314
1146	17	5	50	5840	8701
1147	4	10	40	5845	4433
1148	8	23	20	5850	7588
1149	20	16	30	5855	76582
1150	6	30	40	5860	11816
1151	1	13	30	5865	31347
1152	21	5	40	5870	6771
1153	3	22	30	5875	8351
1154	6	30	40	5880	2420
1155	0	28	30	5885	192
1156	1	13	30	5890	1762
1157	2	30	50	5895	1295
1158	3	22	30	5900	2474
1159	21	5	50	5905	8964
1160	17	5	50	5910	24456
1161	8	23	40	5915	51277
1162	1	13	40	5920	11305
1163	1	13	30	5925	38157
1164	1	13	20	5930	11039
1165	21	5	30	5935	4963
1166	2	30	50	5940	15611
1167	2	30	50	5945	5225
1168	6	30	50	5950	4225
1169	21	5	20	5955	1982
1170	21	5	40	5960	8772
1171	17	5	40	5965	1856
1172	4	10	50	5970	3603
1173	0	28	50	5975	259
1174	2	30	20	5980	13485
1175	8	23	40	5985	20330
1176	3	22	50	5990	7656
1177	21	5	20	5995	21260
1178	2	30	50	6000	7713
1179	0	28	20	6004	1433
1180	3	22	50	6008	12965
1181	21	5	30	6012	3086
1182	0	28	30	6016	10527
1183	21	5	50	6020	24496
1184	1	13	50	6024	25090
1185	3	22	50	6028	15074
1186	8	23	50	6032	24840
1187	3	22	40	6036	6795
1188	0	28	30	6040	1175
1189	3	22	40	6044	37478
1190	1	13	30	6048	3781
1191	21	5	40	6052	6865
1192	1	13	30	6056	11691
1193	2	30	30	6060	6636
1194	2	30	20	6064	6635
1195	1	13	40	6068	7618
1196	3	22	20	6072	22874
1197	21	5	20	6076	1498
1198	3	22	30	6080	2777
1199	17	5	30	6084	2297
1200	4	10	50	6088	7124
1201	8	23	50	6092	2131
1202	20	16	50	6096	145
1203	17	5	20	6100	4565
1204	2	30	40	6104	7840
1205	21	5	20	6108	7919
1206	8	23	40	6112	13202
1207	8	23	40	6116	6328
1208	1	13	30	6120	21014
1209	20	16	20	6124	5476
1210	21	5	40	6128	9430
1211	4	10	20	6132	4394
1212	20	16	50	6136	11870
1213	3	22	30	6140	919
1214	3	22	20	6144	24088
1215	1	13	40	6148	12358
1216	6	30	30	6152	6169
1217	4	10	40	6156	16167
1218	0	28	30	6160	1026
1219	21	5	30	6164	26078
1220	1	13	40	6168	7503
1221	17	5	30	6172	4200
1222	2	30	40	6176	3608
1223	1	13	20	6180	5001
1224	8	23	50	6184	25642
1225	0	28	50	6188	1038
1226	8	23	20	6192	8827
1227	1	13	40	6196	21594
1228	21	5	50	6200	10895
1229	0	28	30	6204	2752
1230	3	22	30	6208	40190
1231	6	30	40	6212	5248
1232	3	22	50	6216	11716
1233	3	22	40	6220	4279
1234	8	23	20	6224	13119
1235	21	5	20	6228	8265
1236	21	5	30	6232	2900
1237	1	13	20	6236	3738
1238	6	30	30	6240	5939
1239	3	22	50	6244	5996
1240	8	23	20	6248	591
1241	20	16	20	6252	7482
1242	2	30	30	6256	11174
1243	1	13	30	6260	15572
1244	8	23	20	6264	6366
1245	8	23	20	6268	39765
1246	21	5	40	6272	19774
1247	17	5	50	6276	9550
1248	17	5	20	6280	9828
1249	1	13	40	6284	18267
1250	6	30	30	6288	845
1251	17	5	40	6292	1415
1252	8	23	40	6296	432
1253	6	30	50	6300	4635
1254	21	5	40	6304	14826
1255	6	30	40	6308	1983
1256	4	10	20	6312	27997
1257	17	5	50	6316	13348
1258	2	30	20	6320	6839
1259	1	13	40	6324	6066
1260	0	28	50	6328	39345
1261	6	30	20	6332	21447
1262	20	16	50	6336	20133
1263	0	28	50	6340	11658
1264	8	23	50	6344	6161
1265	1	13	50	6348	2528
1266	0	28	30	6352	13798
1267	6	30	30	6356	4772
1268	8	23	30	6400	6308
1269	8	23	20	6406	5503
1270	3	22	20	6412	6708
1271	4	10	20	6418	1730
1272	20	16	20	6424	5162
1273	21	5	40	6430	14003
1274	0	28	30	6436	21850
1275	1	13	30	6442	11
1276	6	30	20	6448	14032
1277	0	28	20	6454	9134
1278	6	30	20	6460	31762
1279	20	16	50	6466	30064
1280	3	22	20	6472	3865
1281	21	5	20	6478	42900
1282	2	30	30	6484	3866
1283	8	23	30	6490	20239
1284	6	30	20	6496	1767
1285	4	10	40	6502	23056
1286	17	5	20	6508	4607
1287	17	5	50	6514	4329
1288	8	23	50	6520	10718
1289	0	28	30	6526	8622
1290	3	22	50	6532	10840
1291	20	16	40	6538	9409
1292	20	16	20	6544	21492
1293	3	22	50	6550	60635
1294	2	30	50	6556	6766
1295	1	13	20	6562	2912
1296	0	28	30	6568	12623
1297	2	30	30	6574	49959
1298	4	10	40	6580	4721
1299	4	10	20	6586	3007
1300	8	23	50	6592	3946
1301	1	13	30	6598	7833
1302	2	30	40	6604	1808
1303	1	13	20	6610	2547
1304	21	5	30	6616	5235
1305	1	13	30	6622	32564
1306	20	16	30	6628	17208
1307	20	16	20	6634	5109
1308	4	10	40	6640	7900
1309	6	30	30	6646	14787
1310	20	16	40	6652	7459
1311	3	22	20	6658	5546
1312	2	30	50	6664	16262
1313	3	22	30	6670	8710
1314	17	5	30	6676	1553
1315	3	22	50	6682	55677
1316	2	30	40	6688	9773
1317	2	30	40	6694	76928
1318	6	30	50	6700	7952
1319	2	30	20	6706	9527
1320	3	22	50	6712	24591
1321	2	30	30	6718	5744
1322	20	16	30	6724	16050
1323	6	30	50	6730	27197
1324	3	22	20	6736	17795
1325	3	22	40	6742	25930
1326	4	10	20	6748	4299
1327	6	30	30	6754	5281
1328	4	10	40	6760	3575
1329	20	16	20	6766	11694
1330	1	13	20	6772	5173
1331	3	22	40	6778	14648
1332	8	23	40	6800	2792
1333	1	13	50	6805	14747
1334	2	30	20	6810	12195
1335	1	13	50	6815	19074
1336	6	30	40	6820	21409
1337	0	28	20	6825	1055
1338	17	5	50	6830	7423
1339	3	22	50	6835	2726
1340	4	10	30	6840	1157
1341	17	5	20	6845	42936
1342	3	22	30	6850	20615
1343	0	28	40	6855	25672
1344	0	28	40	6860	610
1345	20	16	50	6865	3053
1346	21	5	50	6870	19395
1347	6	30	40	6875	4577
1348	6	30	40	6880	24685
1349	20	16	20	6885	6971
1350	20	16	30	6890	12888
1351	21	5	40	6895	12679
1352	8	23	40	6900	8314
1353	2	30	30	6905	18024
1354	0	28	30	6910	5179
1355	4	10	30	6915	27614
1356	1	13	50	6920	16252
1357	8	23	40	6925	3350
1358	17	5	20	6930	6500
1359	4	10	50	6935	7591
1360	21	5	20	6940	12015
1361	4	10	20	6945	6242
1362	4	10	30	6950	1119
1363	6	30	30	6955	23566
1364	4	10	20	6960	5321
1365	6	30	20	6965	17022
1366	8	23	30	6970	2127
1367	1	13	50	6975	423
1368	0	28	30	6980	25248
1369	8	23	30	6985	4724
1370	21	5	20	6990	2067
1371	1	13	40	6995	7684
1372	3	22	40	7000	9241
1373	2	30	50	7005	3964
1374	21	5	50	7010	7306
1375	4	10	50	7015	27524
1376	17	5	50	7020	9848
1377	20	16	50	7025	23192
1378	6	30	20	7030	22504
1379	3	22	30	7035	9538
1380	8	23	50	7040	1045
1381	20	16	30	7045	49618
1382	20	16	50	7050	7936
1383	6	30	30	7055	20382
1384	0	28	40	7060	39974
1385	3	22	40	7065	14360
1386	8	23	50	7070	2754
1387	3	22	20	7075	6751
1388	0	28	40	7080	5296
1389	17	5	40	7085	16082
1390	20	16	50	7090	667
1391	20	16	50	7095	10653
1392	2	30	20	7100	13157
1393	4	10	20	7105	58744
1394	8	23	40	7110	10144
1395	0	28	30	7115	13912
1396	3	22	40	7120	25747
1397	21	5	20	7125	38892
1398	8	23	40	7130	8910
1399	4	10	40	7135	4138
1400	3	22	30	7140	770
1401	6	30	20	7145	17463
1402	4	10	20	7150	6938
1403	20	16	20	7155	9494
1404	1	13	20	7160	3981
1405	21	5	50	7165	2461
1406	3	22	20	7170	1470
1407	4	10	40	7175	2959
1408	6	30	40	7180	4650
1409	8	23	40	7185	7205
1410	6	30	40	7190	4986
1411	2	30	20	7200	26127
1412	1	13	30	7205	6068
1413	6	30	40	7210	24473
1414	17	5	20	7215	5840
1415	21	5	40	7220	12550
1416	4	10	20	7225	30574
1417	20	16	50	7230	3809
1418	6	30	40	7235	27096
1419	1	13	40	7240	12957
1420	20	16	20	7245	9657
1421	3	22	20	7250	15809
1422	1	13	20	7255	13592
1423	2	30	50	7260	1807
1424	8	23	30	7265	3798
1425	17	5	30	7270	10123
1426	20	16	30	7275	19739
1427	20	16	40	7280	9437
1428	6	30	30	7285	14884
1429	8	23	40	7290	17619
1430	0	28	20	7295	194
1431	1	13	50	7300	10965
1432	2	30	30	7305	4826
1433	0	28	40	7310	9716
1434	0	28	50	7315	7989
1435	0	28	40	7320	4570
1436	4	10	30	7325	9447
1437	0	28	50	7330	33202
1438	3	22	30	7335	9180
1439	2	30	50	7340	18103
1440	20	16	40	7345	10481
1441	2	30	20	7350	51718
1442	17	5	40	7355	1384
1443	3	22	20	7360	28300
1444	2	30	20	7365	6094
1445	21	5	50	7370	2199
1446	21	5	30	7375	2551
1447	21	5	30	7380	19078
1448	8	23	20	7385	11211
1449	17	5	50	7390	30614
1450	6	30	20	7395	17356
1451	4	10	40	7400	11329
1452	1	13	30	7405	812
1453	4	10	20	7410	23919
1454	6	30	40	7415	16112
1455	20	16	30	7420	4805
1456	4	10	50	7425	1116
1457	1	13	30	7430	4267
1458	2	30	40	7435	3864
1459	2	30	40	7440	14958
1460	17	5	30	7445	5707
1461	4	10	40	7450	10149
1462	17	5	30	7455	8506
1463	17	5	20	7460	9625
1464	6	30	30	7465	6858
1465	4	10	40	7470	16211
1466	20	16	50	7475	9729
1467	1	13	50	7480	22134
1468	4	10	40	7485	5809
1469	21	5	30	7490	853
1470	3	22	30	7495	1313
1471	4	10	30	7500	50088
1472	6	30	40	7505	16041
1473	2	30	50	7510	1488
1474	1	13	20	7515	972
1475	21	5	50	7520	10023
1476	4	10	40	7525	11712
1477	21	5	20	7530	17762
1478	0	28	50	7535	16240
1479	20	16	40	7540	1316
1480	1	13	50	7545	5703
1481	1	13	50	7550	131
1482	3	22	30	7555	33249
1483	21	5	30	7560	18654
1484	1	13	30	7565	61
1485	8	23	30	7600	6232
1486	20	16	40	7604	9151
1487	21	5	20	7608	7559
1488	4	10	50	7612	20322
1489	0	28	40	7616	2037
1490	6	30	50	7620	3104
1491	2	30	20	7624	3383
1492	21	5	20	7628	13008
1493	1	13	40	7632	20725
1494	4	10	30	7636	6135
1495	6	30	50	7640	141
1496	3	22	50	7644	7818
1497	0	28	30	7648	9780
1498	17	5	40	7652	7620
1499	17	5	30	7656	12847
1500	21	5	20	7660	11358
1501	8	23	40	7664	5162
1502	2	30	50	7668	6378
1503	17	5	50	7672	9280
1504	4	10	40	7676	20466
1505	1	13	50	7680	18167
1506	17	5	20	7684	24827
1507	20	16	30	7688	35659
1508	3	22	20	7692	18496
1509	17	5	50	7696	2273
1510	6	30	40	7700	14723
1511	21	5	50	7704	4564
1512	1	13	40	7708	9786
1513	3	22	50	7712	2256
1514	1	13	50	7716	4880
1515	8	23	40	7720	5498
1516	0	28	20	7724	12042
1517	1	13	20	7728	15237
1518	21	5	50	7732	9488
1519	20	16	50	7736	368
1520	4	10	20	7740	2790
1521	1	13	40	7744	1107
1522	8	23	20	7748	313
1523	4	10	50	7752	3099
1524	1	13	30	7756	22042
1525	1	13	30	7760	23424
1526	21	5	20	7764	4677
1527	4	10	50	7768	29596
1528	17	5	40	7772	15120
1529	8	23	20	7776	821
1530	3	22	50	7780	1098
1531	4	10	30	7784	816
1532	17	5	30	7788	4319
1533	2	30	30	7792	1058
1534	2	30	40	7796	8127
1535	4	10	20	7800	349
1536	20	16	20	7804	10954
1537	4	10	40	7808	6106
1538	3	22	50	7812	42236
1539	20	16	40	7816	3060
1540	17	5	30	7820	9096
1541	0	28	20	7824	10547
1542	4	10	20	7828	13728
1543	6	30	50	7832	12378
1544	6	30	20	7836	7159
1545	17	5	50	7840	29097
1546	0	28	40	7844	13979
1547	4	10	30	7848	8088
1548	20	16	50	7852	8033
1549	17	5	40	7856	399
1550	4	10	50	7860	5703
1551	1	13	50	7864	17108
1552	2	30	40	7868	131
1553	17	5	40	7872	6954
1554	3	22	30	7876	7168
1555	6	30	30	7880	8902
1556	0	28	40	7884	4696
1557	17	5	50	7888	2450
1558	21	5	30	7892	14361
1559	3	22	30	7896	38720
1560	3	22	40	7900	7330
1561	3	22	30	7904	38206
1562	0	28	50	7908	3174
1563	8	23	20	7912	15264
1564	4	10	50	7916	1067
1565	0	28	30	7920	12293
1566	17	5	40	7924	170
1567	20	16	20	7928	7690
1568	0	28	30	7932	13652
1569	21	5	40	7936	4374
1570	8	23	30	7940	17579
1571	8	23	40	7944	3207
1572	17	5	30	7948	16573
1573	21	5	20	7952	4651
1574	1	13	40	7956	8289
1575	4	10	20	7960	11696
1576	21	5	30	7964	6263
1577	0	28	20	7968	5779
1578	17	5	50	8000	18075
1579	3	22	30	8004	31771
1580	0	28	50	8008	2235
1581	3	22	50	8012	21438
1582	6	30	20	8016	6684
1583	0	28	50	8020	13809
1584	2	30	20	8024	13971
1585	1	13	20	8028	4767
1586	2	30	40	8032	677
1587	0	28	40	8036	23806
1588	17	5	20	8040	12084
1589	21	5	20	8044	41377
1590	4	10	40	8048	14643
1591	1	13	30	8052	6412
1592	21	5	20	8056	14488
1593	20	16	30	8060	121
1594	8	23	50	8064	17532
1595	4	10	50	8068	10207
1596	20	16	20	8072	5212
1597	21	5	20	8076	39155
1598	0	28	20	8080	9809
1599	6	30	40	8084	19823
1600	20	16	30	8088	27323
1601	1	13	30	8092	2903
1602	3	22	50	8096	19987
1603	2	30	20	8100	2418
1604	1	13	30	8104	3675
1605	17	5	30	8108	1862
1606	3	22	30	8112	132
1607	6	30	30	8116	14036
1608	21	5	20	8120	33970
1609	17	5	30	8124	21056
1610	21	5	50	8128	1495
1611	20	16	30	8132	34086
1612	20	16	50	8136	6259
1613	3	22	50	8140	17566
1614	2	30	30	8144	18748
1615	0	28	50	8148	11759
1616	21	5	30	8152	9098
1617	0	28	50	8156	9550
1618	4	10	50	8160	388
1619	2	30	40	8164	16988
1620	17	5	40	8168	10585
1621	17	5	50	8172	1973
1622	0	28	20	8176	21877
1623	3	22	30	8180	14905
1624	3	22	20	8184	11014
1625	6	30	20	8188	5261
1626	17	5	30	8192	9151
1627	17	5	50	8196	16101
1628	1	13	30	8200	9671
1629	8	23	40	8204	31239
1630	6	30	50	8208	3782
1631	20	16	30	8212	7063
1632	20	16	50	8216	20834
1633	3	22	20	8220	42055
1634	4	10	20	8224	387
1635	20	16	30	8228	37226
1636	0	28	50	8232	261
1637	3	22	50	8236	3365
1638	17	5	40	8240	6532
1639	4	10	50	8244	9426
1640	17	5	50	8248	4573
1641	8	23	20	8252	5456
1642	2	30	40	8256	30524
1643	0	28	50	8260	19781
1644	20	16	20	8264	22849
1645	4	10	30	8268	17288
1646	1	13	30	8272	90
1647	4	10	20	8276	32320
1648	8	23	20	8280	2977
1649	6	30	50	8284	1856
1650	8	23	40	8288	506
1651	17	5	30	8292	19527
1652	3	22	30	8296	31884
1653	17	5	40	8300	19384
1654	8	23	50	8304	3015
1655	0	28	40	8308	16433
1656	0	28	20	8312	5667
1657	20	16	40	8316	1260
1658	17	5	20	8320	10464
1659	6	30	20	8324	28741
1660	20	16	50	8328	11304
1661	6	30	40	8332	3814
1662	4	10	20	8336	1757
1663	0	28	30	8340	182
1664	3	22	30	8344	9762
1665	17	5	40	8348	13384
1666	20	16	30	8400	1503
1667	6	30	40	8405	6882
1668	20	16	50	8410	16021
1669	3	22	50	8415	21645
1670	0	28	20	8420	11089
1671	4	10	30	8425	4057
1672	2	30	30	8430	1657
1673	0	28	20	8435	8027
1674	4	10	50	8440	6964
1675	1	13	40	8445	2993
1676	6	30	30	8450	3139
1677	0	28	30	8455	375
1678	4	10	20	8460	23609
1679	17	5	50	8465	21796
1680	3	22	50	8470	5122
1681	4	10	30	8475	11031
1682	1	13	50	8480	8780
1683	6	30	30	8485	6332
1684	20	16	20	8490	25912
1685	8	23	40	8495	7546
1686	8	23	20	8500	8685
1687	1	13	30	8505	274
1688	8	23	20	8510	16526
1689	3	22	40	8515	4042
1690	17	5	20	8520	10370
1691	0	28	30	8525	30591
1692	4	10	50	8530	13039
1693	2	30	40	8535	8583
1694	4	10	20	8540	32609
1695	2	30	20	8545	547
1696	2	30	20	8550	3122
1697	1	13	20	8555	28419
1698	8	23	30	8560	3467
1699	0	28	30	8565	2364
1700	6	30	50	8570	12443
1701	8	23	40	8575	10156
1702	4	10	30	8580	2609
1703	2	30	20	8585	5821
1704	4	10	50	8590	9323
1705	2	30	30	8595	16850
1706	8	23	50	8600	13470
1707	3	22	20	8605	7002
1708	3	22	40	8610	5371
1709	6	30	30	8615	17
1710	6	30	20	8620	8696
1711	0	28	50	8625	5088
1712	4	10	30	8630	3285
1713	0	28	30	8635	16375
1714	2	30	20	8640	9889
1715	4	10	30	8645	108
1716	3	22	50	8650	16799
1717	17	5	40	8655	15543
1718	1	13	30	8660	1677
1719	8	23	50	8665	1130
1720	2	30	40	8670	2051
1721	21	5	20	8675	1200
1722	17	5	30	8680	14006
1723	8	23	30	8685	7192
1724	6	30	50	8690	3559
1725	20	16	40	8695	13721
1726	0	28	30	8700	11746
1727	20	16	40	8705	11549
1728	6	30	20	8710	9683
1729	2	30	40	8715	6044
1730	20	16	30	8720	57394
1731	3	22	20	8725	4696
1732	3	22	50	8730	18162
1733	3	22	40	8735	13724
1734	3	22	50	8740	2557
1735	21	5	20	8745	17976
1736	20	16	20	8750	6245
1737	17	5	40	8755	1733
1738	1	13	30	8760	24467
1739	21	5	50	8765	1673
1740	20	16	40	8770	18857
1741	2	30	50	8775	909
1742	17	5	50	8800	13008
1743	1	13	50	8805	16458
1744	21	5	30	8810	17660
1745	17	5	30	8815	3183
1746	8	23	50	8820	13762
1747	3	22	40	8825	30032
1748	0	28	30	8830	35851
1749	0	28	40	8835	31079
1750	17	5	20	8840	4130
1751	3	22	30	8845	8388
1752	0	28	50	8850	17948
1753	20	16	30	8855	2107
1754	17	5	50	8860	263
1755	21	5	50	8865	9589
1756	21	5	20	8870	25672
1757	17	5	20	8875	16379
1758	21	5	30	8880	1639
1759	6	30	20	8885	23500
1760	2	30	50	8890	1673
1761	21	5	20	8895	697
1762	21	5	20	8900	26304
1763	0	28	50	8905	40269
1764	6	30	50	8910	118
1765	1	13	20	8915	2553
1766	8	23	50	8920	10009
1767	1	13	50	8925	9801
1768	21	5	30	8930	9651
1769	6	30	20	8935	18441
1770	6	30	30	8940	11093
1771	4	10	20	8945	11575
1772	21	5	30	8950	23284
1773	4	10	40	8955	3
1774	21	5	30	8960	4239
1775	20	16	50	8965	1054
1776	20	16	20	8970	6817
1777	8	23	40	8975	34268
1778	17	5	50	8980	13688
1779	21	5	30	8985	287
1780	3	22	50	8990	81720
1781	8	23	50	8995	14695
1782	20	16	30	9000	13247
1783	6	30	30	9005	11892
1784	3	22	30	9010	1325
1785	6	30	20	9015	8049
1786	2	30	20	9020	9527
1787	3	22	40	9025	11573
1788	4	10	50	9030	12933
1789	6	30	20	9035	12314
1790	20	16	20	9040	26951
1791	0	28	20	9045	12985
1792	1	13	30	9050	82
1793	6	30	20	9055	131
1794	6	30	20	9060	133625
1795	2	30	30	9065	15970
1796	6	30	40	9070	2450
1797	21	5	50	9075	14314
1798	8	23	50	9080	16002
1799	6	30	20	9085	10374
1800	1	13	30	9090	13205
1801	4	10	20	9095	1591
1802	8	23	30	9100	5459
1803	4	10	30	9105	2159
1804	4	10	20	9110	4658
1805	3	22	20	9115	13389
1806	8	23	20	9120	12481
1807	8	23	30	9125	17932
1808	2	30	20	9130	23890
1809	20	16	20	9135	33284
1810	17	5	40	9140	1491
1811	1	13	30	9145	33717
1812	0	28	20	9150	796
1813	20	16	50	9155	1318
1814	1	13	30	9160	23594
1815	6	30	50	9165	6620
1816	21	5	50	9170	5893
1817	2	30	50	9175	3605
1818	21	5	30	9180	23642
1819	0	28	40	9200	8836
1820	17	5	20	9204	12385
1821	2	30	30	9208	35233
1822	8	23	20	9212	27451
1823	1	13	20	9216	29024
1824	8	23	20	9220	26570
1825	4	10	30	9224	34193
1826	3	22	50	9228	11361
1827	1	13	20	9232	22404
1828	17	5	40	9236	3
1829	4	10	50	9240	9903
1830	3	22	20	9244	27566
1831	1	13	30	9248	16015
1832	0	28	50	9252	2768
1833	2	30	40	9256	1286
1834	6	30	50	9260	5287
1835	17	5	40	9264	24920
1836	20	16	40	9268	4996
1837	4	10	20	9272	8408
1838	0	28	30	9276	4402
1839	0	28	30	9280	6792
1840	17	5	20	9284	22148
1841	8	23	40	9288	17758
1842	0	28	30	9292	16896
1843	6	30	40	9296	15364
1844	21	5	40	9300	8926
1845	21	5	40	9304	37051
1846	0	28	50	9308	10903
1847	2	30	40	9312	27972
1848	4	10	50	9316	1963
1849	20	16	20	9320	10294
1850	4	10	40	9324	5126
1851	3	22	50	9328	31110
1852	0	28	30	9332	21700
1853	6	30	20	9336	2909
1854	21	5	20	9340	32800
1855	17	5	20	9344	15291
1856	17	5	20	9348	3070
1857	6	30	20	9352	7274
1858	17	5	20	9356	3840
1859	0	28	40	9360	5728
1860	0	28	30	9364	746
1861	6	30	50	9368	19384
1862	21	5	50	9372	17915
1863	17	5	20	9376	4306
1864	6	30	20	9380	466
1865	8	23	20	9384	5739
1866	0	28	40	9388	15879
1867	17	5	30	9392	39419
1868	3	22	50	9396	16524
1869	2	30	40	9400	50684
1870	8	23	30	9404	1045
1871	3	22	40	9408	25879
1872	1	13	30	9412	36544
1873	21	5	20	9416	6711
1874	1	13	40	9420	13637
1875	2	30	30	9424	24613
1876	1	13	50	9428	2551
1877	0	28	30	9432	2329
1878	3	22	40	9436	5857
1879	17	5	40	9440	33056
1880	4	10	30	9444	5081
1881	1	13	30	9448	14822
1882	8	23	20	9452	14229
1883	20	16	30	9456	6627
1884	0	28	30	9460	2892
1885	0	28	30	9464	43933
1886	0	28	20	9468	27711
1887	4	10	40	9472	56163
1888	6	30	40	9476	2187
1889	21	5	50	9480	12127
1890	20	16	40	9484	12560
1891	3	22	30	9488	26059
1892	6	30	50	9492	3134
1893	0	28	40	9496	31486
1894	20	16	20	9500	5580
1895	3	22	20	9504	501
1896	17	5	50	9508	69896
1897	2	30	30	9512	7258
1898	0	28	40	9516	13822
1899	1	13	40	9520	1874
1900	21	5	50	9524	2991
1901	1	13	40	9528	12073
1902	17	5	40	9600	2022
1903	1	13	20	9605	2171
1904	2	30	40	9610	8138
1905	1	13	50	9615	7470
1906	1	13	30	9620	43231
1907	3	22	20	9625	6285
1908	4	10	40	9630	9220
1909	4	10	50	9635	788
1910	8	23	30	9640	9030
1911	17	5	40	9645	607
1912	2	30	40	9650	849
1913	0	28	40	9655	4941
1914	8	23	20	9660	420
1915	20	16	20	9665	5189
1916	17	5	50	9670	1353
1917	21	5	30	9675	5186
1918	21	5	50	9680	1097
1919	4	10	40	9685	791
1920	6	30	20	9690	7835
1921	6	30	20	9695	16305
1922	2	30	40	9700	19070
1923	8	23	20	9705	1420
1924	2	30	20	9710	4921
1925	2	30	50	9715	2639
1926	21	5	40	9720	12749
1927	1	13	50	9725	303
1928	21	5	20	9730	697
1929	21	5	30	9735	12198
1930	3	22	30	9740	24892
1931	20	16	40	9745	16059
1932	20	16	50	9750	8137
1933	2	30	20	9755	3318
1934	0	28	40	9760	15093
1935	2	30	50	9765	14888
1936	2	30	40	9770	9691
1937	6	30	20	9775	9033
1938	8	23	40	9780	32242
1939	20	16	30	9785	16672
1940	17	5	50	9790	18
1941	21	5	50	9795	8149
1942	0	28	20	9800	7272
1943	0	28	50	9805	1305
1944	0	28	40	9810	1360
1945	1	13	50	9815	10982
1946	1	13	50	9820	20421
1947	6	30	30	9825	26747
1948	3	22	30	9830	26827
1949	0	28	20	9835	252
1950	6	30	30	9840	32658
1951	0	28	30	9845	12465
1952	4	10	40	9850	5477
1953	6	30	50	9855	11615
1954	6	30	30	9860	13127
1955	1	13	50	9865	7792
1956	20	16	50	9870	21875
1957	1	13	40	9875	533
1958	17	5	20	9880	21201
1959	0	28	50	9885	4194
1960	3	22	20	9890	19866
1961	0	28	40	9895	35433
1962	8	23	20	9900	5192
1963	8	23	20	9905	27405
1964	0	28	30	9910	2517
1965	21	5	40	9915	18791
1966	17	5	50	9920	9767
1967	20	16	40	9925	21035
1968	20	16	50	9930	11667
1969	3	22	30	9935	4691
1970	8	23	30	9940	19134
1971	3	22	50	9945	10345
1972	1	13	50	9950	6516
1973	17	5	30	9955	4924
1974	8	23	50	9960	771
1975	17	5	20	9965	51686
1976	6	30	50	9970	4085
1977	2	30	50	9975	14165
1978	6	30	30	9980	53
1979	1	13	20	9985	16021
1980	0	28	50	9990	5732
1981	2	30	30	9995	17228
1982	21	5	30	10000	1696
1983	8	23	50	10022	435
1984	2	30	20	10044	14605
1985	2	30	20	10066	3108
1986	4	10	50	10088	5567
1987	4	10	20	10110	24696
1988	8	23	40	10132	10310
1989	20	16	50	10154	3263
1990	3	22	20	10176	24704
1991	0	28	20	10198	8575
1992	8	23	50	10220	14440
1993	8	23	50	10242	12156
1994	6	30	20	10264	34117
1995	21	5	20	10286	662
1996	1	13	40	10308	1833
1997	4	10	20	10330	9753
1998	20	16	40	10352	29416
1999	2	30	50	10374	4558
